#n1   n2   E0(n1,n2)   E1(n1,n2)  ...
0   0  0  -30.1735  -21.7205  -15.9255  -13.9591  -10.6084  0.933182  15.3592  28.9459  31.2801  37.43  40.3889  42.6164  
1   0  1  -30.1828  -21.7287  -15.9388  -14.0482  -10.388  0.840453  15.3976  28.8966  31.1236  37.1257  41.0137  42.6712  
2   0  2  -30.2103  -21.7541  -16.0035  -14.2071  -9.8105  0.569062  15.5041  28.7359  30.6709  36.7228  42.2495  42.9541  
3   0  3  -30.2548  -21.7994  -16.1642  -14.2574  -9.01018  0.137605  15.654  28.4021  30.0491  36.6029  42.7904  44.2783  
4   0  4  -30.3141  -21.8691  -16.4101  -14.1264  -8.0717  -0.427634  15.8095  27.7821  29.5175  36.7549  42.8232  44.3007  
5   0  5  -30.3859  -21.9688  -16.6716  -13.8415  -7.04069  -1.09639  15.9234  26.916  29.1883  37.0615  41.5188  44.0748  
6   0  6  -30.467  -22.1035  -16.8857  -13.4455  -5.94876  -1.83379  15.9422  26.0057  28.9762  37.3677  39.6646  44.6289  
7   0  7  -30.5544  -22.2749  -17.0161  -12.969  -4.84975  -2.57682  15.8125  25.2031  28.8075  37.0103  38.4392  45.4459  
8   0  8  -30.6449  -22.4796  -17.0473  -12.433  -4.13777  -2.92169  15.4959  24.5891  28.6353  35.3582  38.5243  46.4776  
9   0  9  -30.7354  -22.7087  -16.9777  -11.8543  -4.64843  -2.02512  14.9872  24.1864  28.4021  33.5945  38.79  47.621  
10   0  10  -30.8232  -22.9502  -16.8139  -11.2485  -5.47588  -0.788391  14.3216  23.9628  28.0021  32.0454  39.0306  46.9098  
11   0  11  -30.9059  -23.1913  -16.5664  -10.6324  -6.33987  0.508564  13.5613  23.837  27.2863  30.9247  39.2268  46.0275  
12   0  12  -30.9813  -23.4204  -16.247  -10.0258  -7.19616  1.81668  12.7773  23.6494  26.3055  30.3017  39.3813  45.2156  
13   0  13  -31.0477  -23.6281  -15.8691  -9.46018  -8.01435  3.09867  12.0408  23.0769  25.5249  30.0038  39.5012  44.4908  
14   0  14  -31.1037  -23.8069  -15.4481  -9.12043  -8.6157  4.30174  11.4256  21.9684  25.2537  29.8602  39.5938  43.8671  
15   0  15  -31.1482  -23.9511  -15.0064  -9.64914  -8.36148  5.34275  11.0113  20.6661  25.2489  29.7876  39.6649  43.3585  
16   0  16  -31.1805  -24.0568  -14.5819  -10.2623  -8.02553  6.1131  10.861  19.4648  25.3128  29.7499  39.7174  42.9794  
17   0  17  -31.2002  -24.1212  -14.2465  -10.7179  -7.80421  6.54555  10.9267  18.586  25.3706  29.7315  39.7507  42.7441  
18   0  18  -31.2067  -24.1429  -14.1118  -10.8931  -7.72756  6.67566  10.9964  18.2545  25.3927  29.7259  39.7623  42.6642  
19   2  19  -31.2265  -24.0935  -14.2445  -10.9928  -7.44731  6.76772  11.0251  18.0378  24.6751  30.6412  39.6536  42.2181  
20   4  20  -31.2796  -23.9624  -14.5418  -11.2789  -6.71494  7.03695  11.0984  17.2491  23.8384  32.096  38.334  42.612  
21   6  21  -31.3499  -23.7945  -14.8131  -11.7156  -5.75213  7.46609  11.1692  15.8813  23.8305  32.8204  36.2763  44.558  
22   8  22  -31.4182  -23.6458  -14.9136  -12.2469  -4.78627  8.03598  11.1125  14.4176  24.5634  31.7206  35.3781  47.3644  
23   10  23  -31.4674  -23.5569  -14.8017  -12.7794  -4.04803  8.72798  10.6828  13.4723  25.7707  29.5745  35.394  50.3938  
24   12  24  -31.4855  -23.5326  -14.6581  -13.0673  -3.76314  9.31364  10.1019  13.2314  26.8797  28.0629  35.4406  52.0734  
25   11  22  -31.4662  -23.5427  -14.9004  -12.6855  -4.06316  8.57601  10.8968  13.3695  25.9873  29.4219  35.395  50.8879  
26   10  20  -31.4087  -23.5417  -15.4201  -11.7699  -4.89062  7.33753  12.2332  13.7055  25.5155  31.2858  35.3478  48.9004  
27   9  18  -31.3156  -23.4887  -15.9777  -10.6156  -6.03649  5.73682  13.7871  14.2187  25.9331  32.6759  35.8147  46.8345  
28   8  16  -31.1925  -23.3571  -16.4852  -9.50636  -7.14151  3.81797  14.6567  15.6796  27.161  32.8141  37.5233  44.8579  
29   7  14  -31.0464  -23.1398  -16.8956  -9.55308  -7.02115  1.70493  15.2023  17.6082  28.9974  32.3182  39.8735  43.0402  
30   6  12  -30.885  -22.8509  -17.1671  -10.6783  -5.7174  -0.476596  15.6644  19.668  30.6407  32.3285  41.4063  42.2977  
31   5  10  -30.7168  -22.5275  -17.2545  -11.8673  -4.29707  -2.57056  15.9808  21.8356  30.3477  34.6431  40.0111  44.0459  
32   4  8  -30.5518  -22.2224  -17.1167  -12.9188  -4.91257  -2.56553  16.0941  24.0777  29.8157  37.1976  39.2789  44.0877  
33   3  6  -30.4019  -21.983  -16.7522  -13.7419  -6.83265  -1.2419  15.9895  26.2882  29.5641  37.1995  41.5827  43.5012  
34   2  4  -30.2807  -21.8274  -16.2768  -14.2135  -8.58907  -0.11033  15.733  28.0682  29.8631  36.659  42.9373  44.6094  
35   1  2  -30.2012  -21.7455  -15.9783  -14.1687  -9.99197  0.658415  15.4701  28.7906  30.8186  36.809  41.9247  42.8237  
36   0  0  -30.1735  -21.7205  -15.9255  -13.9591  -10.6084  0.933182  15.3592  28.9459  31.2801  37.43  40.3889  42.6164  
