#index    kx_val   ky_val  E(kx,ky)  overlap(spin=up,layer=top)   overlap(spin=up,layer=bottom)  overlap(spin=dn,layer=top)   overlap(spin=dn,layer=bottom)
0  0  0  586.116  0.119453  0.131297  0.131297  0.119453  0.118735  0.130514  0.130514  0.118735  586.119  0.118735  0.130514  0.130514  0.118735  0.119453  0.131297  0.131297  0.119453  688.084  0.114576  0.136175  0.136175  0.114576  0.113893  0.135356  0.135356  0.113893  688.087  0.113893  0.135356  0.135356  0.113893  0.114576  0.136175  0.136175  0.114576  
1  0.0193029  0.0334336  594.336  0.119053  0.131973  0.131973  0.119053  0.118079  0.130895  0.130895  0.118079  594.339  0.118079  0.130895  0.130895  0.118079  0.119053  0.131973  0.131973  0.119053  659.336  0.118669  0.13278  0.13278  0.118669  0.117304  0.131247  0.131247  0.117304  659.338  0.117304  0.131247  0.131247  0.117304  0.118669  0.13278  0.13278  0.118669  
2  0.0386058  0.0668672  594.336  0.118675  0.131553  0.131553  0.118675  0.118458  0.131315  0.131315  0.118458  594.339  0.118458  0.131315  0.131315  0.118458  0.118674  0.131553  0.131553  0.118674  659.336  0.117894  0.131909  0.131909  0.117894  0.118079  0.132118  0.132118  0.118079  659.338  0.118079  0.132118  0.132118  0.118079  0.117894  0.131909  0.131909  0.117894  
3  0.0193029  -0.0334336  594.336  0.119053  0.131973  0.131973  0.119053  0.118079  0.130895  0.130895  0.118079  594.339  0.118079  0.130895  0.130895  0.118079  0.119053  0.131973  0.131973  0.119053  659.336  0.118669  0.13278  0.13278  0.118669  0.117304  0.131247  0.131247  0.117304  659.338  0.117304  0.131247  0.131247  0.117304  0.118669  0.13278  0.13278  0.118669  
4  0.0386058  0  594.336  0.118675  0.131553  0.131553  0.118675  0.118458  0.131315  0.131315  0.118458  594.339  0.118458  0.131315  0.131315  0.118458  0.118674  0.131553  0.131553  0.118674  659.336  0.117894  0.131909  0.131909  0.117894  0.118079  0.132118  0.132118  0.118079  659.338  0.118079  0.132118  0.132118  0.118079  0.117894  0.131909  0.131909  0.117894  
5  0.0579087  0.0334336  600.145  0.171687  0.193369  0.193375  0.171692  0.0634634  0.0714783  0.0714751  0.0634606  600.145  0.0634621  0.0714768  0.0714768  0.0634621  0.17169  0.193373  0.193371  0.171688  652.346  0.0403952  0.0454967  0.0455004  0.0403983  0.194754  0.21935  0.21935  0.194755  652.346  0.194759  0.219355  0.219345  0.19475  0.0403944  0.0454958  0.0455015  0.0403993  
6  0.0386058  -0.0668672  594.336  0.118675  0.131553  0.131553  0.118675  0.118458  0.131315  0.131315  0.118458  594.339  0.118458  0.131315  0.131315  0.118458  0.118674  0.131553  0.131553  0.118674  659.336  0.117894  0.131909  0.131909  0.117894  0.118079  0.132118  0.132118  0.118079  659.338  0.118079  0.132118  0.132118  0.118079  0.117894  0.131909  0.131909  0.117894  
7  0.0579087  -0.0334336  600.145  0.18028  0.203047  0.203054  0.180285  0.05487  0.0617997  0.0617965  0.0548673  600.145  0.0548689  0.0617984  0.0617981  0.0548687  0.180284  0.203052  0.203049  0.180281  652.346  0.0933524  0.105142  0.105146  0.0933556  0.141798  0.159706  0.159704  0.141796  652.346  0.141801  0.15971  0.1597  0.141793  0.0933504  0.10514  0.105148  0.0933578  
8  0.0772116  0  594.336  0.119053  0.131973  0.131973  0.119053  0.118079  0.130895  0.130895  0.118079  594.339  0.118079  0.130895  0.130895  0.118079  0.119053  0.131973  0.131973  0.119053  659.336  0.118669  0.13278  0.13278  0.118669  0.117304  0.131247  0.131247  0.117304  659.338  0.117304  0.131247  0.131247  0.117304  0.118669  0.13278  0.13278  0.118669  
