0  0.0639114  -0.0368992  1831.99    0.886932  0.113068    7.04931e-07  1.08863e-08  1846.9    5.38488e-07  3.55176e-05    0.184726  0.815238  1854.42    0.0149281  0.985035    8.78077e-06  2.77209e-05  1942.18    6.67774e-06  2.84133e-05    0.985037  0.0149281  1946.45    0.161784  0.838181    3.38623e-05  5.13198e-07  1967.51    6.65733e-09  4.39142e-07    0.766543  0.233457  
1  0.0319557  -0.0184496  1839.24    0.726442  0.273554    1.22021e-06  2.95676e-06  1854.98    1.21576e-05  3.24861e-05    0.281228  0.718727  1858.61    0.150274  0.849684    1.38222e-05  2.84785e-05  1928.3    0.326217  0.673776    6.40031e-06  1.13361e-06  1937.7    2.58703e-06  5.74617e-06    0.829691  0.1703  1953.22    1.36467e-07  8.98224e-07    0.686111  0.313888  
2  0  0  1844.74    0.499999  0.499999    8.63104e-07  8.63104e-07  1864.82    1.46522e-10  1.46522e-10    0.5  0.5  1869.56    0.499999  0.499999    7.89874e-07  7.89874e-07  1916.62    0.5  0.5    1.46522e-10  1.46522e-10  1927.1    8.63107e-07  8.63107e-07    0.499999  0.499999  1960.77    7.89871e-07  7.89871e-07    0.499999  0.499999  
3  -0.0319557  0.0184496  1839.24    0.273554  0.726442    2.95597e-06  1.22069e-06  1854.98    3.24072e-05  1.21378e-05    0.718727  0.281228  1858.61    0.849684  0.150274    2.8411e-05  1.37916e-05  1928.3    0.673776  0.326217    1.13463e-06  6.40643e-06  1937.7    5.75195e-06  2.58968e-06    0.1703  0.829691  1953.22    8.97374e-07  1.36387e-07    0.313888  0.686111  
4  -0.0639114  0.0368992  1831.99    0.113068  0.886932    1.09024e-08  7.0599e-07  1846.9    3.54684e-05  5.37742e-07    0.815238  0.184726  1854.42    0.985035  0.0149281    2.76824e-05  8.76864e-06  1942.18    2.84499e-05  6.68655e-06    0.0149281  0.985037  1946.45    0.838181  0.161784    5.1386e-07  3.3906e-05  1967.51    4.3855e-07  6.64837e-09    0.233457  0.766543  
5  -0.0639114  0  1833.93    0.499997  0.499997    2.67454e-06  2.67454e-06  1848.94    2.55457e-06  2.55457e-06    0.499997  0.499997  1853.99    0.499999  0.499999    8.1371e-07  8.1371e-07  1936.32    8.13697e-07  8.13697e-07    0.499999  0.499999  1943.3    0.5  0.5    2.13124e-07  2.13124e-07  1972.05    3.33102e-07  3.33102e-07    0.5  0.5  
6  -0.0639114  -0.0368992  1831.99    0.886932  0.113068    7.04931e-07  1.08863e-08  1846.9    5.38488e-07  3.55176e-05    0.184726  0.815238  1854.42    0.0149281  0.985035    8.78077e-06  2.77209e-05  1942.18    6.67774e-06  2.84133e-05    0.985037  0.0149281  1946.45    0.161784  0.838181    3.38623e-05  5.13198e-07  1967.51    6.65733e-09  4.39142e-07    0.766543  0.233457  
7  -0.0213038  -0.0368992  1837.14    0.499998  0.499998    2.48418e-06  2.48418e-06  1852.67    2.36465e-06  2.36465e-06    0.499998  0.499998  1856.76    0.499999  0.499999    8.89572e-07  8.89572e-07  1932.36    0.5  0.5    4.18086e-07  4.18086e-07  1936.27    7.69352e-07  7.69352e-07    0.499999  0.499999  1958.76    6.57835e-07  6.57835e-07    0.499999  0.499999  
8  0.0213038  -0.0368992  1837.14    0.499997  0.499997    2.53135e-06  2.53135e-06  1852.67    2.42367e-06  2.42367e-06    0.499998  0.499998  1856.76    0.499999  0.499999    9.02275e-07  9.02275e-07  1932.36    0.5  0.5    4.21376e-07  4.21376e-07  1936.27    7.69387e-07  7.69387e-07    0.499999  0.499999  1958.76    6.61941e-07  6.61941e-07    0.499999  0.499999  
9  0.0639114  -0.0368992  1831.99    0.886932  0.113068    7.04931e-07  1.08863e-08  1846.9    5.38488e-07  3.55176e-05    0.184726  0.815238  1854.42    0.0149281  0.985035    8.78077e-06  2.77209e-05  1942.18    6.67774e-06  2.84133e-05    0.985037  0.0149281  1946.45    0.161784  0.838181    3.38623e-05  5.13198e-07  1967.51    6.65733e-09  4.39142e-07    0.766543  0.233457  
