0  0.0455884  -0.0263205  123.471    0.808539  0.191458    2.16753e-06  7.24877e-07  149.326    0.029316  0.970266    7.96883e-05  0.000338176  151.853    1.29235e-05  0.000405035    0.188735  0.810847  161.702    2.69346e-06  2.25044e-06    0.970667  0.0293281  171.395    0.415679  0.584318    3.05521e-06  3.10813e-07  179.532    2.13622e-07  1.007e-06    0.586963  0.413036  
1  0.0227942  -0.0131602  126.436    0.673157  0.326833    3.58544e-06  6.52079e-06  150.418    0.199178  0.800727    3.21563e-05  6.25163e-05  153.974    2.2578e-05  7.78145e-05    0.326354  0.673546  159.762    0.543188  0.456742    5.76416e-05  1.28741e-05  162.467    3.61532e-05  3.64062e-05    0.82475  0.175177  171.466    8.20984e-07  1.52155e-06    0.43322  0.566778  
2  0  0  133.943    0.499989  0.499989    1.09531e-05  1.09531e-05  144.813    0.499999  0.499999    5.59075e-07  5.59075e-07  157.718    1.78055e-05  1.78055e-05    0.499982  0.499982  159.333    0.499983  0.499983    1.66635e-05  1.66635e-05  164.427    5.59075e-07  5.59075e-07    0.499999  0.499999  166.914    9.8111e-06  9.8111e-06    0.49999  0.49999  
3  -0.0227942  0.0131602  126.4    0.326708  0.673281    6.31073e-06  4.70808e-06  150.471    0.800856  0.1991    2.88909e-05  1.53128e-05  153.957    4.00273e-05  1.31983e-05    0.673645  0.326301  159.752    0.456758  0.543128    2.18044e-05  9.23858e-05  162.51    5.50986e-05  5.96852e-05    0.175112  0.824774  171.441    8.58149e-07  5.45157e-07    0.566769  0.43323  
4  -0.0455884  0.0263205  123.399    0.19137  0.808624    8.00312e-07  4.67578e-06  149.402    0.970445  0.0293214    0.000189059  4.44473e-05  151.823    0.000226546  7.5302e-06    0.810964  0.188801  161.764    4.33352e-06  5.6187e-06    0.029328  0.970662  171.404    0.584403  0.415591    3.82055e-07  5.40967e-06  179.508    5.44651e-07  2.00751e-07    0.413067  0.586932  
5  -0.0455884  0  124.231    0.499995  0.499995    4.89719e-06  4.89719e-06  149.029    0.499992  0.499992    7.5358e-06  7.5358e-06  152.673    7.24534e-06  7.24534e-06    0.499993  0.499993  160.668    6.16471e-06  6.16471e-06    0.499994  0.499994  167.53    0.499998  0.499998    1.81825e-06  1.81825e-06  178.111    8.41193e-07  8.41193e-07    0.499999  0.499999  
6  -0.0455884  -0.0263205  123.471    0.808539  0.191458    2.16753e-06  7.24877e-07  149.326    0.029316  0.970266    7.96883e-05  0.000338176  151.853    1.29235e-05  0.000405035    0.188735  0.810847  161.702    2.69346e-06  2.25044e-06    0.970667  0.0293281  171.395    0.415679  0.584318    3.05521e-06  3.10813e-07  179.532    2.13622e-07  1.007e-06    0.586963  0.413036  
7  -0.0151961  -0.0263205  125.628    0.499997  0.499997    2.5566e-06  2.5566e-06  149.868    0.49998  0.49998    2.04096e-05  2.04096e-05  153.561    2.1357e-05  2.1357e-05    0.499979  0.499979  161.585    0.00025136  0.00025136    0.499749  0.499749  161.966    0.499749  0.499749    0.00025073  0.00025073  173.58    9.79559e-07  9.79559e-07    0.499999  0.499999  
8  0.0151961  -0.0263205  125.628    0.499996  0.499996    3.99218e-06  3.99218e-06  149.868    0.499986  0.499986    1.35884e-05  1.35884e-05  153.561    1.56658e-05  1.56658e-05    0.499984  0.499984  161.585    0.000281558  0.000281558    0.499718  0.499718  161.966    0.499719  0.499719    0.000280922  0.000280922  173.58    1.27858e-06  1.27858e-06    0.499999  0.499999  
9  0.0455884  -0.0263205  123.471    0.808539  0.191458    2.16753e-06  7.24877e-07  149.326    0.029316  0.970266    7.96883e-05  0.000338176  151.853    1.29235e-05  0.000405035    0.188735  0.810847  161.702    2.69346e-06  2.25044e-06    0.970667  0.0293281  171.395    0.415679  0.584318    3.05521e-06  3.10813e-07  179.532    2.13622e-07  1.007e-06    0.586963  0.413036  
