'MoireBands'
____________________________________
Reading the inputfile name: input_MoTe2.inp
____________________________________
MaterialName = MoTe2Homobilayer
holedensity_per_moire_unit_cell = 1
Temperature_in_Kelvin = 1
HF_convergence_error = 1e-08
SimpleMixing_alpha = 0.5
Max_HFIterations = 0
RandomSeed = 3
MagField_ZeemanSplitting = 0
V_param_top_in_meV = 20.51
V_param_bottom_in_meV = 20.51
V2_param_top_in_meV = -9.08
V2_param_bottom_in_meV = -9.08
Psi_param_in_radians = -1.0732
omega_param_in_meV = -7.01
omega2_param_in_meV = 11.08
Grid_moireReciprocalLattice_L1 = 18
Grid_moireReciprocalLattice_L2 = 18
moire_BZ_L1 = 36
moire_BZ_L2 = 36
MagneticUnitCell_NMat_row1 = 1 0
MagneticUnitCell_NMat_row2 = 0 1
Convergence_technique = AndersonMixing
Anderson_mixing_m = 20
No_of_bands_used_for_HartreeFock = 24
a_monolayer_in_angstorm = 3.472
distance_to_gate_in_angstorm = 100
Twist_Theta_in_radians = 0.0366519
MStar_top_in_RestMass = 0.62
MStar_bottom_in_RestMass = 0.62
eps_DE = 20
Layer_Potential_top_Vz_in_meV = -0
Layer_Potential_bottom_Vz_in_meV = 0
Read_OrderParams = false
OrderParamsReadingType = RealSpace
OrderParamsInputFile = OP_Final.txt
OrderParamsOutputFile = OP_Final2.txt
OrderParamsReadingDetails_l1_l2_M1_M2 = 4 4 10 10
No.of atoms in single Magnetic Unit cell = NMat_determinant = 1
Total no. of magnetic unit cells = 1296
Emergent Magnetic unit cell (MUC) recirocal lattice vectors
in units of moire brilloun zone lattice points
G1_tilde = 36 , 0
G2_tilde = 0 , 36
a_moire (in Angstorm)= 94.7291
Cooling = 1
Temperature_in_Kelvin = 1 0.0001
VALLEY = 1
0(37)  0(37)  0(2)  done
0(37)  1(37)  0(2)  done
0(37)  2(37)  0(2)  done
0(37)  3(37)  0(2)  done
0(37)  4(37)  0(2)  done
0(37)  5(37)  0(2)  done
0(37)  6(37)  0(2)  done
0(37)  7(37)  0(2)  done
0(37)  8(37)  0(2)  done
0(37)  9(37)  0(2)  done
0(37)  10(37)  0(2)  done
0(37)  11(37)  0(2)  done
0(37)  12(37)  0(2)  done
0(37)  13(37)  0(2)  done
0(37)  14(37)  0(2)  done
0(37)  15(37)  0(2)  done
0(37)  16(37)  0(2)  done
0(37)  17(37)  0(2)  done
0(37)  18(37)  0(2)  done
0(37)  19(37)  0(2)  done
0(37)  20(37)  0(2)  done
0(37)  21(37)  0(2)  done
0(37)  22(37)  0(2)  done
0(37)  23(37)  0(2)  done
0(37)  24(37)  0(2)  done
0(37)  25(37)  0(2)  done
0(37)  26(37)  0(2)  done
0(37)  27(37)  0(2)  done
0(37)  28(37)  0(2)  done
0(37)  29(37)  0(2)  done
0(37)  30(37)  0(2)  done
0(37)  31(37)  0(2)  done
0(37)  32(37)  0(2)  done
0(37)  33(37)  0(2)  done
0(37)  34(37)  0(2)  done
0(37)  35(37)  0(2)  done
0(37)  36(37)  0(2)  done
1(37)  0(37)  0(2)  done
1(37)  1(37)  0(2)  done
1(37)  2(37)  0(2)  done
1(37)  3(37)  0(2)  done
1(37)  4(37)  0(2)  done
1(37)  5(37)  0(2)  done
1(37)  6(37)  0(2)  done
1(37)  7(37)  0(2)  done
1(37)  8(37)  0(2)  done
1(37)  9(37)  0(2)  done
1(37)  10(37)  0(2)  done
1(37)  11(37)  0(2)  done
1(37)  12(37)  0(2)  done
1(37)  13(37)  0(2)  done
1(37)  14(37)  0(2)  done
1(37)  15(37)  0(2)  done
1(37)  16(37)  0(2)  done
1(37)  17(37)  0(2)  done
1(37)  18(37)  0(2)  done
1(37)  19(37)  0(2)  done
1(37)  20(37)  0(2)  done
1(37)  21(37)  0(2)  done
1(37)  22(37)  0(2)  done
1(37)  23(37)  0(2)  done
1(37)  24(37)  0(2)  done
1(37)  25(37)  0(2)  done
1(37)  26(37)  0(2)  done
1(37)  27(37)  0(2)  done
1(37)  28(37)  0(2)  done
1(37)  29(37)  0(2)  done
1(37)  30(37)  0(2)  done
1(37)  31(37)  0(2)  done
1(37)  32(37)  0(2)  done
1(37)  33(37)  0(2)  done
1(37)  34(37)  0(2)  done
1(37)  35(37)  0(2)  done
1(37)  36(37)  0(2)  done
2(37)  0(37)  0(2)  done
2(37)  1(37)  0(2)  done
2(37)  2(37)  0(2)  done
2(37)  3(37)  0(2)  done
2(37)  4(37)  0(2)  done
2(37)  5(37)  0(2)  done
2(37)  6(37)  0(2)  done
2(37)  7(37)  0(2)  done
2(37)  8(37)  0(2)  done
2(37)  9(37)  0(2)  done
2(37)  10(37)  0(2)  done
2(37)  11(37)  0(2)  done
2(37)  12(37)  0(2)  done
2(37)  13(37)  0(2)  done
2(37)  14(37)  0(2)  done
2(37)  15(37)  0(2)  done
2(37)  16(37)  0(2)  done
2(37)  17(37)  0(2)  done
2(37)  18(37)  0(2)  done
2(37)  19(37)  0(2)  done
2(37)  20(37)  0(2)  done
2(37)  21(37)  0(2)  done
2(37)  22(37)  0(2)  done
2(37)  23(37)  0(2)  done
2(37)  24(37)  0(2)  done
2(37)  25(37)  0(2)  done
2(37)  26(37)  0(2)  done
2(37)  27(37)  0(2)  done
2(37)  28(37)  0(2)  done
2(37)  29(37)  0(2)  done
2(37)  30(37)  0(2)  done
2(37)  31(37)  0(2)  done
2(37)  32(37)  0(2)  done
2(37)  33(37)  0(2)  done
2(37)  34(37)  0(2)  done
2(37)  35(37)  0(2)  done
2(37)  36(37)  0(2)  done
3(37)  0(37)  0(2)  done
3(37)  1(37)  0(2)  done
3(37)  2(37)  0(2)  done
3(37)  3(37)  0(2)  done
3(37)  4(37)  0(2)  done
3(37)  5(37)  0(2)  done
3(37)  6(37)  0(2)  done
3(37)  7(37)  0(2)  done
3(37)  8(37)  0(2)  done
3(37)  9(37)  0(2)  done
3(37)  10(37)  0(2)  done
3(37)  11(37)  0(2)  done
3(37)  12(37)  0(2)  done
3(37)  13(37)  0(2)  done
3(37)  14(37)  0(2)  done
3(37)  15(37)  0(2)  done
3(37)  16(37)  0(2)  done
3(37)  17(37)  0(2)  done
3(37)  18(37)  0(2)  done
3(37)  19(37)  0(2)  done
3(37)  20(37)  0(2)  done
3(37)  21(37)  0(2)  done
3(37)  22(37)  0(2)  done
3(37)  23(37)  0(2)  done
3(37)  24(37)  0(2)  done
3(37)  25(37)  0(2)  done
3(37)  26(37)  0(2)  done
3(37)  27(37)  0(2)  done
3(37)  28(37)  0(2)  done
3(37)  29(37)  0(2)  done
3(37)  30(37)  0(2)  done
3(37)  31(37)  0(2)  done
3(37)  32(37)  0(2)  done
3(37)  33(37)  0(2)  done
3(37)  34(37)  0(2)  done
3(37)  35(37)  0(2)  done
3(37)  36(37)  0(2)  done
4(37)  0(37)  0(2)  done
4(37)  1(37)  0(2)  done
4(37)  2(37)  0(2)  done
4(37)  3(37)  0(2)  done
4(37)  4(37)  0(2)  done
4(37)  5(37)  0(2)  done
4(37)  6(37)  0(2)  done
4(37)  7(37)  0(2)  done
4(37)  8(37)  0(2)  done
4(37)  9(37)  0(2)  done
4(37)  10(37)  0(2)  done
4(37)  11(37)  0(2)  done
4(37)  12(37)  0(2)  done
4(37)  13(37)  0(2)  done
4(37)  14(37)  0(2)  done
4(37)  15(37)  0(2)  done
4(37)  16(37)  0(2)  done
4(37)  17(37)  0(2)  done
4(37)  18(37)  0(2)  done
4(37)  19(37)  0(2)  done
4(37)  20(37)  0(2)  done
4(37)  21(37)  0(2)  done
4(37)  22(37)  0(2)  done
4(37)  23(37)  0(2)  done
4(37)  24(37)  0(2)  done
4(37)  25(37)  0(2)  done
4(37)  26(37)  0(2)  done
4(37)  27(37)  0(2)  done
4(37)  28(37)  0(2)  done
4(37)  29(37)  0(2)  done
4(37)  30(37)  0(2)  done
4(37)  31(37)  0(2)  done
4(37)  32(37)  0(2)  done
4(37)  33(37)  0(2)  done
4(37)  34(37)  0(2)  done
4(37)  35(37)  0(2)  done
4(37)  36(37)  0(2)  done
5(37)  0(37)  0(2)  done
5(37)  1(37)  0(2)  done
5(37)  2(37)  0(2)  done
5(37)  3(37)  0(2)  done
5(37)  4(37)  0(2)  done
5(37)  5(37)  0(2)  done
5(37)  6(37)  0(2)  done
5(37)  7(37)  0(2)  done
5(37)  8(37)  0(2)  done
5(37)  9(37)  0(2)  done
5(37)  10(37)  0(2)  done
5(37)  11(37)  0(2)  done
5(37)  12(37)  0(2)  done
5(37)  13(37)  0(2)  done
5(37)  14(37)  0(2)  done
5(37)  15(37)  0(2)  done
5(37)  16(37)  0(2)  done
5(37)  17(37)  0(2)  done
5(37)  18(37)  0(2)  done
5(37)  19(37)  0(2)  done
5(37)  20(37)  0(2)  done
5(37)  21(37)  0(2)  done
5(37)  22(37)  0(2)  done
5(37)  23(37)  0(2)  done
5(37)  24(37)  0(2)  done
5(37)  25(37)  0(2)  done
5(37)  26(37)  0(2)  done
5(37)  27(37)  0(2)  done
5(37)  28(37)  0(2)  done
5(37)  29(37)  0(2)  done
5(37)  30(37)  0(2)  done
5(37)  31(37)  0(2)  done
5(37)  32(37)  0(2)  done
5(37)  33(37)  0(2)  done
5(37)  34(37)  0(2)  done
5(37)  35(37)  0(2)  done
5(37)  36(37)  0(2)  done
6(37)  0(37)  0(2)  done
6(37)  1(37)  0(2)  done
6(37)  2(37)  0(2)  done
6(37)  3(37)  0(2)  done
6(37)  4(37)  0(2)  done
6(37)  5(37)  0(2)  done
6(37)  6(37)  0(2)  done
6(37)  7(37)  0(2)  done
6(37)  8(37)  0(2)  done
6(37)  9(37)  0(2)  done
6(37)  10(37)  0(2)  done
6(37)  11(37)  0(2)  done
6(37)  12(37)  0(2)  done
6(37)  13(37)  0(2)  done
6(37)  14(37)  0(2)  done
6(37)  15(37)  0(2)  done
6(37)  16(37)  0(2)  done
6(37)  17(37)  0(2)  done
6(37)  18(37)  0(2)  done
6(37)  19(37)  0(2)  done
6(37)  20(37)  0(2)  done
6(37)  21(37)  0(2)  done
6(37)  22(37)  0(2)  done
6(37)  23(37)  0(2)  done
6(37)  24(37)  0(2)  done
6(37)  25(37)  0(2)  done
6(37)  26(37)  0(2)  done
6(37)  27(37)  0(2)  done
6(37)  28(37)  0(2)  done
6(37)  29(37)  0(2)  done
6(37)  30(37)  0(2)  done
6(37)  31(37)  0(2)  done
6(37)  32(37)  0(2)  done
6(37)  33(37)  0(2)  done
6(37)  34(37)  0(2)  done
6(37)  35(37)  0(2)  done
6(37)  36(37)  0(2)  done
7(37)  0(37)  0(2)  done
7(37)  1(37)  0(2)  done
7(37)  2(37)  0(2)  done
7(37)  3(37)  0(2)  done
7(37)  4(37)  0(2)  done
7(37)  5(37)  0(2)  done
7(37)  6(37)  0(2)  done
7(37)  7(37)  0(2)  done
7(37)  8(37)  0(2)  done
7(37)  9(37)  0(2)  done
7(37)  10(37)  0(2)  done
7(37)  11(37)  0(2)  done
7(37)  12(37)  0(2)  done
7(37)  13(37)  0(2)  done
7(37)  14(37)  0(2)  done
7(37)  15(37)  0(2)  done
7(37)  16(37)  0(2)  done
7(37)  17(37)  0(2)  done
7(37)  18(37)  0(2)  done
7(37)  19(37)  0(2)  done
7(37)  20(37)  0(2)  done
7(37)  21(37)  0(2)  done
7(37)  22(37)  0(2)  done
7(37)  23(37)  0(2)  done
7(37)  24(37)  0(2)  done
7(37)  25(37)  0(2)  done
7(37)  26(37)  0(2)  done
7(37)  27(37)  0(2)  done
7(37)  28(37)  0(2)  done
7(37)  29(37)  0(2)  done
7(37)  30(37)  0(2)  done
7(37)  31(37)  0(2)  done
7(37)  32(37)  0(2)  done
7(37)  33(37)  0(2)  done
7(37)  34(37)  0(2)  done
7(37)  35(37)  0(2)  done
7(37)  36(37)  0(2)  done
8(37)  0(37)  0(2)  done
8(37)  1(37)  0(2)  done
8(37)  2(37)  0(2)  done
8(37)  3(37)  0(2)  done
8(37)  4(37)  0(2)  done
8(37)  5(37)  0(2)  done
8(37)  6(37)  0(2)  done
8(37)  7(37)  0(2)  done
8(37)  8(37)  0(2)  done
8(37)  9(37)  0(2)  done
8(37)  10(37)  0(2)  done
8(37)  11(37)  0(2)  done
8(37)  12(37)  0(2)  done
8(37)  13(37)  0(2)  done
8(37)  14(37)  0(2)  done
8(37)  15(37)  0(2)  done
8(37)  16(37)  0(2)  done
8(37)  17(37)  0(2)  done
8(37)  18(37)  0(2)  done
8(37)  19(37)  0(2)  done
8(37)  20(37)  0(2)  done
8(37)  21(37)  0(2)  done
8(37)  22(37)  0(2)  done
8(37)  23(37)  0(2)  done
8(37)  24(37)  0(2)  done
8(37)  25(37)  0(2)  done
8(37)  26(37)  0(2)  done
8(37)  27(37)  0(2)  done
8(37)  28(37)  0(2)  done
8(37)  29(37)  0(2)  done
8(37)  30(37)  0(2)  done
8(37)  31(37)  0(2)  done
8(37)  32(37)  0(2)  done
8(37)  33(37)  0(2)  done
8(37)  34(37)  0(2)  done
8(37)  35(37)  0(2)  done
8(37)  36(37)  0(2)  done
9(37)  0(37)  0(2)  done
9(37)  1(37)  0(2)  done
9(37)  2(37)  0(2)  done
9(37)  3(37)  0(2)  done
9(37)  4(37)  0(2)  done
9(37)  5(37)  0(2)  done
9(37)  6(37)  0(2)  done
9(37)  7(37)  0(2)  done
9(37)  8(37)  0(2)  done
9(37)  9(37)  0(2)  done
9(37)  10(37)  0(2)  done
9(37)  11(37)  0(2)  done
9(37)  12(37)  0(2)  done
9(37)  13(37)  0(2)  done
9(37)  14(37)  0(2)  done
9(37)  15(37)  0(2)  done
9(37)  16(37)  0(2)  done
9(37)  17(37)  0(2)  done
9(37)  18(37)  0(2)  done
9(37)  19(37)  0(2)  done
9(37)  20(37)  0(2)  done
9(37)  21(37)  0(2)  done
9(37)  22(37)  0(2)  done
9(37)  23(37)  0(2)  done
9(37)  24(37)  0(2)  done
9(37)  25(37)  0(2)  done
9(37)  26(37)  0(2)  done
9(37)  27(37)  0(2)  done
9(37)  28(37)  0(2)  done
9(37)  29(37)  0(2)  done
9(37)  30(37)  0(2)  done
9(37)  31(37)  0(2)  done
9(37)  32(37)  0(2)  done
9(37)  33(37)  0(2)  done
9(37)  34(37)  0(2)  done
9(37)  35(37)  0(2)  done
9(37)  36(37)  0(2)  done
10(37)  0(37)  0(2)  done
10(37)  1(37)  0(2)  done
10(37)  2(37)  0(2)  done
10(37)  3(37)  0(2)  done
10(37)  4(37)  0(2)  done
10(37)  5(37)  0(2)  done
10(37)  6(37)  0(2)  done
10(37)  7(37)  0(2)  done
10(37)  8(37)  0(2)  done
10(37)  9(37)  0(2)  done
10(37)  10(37)  0(2)  done
10(37)  11(37)  0(2)  done
10(37)  12(37)  0(2)  done
10(37)  13(37)  0(2)  done
10(37)  14(37)  0(2)  done
10(37)  15(37)  0(2)  done
10(37)  16(37)  0(2)  done
10(37)  17(37)  0(2)  done
10(37)  18(37)  0(2)  done
10(37)  19(37)  0(2)  done
10(37)  20(37)  0(2)  done
10(37)  21(37)  0(2)  done
10(37)  22(37)  0(2)  done
10(37)  23(37)  0(2)  done
10(37)  24(37)  0(2)  done
10(37)  25(37)  0(2)  done
10(37)  26(37)  0(2)  done
10(37)  27(37)  0(2)  done
10(37)  28(37)  0(2)  done
10(37)  29(37)  0(2)  done
10(37)  30(37)  0(2)  done
10(37)  31(37)  0(2)  done
10(37)  32(37)  0(2)  done
10(37)  33(37)  0(2)  done
10(37)  34(37)  0(2)  done
10(37)  35(37)  0(2)  done
10(37)  36(37)  0(2)  done
11(37)  0(37)  0(2)  done
11(37)  1(37)  0(2)  done
11(37)  2(37)  0(2)  done
11(37)  3(37)  0(2)  done
11(37)  4(37)  0(2)  done
11(37)  5(37)  0(2)  done
11(37)  6(37)  0(2)  done
11(37)  7(37)  0(2)  done
11(37)  8(37)  0(2)  done
11(37)  9(37)  0(2)  done
11(37)  10(37)  0(2)  done
11(37)  11(37)  0(2)  done
11(37)  12(37)  0(2)  done
11(37)  13(37)  0(2)  done
11(37)  14(37)  0(2)  done
11(37)  15(37)  0(2)  done
11(37)  16(37)  0(2)  done
11(37)  17(37)  0(2)  done
11(37)  18(37)  0(2)  done
11(37)  19(37)  0(2)  done
11(37)  20(37)  0(2)  done
11(37)  21(37)  0(2)  done
11(37)  22(37)  0(2)  done
11(37)  23(37)  0(2)  done
11(37)  24(37)  0(2)  done
11(37)  25(37)  0(2)  done
11(37)  26(37)  0(2)  done
11(37)  27(37)  0(2)  done
11(37)  28(37)  0(2)  done
11(37)  29(37)  0(2)  done
11(37)  30(37)  0(2)  done
11(37)  31(37)  0(2)  done
11(37)  32(37)  0(2)  done
11(37)  33(37)  0(2)  done
11(37)  34(37)  0(2)  done
11(37)  35(37)  0(2)  done
11(37)  36(37)  0(2)  done
12(37)  0(37)  0(2)  done
12(37)  1(37)  0(2)  done
12(37)  2(37)  0(2)  done
12(37)  3(37)  0(2)  done
12(37)  4(37)  0(2)  done
12(37)  5(37)  0(2)  done
12(37)  6(37)  0(2)  done
12(37)  7(37)  0(2)  done
12(37)  8(37)  0(2)  done
12(37)  9(37)  0(2)  done
12(37)  10(37)  0(2)  done
12(37)  11(37)  0(2)  done
12(37)  12(37)  0(2)  done
12(37)  13(37)  0(2)  done
12(37)  14(37)  0(2)  done
12(37)  15(37)  0(2)  done
12(37)  16(37)  0(2)  done
12(37)  17(37)  0(2)  done
12(37)  18(37)  0(2)  done
12(37)  19(37)  0(2)  done
12(37)  20(37)  0(2)  done
12(37)  21(37)  0(2)  done
12(37)  22(37)  0(2)  done
12(37)  23(37)  0(2)  done
12(37)  24(37)  0(2)  done
12(37)  25(37)  0(2)  done
12(37)  26(37)  0(2)  done
12(37)  27(37)  0(2)  done
12(37)  28(37)  0(2)  done
12(37)  29(37)  0(2)  done
12(37)  30(37)  0(2)  done
12(37)  31(37)  0(2)  done
12(37)  32(37)  0(2)  done
12(37)  33(37)  0(2)  done
12(37)  34(37)  0(2)  done
12(37)  35(37)  0(2)  done
12(37)  36(37)  0(2)  done
13(37)  0(37)  0(2)  done
13(37)  1(37)  0(2)  done
13(37)  2(37)  0(2)  done
13(37)  3(37)  0(2)  done
13(37)  4(37)  0(2)  done
13(37)  5(37)  0(2)  done
13(37)  6(37)  0(2)  done
13(37)  7(37)  0(2)  done
13(37)  8(37)  0(2)  done
13(37)  9(37)  0(2)  done
13(37)  10(37)  0(2)  done
13(37)  11(37)  0(2)  done
13(37)  12(37)  0(2)  done
13(37)  13(37)  0(2)  done
13(37)  14(37)  0(2)  done
13(37)  15(37)  0(2)  done
13(37)  16(37)  0(2)  done
13(37)  17(37)  0(2)  done
13(37)  18(37)  0(2)  done
13(37)  19(37)  0(2)  done
13(37)  20(37)  0(2)  done
13(37)  21(37)  0(2)  done
13(37)  22(37)  0(2)  done
13(37)  23(37)  0(2)  done
13(37)  24(37)  0(2)  done
13(37)  25(37)  0(2)  done
13(37)  26(37)  0(2)  done
13(37)  27(37)  0(2)  done
13(37)  28(37)  0(2)  done
13(37)  29(37)  0(2)  done
13(37)  30(37)  0(2)  done
13(37)  31(37)  0(2)  done
13(37)  32(37)  0(2)  done
13(37)  33(37)  0(2)  done
13(37)  34(37)  0(2)  done
13(37)  35(37)  0(2)  done
13(37)  36(37)  0(2)  done
14(37)  0(37)  0(2)  done
14(37)  1(37)  0(2)  done
14(37)  2(37)  0(2)  done
14(37)  3(37)  0(2)  done
14(37)  4(37)  0(2)  done
14(37)  5(37)  0(2)  done
14(37)  6(37)  0(2)  done
14(37)  7(37)  0(2)  done
14(37)  8(37)  0(2)  done
14(37)  9(37)  0(2)  done
14(37)  10(37)  0(2)  done
14(37)  11(37)  0(2)  done
14(37)  12(37)  0(2)  done
14(37)  13(37)  0(2)  done
14(37)  14(37)  0(2)  done
14(37)  15(37)  0(2)  done
14(37)  16(37)  0(2)  done
14(37)  17(37)  0(2)  done
14(37)  18(37)  0(2)  done
14(37)  19(37)  0(2)  done
14(37)  20(37)  0(2)  done
14(37)  21(37)  0(2)  done
14(37)  22(37)  0(2)  done
14(37)  23(37)  0(2)  done
14(37)  24(37)  0(2)  done
14(37)  25(37)  0(2)  done
14(37)  26(37)  0(2)  done
14(37)  27(37)  0(2)  done
14(37)  28(37)  0(2)  done
14(37)  29(37)  0(2)  done
14(37)  30(37)  0(2)  done
14(37)  31(37)  0(2)  done
14(37)  32(37)  0(2)  done
14(37)  33(37)  0(2)  done
14(37)  34(37)  0(2)  done
14(37)  35(37)  0(2)  done
14(37)  36(37)  0(2)  done
15(37)  0(37)  0(2)  done
15(37)  1(37)  0(2)  done
15(37)  2(37)  0(2)  done
15(37)  3(37)  0(2)  done
15(37)  4(37)  0(2)  done
15(37)  5(37)  0(2)  done
15(37)  6(37)  0(2)  done
15(37)  7(37)  0(2)  done
15(37)  8(37)  0(2)  done
15(37)  9(37)  0(2)  done
15(37)  10(37)  0(2)  done
15(37)  11(37)  0(2)  done
15(37)  12(37)  0(2)  done
15(37)  13(37)  0(2)  done
15(37)  14(37)  0(2)  done
15(37)  15(37)  0(2)  done
15(37)  16(37)  0(2)  done
15(37)  17(37)  0(2)  done
15(37)  18(37)  0(2)  done
15(37)  19(37)  0(2)  done
15(37)  20(37)  0(2)  done
15(37)  21(37)  0(2)  done
15(37)  22(37)  0(2)  done
15(37)  23(37)  0(2)  done
15(37)  24(37)  0(2)  done
15(37)  25(37)  0(2)  done
15(37)  26(37)  0(2)  done
15(37)  27(37)  0(2)  done
15(37)  28(37)  0(2)  done
15(37)  29(37)  0(2)  done
15(37)  30(37)  0(2)  done
15(37)  31(37)  0(2)  done
15(37)  32(37)  0(2)  done
15(37)  33(37)  0(2)  done
15(37)  34(37)  0(2)  done
15(37)  35(37)  0(2)  done
15(37)  36(37)  0(2)  done
16(37)  0(37)  0(2)  done
16(37)  1(37)  0(2)  done
16(37)  2(37)  0(2)  done
16(37)  3(37)  0(2)  done
16(37)  4(37)  0(2)  done
16(37)  5(37)  0(2)  done
16(37)  6(37)  0(2)  done
16(37)  7(37)  0(2)  done
16(37)  8(37)  0(2)  done
16(37)  9(37)  0(2)  done
16(37)  10(37)  0(2)  done
16(37)  11(37)  0(2)  done
16(37)  12(37)  0(2)  done
16(37)  13(37)  0(2)  done
16(37)  14(37)  0(2)  done
16(37)  15(37)  0(2)  done
16(37)  16(37)  0(2)  done
16(37)  17(37)  0(2)  done
16(37)  18(37)  0(2)  done
16(37)  19(37)  0(2)  done
16(37)  20(37)  0(2)  done
16(37)  21(37)  0(2)  done
16(37)  22(37)  0(2)  done
16(37)  23(37)  0(2)  done
16(37)  24(37)  0(2)  done
16(37)  25(37)  0(2)  done
16(37)  26(37)  0(2)  done
16(37)  27(37)  0(2)  done
16(37)  28(37)  0(2)  done
16(37)  29(37)  0(2)  done
16(37)  30(37)  0(2)  done
16(37)  31(37)  0(2)  done
16(37)  32(37)  0(2)  done
16(37)  33(37)  0(2)  done
16(37)  34(37)  0(2)  done
16(37)  35(37)  0(2)  done
16(37)  36(37)  0(2)  done
17(37)  0(37)  0(2)  done
17(37)  1(37)  0(2)  done
17(37)  2(37)  0(2)  done
17(37)  3(37)  0(2)  done
17(37)  4(37)  0(2)  done
17(37)  5(37)  0(2)  done
17(37)  6(37)  0(2)  done
17(37)  7(37)  0(2)  done
17(37)  8(37)  0(2)  done
17(37)  9(37)  0(2)  done
17(37)  10(37)  0(2)  done
17(37)  11(37)  0(2)  done
17(37)  12(37)  0(2)  done
17(37)  13(37)  0(2)  done
17(37)  14(37)  0(2)  done
17(37)  15(37)  0(2)  done
17(37)  16(37)  0(2)  done
17(37)  17(37)  0(2)  done
17(37)  18(37)  0(2)  done
17(37)  19(37)  0(2)  done
17(37)  20(37)  0(2)  done
17(37)  21(37)  0(2)  done
17(37)  22(37)  0(2)  done
17(37)  23(37)  0(2)  done
17(37)  24(37)  0(2)  done
17(37)  25(37)  0(2)  done
17(37)  26(37)  0(2)  done
17(37)  27(37)  0(2)  done
17(37)  28(37)  0(2)  done
17(37)  29(37)  0(2)  done
17(37)  30(37)  0(2)  done
17(37)  31(37)  0(2)  done
17(37)  32(37)  0(2)  done
17(37)  33(37)  0(2)  done
17(37)  34(37)  0(2)  done
17(37)  35(37)  0(2)  done
17(37)  36(37)  0(2)  done
18(37)  0(37)  0(2)  done
18(37)  1(37)  0(2)  done
18(37)  2(37)  0(2)  done
18(37)  3(37)  0(2)  done
18(37)  4(37)  0(2)  done
18(37)  5(37)  0(2)  done
18(37)  6(37)  0(2)  done
18(37)  7(37)  0(2)  done
18(37)  8(37)  0(2)  done
18(37)  9(37)  0(2)  done
18(37)  10(37)  0(2)  done
18(37)  11(37)  0(2)  done
18(37)  12(37)  0(2)  done
18(37)  13(37)  0(2)  done
18(37)  14(37)  0(2)  done
18(37)  15(37)  0(2)  done
18(37)  16(37)  0(2)  done
18(37)  17(37)  0(2)  done
18(37)  18(37)  0(2)  done
18(37)  19(37)  0(2)  done
18(37)  20(37)  0(2)  done
18(37)  21(37)  0(2)  done
18(37)  22(37)  0(2)  done
18(37)  23(37)  0(2)  done
18(37)  24(37)  0(2)  done
18(37)  25(37)  0(2)  done
18(37)  26(37)  0(2)  done
18(37)  27(37)  0(2)  done
18(37)  28(37)  0(2)  done
18(37)  29(37)  0(2)  done
18(37)  30(37)  0(2)  done
18(37)  31(37)  0(2)  done
18(37)  32(37)  0(2)  done
18(37)  33(37)  0(2)  done
18(37)  34(37)  0(2)  done
18(37)  35(37)  0(2)  done
18(37)  36(37)  0(2)  done
19(37)  0(37)  0(2)  done
19(37)  1(37)  0(2)  done
19(37)  2(37)  0(2)  done
19(37)  3(37)  0(2)  done
19(37)  4(37)  0(2)  done
19(37)  5(37)  0(2)  done
19(37)  6(37)  0(2)  done
19(37)  7(37)  0(2)  done
19(37)  8(37)  0(2)  done
19(37)  9(37)  0(2)  done
19(37)  10(37)  0(2)  done
19(37)  11(37)  0(2)  done
19(37)  12(37)  0(2)  done
19(37)  13(37)  0(2)  done
19(37)  14(37)  0(2)  done
19(37)  15(37)  0(2)  done
19(37)  16(37)  0(2)  done
19(37)  17(37)  0(2)  done
19(37)  18(37)  0(2)  done
19(37)  19(37)  0(2)  done
19(37)  20(37)  0(2)  done
19(37)  21(37)  0(2)  done
19(37)  22(37)  0(2)  done
19(37)  23(37)  0(2)  done
19(37)  24(37)  0(2)  done
19(37)  25(37)  0(2)  done
19(37)  26(37)  0(2)  done
19(37)  27(37)  0(2)  done
19(37)  28(37)  0(2)  done
19(37)  29(37)  0(2)  done
19(37)  30(37)  0(2)  done
19(37)  31(37)  0(2)  done
19(37)  32(37)  0(2)  done
19(37)  33(37)  0(2)  done
19(37)  34(37)  0(2)  done
19(37)  35(37)  0(2)  done
19(37)  36(37)  0(2)  done
20(37)  0(37)  0(2)  done
20(37)  1(37)  0(2)  done
20(37)  2(37)  0(2)  done
20(37)  3(37)  0(2)  done
20(37)  4(37)  0(2)  done
20(37)  5(37)  0(2)  done
20(37)  6(37)  0(2)  done
20(37)  7(37)  0(2)  done
20(37)  8(37)  0(2)  done
20(37)  9(37)  0(2)  done
20(37)  10(37)  0(2)  done
20(37)  11(37)  0(2)  done
20(37)  12(37)  0(2)  done
20(37)  13(37)  0(2)  done
20(37)  14(37)  0(2)  done
20(37)  15(37)  0(2)  done
20(37)  16(37)  0(2)  done
20(37)  17(37)  0(2)  done
20(37)  18(37)  0(2)  done
20(37)  19(37)  0(2)  done
20(37)  20(37)  0(2)  done
20(37)  21(37)  0(2)  done
20(37)  22(37)  0(2)  done
20(37)  23(37)  0(2)  done
20(37)  24(37)  0(2)  done
20(37)  25(37)  0(2)  done
20(37)  26(37)  0(2)  done
20(37)  27(37)  0(2)  done
20(37)  28(37)  0(2)  done
20(37)  29(37)  0(2)  done
20(37)  30(37)  0(2)  done
20(37)  31(37)  0(2)  done
20(37)  32(37)  0(2)  done
20(37)  33(37)  0(2)  done
20(37)  34(37)  0(2)  done
20(37)  35(37)  0(2)  done
20(37)  36(37)  0(2)  done
21(37)  0(37)  0(2)  done
21(37)  1(37)  0(2)  done
21(37)  2(37)  0(2)  done
21(37)  3(37)  0(2)  done
21(37)  4(37)  0(2)  done
21(37)  5(37)  0(2)  done
21(37)  6(37)  0(2)  done
21(37)  7(37)  0(2)  done
21(37)  8(37)  0(2)  done
21(37)  9(37)  0(2)  done
21(37)  10(37)  0(2)  done
21(37)  11(37)  0(2)  done
21(37)  12(37)  0(2)  done
21(37)  13(37)  0(2)  done
21(37)  14(37)  0(2)  done
21(37)  15(37)  0(2)  done
21(37)  16(37)  0(2)  done
21(37)  17(37)  0(2)  done
21(37)  18(37)  0(2)  done
21(37)  19(37)  0(2)  done
21(37)  20(37)  0(2)  done
21(37)  21(37)  0(2)  done
21(37)  22(37)  0(2)  done
21(37)  23(37)  0(2)  done
21(37)  24(37)  0(2)  done
21(37)  25(37)  0(2)  done
21(37)  26(37)  0(2)  done
21(37)  27(37)  0(2)  done
21(37)  28(37)  0(2)  done
21(37)  29(37)  0(2)  done
21(37)  30(37)  0(2)  done
21(37)  31(37)  0(2)  done
21(37)  32(37)  0(2)  done
21(37)  33(37)  0(2)  done
21(37)  34(37)  0(2)  done
21(37)  35(37)  0(2)  done
21(37)  36(37)  0(2)  done
22(37)  0(37)  0(2)  done
22(37)  1(37)  0(2)  done
22(37)  2(37)  0(2)  done
22(37)  3(37)  0(2)  done
22(37)  4(37)  0(2)  done
22(37)  5(37)  0(2)  done
22(37)  6(37)  0(2)  done
22(37)  7(37)  0(2)  done
22(37)  8(37)  0(2)  done
22(37)  9(37)  0(2)  done
22(37)  10(37)  0(2)  done
22(37)  11(37)  0(2)  done
22(37)  12(37)  0(2)  done
22(37)  13(37)  0(2)  done
22(37)  14(37)  0(2)  done
22(37)  15(37)  0(2)  done
22(37)  16(37)  0(2)  done
22(37)  17(37)  0(2)  done
22(37)  18(37)  0(2)  done
22(37)  19(37)  0(2)  done
22(37)  20(37)  0(2)  done
22(37)  21(37)  0(2)  done
22(37)  22(37)  0(2)  done
22(37)  23(37)  0(2)  done
22(37)  24(37)  0(2)  done
22(37)  25(37)  0(2)  done
22(37)  26(37)  0(2)  done
22(37)  27(37)  0(2)  done
22(37)  28(37)  0(2)  done
22(37)  29(37)  0(2)  done
22(37)  30(37)  0(2)  done
22(37)  31(37)  0(2)  done
22(37)  32(37)  0(2)  done
22(37)  33(37)  0(2)  done
22(37)  34(37)  0(2)  done
22(37)  35(37)  0(2)  done
22(37)  36(37)  0(2)  done
23(37)  0(37)  0(2)  done
23(37)  1(37)  0(2)  done
23(37)  2(37)  0(2)  done
23(37)  3(37)  0(2)  done
23(37)  4(37)  0(2)  done
23(37)  5(37)  0(2)  done
23(37)  6(37)  0(2)  done
23(37)  7(37)  0(2)  done
23(37)  8(37)  0(2)  done
23(37)  9(37)  0(2)  done
23(37)  10(37)  0(2)  done
23(37)  11(37)  0(2)  done
23(37)  12(37)  0(2)  done
23(37)  13(37)  0(2)  done
23(37)  14(37)  0(2)  done
23(37)  15(37)  0(2)  done
23(37)  16(37)  0(2)  done
23(37)  17(37)  0(2)  done
23(37)  18(37)  0(2)  done
23(37)  19(37)  0(2)  done
23(37)  20(37)  0(2)  done
23(37)  21(37)  0(2)  done
23(37)  22(37)  0(2)  done
23(37)  23(37)  0(2)  done
23(37)  24(37)  0(2)  done
23(37)  25(37)  0(2)  done
23(37)  26(37)  0(2)  done
23(37)  27(37)  0(2)  done
23(37)  28(37)  0(2)  done
23(37)  29(37)  0(2)  done
23(37)  30(37)  0(2)  done
23(37)  31(37)  0(2)  done
23(37)  32(37)  0(2)  done
23(37)  33(37)  0(2)  done
23(37)  34(37)  0(2)  done
23(37)  35(37)  0(2)  done
23(37)  36(37)  0(2)  done
24(37)  0(37)  0(2)  done
24(37)  1(37)  0(2)  done
24(37)  2(37)  0(2)  done
24(37)  3(37)  0(2)  done
24(37)  4(37)  0(2)  done
24(37)  5(37)  0(2)  done
24(37)  6(37)  0(2)  done
24(37)  7(37)  0(2)  done
24(37)  8(37)  0(2)  done
24(37)  9(37)  0(2)  done
24(37)  10(37)  0(2)  done
24(37)  11(37)  0(2)  done
24(37)  12(37)  0(2)  done
24(37)  13(37)  0(2)  done
24(37)  14(37)  0(2)  done
24(37)  15(37)  0(2)  done
24(37)  16(37)  0(2)  done
24(37)  17(37)  0(2)  done
24(37)  18(37)  0(2)  done
24(37)  19(37)  0(2)  done
24(37)  20(37)  0(2)  done
24(37)  21(37)  0(2)  done
24(37)  22(37)  0(2)  done
24(37)  23(37)  0(2)  done
24(37)  24(37)  0(2)  done
24(37)  25(37)  0(2)  done
24(37)  26(37)  0(2)  done
24(37)  27(37)  0(2)  done
24(37)  28(37)  0(2)  done
24(37)  29(37)  0(2)  done
24(37)  30(37)  0(2)  done
24(37)  31(37)  0(2)  done
24(37)  32(37)  0(2)  done
24(37)  33(37)  0(2)  done
24(37)  34(37)  0(2)  done
24(37)  35(37)  0(2)  done
24(37)  36(37)  0(2)  done
25(37)  0(37)  0(2)  done
25(37)  1(37)  0(2)  done
25(37)  2(37)  0(2)  done
25(37)  3(37)  0(2)  done
25(37)  4(37)  0(2)  done
25(37)  5(37)  0(2)  done
25(37)  6(37)  0(2)  done
25(37)  7(37)  0(2)  done
25(37)  8(37)  0(2)  done
25(37)  9(37)  0(2)  done
25(37)  10(37)  0(2)  done
25(37)  11(37)  0(2)  done
25(37)  12(37)  0(2)  done
25(37)  13(37)  0(2)  done
25(37)  14(37)  0(2)  done
25(37)  15(37)  0(2)  done
25(37)  16(37)  0(2)  done
25(37)  17(37)  0(2)  done
25(37)  18(37)  0(2)  done
25(37)  19(37)  0(2)  done
25(37)  20(37)  0(2)  done
25(37)  21(37)  0(2)  done
25(37)  22(37)  0(2)  done
25(37)  23(37)  0(2)  done
25(37)  24(37)  0(2)  done
25(37)  25(37)  0(2)  done
25(37)  26(37)  0(2)  done
25(37)  27(37)  0(2)  done
25(37)  28(37)  0(2)  done
25(37)  29(37)  0(2)  done
25(37)  30(37)  0(2)  done
25(37)  31(37)  0(2)  done
25(37)  32(37)  0(2)  done
25(37)  33(37)  0(2)  done
25(37)  34(37)  0(2)  done
25(37)  35(37)  0(2)  done
25(37)  36(37)  0(2)  done
26(37)  0(37)  0(2)  done
26(37)  1(37)  0(2)  done
26(37)  2(37)  0(2)  done
26(37)  3(37)  0(2)  done
26(37)  4(37)  0(2)  done
26(37)  5(37)  0(2)  done
26(37)  6(37)  0(2)  done
26(37)  7(37)  0(2)  done
26(37)  8(37)  0(2)  done
26(37)  9(37)  0(2)  done
26(37)  10(37)  0(2)  done
26(37)  11(37)  0(2)  done
26(37)  12(37)  0(2)  done
26(37)  13(37)  0(2)  done
26(37)  14(37)  0(2)  done
26(37)  15(37)  0(2)  done
26(37)  16(37)  0(2)  done
26(37)  17(37)  0(2)  done
26(37)  18(37)  0(2)  done
26(37)  19(37)  0(2)  done
26(37)  20(37)  0(2)  done
26(37)  21(37)  0(2)  done
26(37)  22(37)  0(2)  done
26(37)  23(37)  0(2)  done
26(37)  24(37)  0(2)  done
26(37)  25(37)  0(2)  done
26(37)  26(37)  0(2)  done
26(37)  27(37)  0(2)  done
26(37)  28(37)  0(2)  done
26(37)  29(37)  0(2)  done
26(37)  30(37)  0(2)  done
26(37)  31(37)  0(2)  done
26(37)  32(37)  0(2)  done
26(37)  33(37)  0(2)  done
26(37)  34(37)  0(2)  done
26(37)  35(37)  0(2)  done
26(37)  36(37)  0(2)  done
27(37)  0(37)  0(2)  done
27(37)  1(37)  0(2)  done
27(37)  2(37)  0(2)  done
27(37)  3(37)  0(2)  done
27(37)  4(37)  0(2)  done
27(37)  5(37)  0(2)  done
27(37)  6(37)  0(2)  done
27(37)  7(37)  0(2)  done
27(37)  8(37)  0(2)  done
27(37)  9(37)  0(2)  done
27(37)  10(37)  0(2)  done
27(37)  11(37)  0(2)  done
27(37)  12(37)  0(2)  done
27(37)  13(37)  0(2)  done
27(37)  14(37)  0(2)  done
27(37)  15(37)  0(2)  done
27(37)  16(37)  0(2)  done
27(37)  17(37)  0(2)  done
27(37)  18(37)  0(2)  done
27(37)  19(37)  0(2)  done
27(37)  20(37)  0(2)  done
27(37)  21(37)  0(2)  done
27(37)  22(37)  0(2)  done
27(37)  23(37)  0(2)  done
27(37)  24(37)  0(2)  done
27(37)  25(37)  0(2)  done
27(37)  26(37)  0(2)  done
27(37)  27(37)  0(2)  done
27(37)  28(37)  0(2)  done
27(37)  29(37)  0(2)  done
27(37)  30(37)  0(2)  done
27(37)  31(37)  0(2)  done
27(37)  32(37)  0(2)  done
27(37)  33(37)  0(2)  done
27(37)  34(37)  0(2)  done
27(37)  35(37)  0(2)  done
27(37)  36(37)  0(2)  done
28(37)  0(37)  0(2)  done
28(37)  1(37)  0(2)  done
28(37)  2(37)  0(2)  done
28(37)  3(37)  0(2)  done
28(37)  4(37)  0(2)  done
28(37)  5(37)  0(2)  done
28(37)  6(37)  0(2)  done
28(37)  7(37)  0(2)  done
28(37)  8(37)  0(2)  done
28(37)  9(37)  0(2)  done
28(37)  10(37)  0(2)  done
28(37)  11(37)  0(2)  done
28(37)  12(37)  0(2)  done
28(37)  13(37)  0(2)  done
28(37)  14(37)  0(2)  done
28(37)  15(37)  0(2)  done
28(37)  16(37)  0(2)  done
28(37)  17(37)  0(2)  done
28(37)  18(37)  0(2)  done
28(37)  19(37)  0(2)  done
28(37)  20(37)  0(2)  done
28(37)  21(37)  0(2)  done
28(37)  22(37)  0(2)  done
28(37)  23(37)  0(2)  done
28(37)  24(37)  0(2)  done
28(37)  25(37)  0(2)  done
28(37)  26(37)  0(2)  done
28(37)  27(37)  0(2)  done
28(37)  28(37)  0(2)  done
28(37)  29(37)  0(2)  done
28(37)  30(37)  0(2)  done
28(37)  31(37)  0(2)  done
28(37)  32(37)  0(2)  done
28(37)  33(37)  0(2)  done
28(37)  34(37)  0(2)  done
28(37)  35(37)  0(2)  done
28(37)  36(37)  0(2)  done
29(37)  0(37)  0(2)  done
29(37)  1(37)  0(2)  done
29(37)  2(37)  0(2)  done
29(37)  3(37)  0(2)  done
29(37)  4(37)  0(2)  done
29(37)  5(37)  0(2)  done
29(37)  6(37)  0(2)  done
29(37)  7(37)  0(2)  done
29(37)  8(37)  0(2)  done
29(37)  9(37)  0(2)  done
29(37)  10(37)  0(2)  done
29(37)  11(37)  0(2)  done
29(37)  12(37)  0(2)  done
29(37)  13(37)  0(2)  done
29(37)  14(37)  0(2)  done
29(37)  15(37)  0(2)  done
29(37)  16(37)  0(2)  done
29(37)  17(37)  0(2)  done
29(37)  18(37)  0(2)  done
29(37)  19(37)  0(2)  done
29(37)  20(37)  0(2)  done
29(37)  21(37)  0(2)  done
29(37)  22(37)  0(2)  done
29(37)  23(37)  0(2)  done
29(37)  24(37)  0(2)  done
29(37)  25(37)  0(2)  done
29(37)  26(37)  0(2)  done
29(37)  27(37)  0(2)  done
29(37)  28(37)  0(2)  done
29(37)  29(37)  0(2)  done
29(37)  30(37)  0(2)  done
29(37)  31(37)  0(2)  done
29(37)  32(37)  0(2)  done
29(37)  33(37)  0(2)  done
29(37)  34(37)  0(2)  done
29(37)  35(37)  0(2)  done
29(37)  36(37)  0(2)  done
30(37)  0(37)  0(2)  done
30(37)  1(37)  0(2)  done
30(37)  2(37)  0(2)  done
30(37)  3(37)  0(2)  done
30(37)  4(37)  0(2)  done
30(37)  5(37)  0(2)  done
30(37)  6(37)  0(2)  done
30(37)  7(37)  0(2)  done
30(37)  8(37)  0(2)  done
30(37)  9(37)  0(2)  done
30(37)  10(37)  0(2)  done
30(37)  11(37)  0(2)  done
30(37)  12(37)  0(2)  done
30(37)  13(37)  0(2)  done
30(37)  14(37)  0(2)  done
30(37)  15(37)  0(2)  done
30(37)  16(37)  0(2)  done
30(37)  17(37)  0(2)  done
30(37)  18(37)  0(2)  done
30(37)  19(37)  0(2)  done
30(37)  20(37)  0(2)  done
30(37)  21(37)  0(2)  done
30(37)  22(37)  0(2)  done
30(37)  23(37)  0(2)  done
30(37)  24(37)  0(2)  done
30(37)  25(37)  0(2)  done
30(37)  26(37)  0(2)  done
30(37)  27(37)  0(2)  done
30(37)  28(37)  0(2)  done
30(37)  29(37)  0(2)  done
30(37)  30(37)  0(2)  done
30(37)  31(37)  0(2)  done
30(37)  32(37)  0(2)  done
30(37)  33(37)  0(2)  done
30(37)  34(37)  0(2)  done
30(37)  35(37)  0(2)  done
30(37)  36(37)  0(2)  done
31(37)  0(37)  0(2)  done
31(37)  1(37)  0(2)  done
31(37)  2(37)  0(2)  done
31(37)  3(37)  0(2)  done
31(37)  4(37)  0(2)  done
31(37)  5(37)  0(2)  done
31(37)  6(37)  0(2)  done
31(37)  7(37)  0(2)  done
31(37)  8(37)  0(2)  done
31(37)  9(37)  0(2)  done
31(37)  10(37)  0(2)  done
31(37)  11(37)  0(2)  done
31(37)  12(37)  0(2)  done
31(37)  13(37)  0(2)  done
31(37)  14(37)  0(2)  done
31(37)  15(37)  0(2)  done
31(37)  16(37)  0(2)  done
31(37)  17(37)  0(2)  done
31(37)  18(37)  0(2)  done
31(37)  19(37)  0(2)  done
31(37)  20(37)  0(2)  done
31(37)  21(37)  0(2)  done
31(37)  22(37)  0(2)  done
31(37)  23(37)  0(2)  done
31(37)  24(37)  0(2)  done
31(37)  25(37)  0(2)  done
31(37)  26(37)  0(2)  done
31(37)  27(37)  0(2)  done
31(37)  28(37)  0(2)  done
31(37)  29(37)  0(2)  done
31(37)  30(37)  0(2)  done
31(37)  31(37)  0(2)  done
31(37)  32(37)  0(2)  done
31(37)  33(37)  0(2)  done
31(37)  34(37)  0(2)  done
31(37)  35(37)  0(2)  done
31(37)  36(37)  0(2)  done
32(37)  0(37)  0(2)  done
32(37)  1(37)  0(2)  done
32(37)  2(37)  0(2)  done
32(37)  3(37)  0(2)  done
32(37)  4(37)  0(2)  done
32(37)  5(37)  0(2)  done
32(37)  6(37)  0(2)  done
32(37)  7(37)  0(2)  done
32(37)  8(37)  0(2)  done
32(37)  9(37)  0(2)  done
32(37)  10(37)  0(2)  done
32(37)  11(37)  0(2)  done
32(37)  12(37)  0(2)  done
32(37)  13(37)  0(2)  done
32(37)  14(37)  0(2)  done
32(37)  15(37)  0(2)  done
32(37)  16(37)  0(2)  done
32(37)  17(37)  0(2)  done
32(37)  18(37)  0(2)  done
32(37)  19(37)  0(2)  done
32(37)  20(37)  0(2)  done
32(37)  21(37)  0(2)  done
32(37)  22(37)  0(2)  done
32(37)  23(37)  0(2)  done
32(37)  24(37)  0(2)  done
32(37)  25(37)  0(2)  done
32(37)  26(37)  0(2)  done
32(37)  27(37)  0(2)  done
32(37)  28(37)  0(2)  done
32(37)  29(37)  0(2)  done
32(37)  30(37)  0(2)  done
32(37)  31(37)  0(2)  done
32(37)  32(37)  0(2)  done
32(37)  33(37)  0(2)  done
32(37)  34(37)  0(2)  done
32(37)  35(37)  0(2)  done
32(37)  36(37)  0(2)  done
33(37)  0(37)  0(2)  done
33(37)  1(37)  0(2)  done
33(37)  2(37)  0(2)  done
33(37)  3(37)  0(2)  done
33(37)  4(37)  0(2)  done
33(37)  5(37)  0(2)  done
33(37)  6(37)  0(2)  done
33(37)  7(37)  0(2)  done
33(37)  8(37)  0(2)  done
33(37)  9(37)  0(2)  done
33(37)  10(37)  0(2)  done
33(37)  11(37)  0(2)  done
33(37)  12(37)  0(2)  done
33(37)  13(37)  0(2)  done
33(37)  14(37)  0(2)  done
33(37)  15(37)  0(2)  done
33(37)  16(37)  0(2)  done
33(37)  17(37)  0(2)  done
33(37)  18(37)  0(2)  done
33(37)  19(37)  0(2)  done
33(37)  20(37)  0(2)  done
33(37)  21(37)  0(2)  done
33(37)  22(37)  0(2)  done
33(37)  23(37)  0(2)  done
33(37)  24(37)  0(2)  done
33(37)  25(37)  0(2)  done
33(37)  26(37)  0(2)  done
33(37)  27(37)  0(2)  done
33(37)  28(37)  0(2)  done
33(37)  29(37)  0(2)  done
33(37)  30(37)  0(2)  done
33(37)  31(37)  0(2)  done
33(37)  32(37)  0(2)  done
33(37)  33(37)  0(2)  done
33(37)  34(37)  0(2)  done
33(37)  35(37)  0(2)  done
33(37)  36(37)  0(2)  done
34(37)  0(37)  0(2)  done
34(37)  1(37)  0(2)  done
34(37)  2(37)  0(2)  done
34(37)  3(37)  0(2)  done
34(37)  4(37)  0(2)  done
34(37)  5(37)  0(2)  done
34(37)  6(37)  0(2)  done
34(37)  7(37)  0(2)  done
34(37)  8(37)  0(2)  done
34(37)  9(37)  0(2)  done
34(37)  10(37)  0(2)  done
34(37)  11(37)  0(2)  done
34(37)  12(37)  0(2)  done
34(37)  13(37)  0(2)  done
34(37)  14(37)  0(2)  done
34(37)  15(37)  0(2)  done
34(37)  16(37)  0(2)  done
34(37)  17(37)  0(2)  done
34(37)  18(37)  0(2)  done
34(37)  19(37)  0(2)  done
34(37)  20(37)  0(2)  done
34(37)  21(37)  0(2)  done
34(37)  22(37)  0(2)  done
34(37)  23(37)  0(2)  done
34(37)  24(37)  0(2)  done
34(37)  25(37)  0(2)  done
34(37)  26(37)  0(2)  done
34(37)  27(37)  0(2)  done
34(37)  28(37)  0(2)  done
34(37)  29(37)  0(2)  done
34(37)  30(37)  0(2)  done
34(37)  31(37)  0(2)  done
34(37)  32(37)  0(2)  done
34(37)  33(37)  0(2)  done
34(37)  34(37)  0(2)  done
34(37)  35(37)  0(2)  done
34(37)  36(37)  0(2)  done
35(37)  0(37)  0(2)  done
35(37)  1(37)  0(2)  done
35(37)  2(37)  0(2)  done
35(37)  3(37)  0(2)  done
35(37)  4(37)  0(2)  done
35(37)  5(37)  0(2)  done
35(37)  6(37)  0(2)  done
35(37)  7(37)  0(2)  done
35(37)  8(37)  0(2)  done
35(37)  9(37)  0(2)  done
35(37)  10(37)  0(2)  done
35(37)  11(37)  0(2)  done
35(37)  12(37)  0(2)  done
35(37)  13(37)  0(2)  done
35(37)  14(37)  0(2)  done
35(37)  15(37)  0(2)  done
35(37)  16(37)  0(2)  done
35(37)  17(37)  0(2)  done
35(37)  18(37)  0(2)  done
35(37)  19(37)  0(2)  done
35(37)  20(37)  0(2)  done
35(37)  21(37)  0(2)  done
35(37)  22(37)  0(2)  done
35(37)  23(37)  0(2)  done
35(37)  24(37)  0(2)  done
35(37)  25(37)  0(2)  done
35(37)  26(37)  0(2)  done
35(37)  27(37)  0(2)  done
35(37)  28(37)  0(2)  done
35(37)  29(37)  0(2)  done
35(37)  30(37)  0(2)  done
35(37)  31(37)  0(2)  done
35(37)  32(37)  0(2)  done
35(37)  33(37)  0(2)  done
35(37)  34(37)  0(2)  done
35(37)  35(37)  0(2)  done
35(37)  36(37)  0(2)  done
36(37)  0(37)  0(2)  done
36(37)  1(37)  0(2)  done
36(37)  2(37)  0(2)  done
36(37)  3(37)  0(2)  done
36(37)  4(37)  0(2)  done
36(37)  5(37)  0(2)  done
36(37)  6(37)  0(2)  done
36(37)  7(37)  0(2)  done
36(37)  8(37)  0(2)  done
36(37)  9(37)  0(2)  done
36(37)  10(37)  0(2)  done
36(37)  11(37)  0(2)  done
36(37)  12(37)  0(2)  done
36(37)  13(37)  0(2)  done
36(37)  14(37)  0(2)  done
36(37)  15(37)  0(2)  done
36(37)  16(37)  0(2)  done
36(37)  17(37)  0(2)  done
36(37)  18(37)  0(2)  done
36(37)  19(37)  0(2)  done
36(37)  20(37)  0(2)  done
36(37)  21(37)  0(2)  done
36(37)  22(37)  0(2)  done
36(37)  23(37)  0(2)  done
36(37)  24(37)  0(2)  done
36(37)  25(37)  0(2)  done
36(37)  26(37)  0(2)  done
36(37)  27(37)  0(2)  done
36(37)  28(37)  0(2)  done
36(37)  29(37)  0(2)  done
36(37)  30(37)  0(2)  done
36(37)  31(37)  0(2)  done
36(37)  32(37)  0(2)  done
36(37)  33(37)  0(2)  done
36(37)  34(37)  0(2)  done
36(37)  35(37)  0(2)  done
36(37)  36(37)  0(2)  done
0(37)  0(37)  1(2)  done
0(37)  1(37)  1(2)  done
0(37)  2(37)  1(2)  done
0(37)  3(37)  1(2)  done
0(37)  4(37)  1(2)  done
0(37)  5(37)  1(2)  done
0(37)  6(37)  1(2)  done
0(37)  7(37)  1(2)  done
0(37)  8(37)  1(2)  done
0(37)  9(37)  1(2)  done
0(37)  10(37)  1(2)  done
0(37)  11(37)  1(2)  done
0(37)  12(37)  1(2)  done
0(37)  13(37)  1(2)  done
0(37)  14(37)  1(2)  done
0(37)  15(37)  1(2)  done
0(37)  16(37)  1(2)  done
0(37)  17(37)  1(2)  done
0(37)  18(37)  1(2)  done
0(37)  19(37)  1(2)  done
0(37)  20(37)  1(2)  done
0(37)  21(37)  1(2)  done
0(37)  22(37)  1(2)  done
0(37)  23(37)  1(2)  done
0(37)  24(37)  1(2)  done
0(37)  25(37)  1(2)  done
0(37)  26(37)  1(2)  done
0(37)  27(37)  1(2)  done
0(37)  28(37)  1(2)  done
0(37)  29(37)  1(2)  done
0(37)  30(37)  1(2)  done
0(37)  31(37)  1(2)  done
0(37)  32(37)  1(2)  done
0(37)  33(37)  1(2)  done
0(37)  34(37)  1(2)  done
0(37)  35(37)  1(2)  done
0(37)  36(37)  1(2)  done
1(37)  0(37)  1(2)  done
1(37)  1(37)  1(2)  done
1(37)  2(37)  1(2)  done
1(37)  3(37)  1(2)  done
1(37)  4(37)  1(2)  done
1(37)  5(37)  1(2)  done
1(37)  6(37)  1(2)  done
1(37)  7(37)  1(2)  done
1(37)  8(37)  1(2)  done
1(37)  9(37)  1(2)  done
1(37)  10(37)  1(2)  done
1(37)  11(37)  1(2)  done
1(37)  12(37)  1(2)  done
1(37)  13(37)  1(2)  done
1(37)  14(37)  1(2)  done
1(37)  15(37)  1(2)  done
1(37)  16(37)  1(2)  done
1(37)  17(37)  1(2)  done
1(37)  18(37)  1(2)  done
1(37)  19(37)  1(2)  done
1(37)  20(37)  1(2)  done
1(37)  21(37)  1(2)  done
1(37)  22(37)  1(2)  done
1(37)  23(37)  1(2)  done
1(37)  24(37)  1(2)  done
1(37)  25(37)  1(2)  done
1(37)  26(37)  1(2)  done
1(37)  27(37)  1(2)  done
1(37)  28(37)  1(2)  done
1(37)  29(37)  1(2)  done
1(37)  30(37)  1(2)  done
1(37)  31(37)  1(2)  done
1(37)  32(37)  1(2)  done
1(37)  33(37)  1(2)  done
1(37)  34(37)  1(2)  done
1(37)  35(37)  1(2)  done
1(37)  36(37)  1(2)  done
2(37)  0(37)  1(2)  done
2(37)  1(37)  1(2)  done
2(37)  2(37)  1(2)  done
2(37)  3(37)  1(2)  done
2(37)  4(37)  1(2)  done
2(37)  5(37)  1(2)  done
2(37)  6(37)  1(2)  done
2(37)  7(37)  1(2)  done
2(37)  8(37)  1(2)  done
2(37)  9(37)  1(2)  done
2(37)  10(37)  1(2)  done
2(37)  11(37)  1(2)  done
2(37)  12(37)  1(2)  done
2(37)  13(37)  1(2)  done
2(37)  14(37)  1(2)  done
2(37)  15(37)  1(2)  done
2(37)  16(37)  1(2)  done
2(37)  17(37)  1(2)  done
2(37)  18(37)  1(2)  done
2(37)  19(37)  1(2)  done
2(37)  20(37)  1(2)  done
2(37)  21(37)  1(2)  done
2(37)  22(37)  1(2)  done
2(37)  23(37)  1(2)  done
2(37)  24(37)  1(2)  done
2(37)  25(37)  1(2)  done
2(37)  26(37)  1(2)  done
2(37)  27(37)  1(2)  done
2(37)  28(37)  1(2)  done
2(37)  29(37)  1(2)  done
2(37)  30(37)  1(2)  done
2(37)  31(37)  1(2)  done
2(37)  32(37)  1(2)  done
2(37)  33(37)  1(2)  done
2(37)  34(37)  1(2)  done
2(37)  35(37)  1(2)  done
2(37)  36(37)  1(2)  done
3(37)  0(37)  1(2)  done
3(37)  1(37)  1(2)  done
3(37)  2(37)  1(2)  done
3(37)  3(37)  1(2)  done
3(37)  4(37)  1(2)  done
3(37)  5(37)  1(2)  done
3(37)  6(37)  1(2)  done
3(37)  7(37)  1(2)  done
3(37)  8(37)  1(2)  done
3(37)  9(37)  1(2)  done
3(37)  10(37)  1(2)  done
3(37)  11(37)  1(2)  done
3(37)  12(37)  1(2)  done
3(37)  13(37)  1(2)  done
3(37)  14(37)  1(2)  done
3(37)  15(37)  1(2)  done
3(37)  16(37)  1(2)  done
3(37)  17(37)  1(2)  done
3(37)  18(37)  1(2)  done
3(37)  19(37)  1(2)  done
3(37)  20(37)  1(2)  done
3(37)  21(37)  1(2)  done
3(37)  22(37)  1(2)  done
3(37)  23(37)  1(2)  done
3(37)  24(37)  1(2)  done
3(37)  25(37)  1(2)  done
3(37)  26(37)  1(2)  done
3(37)  27(37)  1(2)  done
3(37)  28(37)  1(2)  done
3(37)  29(37)  1(2)  done
3(37)  30(37)  1(2)  done
3(37)  31(37)  1(2)  done
3(37)  32(37)  1(2)  done
3(37)  33(37)  1(2)  done
3(37)  34(37)  1(2)  done
3(37)  35(37)  1(2)  done
3(37)  36(37)  1(2)  done
4(37)  0(37)  1(2)  done
4(37)  1(37)  1(2)  done
4(37)  2(37)  1(2)  done
4(37)  3(37)  1(2)  done
4(37)  4(37)  1(2)  done
4(37)  5(37)  1(2)  done
4(37)  6(37)  1(2)  done
4(37)  7(37)  1(2)  done
4(37)  8(37)  1(2)  done
4(37)  9(37)  1(2)  done
4(37)  10(37)  1(2)  done
4(37)  11(37)  1(2)  done
4(37)  12(37)  1(2)  done
4(37)  13(37)  1(2)  done
4(37)  14(37)  1(2)  done
4(37)  15(37)  1(2)  done
4(37)  16(37)  1(2)  done
4(37)  17(37)  1(2)  done
4(37)  18(37)  1(2)  done
4(37)  19(37)  1(2)  done
4(37)  20(37)  1(2)  done
4(37)  21(37)  1(2)  done
4(37)  22(37)  1(2)  done
4(37)  23(37)  1(2)  done
4(37)  24(37)  1(2)  done
4(37)  25(37)  1(2)  done
4(37)  26(37)  1(2)  done
4(37)  27(37)  1(2)  done
4(37)  28(37)  1(2)  done
4(37)  29(37)  1(2)  done
4(37)  30(37)  1(2)  done
4(37)  31(37)  1(2)  done
4(37)  32(37)  1(2)  done
4(37)  33(37)  1(2)  done
4(37)  34(37)  1(2)  done
4(37)  35(37)  1(2)  done
4(37)  36(37)  1(2)  done
5(37)  0(37)  1(2)  done
5(37)  1(37)  1(2)  done
5(37)  2(37)  1(2)  done
5(37)  3(37)  1(2)  done
5(37)  4(37)  1(2)  done
5(37)  5(37)  1(2)  done
5(37)  6(37)  1(2)  done
5(37)  7(37)  1(2)  done
5(37)  8(37)  1(2)  done
5(37)  9(37)  1(2)  done
5(37)  10(37)  1(2)  done
5(37)  11(37)  1(2)  done
5(37)  12(37)  1(2)  done
5(37)  13(37)  1(2)  done
5(37)  14(37)  1(2)  done
5(37)  15(37)  1(2)  done
5(37)  16(37)  1(2)  done
5(37)  17(37)  1(2)  done
5(37)  18(37)  1(2)  done
5(37)  19(37)  1(2)  done
5(37)  20(37)  1(2)  done
5(37)  21(37)  1(2)  done
5(37)  22(37)  1(2)  done
5(37)  23(37)  1(2)  done
5(37)  24(37)  1(2)  done
5(37)  25(37)  1(2)  done
5(37)  26(37)  1(2)  done
5(37)  27(37)  1(2)  done
5(37)  28(37)  1(2)  done
5(37)  29(37)  1(2)  done
5(37)  30(37)  1(2)  done
5(37)  31(37)  1(2)  done
5(37)  32(37)  1(2)  done
5(37)  33(37)  1(2)  done
5(37)  34(37)  1(2)  done
5(37)  35(37)  1(2)  done
5(37)  36(37)  1(2)  done
6(37)  0(37)  1(2)  done
6(37)  1(37)  1(2)  done
6(37)  2(37)  1(2)  done
6(37)  3(37)  1(2)  done
6(37)  4(37)  1(2)  done
6(37)  5(37)  1(2)  done
6(37)  6(37)  1(2)  done
6(37)  7(37)  1(2)  done
6(37)  8(37)  1(2)  done
6(37)  9(37)  1(2)  done
6(37)  10(37)  1(2)  done
6(37)  11(37)  1(2)  done
6(37)  12(37)  1(2)  done
6(37)  13(37)  1(2)  done
6(37)  14(37)  1(2)  done
6(37)  15(37)  1(2)  done
6(37)  16(37)  1(2)  done
6(37)  17(37)  1(2)  done
6(37)  18(37)  1(2)  done
6(37)  19(37)  1(2)  done
6(37)  20(37)  1(2)  done
6(37)  21(37)  1(2)  done
6(37)  22(37)  1(2)  done
6(37)  23(37)  1(2)  done
6(37)  24(37)  1(2)  done
6(37)  25(37)  1(2)  done
6(37)  26(37)  1(2)  done
6(37)  27(37)  1(2)  done
6(37)  28(37)  1(2)  done
6(37)  29(37)  1(2)  done
6(37)  30(37)  1(2)  done
6(37)  31(37)  1(2)  done
6(37)  32(37)  1(2)  done
6(37)  33(37)  1(2)  done
6(37)  34(37)  1(2)  done
6(37)  35(37)  1(2)  done
6(37)  36(37)  1(2)  done
7(37)  0(37)  1(2)  done
7(37)  1(37)  1(2)  done
7(37)  2(37)  1(2)  done
7(37)  3(37)  1(2)  done
7(37)  4(37)  1(2)  done
7(37)  5(37)  1(2)  done
7(37)  6(37)  1(2)  done
7(37)  7(37)  1(2)  done
7(37)  8(37)  1(2)  done
7(37)  9(37)  1(2)  done
7(37)  10(37)  1(2)  done
7(37)  11(37)  1(2)  done
7(37)  12(37)  1(2)  done
7(37)  13(37)  1(2)  done
7(37)  14(37)  1(2)  done
7(37)  15(37)  1(2)  done
7(37)  16(37)  1(2)  done
7(37)  17(37)  1(2)  done
7(37)  18(37)  1(2)  done
7(37)  19(37)  1(2)  done
7(37)  20(37)  1(2)  done
7(37)  21(37)  1(2)  done
7(37)  22(37)  1(2)  done
7(37)  23(37)  1(2)  done
7(37)  24(37)  1(2)  done
7(37)  25(37)  1(2)  done
7(37)  26(37)  1(2)  done
7(37)  27(37)  1(2)  done
7(37)  28(37)  1(2)  done
7(37)  29(37)  1(2)  done
7(37)  30(37)  1(2)  done
7(37)  31(37)  1(2)  done
7(37)  32(37)  1(2)  done
7(37)  33(37)  1(2)  done
7(37)  34(37)  1(2)  done
7(37)  35(37)  1(2)  done
7(37)  36(37)  1(2)  done
8(37)  0(37)  1(2)  done
8(37)  1(37)  1(2)  done
8(37)  2(37)  1(2)  done
8(37)  3(37)  1(2)  done
8(37)  4(37)  1(2)  done
8(37)  5(37)  1(2)  done
8(37)  6(37)  1(2)  done
8(37)  7(37)  1(2)  done
8(37)  8(37)  1(2)  done
8(37)  9(37)  1(2)  done
8(37)  10(37)  1(2)  done
8(37)  11(37)  1(2)  done
8(37)  12(37)  1(2)  done
8(37)  13(37)  1(2)  done
8(37)  14(37)  1(2)  done
8(37)  15(37)  1(2)  done
8(37)  16(37)  1(2)  done
8(37)  17(37)  1(2)  done
8(37)  18(37)  1(2)  done
8(37)  19(37)  1(2)  done
8(37)  20(37)  1(2)  done
8(37)  21(37)  1(2)  done
8(37)  22(37)  1(2)  done
8(37)  23(37)  1(2)  done
8(37)  24(37)  1(2)  done
8(37)  25(37)  1(2)  done
8(37)  26(37)  1(2)  done
8(37)  27(37)  1(2)  done
8(37)  28(37)  1(2)  done
8(37)  29(37)  1(2)  done
8(37)  30(37)  1(2)  done
8(37)  31(37)  1(2)  done
8(37)  32(37)  1(2)  done
8(37)  33(37)  1(2)  done
8(37)  34(37)  1(2)  done
8(37)  35(37)  1(2)  done
8(37)  36(37)  1(2)  done
9(37)  0(37)  1(2)  done
9(37)  1(37)  1(2)  done
9(37)  2(37)  1(2)  done
9(37)  3(37)  1(2)  done
9(37)  4(37)  1(2)  done
9(37)  5(37)  1(2)  done
9(37)  6(37)  1(2)  done
9(37)  7(37)  1(2)  done
9(37)  8(37)  1(2)  done
9(37)  9(37)  1(2)  done
9(37)  10(37)  1(2)  done
9(37)  11(37)  1(2)  done
9(37)  12(37)  1(2)  done
9(37)  13(37)  1(2)  done
9(37)  14(37)  1(2)  done
9(37)  15(37)  1(2)  done
9(37)  16(37)  1(2)  done
9(37)  17(37)  1(2)  done
9(37)  18(37)  1(2)  done
9(37)  19(37)  1(2)  done
9(37)  20(37)  1(2)  done
9(37)  21(37)  1(2)  done
9(37)  22(37)  1(2)  done
9(37)  23(37)  1(2)  done
9(37)  24(37)  1(2)  done
9(37)  25(37)  1(2)  done
9(37)  26(37)  1(2)  done
9(37)  27(37)  1(2)  done
9(37)  28(37)  1(2)  done
9(37)  29(37)  1(2)  done
9(37)  30(37)  1(2)  done
9(37)  31(37)  1(2)  done
9(37)  32(37)  1(2)  done
9(37)  33(37)  1(2)  done
9(37)  34(37)  1(2)  done
9(37)  35(37)  1(2)  done
9(37)  36(37)  1(2)  done
10(37)  0(37)  1(2)  done
10(37)  1(37)  1(2)  done
10(37)  2(37)  1(2)  done
10(37)  3(37)  1(2)  done
10(37)  4(37)  1(2)  done
10(37)  5(37)  1(2)  done
10(37)  6(37)  1(2)  done
10(37)  7(37)  1(2)  done
10(37)  8(37)  1(2)  done
10(37)  9(37)  1(2)  done
10(37)  10(37)  1(2)  done
10(37)  11(37)  1(2)  done
10(37)  12(37)  1(2)  done
10(37)  13(37)  1(2)  done
10(37)  14(37)  1(2)  done
10(37)  15(37)  1(2)  done
10(37)  16(37)  1(2)  done
10(37)  17(37)  1(2)  done
10(37)  18(37)  1(2)  done
10(37)  19(37)  1(2)  done
10(37)  20(37)  1(2)  done
10(37)  21(37)  1(2)  done
10(37)  22(37)  1(2)  done
10(37)  23(37)  1(2)  done
10(37)  24(37)  1(2)  done
10(37)  25(37)  1(2)  done
10(37)  26(37)  1(2)  done
10(37)  27(37)  1(2)  done
10(37)  28(37)  1(2)  done
10(37)  29(37)  1(2)  done
10(37)  30(37)  1(2)  done
10(37)  31(37)  1(2)  done
10(37)  32(37)  1(2)  done
10(37)  33(37)  1(2)  done
10(37)  34(37)  1(2)  done
10(37)  35(37)  1(2)  done
10(37)  36(37)  1(2)  done
11(37)  0(37)  1(2)  done
11(37)  1(37)  1(2)  done
11(37)  2(37)  1(2)  done
11(37)  3(37)  1(2)  done
11(37)  4(37)  1(2)  done
11(37)  5(37)  1(2)  done
11(37)  6(37)  1(2)  done
11(37)  7(37)  1(2)  done
11(37)  8(37)  1(2)  done
11(37)  9(37)  1(2)  done
11(37)  10(37)  1(2)  done
11(37)  11(37)  1(2)  done
11(37)  12(37)  1(2)  done
11(37)  13(37)  1(2)  done
11(37)  14(37)  1(2)  done
11(37)  15(37)  1(2)  done
11(37)  16(37)  1(2)  done
11(37)  17(37)  1(2)  done
11(37)  18(37)  1(2)  done
11(37)  19(37)  1(2)  done
11(37)  20(37)  1(2)  done
11(37)  21(37)  1(2)  done
11(37)  22(37)  1(2)  done
11(37)  23(37)  1(2)  done
11(37)  24(37)  1(2)  done
11(37)  25(37)  1(2)  done
11(37)  26(37)  1(2)  done
11(37)  27(37)  1(2)  done
11(37)  28(37)  1(2)  done
11(37)  29(37)  1(2)  done
11(37)  30(37)  1(2)  done
11(37)  31(37)  1(2)  done
11(37)  32(37)  1(2)  done
11(37)  33(37)  1(2)  done
11(37)  34(37)  1(2)  done
11(37)  35(37)  1(2)  done
11(37)  36(37)  1(2)  done
12(37)  0(37)  1(2)  done
12(37)  1(37)  1(2)  done
12(37)  2(37)  1(2)  done
12(37)  3(37)  1(2)  done
12(37)  4(37)  1(2)  done
12(37)  5(37)  1(2)  done
12(37)  6(37)  1(2)  done
12(37)  7(37)  1(2)  done
12(37)  8(37)  1(2)  done
12(37)  9(37)  1(2)  done
12(37)  10(37)  1(2)  done
12(37)  11(37)  1(2)  done
12(37)  12(37)  1(2)  done
12(37)  13(37)  1(2)  done
12(37)  14(37)  1(2)  done
12(37)  15(37)  1(2)  done
12(37)  16(37)  1(2)  done
12(37)  17(37)  1(2)  done
12(37)  18(37)  1(2)  done
12(37)  19(37)  1(2)  done
12(37)  20(37)  1(2)  done
12(37)  21(37)  1(2)  done
12(37)  22(37)  1(2)  done
12(37)  23(37)  1(2)  done
12(37)  24(37)  1(2)  done
12(37)  25(37)  1(2)  done
12(37)  26(37)  1(2)  done
12(37)  27(37)  1(2)  done
12(37)  28(37)  1(2)  done
12(37)  29(37)  1(2)  done
12(37)  30(37)  1(2)  done
12(37)  31(37)  1(2)  done
12(37)  32(37)  1(2)  done
12(37)  33(37)  1(2)  done
12(37)  34(37)  1(2)  done
12(37)  35(37)  1(2)  done
12(37)  36(37)  1(2)  done
13(37)  0(37)  1(2)  done
13(37)  1(37)  1(2)  done
13(37)  2(37)  1(2)  done
13(37)  3(37)  1(2)  done
13(37)  4(37)  1(2)  done
13(37)  5(37)  1(2)  done
13(37)  6(37)  1(2)  done
13(37)  7(37)  1(2)  done
13(37)  8(37)  1(2)  done
13(37)  9(37)  1(2)  done
13(37)  10(37)  1(2)  done
13(37)  11(37)  1(2)  done
13(37)  12(37)  1(2)  done
13(37)  13(37)  1(2)  done
13(37)  14(37)  1(2)  done
13(37)  15(37)  1(2)  done
13(37)  16(37)  1(2)  done
13(37)  17(37)  1(2)  done
13(37)  18(37)  1(2)  done
13(37)  19(37)  1(2)  done
13(37)  20(37)  1(2)  done
13(37)  21(37)  1(2)  done
13(37)  22(37)  1(2)  done
13(37)  23(37)  1(2)  done
13(37)  24(37)  1(2)  done
13(37)  25(37)  1(2)  done
13(37)  26(37)  1(2)  done
13(37)  27(37)  1(2)  done
13(37)  28(37)  1(2)  done
13(37)  29(37)  1(2)  done
13(37)  30(37)  1(2)  done
13(37)  31(37)  1(2)  done
13(37)  32(37)  1(2)  done
13(37)  33(37)  1(2)  done
13(37)  34(37)  1(2)  done
13(37)  35(37)  1(2)  done
13(37)  36(37)  1(2)  done
14(37)  0(37)  1(2)  done
14(37)  1(37)  1(2)  done
14(37)  2(37)  1(2)  done
14(37)  3(37)  1(2)  done
14(37)  4(37)  1(2)  done
14(37)  5(37)  1(2)  done
14(37)  6(37)  1(2)  done
14(37)  7(37)  1(2)  done
14(37)  8(37)  1(2)  done
14(37)  9(37)  1(2)  done
14(37)  10(37)  1(2)  done
14(37)  11(37)  1(2)  done
14(37)  12(37)  1(2)  done
14(37)  13(37)  1(2)  done
14(37)  14(37)  1(2)  done
14(37)  15(37)  1(2)  done
14(37)  16(37)  1(2)  done
14(37)  17(37)  1(2)  done
14(37)  18(37)  1(2)  done
14(37)  19(37)  1(2)  done
14(37)  20(37)  1(2)  done
14(37)  21(37)  1(2)  done
14(37)  22(37)  1(2)  done
14(37)  23(37)  1(2)  done
14(37)  24(37)  1(2)  done
14(37)  25(37)  1(2)  done
14(37)  26(37)  1(2)  done
14(37)  27(37)  1(2)  done
14(37)  28(37)  1(2)  done
14(37)  29(37)  1(2)  done
14(37)  30(37)  1(2)  done
14(37)  31(37)  1(2)  done
14(37)  32(37)  1(2)  done
14(37)  33(37)  1(2)  done
14(37)  34(37)  1(2)  done
14(37)  35(37)  1(2)  done
14(37)  36(37)  1(2)  done
15(37)  0(37)  1(2)  done
15(37)  1(37)  1(2)  done
15(37)  2(37)  1(2)  done
15(37)  3(37)  1(2)  done
15(37)  4(37)  1(2)  done
15(37)  5(37)  1(2)  done
15(37)  6(37)  1(2)  done
15(37)  7(37)  1(2)  done
15(37)  8(37)  1(2)  done
15(37)  9(37)  1(2)  done
15(37)  10(37)  1(2)  done
15(37)  11(37)  1(2)  done
15(37)  12(37)  1(2)  done
15(37)  13(37)  1(2)  done
15(37)  14(37)  1(2)  done
15(37)  15(37)  1(2)  done
15(37)  16(37)  1(2)  done
15(37)  17(37)  1(2)  done
15(37)  18(37)  1(2)  done
15(37)  19(37)  1(2)  done
15(37)  20(37)  1(2)  done
15(37)  21(37)  1(2)  done
15(37)  22(37)  1(2)  done
15(37)  23(37)  1(2)  done
15(37)  24(37)  1(2)  done
15(37)  25(37)  1(2)  done
15(37)  26(37)  1(2)  done
15(37)  27(37)  1(2)  done
15(37)  28(37)  1(2)  done
15(37)  29(37)  1(2)  done
15(37)  30(37)  1(2)  done
15(37)  31(37)  1(2)  done
15(37)  32(37)  1(2)  done
15(37)  33(37)  1(2)  done
15(37)  34(37)  1(2)  done
15(37)  35(37)  1(2)  done
15(37)  36(37)  1(2)  done
16(37)  0(37)  1(2)  done
16(37)  1(37)  1(2)  done
16(37)  2(37)  1(2)  done
16(37)  3(37)  1(2)  done
16(37)  4(37)  1(2)  done
16(37)  5(37)  1(2)  done
16(37)  6(37)  1(2)  done
16(37)  7(37)  1(2)  done
16(37)  8(37)  1(2)  done
16(37)  9(37)  1(2)  done
16(37)  10(37)  1(2)  done
16(37)  11(37)  1(2)  done
16(37)  12(37)  1(2)  done
16(37)  13(37)  1(2)  done
16(37)  14(37)  1(2)  done
16(37)  15(37)  1(2)  done
16(37)  16(37)  1(2)  done
16(37)  17(37)  1(2)  done
16(37)  18(37)  1(2)  done
16(37)  19(37)  1(2)  done
16(37)  20(37)  1(2)  done
16(37)  21(37)  1(2)  done
16(37)  22(37)  1(2)  done
16(37)  23(37)  1(2)  done
16(37)  24(37)  1(2)  done
16(37)  25(37)  1(2)  done
16(37)  26(37)  1(2)  done
16(37)  27(37)  1(2)  done
16(37)  28(37)  1(2)  done
16(37)  29(37)  1(2)  done
16(37)  30(37)  1(2)  done
16(37)  31(37)  1(2)  done
16(37)  32(37)  1(2)  done
16(37)  33(37)  1(2)  done
16(37)  34(37)  1(2)  done
16(37)  35(37)  1(2)  done
16(37)  36(37)  1(2)  done
17(37)  0(37)  1(2)  done
17(37)  1(37)  1(2)  done
17(37)  2(37)  1(2)  done
17(37)  3(37)  1(2)  done
17(37)  4(37)  1(2)  done
17(37)  5(37)  1(2)  done
17(37)  6(37)  1(2)  done
17(37)  7(37)  1(2)  done
17(37)  8(37)  1(2)  done
17(37)  9(37)  1(2)  done
17(37)  10(37)  1(2)  done
17(37)  11(37)  1(2)  done
17(37)  12(37)  1(2)  done
17(37)  13(37)  1(2)  done
17(37)  14(37)  1(2)  done
17(37)  15(37)  1(2)  done
17(37)  16(37)  1(2)  done
17(37)  17(37)  1(2)  done
17(37)  18(37)  1(2)  done
17(37)  19(37)  1(2)  done
17(37)  20(37)  1(2)  done
17(37)  21(37)  1(2)  done
17(37)  22(37)  1(2)  done
17(37)  23(37)  1(2)  done
17(37)  24(37)  1(2)  done
17(37)  25(37)  1(2)  done
17(37)  26(37)  1(2)  done
17(37)  27(37)  1(2)  done
17(37)  28(37)  1(2)  done
17(37)  29(37)  1(2)  done
17(37)  30(37)  1(2)  done
17(37)  31(37)  1(2)  done
17(37)  32(37)  1(2)  done
17(37)  33(37)  1(2)  done
17(37)  34(37)  1(2)  done
17(37)  35(37)  1(2)  done
17(37)  36(37)  1(2)  done
18(37)  0(37)  1(2)  done
18(37)  1(37)  1(2)  done
18(37)  2(37)  1(2)  done
18(37)  3(37)  1(2)  done
18(37)  4(37)  1(2)  done
18(37)  5(37)  1(2)  done
18(37)  6(37)  1(2)  done
18(37)  7(37)  1(2)  done
18(37)  8(37)  1(2)  done
18(37)  9(37)  1(2)  done
18(37)  10(37)  1(2)  done
18(37)  11(37)  1(2)  done
18(37)  12(37)  1(2)  done
18(37)  13(37)  1(2)  done
18(37)  14(37)  1(2)  done
18(37)  15(37)  1(2)  done
18(37)  16(37)  1(2)  done
18(37)  17(37)  1(2)  done
18(37)  18(37)  1(2)  done
18(37)  19(37)  1(2)  done
18(37)  20(37)  1(2)  done
18(37)  21(37)  1(2)  done
18(37)  22(37)  1(2)  done
18(37)  23(37)  1(2)  done
18(37)  24(37)  1(2)  done
18(37)  25(37)  1(2)  done
18(37)  26(37)  1(2)  done
18(37)  27(37)  1(2)  done
18(37)  28(37)  1(2)  done
18(37)  29(37)  1(2)  done
18(37)  30(37)  1(2)  done
18(37)  31(37)  1(2)  done
18(37)  32(37)  1(2)  done
18(37)  33(37)  1(2)  done
18(37)  34(37)  1(2)  done
18(37)  35(37)  1(2)  done
18(37)  36(37)  1(2)  done
19(37)  0(37)  1(2)  done
19(37)  1(37)  1(2)  done
19(37)  2(37)  1(2)  done
19(37)  3(37)  1(2)  done
19(37)  4(37)  1(2)  done
19(37)  5(37)  1(2)  done
19(37)  6(37)  1(2)  done
19(37)  7(37)  1(2)  done
19(37)  8(37)  1(2)  done
19(37)  9(37)  1(2)  done
19(37)  10(37)  1(2)  done
19(37)  11(37)  1(2)  done
19(37)  12(37)  1(2)  done
19(37)  13(37)  1(2)  done
19(37)  14(37)  1(2)  done
19(37)  15(37)  1(2)  done
19(37)  16(37)  1(2)  done
19(37)  17(37)  1(2)  done
19(37)  18(37)  1(2)  done
19(37)  19(37)  1(2)  done
19(37)  20(37)  1(2)  done
19(37)  21(37)  1(2)  done
19(37)  22(37)  1(2)  done
19(37)  23(37)  1(2)  done
19(37)  24(37)  1(2)  done
19(37)  25(37)  1(2)  done
19(37)  26(37)  1(2)  done
19(37)  27(37)  1(2)  done
19(37)  28(37)  1(2)  done
19(37)  29(37)  1(2)  done
19(37)  30(37)  1(2)  done
19(37)  31(37)  1(2)  done
19(37)  32(37)  1(2)  done
19(37)  33(37)  1(2)  done
19(37)  34(37)  1(2)  done
19(37)  35(37)  1(2)  done
19(37)  36(37)  1(2)  done
20(37)  0(37)  1(2)  done
20(37)  1(37)  1(2)  done
20(37)  2(37)  1(2)  done
20(37)  3(37)  1(2)  done
20(37)  4(37)  1(2)  done
20(37)  5(37)  1(2)  done
20(37)  6(37)  1(2)  done
20(37)  7(37)  1(2)  done
20(37)  8(37)  1(2)  done
20(37)  9(37)  1(2)  done
20(37)  10(37)  1(2)  done
20(37)  11(37)  1(2)  done
20(37)  12(37)  1(2)  done
20(37)  13(37)  1(2)  done
20(37)  14(37)  1(2)  done
20(37)  15(37)  1(2)  done
20(37)  16(37)  1(2)  done
20(37)  17(37)  1(2)  done
20(37)  18(37)  1(2)  done
20(37)  19(37)  1(2)  done
20(37)  20(37)  1(2)  done
20(37)  21(37)  1(2)  done
20(37)  22(37)  1(2)  done
20(37)  23(37)  1(2)  done
20(37)  24(37)  1(2)  done
20(37)  25(37)  1(2)  done
20(37)  26(37)  1(2)  done
20(37)  27(37)  1(2)  done
20(37)  28(37)  1(2)  done
20(37)  29(37)  1(2)  done
20(37)  30(37)  1(2)  done
20(37)  31(37)  1(2)  done
20(37)  32(37)  1(2)  done
20(37)  33(37)  1(2)  done
20(37)  34(37)  1(2)  done
20(37)  35(37)  1(2)  done
20(37)  36(37)  1(2)  done
21(37)  0(37)  1(2)  done
21(37)  1(37)  1(2)  done
21(37)  2(37)  1(2)  done
21(37)  3(37)  1(2)  done
21(37)  4(37)  1(2)  done
21(37)  5(37)  1(2)  done
21(37)  6(37)  1(2)  done
21(37)  7(37)  1(2)  done
21(37)  8(37)  1(2)  done
21(37)  9(37)  1(2)  done
21(37)  10(37)  1(2)  done
21(37)  11(37)  1(2)  done
21(37)  12(37)  1(2)  done
21(37)  13(37)  1(2)  done
21(37)  14(37)  1(2)  done
21(37)  15(37)  1(2)  done
21(37)  16(37)  1(2)  done
21(37)  17(37)  1(2)  done
21(37)  18(37)  1(2)  done
21(37)  19(37)  1(2)  done
21(37)  20(37)  1(2)  done
21(37)  21(37)  1(2)  done
21(37)  22(37)  1(2)  done
21(37)  23(37)  1(2)  done
21(37)  24(37)  1(2)  done
21(37)  25(37)  1(2)  done
21(37)  26(37)  1(2)  done
21(37)  27(37)  1(2)  done
21(37)  28(37)  1(2)  done
21(37)  29(37)  1(2)  done
21(37)  30(37)  1(2)  done
21(37)  31(37)  1(2)  done
21(37)  32(37)  1(2)  done
21(37)  33(37)  1(2)  done
21(37)  34(37)  1(2)  done
21(37)  35(37)  1(2)  done
21(37)  36(37)  1(2)  done
22(37)  0(37)  1(2)  done
22(37)  1(37)  1(2)  done
22(37)  2(37)  1(2)  done
22(37)  3(37)  1(2)  done
22(37)  4(37)  1(2)  done
22(37)  5(37)  1(2)  done
22(37)  6(37)  1(2)  done
22(37)  7(37)  1(2)  done
22(37)  8(37)  1(2)  done
22(37)  9(37)  1(2)  done
22(37)  10(37)  1(2)  done
22(37)  11(37)  1(2)  done
22(37)  12(37)  1(2)  done
22(37)  13(37)  1(2)  done
22(37)  14(37)  1(2)  done
22(37)  15(37)  1(2)  done
22(37)  16(37)  1(2)  done
22(37)  17(37)  1(2)  done
22(37)  18(37)  1(2)  done
22(37)  19(37)  1(2)  done
22(37)  20(37)  1(2)  done
22(37)  21(37)  1(2)  done
22(37)  22(37)  1(2)  done
22(37)  23(37)  1(2)  done
22(37)  24(37)  1(2)  done
22(37)  25(37)  1(2)  done
22(37)  26(37)  1(2)  done
22(37)  27(37)  1(2)  done
22(37)  28(37)  1(2)  done
22(37)  29(37)  1(2)  done
22(37)  30(37)  1(2)  done
22(37)  31(37)  1(2)  done
22(37)  32(37)  1(2)  done
22(37)  33(37)  1(2)  done
22(37)  34(37)  1(2)  done
22(37)  35(37)  1(2)  done
22(37)  36(37)  1(2)  done
23(37)  0(37)  1(2)  done
23(37)  1(37)  1(2)  done
23(37)  2(37)  1(2)  done
23(37)  3(37)  1(2)  done
23(37)  4(37)  1(2)  done
23(37)  5(37)  1(2)  done
23(37)  6(37)  1(2)  done
23(37)  7(37)  1(2)  done
23(37)  8(37)  1(2)  done
23(37)  9(37)  1(2)  done
23(37)  10(37)  1(2)  done
23(37)  11(37)  1(2)  done
23(37)  12(37)  1(2)  done
23(37)  13(37)  1(2)  done
23(37)  14(37)  1(2)  done
23(37)  15(37)  1(2)  done
23(37)  16(37)  1(2)  done
23(37)  17(37)  1(2)  done
23(37)  18(37)  1(2)  done
23(37)  19(37)  1(2)  done
23(37)  20(37)  1(2)  done
23(37)  21(37)  1(2)  done
23(37)  22(37)  1(2)  done
23(37)  23(37)  1(2)  done
23(37)  24(37)  1(2)  done
23(37)  25(37)  1(2)  done
23(37)  26(37)  1(2)  done
23(37)  27(37)  1(2)  done
23(37)  28(37)  1(2)  done
23(37)  29(37)  1(2)  done
23(37)  30(37)  1(2)  done
23(37)  31(37)  1(2)  done
23(37)  32(37)  1(2)  done
23(37)  33(37)  1(2)  done
23(37)  34(37)  1(2)  done
23(37)  35(37)  1(2)  done
23(37)  36(37)  1(2)  done
24(37)  0(37)  1(2)  done
24(37)  1(37)  1(2)  done
24(37)  2(37)  1(2)  done
24(37)  3(37)  1(2)  done
24(37)  4(37)  1(2)  done
24(37)  5(37)  1(2)  done
24(37)  6(37)  1(2)  done
24(37)  7(37)  1(2)  done
24(37)  8(37)  1(2)  done
24(37)  9(37)  1(2)  done
24(37)  10(37)  1(2)  done
24(37)  11(37)  1(2)  done
24(37)  12(37)  1(2)  done
24(37)  13(37)  1(2)  done
24(37)  14(37)  1(2)  done
24(37)  15(37)  1(2)  done
24(37)  16(37)  1(2)  done
24(37)  17(37)  1(2)  done
24(37)  18(37)  1(2)  done
24(37)  19(37)  1(2)  done
24(37)  20(37)  1(2)  done
24(37)  21(37)  1(2)  done
24(37)  22(37)  1(2)  done
24(37)  23(37)  1(2)  done
24(37)  24(37)  1(2)  done
24(37)  25(37)  1(2)  done
24(37)  26(37)  1(2)  done
24(37)  27(37)  1(2)  done
24(37)  28(37)  1(2)  done
24(37)  29(37)  1(2)  done
24(37)  30(37)  1(2)  done
24(37)  31(37)  1(2)  done
24(37)  32(37)  1(2)  done
24(37)  33(37)  1(2)  done
24(37)  34(37)  1(2)  done
24(37)  35(37)  1(2)  done
24(37)  36(37)  1(2)  done
25(37)  0(37)  1(2)  done
25(37)  1(37)  1(2)  done
25(37)  2(37)  1(2)  done
25(37)  3(37)  1(2)  done
25(37)  4(37)  1(2)  done
25(37)  5(37)  1(2)  done
25(37)  6(37)  1(2)  done
25(37)  7(37)  1(2)  done
25(37)  8(37)  1(2)  done
25(37)  9(37)  1(2)  done
25(37)  10(37)  1(2)  done
25(37)  11(37)  1(2)  done
25(37)  12(37)  1(2)  done
25(37)  13(37)  1(2)  done
25(37)  14(37)  1(2)  done
25(37)  15(37)  1(2)  done
25(37)  16(37)  1(2)  done
25(37)  17(37)  1(2)  done
25(37)  18(37)  1(2)  done
25(37)  19(37)  1(2)  done
25(37)  20(37)  1(2)  done
25(37)  21(37)  1(2)  done
25(37)  22(37)  1(2)  done
25(37)  23(37)  1(2)  done
25(37)  24(37)  1(2)  done
25(37)  25(37)  1(2)  done
25(37)  26(37)  1(2)  done
25(37)  27(37)  1(2)  done
25(37)  28(37)  1(2)  done
25(37)  29(37)  1(2)  done
25(37)  30(37)  1(2)  done
25(37)  31(37)  1(2)  done
25(37)  32(37)  1(2)  done
25(37)  33(37)  1(2)  done
25(37)  34(37)  1(2)  done
25(37)  35(37)  1(2)  done
25(37)  36(37)  1(2)  done
26(37)  0(37)  1(2)  done
26(37)  1(37)  1(2)  done
26(37)  2(37)  1(2)  done
26(37)  3(37)  1(2)  done
26(37)  4(37)  1(2)  done
26(37)  5(37)  1(2)  done
26(37)  6(37)  1(2)  done
26(37)  7(37)  1(2)  done
26(37)  8(37)  1(2)  done
26(37)  9(37)  1(2)  done
26(37)  10(37)  1(2)  done
26(37)  11(37)  1(2)  done
26(37)  12(37)  1(2)  done
26(37)  13(37)  1(2)  done
26(37)  14(37)  1(2)  done
26(37)  15(37)  1(2)  done
26(37)  16(37)  1(2)  done
26(37)  17(37)  1(2)  done
26(37)  18(37)  1(2)  done
26(37)  19(37)  1(2)  done
26(37)  20(37)  1(2)  done
26(37)  21(37)  1(2)  done
26(37)  22(37)  1(2)  done
26(37)  23(37)  1(2)  done
26(37)  24(37)  1(2)  done
26(37)  25(37)  1(2)  done
26(37)  26(37)  1(2)  done
26(37)  27(37)  1(2)  done
26(37)  28(37)  1(2)  done
26(37)  29(37)  1(2)  done
26(37)  30(37)  1(2)  done
26(37)  31(37)  1(2)  done
26(37)  32(37)  1(2)  done
26(37)  33(37)  1(2)  done
26(37)  34(37)  1(2)  done
26(37)  35(37)  1(2)  done
26(37)  36(37)  1(2)  done
27(37)  0(37)  1(2)  done
27(37)  1(37)  1(2)  done
27(37)  2(37)  1(2)  done
27(37)  3(37)  1(2)  done
27(37)  4(37)  1(2)  done
27(37)  5(37)  1(2)  done
27(37)  6(37)  1(2)  done
27(37)  7(37)  1(2)  done
27(37)  8(37)  1(2)  done
27(37)  9(37)  1(2)  done
27(37)  10(37)  1(2)  done
27(37)  11(37)  1(2)  done
27(37)  12(37)  1(2)  done
27(37)  13(37)  1(2)  done
27(37)  14(37)  1(2)  done
27(37)  15(37)  1(2)  done
27(37)  16(37)  1(2)  done
27(37)  17(37)  1(2)  done
27(37)  18(37)  1(2)  done
27(37)  19(37)  1(2)  done
27(37)  20(37)  1(2)  done
27(37)  21(37)  1(2)  done
27(37)  22(37)  1(2)  done
27(37)  23(37)  1(2)  done
27(37)  24(37)  1(2)  done
27(37)  25(37)  1(2)  done
27(37)  26(37)  1(2)  done
27(37)  27(37)  1(2)  done
27(37)  28(37)  1(2)  done
27(37)  29(37)  1(2)  done
27(37)  30(37)  1(2)  done
27(37)  31(37)  1(2)  done
27(37)  32(37)  1(2)  done
27(37)  33(37)  1(2)  done
27(37)  34(37)  1(2)  done
27(37)  35(37)  1(2)  done
27(37)  36(37)  1(2)  done
28(37)  0(37)  1(2)  done
28(37)  1(37)  1(2)  done
28(37)  2(37)  1(2)  done
28(37)  3(37)  1(2)  done
28(37)  4(37)  1(2)  done
28(37)  5(37)  1(2)  done
28(37)  6(37)  1(2)  done
28(37)  7(37)  1(2)  done
28(37)  8(37)  1(2)  done
28(37)  9(37)  1(2)  done
28(37)  10(37)  1(2)  done
28(37)  11(37)  1(2)  done
28(37)  12(37)  1(2)  done
28(37)  13(37)  1(2)  done
28(37)  14(37)  1(2)  done
28(37)  15(37)  1(2)  done
28(37)  16(37)  1(2)  done
28(37)  17(37)  1(2)  done
28(37)  18(37)  1(2)  done
28(37)  19(37)  1(2)  done
28(37)  20(37)  1(2)  done
28(37)  21(37)  1(2)  done
28(37)  22(37)  1(2)  done
28(37)  23(37)  1(2)  done
28(37)  24(37)  1(2)  done
28(37)  25(37)  1(2)  done
28(37)  26(37)  1(2)  done
28(37)  27(37)  1(2)  done
28(37)  28(37)  1(2)  done
28(37)  29(37)  1(2)  done
28(37)  30(37)  1(2)  done
28(37)  31(37)  1(2)  done
28(37)  32(37)  1(2)  done
28(37)  33(37)  1(2)  done
28(37)  34(37)  1(2)  done
28(37)  35(37)  1(2)  done
28(37)  36(37)  1(2)  done
29(37)  0(37)  1(2)  done
29(37)  1(37)  1(2)  done
29(37)  2(37)  1(2)  done
29(37)  3(37)  1(2)  done
29(37)  4(37)  1(2)  done
29(37)  5(37)  1(2)  done
29(37)  6(37)  1(2)  done
29(37)  7(37)  1(2)  done
29(37)  8(37)  1(2)  done
29(37)  9(37)  1(2)  done
29(37)  10(37)  1(2)  done
29(37)  11(37)  1(2)  done
29(37)  12(37)  1(2)  done
29(37)  13(37)  1(2)  done
29(37)  14(37)  1(2)  done
29(37)  15(37)  1(2)  done
29(37)  16(37)  1(2)  done
29(37)  17(37)  1(2)  done
29(37)  18(37)  1(2)  done
29(37)  19(37)  1(2)  done
29(37)  20(37)  1(2)  done
29(37)  21(37)  1(2)  done
29(37)  22(37)  1(2)  done
29(37)  23(37)  1(2)  done
29(37)  24(37)  1(2)  done
29(37)  25(37)  1(2)  done
29(37)  26(37)  1(2)  done
29(37)  27(37)  1(2)  done
29(37)  28(37)  1(2)  done
29(37)  29(37)  1(2)  done
29(37)  30(37)  1(2)  done
29(37)  31(37)  1(2)  done
29(37)  32(37)  1(2)  done
29(37)  33(37)  1(2)  done
29(37)  34(37)  1(2)  done
29(37)  35(37)  1(2)  done
29(37)  36(37)  1(2)  done
30(37)  0(37)  1(2)  done
30(37)  1(37)  1(2)  done
30(37)  2(37)  1(2)  done
30(37)  3(37)  1(2)  done
30(37)  4(37)  1(2)  done
30(37)  5(37)  1(2)  done
30(37)  6(37)  1(2)  done
30(37)  7(37)  1(2)  done
30(37)  8(37)  1(2)  done
30(37)  9(37)  1(2)  done
30(37)  10(37)  1(2)  done
30(37)  11(37)  1(2)  done
30(37)  12(37)  1(2)  done
30(37)  13(37)  1(2)  done
30(37)  14(37)  1(2)  done
30(37)  15(37)  1(2)  done
30(37)  16(37)  1(2)  done
30(37)  17(37)  1(2)  done
30(37)  18(37)  1(2)  done
30(37)  19(37)  1(2)  done
30(37)  20(37)  1(2)  done
30(37)  21(37)  1(2)  done
30(37)  22(37)  1(2)  done
30(37)  23(37)  1(2)  done
30(37)  24(37)  1(2)  done
30(37)  25(37)  1(2)  done
30(37)  26(37)  1(2)  done
30(37)  27(37)  1(2)  done
30(37)  28(37)  1(2)  done
30(37)  29(37)  1(2)  done
30(37)  30(37)  1(2)  done
30(37)  31(37)  1(2)  done
30(37)  32(37)  1(2)  done
30(37)  33(37)  1(2)  done
30(37)  34(37)  1(2)  done
30(37)  35(37)  1(2)  done
30(37)  36(37)  1(2)  done
31(37)  0(37)  1(2)  done
31(37)  1(37)  1(2)  done
31(37)  2(37)  1(2)  done
31(37)  3(37)  1(2)  done
31(37)  4(37)  1(2)  done
31(37)  5(37)  1(2)  done
31(37)  6(37)  1(2)  done
31(37)  7(37)  1(2)  done
31(37)  8(37)  1(2)  done
31(37)  9(37)  1(2)  done
31(37)  10(37)  1(2)  done
31(37)  11(37)  1(2)  done
31(37)  12(37)  1(2)  done
31(37)  13(37)  1(2)  done
31(37)  14(37)  1(2)  done
31(37)  15(37)  1(2)  done
31(37)  16(37)  1(2)  done
31(37)  17(37)  1(2)  done
31(37)  18(37)  1(2)  done
31(37)  19(37)  1(2)  done
31(37)  20(37)  1(2)  done
31(37)  21(37)  1(2)  done
31(37)  22(37)  1(2)  done
31(37)  23(37)  1(2)  done
31(37)  24(37)  1(2)  done
31(37)  25(37)  1(2)  done
31(37)  26(37)  1(2)  done
31(37)  27(37)  1(2)  done
31(37)  28(37)  1(2)  done
31(37)  29(37)  1(2)  done
31(37)  30(37)  1(2)  done
31(37)  31(37)  1(2)  done
31(37)  32(37)  1(2)  done
31(37)  33(37)  1(2)  done
31(37)  34(37)  1(2)  done
31(37)  35(37)  1(2)  done
31(37)  36(37)  1(2)  done
32(37)  0(37)  1(2)  done
32(37)  1(37)  1(2)  done
32(37)  2(37)  1(2)  done
32(37)  3(37)  1(2)  done
32(37)  4(37)  1(2)  done
32(37)  5(37)  1(2)  done
32(37)  6(37)  1(2)  done
32(37)  7(37)  1(2)  done
32(37)  8(37)  1(2)  done
32(37)  9(37)  1(2)  done
32(37)  10(37)  1(2)  done
32(37)  11(37)  1(2)  done
32(37)  12(37)  1(2)  done
32(37)  13(37)  1(2)  done
32(37)  14(37)  1(2)  done
32(37)  15(37)  1(2)  done
32(37)  16(37)  1(2)  done
32(37)  17(37)  1(2)  done
32(37)  18(37)  1(2)  done
32(37)  19(37)  1(2)  done
32(37)  20(37)  1(2)  done
32(37)  21(37)  1(2)  done
32(37)  22(37)  1(2)  done
32(37)  23(37)  1(2)  done
32(37)  24(37)  1(2)  done
32(37)  25(37)  1(2)  done
32(37)  26(37)  1(2)  done
32(37)  27(37)  1(2)  done
32(37)  28(37)  1(2)  done
32(37)  29(37)  1(2)  done
32(37)  30(37)  1(2)  done
32(37)  31(37)  1(2)  done
32(37)  32(37)  1(2)  done
32(37)  33(37)  1(2)  done
32(37)  34(37)  1(2)  done
32(37)  35(37)  1(2)  done
32(37)  36(37)  1(2)  done
33(37)  0(37)  1(2)  done
33(37)  1(37)  1(2)  done
33(37)  2(37)  1(2)  done
33(37)  3(37)  1(2)  done
33(37)  4(37)  1(2)  done
33(37)  5(37)  1(2)  done
33(37)  6(37)  1(2)  done
33(37)  7(37)  1(2)  done
33(37)  8(37)  1(2)  done
33(37)  9(37)  1(2)  done
33(37)  10(37)  1(2)  done
33(37)  11(37)  1(2)  done
33(37)  12(37)  1(2)  done
33(37)  13(37)  1(2)  done
33(37)  14(37)  1(2)  done
33(37)  15(37)  1(2)  done
33(37)  16(37)  1(2)  done
33(37)  17(37)  1(2)  done
33(37)  18(37)  1(2)  done
33(37)  19(37)  1(2)  done
33(37)  20(37)  1(2)  done
33(37)  21(37)  1(2)  done
33(37)  22(37)  1(2)  done
33(37)  23(37)  1(2)  done
33(37)  24(37)  1(2)  done
33(37)  25(37)  1(2)  done
33(37)  26(37)  1(2)  done
33(37)  27(37)  1(2)  done
33(37)  28(37)  1(2)  done
33(37)  29(37)  1(2)  done
33(37)  30(37)  1(2)  done
33(37)  31(37)  1(2)  done
33(37)  32(37)  1(2)  done
33(37)  33(37)  1(2)  done
33(37)  34(37)  1(2)  done
33(37)  35(37)  1(2)  done
33(37)  36(37)  1(2)  done
34(37)  0(37)  1(2)  done
34(37)  1(37)  1(2)  done
34(37)  2(37)  1(2)  done
34(37)  3(37)  1(2)  done
34(37)  4(37)  1(2)  done
34(37)  5(37)  1(2)  done
34(37)  6(37)  1(2)  done
34(37)  7(37)  1(2)  done
34(37)  8(37)  1(2)  done
34(37)  9(37)  1(2)  done
34(37)  10(37)  1(2)  done
34(37)  11(37)  1(2)  done
34(37)  12(37)  1(2)  done
34(37)  13(37)  1(2)  done
34(37)  14(37)  1(2)  done
34(37)  15(37)  1(2)  done
34(37)  16(37)  1(2)  done
34(37)  17(37)  1(2)  done
34(37)  18(37)  1(2)  done
34(37)  19(37)  1(2)  done
34(37)  20(37)  1(2)  done
34(37)  21(37)  1(2)  done
34(37)  22(37)  1(2)  done
34(37)  23(37)  1(2)  done
34(37)  24(37)  1(2)  done
34(37)  25(37)  1(2)  done
34(37)  26(37)  1(2)  done
34(37)  27(37)  1(2)  done
34(37)  28(37)  1(2)  done
34(37)  29(37)  1(2)  done
34(37)  30(37)  1(2)  done
34(37)  31(37)  1(2)  done
34(37)  32(37)  1(2)  done
34(37)  33(37)  1(2)  done
34(37)  34(37)  1(2)  done
34(37)  35(37)  1(2)  done
34(37)  36(37)  1(2)  done
35(37)  0(37)  1(2)  done
35(37)  1(37)  1(2)  done
35(37)  2(37)  1(2)  done
35(37)  3(37)  1(2)  done
35(37)  4(37)  1(2)  done
35(37)  5(37)  1(2)  done
35(37)  6(37)  1(2)  done
35(37)  7(37)  1(2)  done
35(37)  8(37)  1(2)  done
35(37)  9(37)  1(2)  done
35(37)  10(37)  1(2)  done
35(37)  11(37)  1(2)  done
35(37)  12(37)  1(2)  done
35(37)  13(37)  1(2)  done
35(37)  14(37)  1(2)  done
35(37)  15(37)  1(2)  done
35(37)  16(37)  1(2)  done
35(37)  17(37)  1(2)  done
35(37)  18(37)  1(2)  done
35(37)  19(37)  1(2)  done
35(37)  20(37)  1(2)  done
35(37)  21(37)  1(2)  done
35(37)  22(37)  1(2)  done
35(37)  23(37)  1(2)  done
35(37)  24(37)  1(2)  done
35(37)  25(37)  1(2)  done
35(37)  26(37)  1(2)  done
35(37)  27(37)  1(2)  done
35(37)  28(37)  1(2)  done
35(37)  29(37)  1(2)  done
35(37)  30(37)  1(2)  done
35(37)  31(37)  1(2)  done
35(37)  32(37)  1(2)  done
35(37)  33(37)  1(2)  done
35(37)  34(37)  1(2)  done
35(37)  35(37)  1(2)  done
35(37)  36(37)  1(2)  done
36(37)  0(37)  1(2)  done
36(37)  1(37)  1(2)  done
36(37)  2(37)  1(2)  done
36(37)  3(37)  1(2)  done
36(37)  4(37)  1(2)  done
36(37)  5(37)  1(2)  done
36(37)  6(37)  1(2)  done
36(37)  7(37)  1(2)  done
36(37)  8(37)  1(2)  done
36(37)  9(37)  1(2)  done
36(37)  10(37)  1(2)  done
36(37)  11(37)  1(2)  done
36(37)  12(37)  1(2)  done
36(37)  13(37)  1(2)  done
36(37)  14(37)  1(2)  done
36(37)  15(37)  1(2)  done
36(37)  16(37)  1(2)  done
36(37)  17(37)  1(2)  done
36(37)  18(37)  1(2)  done
36(37)  19(37)  1(2)  done
36(37)  20(37)  1(2)  done
36(37)  21(37)  1(2)  done
36(37)  22(37)  1(2)  done
36(37)  23(37)  1(2)  done
36(37)  24(37)  1(2)  done
36(37)  25(37)  1(2)  done
36(37)  26(37)  1(2)  done
36(37)  27(37)  1(2)  done
36(37)  28(37)  1(2)  done
36(37)  29(37)  1(2)  done
36(37)  30(37)  1(2)  done
36(37)  31(37)  1(2)  done
36(37)  32(37)  1(2)  done
36(37)  33(37)  1(2)  done
36(37)  34(37)  1(2)  done
36(37)  35(37)  1(2)  done
36(37)  36(37)  1(2)  done
XXXXXXXXXXXXXXX FOR SPIN = 0 XXXXXXXXXXXXXXXXXXXXXXXXXXXXXX
tilde Chern number [0] = 1        -2.36725e-16
tilde Chern number [1] = 1        1.12493e-16
tilde Chern number [2] = 1        -1.53255e-15
tilde Chern number [3] = 1.61792e-12        -7.23746e-16
tilde Chern number [4] = -1        4.08752e-16
tilde Chern number [5] = -2        -1.32712e-15
tilde Chern number [6] = -3        -1.39574e-15
tilde Chern number [7] = 3        1.33088e-15
tilde Chern number [8] = 1        -1.13092e-15
tilde Chern number [9] = 2.85271e-12        9.62037e-16
tilde Chern number [10] = -8        -1.26663e-15
tilde Chern number [11] = 11        -1.79725e-15
tilde Chern number [12] = 1.30638e-12        5.15144e-16
tilde Chern number [13] = -4        3.78311e-16
tilde Chern number [14] = -3        1.70083e-15
tilde Chern number [15] = -9        -3.26292e-16
tilde Chern number [16] = 6        1.01445e-15
tilde Chern number [17] = 4        2.61891e-15
tilde Chern number [18] = -14        -1.71906e-15
tilde Chern number [19] = 13        8.51744e-16
tilde Chern number [20] = -6.60472e-12        8.45969e-16
tilde Chern number [21] = -3        4.13086e-16
tilde Chern number [22] = 1        -3.53967e-15
tilde Chern number [23] = 8        -7.80914e-16
XXXXXXXXXXXXXXXXXXXXXXXXXXXXXXXXXXXXXXXXXXXXXXXXXXXXX
XXXXXXXXXXXXXXX FOR SPIN = 1 XXXXXXXXXXXXXXXXXXXXXXXXXXXXXX
tilde Chern number [0] = -1        3.03665e-15
tilde Chern number [1] = -1        3.34557e-18
tilde Chern number [2] = -1        -1.24487e-15
tilde Chern number [3] = 1.1167e-12        1.69096e-15
tilde Chern number [4] = 1        -2.68145e-15
tilde Chern number [5] = 2        3.5764e-16
tilde Chern number [6] = 3        -1.38734e-15
tilde Chern number [7] = -3        -9.0272e-16
tilde Chern number [8] = -1        -4.17976e-16
tilde Chern number [9] = -1.94306e-12        -3.11617e-17
tilde Chern number [10] = 8        1.82264e-15
tilde Chern number [11] = -11        -9.47134e-16
tilde Chern number [12] = -8.37952e-12        -9.54356e-16
tilde Chern number [13] = 4        4.21816e-17
tilde Chern number [14] = 3        1.22128e-15
tilde Chern number [15] = 9        1.98588e-16
tilde Chern number [16] = -6        -4.25692e-16
tilde Chern number [17] = -4        -5.69801e-16
tilde Chern number [18] = 14        1.03541e-15
tilde Chern number [19] = -13        1.79186e-15
tilde Chern number [20] = 2.22204e-11        2.72172e-16
tilde Chern number [21] = 3        -1.10872e-15
tilde Chern number [22] = -1        1.06979e-15
tilde Chern number [23] = -8        -1.36436e-17
XXXXXXXXXXXXXXXXXXXXXXXXXXXXXXXXXXXXXXXXXXXXXXXXXXXXX
