#nx  ny  tilde_F(nx,ny).real()  tilde_F(nx,ny).imag()  ArgofLog.real()  ArgofLog.imag()
#Extra momentum point for pm3d corners2color c1
0  0  1.229225107e-16  -0.05581217143  0.998442905  -0.05578320014
0  1  -2.619422979e-16  -0.0657476246  0.9978394034  -0.06570026641
0  2  -2.933143298e-16  -0.08510510852  0.9963807455  -0.08500241138
0  3  3.532587659e-17  -0.07889533099  0.9968893774  -0.07881350948
0  4  1.504467818e-16  -0.05235054331  0.9986300232  -0.05232663479
0  5  -1.117942694e-16  -0.03174628479  0.999496129  -0.0317409526
0  6  -3.341569985e-17  -0.02024666139  0.9997950434  -0.02024527814
0  7  5.236364025e-17  -0.01396041468  0.999902555  -0.01395996122
0  8  -1.225088729e-16  -0.01025697785  0.9999473977  -0.010256798
0  9  -5.599603236e-17  -0.007806463443  0.9999695297  -0.007806384155
0  10  6.177612904e-17  -0.005812814918  0.9999831056  -0.005812782184
0  11  8.471638039e-17  -0.003171869694  0.9999949696  -0.003171864376
0  12  1.911378086e-16  0.006039122002  0.9999817646  0.006039085293
0  13  2.184323885e-16  0.155003093  0.9880110533  0.1543831552
0  14  1.973877082e-16  0.3845047949  0.9269842978  0.3751001354
0  15  4.082108923e-16  0.02985240228  0.9995544501  0.02984796857
0  16  -4.172394714e-17  0.003019230239  0.9999954421  0.003019225652
0  17  -4.224436985e-16  -0.002184962884  0.999997613  -0.002184961145
0  18  5.925057461e-17  -0.003210963323  0.9999948449  -0.003210957806
0  19  -1.021636009e-16  -0.0001892947437  0.9999999821  -0.0001892947425
0  20  -1.953001736e-16  0.01005311826  0.9999494678  0.01005294892
0  21  -1.032178614e-16  0.14629437  0.9893180504  0.145773095
0  22  5.229938281e-17  0.3912389639  0.9244373104  0.381334052
0  23  -4.652819982e-17  0.02948522156  0.9995653423  0.02948094945
0  24  -1.56310372e-16  -0.000394638718  0.9999999221  -0.0003946387077
0  25  -2.073603296e-16  -0.004691120179  0.9999889967  -0.004691102973
0  26  1.447804051e-17  -0.006802476114  0.9999768632  -0.006802423651
0  27  -1.563410616e-16  -0.008940687368  0.9999600323  -0.008940568255
0  28  -2.466186964e-16  -0.01191217649  0.9999290509  -0.01191189477
0  29  -2.288503247e-16  -0.01670253175  0.999860516  -0.01670175516
0  30  -1.058226772e-16  -0.02520325478  0.9996824148  -0.02520058666
0  31  1.102121132e-16  -0.04089453371  0.9991639351  -0.04088313625
0  32  -7.288544365e-17  -0.0660863916  0.9978170891  -0.06603829769
0  33  -6.657607877e-17  -0.08603258193  0.9963014795  -0.08592649133
0  34  -1.215987832e-16  -0.07580493054  0.9971281819  -0.07573235065
0  35  3.919356698e-17  -0.05876053475  0.9982740965  -0.05872672585
0  36  3.919356698e-17  -0.05876053475  0.9982740965  -0.05872672585

1  0  2.015424016e-16  -0.0657476246  0.9978394034  -0.06570026641
1  1  1.187552151e-16  -0.06978635113  0.9975659207  -0.0697297201
1  2  -2.90958445e-16  -0.08439677953  0.9964407052  -0.08429662475
1  3  -2.115022599e-16  -0.08345849862  0.9965193605  -0.08336164649
1  4  -2.037561027e-16  -0.05955487216  0.9982271327  -0.05951967371
1  5  -1.431458564e-16  -0.03660591388  0.9993300783  -0.03659773915
1  6  -2.446761549e-16  -0.02285027815  0.9997389438  -0.02284828971
1  7  4.968235159e-17  -0.01530062253  0.9998829478  -0.01530002553
1  8  1.126588785e-16  -0.01095856097  0.9999399556  -0.01095834163
1  9  1.449491648e-16  -0.008208631947  0.9999663094  -0.008208539762
1  10  -1.237229404e-17  -0.006172619586  0.9999809494  -0.006172580389
1  11  2.576381584e-16  -0.004053187717  0.9999917858  -0.004053176619
1  12  -3.893451529e-16  0.0005580591969  0.9999998443  0.000558059168
1  13  -4.016518714e-17  0.0320567522  0.9994862263  0.03205126204
1  14  -1.164857556e-17  0.2092339115  0.9781903264  0.2077105805
1  15  1.301700128e-16  0.05289427394  0.998601424  0.05286961275
1  16  1.582145338e-17  0.005977017271  0.9999821377  0.005976981683
1  17  -2.048851804e-16  -0.0009628004278  0.9999995365  -0.0009628002791
1  18  2.202661119e-16  -0.003555609408  0.9999936788  -0.003555601916
1  19  -2.790745568e-16  -0.002617956626  0.9999965732  -0.002617953635
1  20  1.894384248e-16  0.001717714755  0.9999985247  0.00171771391
1  21  1.761411239e-16  0.01941162381  0.9998116003  0.01941040475
1  22  2.005961092e-16  0.1678644672  0.9859438137  0.1670772163
1  23  7.607232996e-18  0.1037854138  0.9946191265  0.1035991948
1  24  2.394239393e-17  0.008354228438  0.9999651036  0.008354131261
1  25  8.079533113e-17  -0.002334601967  0.9999972748  -0.002334599847
1  26  -1.54265064e-16  -0.005183357637  0.9999865664  -0.005183334427
1  27  -1.772387862e-16  -0.007160246443  0.9999743655  -0.00716018526
1  28  4.444641255e-17  -0.009488908162  0.9999549806  -0.009488765766
1  29  -1.405911847e-16  -0.01293434985  0.9999163525  -0.0129339892
1  30  5.295229426e-17  -0.01868488425  0.9998254426  -0.01868379704
1  31  1.780456535e-16  -0.0290272531  0.9995787389  -0.02902317697
1  32  -2.062647629e-16  -0.0474379506  0.9988750314  -0.04742016054
1  33  -4.742301533e-17  -0.07279458196  0.9973516442  -0.07273030862
1  34  -4.022518105e-16  -0.08611128544  0.9962947137  -0.08600490349
1  35  8.865873585e-17  -0.07580493054  0.9971281819  -0.07573235065
1  36  8.865873585e-17  -0.07580493054  0.9971281819  -0.07573235065

2  0  -2.136924829e-17  -0.08510510852  0.9963807455  -0.08500241138
2  1  8.802297612e-17  -0.08439677953  0.9964407052  -0.08429662475
2  2  -2.307563667e-16  -0.0883867071  0.9960964373  -0.08827166946
2  3  1.000382157e-16  -0.08267146612  0.9965846602  -0.08257732763
2  4  -1.099436803e-16  -0.06105682198  0.9981366112  -0.06101889307
2  5  2.764460744e-16  -0.03875557664  0.9992490966  -0.03874587559
2  6  -1.844028802e-17  -0.02421666316  0.9997067909  -0.02421429627
2  7  3.072094557e-17  -0.01592952294  0.9998731278  -0.01592884927
2  8  -1.406997288e-16  -0.01114287818  0.9999379188  -0.01114264759
2  9  1.133155853e-16  -0.008162966141  0.9999666832  -0.008162875486
2  10  -1.006401266e-16  -0.006056125602  0.9999816617  -0.006056088582
2  11  2.26245965e-17  -0.004123425412  0.9999914987  -0.004123413727
2  12  -2.655256253e-16  -0.0009866807583  0.9999995132  -0.0009866805982
2  13  2.536433053e-16  0.01137289152  0.9999353294  0.01137264636
2  14  2.275070521e-16  0.07491545031  0.9971951498  0.074845395
2  15  7.432006636e-17  0.04747883338  0.9988730919  0.04746099728
2  16  -1.947251427e-17  0.006983157083  0.9999756179  0.006983100328
2  17  -5.795922322e-17  -0.0002292005331  0.9999999737  -0.0002292005311
2  18  2.56315478e-16  -0.003401405029  0.9999942152  -0.00340139847
2  19  -5.479662174e-17  -0.004207732354  0.9999911475  -0.004207719938
2  20  1.833036538e-16  -0.001994909679  0.9999980102  -0.001994908356
2  21  1.69446346e-16  0.00259128296  0.9999966426  0.00259128006
2  22  3.890599587e-17  0.02189436152  0.999760328  0.02189261233
2  23  5.011186361e-17  0.07957920156  0.996835246  0.0794952343
2  24  2.528185228e-17  0.03371924963  0.99943156  0.03371286026
2  25  1.224381713e-16  0.00306706674  0.9999952966  0.003067061931
2  26  1.5972428e-16  -0.002801862784  0.9999960748  -0.002801859119
2  27  -1.072098622e-16  -0.005113920847  0.9999869239  -0.005113898557
2  28  2.663123615e-16  -0.00707260386  0.9999749892  -0.007072544896
2  29  2.11503916e-17  -0.009563182118  0.9999542731  -0.009563036353
2  30  -5.671545647e-17  -0.01335855831  0.9999107758  -0.013358161
2  31  -8.299845007e-17  -0.01974083364  0.9998051561  -0.0197395515
2  32  1.230984778e-17  -0.03098645772  0.9995199581  -0.0309814993
2  33  -3.814413206e-17  -0.04969194133  0.9987656095  -0.04967149323
2  34  -1.021104982e-16  -0.07279458196  0.9973516442  -0.07273030862
2  35  5.853085351e-17  -0.08603258193  0.9963014795  -0.08592649133
2  36  5.853085351e-17  -0.08603258193  0.9963014795  -0.08592649133

3  0  -2.500703905e-16  -0.07889533099  0.9968893774  -0.07881350948
3  1  1.668713247e-16  -0.08345849863  0.9965193605  -0.08336164649
3  2  -1.546412832e-16  -0.08267146612  0.9965846602  -0.08257732763
3  3  -1.620683923e-16  -0.07411220523  0.9972549473  -0.07404437885
3  4  -2.842717712e-16  -0.05662281693  0.9983973566  -0.05659256497
3  5  1.245293878e-16  -0.03800353574  0.9992779525  -0.03799438851
3  6  7.321884043e-17  -0.02446923633  0.9997006432  -0.02446679461
3  7  4.464584463e-17  -0.01611582458  0.9998701429  -0.01611512699
3  8  5.824628995e-17  -0.01109748816  0.9999384235  -0.01109726038
3  9  2.055598442e-16  -0.007943919949  0.9999684472  -0.007943836398
3  10  8.479124814e-17  -0.005752596721  0.9999834539  -0.005752564993
3  11  -1.614844531e-16  -0.003872658273  0.9999925013  -0.003872648593
3  12  -9.444720654e-17  -0.001318016297  0.9999991314  -0.001318015915
3  13  4.554224488e-17  0.005811678748  0.9999831122  0.005811646033
3  14  -2.027237692e-16  0.03192623984  0.9994904009  0.03192081646
3  15  2.770632027e-16  0.02964004058  0.9995607662  0.02963570081
3  16  2.30774646e-16  0.005846204671  0.999982911  0.005846171369
3  17  2.168053725e-16  -0.0001601647436  0.9999999872  -0.0001601647429
3  18  4.946871421e-16  -0.003160338089  0.9999950061  -0.003160332828
3  19  5.826635068e-17  -0.005166113333  0.9999866557  -0.005166090354
3  20  2.413319228e-17  -0.004404696374  0.9999902993  -0.004404682131
3  21  1.842742506e-16  -0.001719102606  0.9999985223  -0.001719101759
3  22  7.153555317e-17  0.002224401106  0.999997526  0.002224399272
3  23  2.375911865e-16  0.01591168269  0.9998734118  0.01591101127
3  24  -2.383793441e-16  0.03735822689  0.9993022626  0.03734953774
3  25  -1.738788404e-16  0.01606266132  0.9998709982  0.01606197061
3  26  -3.66116621e-17  0.001425436659  0.9999989841  0.001425436176
3  27  -5.344042307e-17  -0.002717016867  0.9999963089  -0.002717013524
3  28  2.090744169e-17  -0.004815453865  0.9999884057  -0.004815435255
3  29  -2.547854073e-16  -0.006807281268  0.9999768306  -0.006807228694
3  30  -6.353976223e-16  -0.009434983017  0.9999554909  -0.009434843036
3  31  -1.062587351e-16  -0.01345190485  0.9999095245  -0.01345149916
3  32  7.767295532e-17  -0.02004725129  0.9997990606  -0.02004590851
3  33  9.531718556e-17  -0.03098645772  0.9995199581  -0.0309814993
3  34  -2.322494376e-16  -0.0474379506  0.9988750314  -0.04742016054
3  35  1.287342649e-16  -0.0660863916  0.9978170891  -0.06603829769
3  36  1.287342649e-16  -0.0660863916  0.9978170891  -0.06603829769

4  0  2.218024308e-17  -0.05235054331  0.9986300232  -0.05232663479
4  1  -3.666557839e-17  -0.05955487216  0.9982271327  -0.05951967371
4  2  -1.395267224e-16  -0.06105682198  0.9981366112  -0.06101889307
4  3  -3.371847123e-16  -0.05662281693  0.9983973566  -0.05659256497
4  4  -1.88119451e-16  -0.04664050866  0.9989125286  -0.0466236007
4  5  1.221464928e-16  -0.03433477061  0.9994106197  -0.03432802493
4  6  1.911854588e-16  -0.0236550804  0.9997202316  -0.02365287438
4  7  2.227239713e-16  -0.0160619801  0.9998710092  -0.01606128948
4  8  1.909285744e-16  -0.01107770021  0.9999386429  -0.01107747364
4  9  -1.098383911e-16  -0.007802454455  0.999969561  -0.007802375289
4  10  -3.162118009e-16  -0.005503692971  0.9999848547  -0.005503665186
4  11  -1.33719784e-16  -0.003593171414  0.9999935446  -0.003593163682
4  12  1.671071302e-16  -0.001266143375  0.9999991984  -0.001266143036
4  13  3.733044907e-16  0.003900115192  0.9999923946  0.003900105305
4  14  4.719184748e-16  0.01783856314  0.9998408971  0.01783761708
4  15  1.207985931e-16  0.01784489546  0.9998407841  0.01784394838
4  16  7.499054682e-17  0.003987059761  0.9999920517  0.003987049198
4  17  -1.215229256e-16  -0.0004740382269  0.9999998876  -0.0004740382091
4  18  -1.406734703e-16  -0.003020099963  0.9999954395  -0.003020095372
4  19  2.41242651e-19  -0.005673653886  0.9999839049  -0.005673623447
4  20  1.218904767e-16  -0.00650254149  0.9999788586  -0.006502495666
4  21  -1.860207093e-16  -0.004404700501  0.9999902993  -0.004404686258
4  22  9.100102139e-17  -0.001746510539  0.9999984749  -0.001746509651
4  23  1.703705124e-17  0.001283267619  0.9999991766  0.001283267266
4  24  4.311744153e-16  0.009970474394  0.9999502952  0.0099703092
4  25  1.782031626e-16  0.02082399331  0.9997831885  0.02082248833
4  26  2.129480205e-16  0.0100955328  0.9999490405  0.01009536131
4  27  2.208789784e-16  0.0009306947789  0.9999995669  0.0009306946445
4  28  -4.640795788e-17  -0.00249362455  0.9999968909  -0.002493621965
4  29  -5.566310974e-17  -0.004537428443  0.9999897059  -0.004537412873
4  30  2.093643516e-16  -0.006607042499  0.9999781736  -0.006606994429
4  31  -5.952237626e-17  -0.009359097955  0.999956204  -0.009358961324
4  32  5.21097296e-17  -0.01345190485  0.9999095245  -0.01345149915
4  33  -6.889772943e-17  -0.01974083364  0.9998051561  -0.0197395515
4  34  -3.407579737e-16  -0.0290272531  0.9995787389  -0.02902317697
4  35  -2.644944792e-17  -0.04089453371  0.9991639351  -0.04088313625
4  36  -2.644944792e-17  -0.04089453371  0.9991639351  -0.04088313625

5  0  -5.793661696e-18  -0.03174628479  0.999496129  -0.0317409526
5  1  2.404000853e-16  -0.03660591388  0.9993300783  -0.03659773915
5  2  1.430643281e-16  -0.03875557664  0.9992490966  -0.03874587559
5  3  1.634685948e-16  -0.03800353574  0.9992779525  -0.03799438851
5  4  -1.594299374e-16  -0.03433477061  0.9994106197  -0.03432802493
5  5  -3.784221377e-16  -0.02834401082  0.9995983354  -0.02834021579
5  6  1.671206563e-16  -0.02161476564  0.99976641  -0.02161308262
5  7  7.179481495e-17  -0.0156783758  0.9998770968  -0.01567773349
5  8  1.748671216e-16  -0.01113659878  0.9999379887  -0.01113636858
5  9  7.550273539e-17  -0.007858551566  0.9999691217  -0.00785847068
5  10  2.726016794e-17  -0.005450255639  0.9999851474  -0.005450228655
5  11  8.852541506e-17  -0.003449088704  0.9999940519  -0.003449081865
5  12  2.684383954e-16  -0.001162849601  0.9999993239  -0.001162849339
5  13  2.334297192e-16  0.003195062952  0.9999948958  0.003195057516
5  14  -1.55138572e-16  0.01246063475  0.9999223673  0.0124603123
5  15  -8.670143226e-17  0.01180484473  0.9999303236  0.01180457056
5  16  1.233343366e-16  0.002453326018  0.9999969906  0.002453323557
5  17  2.334985235e-16  -0.0008620629804  0.9999996284  -0.0008620628737
5  18  -7.002265386e-17  -0.00297328892  0.9999955798  -0.002973284539
5  19  2.448891452e-17  -0.005879430787  0.9999827162  -0.005879396914
5  20  -4.059362224e-17  -0.008400100841  0.9999647194  -0.008400002054
5  21  -4.111913402e-16  -0.00743061628  0.9999723931  -0.007430547902
5  22  -1.065794874e-16  -0.004343399109  0.9999905675  -0.004343385453
5  23  -1.434685714e-16  -0.001895377349  0.9999982038  -0.001895376214
5  24  3.936267682e-16  0.0003983635513  0.9999999207  0.0003983635407
5  25  1.996133879e-16  0.006344711607  0.9999798724  0.006344669039
5  26  -4.800092346e-18  0.01396152432  0.9999025395  0.01396107075
5  27  -6.121039458e-17  0.007757715995  0.9999699091  0.007757638182
5  28  1.086917378e-16  0.00081446867  0.9999996683  0.00081446858
5  29  -4.262648514e-17  -0.002338362676  0.999997266  -0.002338360545
5  30  1.114686708e-16  -0.004428658637  0.9999901935  -0.004428644161
5  31  9.129984273e-18  -0.006607042499  0.9999781736  -0.006606994429
5  32  -8.794536493e-18  -0.009434983017  0.9999554909  -0.009434843036
5  33  -2.235840271e-17  -0.01335855831  0.9999107758  -0.013358161
5  34  -1.462153122e-16  -0.01868488425  0.9998254426  -0.01868379704
5  35  -3.395336261e-16  -0.02520325478  0.9996824148  -0.02520058666
5  36  -3.395336261e-16  -0.02520325478  0.9996824148  -0.02520058666

6  0  -1.416710713e-17  -0.02024666139  0.9997950434  -0.02024527814
6  1  -2.263727391e-16  -0.02285027815  0.9997389438  -0.02284828971
6  2  -7.534489854e-17  -0.02421666316  0.9997067909  -0.02421429627
6  3  1.663341823e-18  -0.02446923633  0.9997006432  -0.02446679461
6  4  -3.61355897e-16  -0.0236550804  0.9997202316  -0.02365287438
6  5  -2.429310079e-16  -0.02161476564  0.99976641  -0.02161308262
6  6  1.358559158e-16  -0.01843082404  0.9998301572  -0.01842978058
6  7  -9.600064008e-17  -0.01468637428  0.9998921571  -0.01468584633
6  8  2.673095526e-16  -0.01109642299  0.9999384353  -0.01109619528
6  9  -1.769293331e-16  -0.008065839651  0.9999674713  -0.008065752194
6  10  -3.751868332e-16  -0.005618563358  0.9999842159  -0.005618533796
6  11  -2.433133602e-16  -0.003504421176  0.9999938595  -0.003504414003
6  12  1.135378297e-17  -0.001142414221  0.9999993474  -0.001142413973
6  13  -8.898938708e-17  0.002967264932  0.9999955977  0.002967260578
6  14  -1.225161001e-16  0.01036716362  0.9999462614  0.01036697792
6  15  1.183897776e-16  0.008978591102  0.9999596927  0.008978470468
6  16  1.462564798e-17  0.00148335745  0.9999988998  0.001483356906
6  17  -1.250206147e-16  -0.001171885963  0.9999993133  -0.001171885695
6  18  2.71164703e-16  -0.002969728793  0.9999955904  -0.002969724428
6  19  2.327044181e-16  -0.005913494591  0.9999825153  -0.005913460126
6  20  1.096162022e-16  -0.009964484789  0.9999503549  -0.009964319892
6  21  -3.225680299e-16  -0.01130444082  0.9999361055  -0.01130420006
6  22  2.648255712e-17  -0.007988590485  0.9999680914  -0.007988505516
6  23  1.3997222e-16  -0.004274258988  0.9999908654  -0.004274245973
6  24  2.674104099e-17  -0.002045157908  0.9999979087  -0.002045156483
6  25  -1.494222181e-16  -0.0002124045034  0.9999999774  -0.0002124045018
6  26  5.33416128e-17  0.004447341709  0.9999901106  0.004447327049
6  27  -1.403257728e-16  0.01108550862  0.9999385564  0.01108528158
6  28  1.523651777e-16  0.006902649188  0.9999761768  0.006902594374
6  29  1.077166472e-16  0.0007997948818  0.9999996802  0.0007997947965
6  30  -2.471343979e-16  -0.002338362676  0.999997266  -0.002338360545
6  31  -1.619173578e-16  -0.004537428443  0.9999897059  -0.004537412873
6  32  7.782224265e-17  -0.006807281268  0.9999768306  -0.006807228694
6  33  1.836980281e-16  -0.009563182118  0.9999542731  -0.009563036353
6  34  1.924336445e-16  -0.01293434985  0.9999163525  -0.0129339892
6  35  -9.278642186e-19  -0.01670253175  0.999860516  -0.01670175516
6  36  -9.278642186e-19  -0.01670253175  0.999860516  -0.01670175516

7  0  -2.018945901e-16  -0.01396041468  0.999902555  -0.01395996122
7  1  -3.638126747e-16  -0.01530062253  0.9998829478  -0.01530002553
7  2  -1.825006756e-16  -0.01592952294  0.9998731278  -0.01592884927
7  3  1.83065319e-16  -0.01611582458  0.9998701429  -0.01611512699
7  4  -5.012827919e-16  -0.0160619801  0.9998710092  -0.01606128948
7  5  -1.138323541e-16  -0.0156783758  0.9998770968  -0.01567773349
7  6  1.684095789e-17  -0.01468637428  0.9998921571  -0.01468584633
7  7  -1.865812808e-16  -0.01294658991  0.9999161941  -0.01294622825
7  8  9.070846156e-17  -0.01066234721  0.9999431577  -0.01066214518
7  9  3.153996502e-16  -0.008226554211  0.9999661621  -0.008226461421
7  10  -9.408452395e-17  -0.005920792823  0.9999824722  -0.005920758231
7  11  -4.440798414e-16  -0.003737163473  0.9999930168  -0.003737154774
7  12  -2.941372431e-16  -0.001229361237  0.9999992443  -0.001229360927
7  13  -4.034747594e-16  0.0030023741  0.9999954929  0.003002369589
7  14  6.013525343e-17  0.009976170999  0.9999502384  0.009976005522
7  15  9.174853662e-17  0.00800007492  0.9999679996  0.007999989584
7  16  8.670802405e-17  0.001003235742  0.9999994968  0.001003235574
7  17  -4.737323085e-17  -0.001364688936  0.9999990688  -0.001364688512
7  18  -9.921937219e-17  -0.002977268619  0.9999955679  -0.00297726422
7  19  3.133696923e-16  -0.005874720569  0.9999827439  -0.005874686778
7  20  8.513871512e-17  -0.0110998781  0.999938397  -0.01109965017
7  21  -2.043112431e-16  -0.01599393271  0.9998720998  -0.01599325083
7  22  6.888907006e-17  -0.01411153636  0.9999004339  -0.01411106801
7  23  -3.495018118e-17  -0.008272451826  0.9999657835  -0.008272357475
7  24  5.525327201e-17  -0.004217147391  0.9999911078  -0.004217134892
7  25  1.801186376e-16  -0.002150509327  0.9999976877  -0.002150507669
7  26  7.889240912e-17  -0.0005500922941  0.9999998487  -0.0005500922664
7  27  7.214989086e-17  0.003646341237  0.9999933521  0.003646333157
7  28  1.578403416e-16  0.01028249438  0.9999471356  0.01028231319
7  29  4.886942764e-17  0.006902649188  0.9999761768  0.006902594373
7  30  -2.577359289e-16  0.00081446867  0.9999996683  0.00081446858
7  31  -1.116159545e-16  -0.00249362455  0.9999968909  -0.002493621966
7  32  2.935880775e-16  -0.004815453865  0.9999884057  -0.004815435255
7  33  1.887525864e-16  -0.00707260386  0.9999749892  -0.007072544896
7  34  -7.702002107e-18  -0.009488908162  0.9999549806  -0.009488765767
7  35  1.564501618e-16  -0.01191217649  0.9999290509  -0.01191189477
7  36  1.564501618e-16  -0.01191217649  0.9999290509  -0.01191189477

8  0  -1.355732843e-16  -0.01025697785  0.9999473977  -0.010256798
8  1  1.486174731e-16  -0.01095856097  0.9999399556  -0.01095834163
8  2  -1.431875387e-16  -0.01114287818  0.9999379188  -0.01114264759
8  3  3.930380273e-16  -0.01109748816  0.9999384235  -0.01109726038
8  4  -1.46012781e-16  -0.01107770021  0.9999386429  -0.01107747364
8  5  -2.420192311e-16  -0.01113659878  0.9999379887  -0.01113636858
8  6  8.005693004e-17  -0.01109642299  0.9999384353  -0.01109619528
8  7  1.989407707e-16  -0.01066234721  0.9999431577  -0.01066214518
8  8  -2.846147418e-16  -0.009636192623  0.9999535723  -0.009636043494
8  9  4.982568524e-17  -0.008065780513  0.9999674718  -0.008065693057
8  10  2.863686364e-17  -0.00616169045  0.9999810168  -0.006161651461
8  11  -4.915061199e-17  -0.004035792476  0.9999918562  -0.004035781521
8  12  -1.158552871e-16  -0.001354040892  0.9999990833  -0.001354040479
8  13  2.623363641e-17  0.003348071199  0.9999943952  0.003348064944
8  14  8.537093366e-17  0.01102954158  0.9999391752  0.01102931795
8  15  -3.303021942e-17  0.008412096542  0.9999646185  0.008411997331
8  16  1.277397327e-16  0.0009266593565  0.9999995707  0.0009266592239
8  17  2.105545964e-16  -0.001443096364  0.9999989587  -0.001443095863
8  18  -2.544487928e-16  -0.002983060118  0.9999955507  -0.002983055694
8  19  1.565088191e-16  -0.00582596398  0.9999830291  -0.005825931023
8  20  2.458216221e-16  -0.01181752767  0.9999301738  -0.01181725261
8  21  -7.11492199e-17  -0.02100707259  0.9997793596  -0.02100552756
8  22  -1.73646883e-16  -0.02429533482  0.9997048829  -0.02429294478
8  23  9.227920462e-17  -0.0164787595  0.9998642283  -0.01647801371
8  24  1.345410712e-16  -0.008391444876  0.999964792  -0.008391346394
8  25  -1.849200175e-16  -0.004180386546  0.9999912622  -0.00418037437
8  26  -1.413241809e-16  -0.002202706506  0.999997574  -0.002202704725
8  27  -3.086928156e-16  -0.0006565872169  0.9999997844  -0.0006565871697
8  28  -1.408964014e-16  0.003646341237  0.9999933521  0.003646333157
8  29  -1.772930536e-16  0.01108550862  0.9999385564  0.01108528158
8  30  8.955296735e-17  0.007757715994  0.9999699091  0.007757638182
8  31  1.399086823e-16  0.0009306947788  0.9999995669  0.0009306946444
8  32  -2.255218065e-16  -0.002717016867  0.9999963089  -0.002717013524
8  33  -7.647557807e-17  -0.005113920847  0.9999869239  -0.005113898557
8  34  -3.088443726e-17  -0.007160246443  0.9999743655  -0.00716018526
8  35  1.785685303e-16  -0.008940687368  0.9999600323  -0.008940568255
8  36  1.785685303e-16  -0.008940687368  0.9999600323  -0.008940568255

9  0  -1.405067078e-16  -0.007806463444  0.9999695297  -0.007806384155
9  1  -7.695992981e-17  -0.008208631947  0.9999663094  -0.008208539762
9  2  -3.170420114e-16  -0.008162966141  0.9999666832  -0.008162875486
9  3  2.597186598e-16  -0.007943919949  0.9999684472  -0.007943836398
9  4  -1.377039542e-16  -0.007802454455  0.999969561  -0.007802375289
9  5  4.824763501e-17  -0.007858551566  0.9999691217  -0.00785847068
9  6  -1.538383034e-16  -0.008065839652  0.9999674713  -0.008065752194
9  7  6.775341485e-18  -0.008226554211  0.9999661621  -0.008226461421
9  8  -8.756388112e-17  -0.008065780513  0.9999674718  -0.008065693057
9  9  -7.745305365e-17  -0.007367744773  0.9999728583  -0.007367678116
9  10  1.829338137e-17  -0.006074166326  0.9999815523  -0.006074128974
9  11  9.608408087e-17  -0.004181933066  0.9999912557  -0.004181920876
9  12  -5.134218132e-17  -0.001315229279  0.9999991351  -0.0013152289
9  13  1.04985437e-16  0.004358832476  0.9999905003  0.004358818674
9  14  -2.139132617e-16  0.01424640756  0.9998985217  0.01424592566
9  15  -2.232464516e-16  0.01042351362  0.9999456757  0.01042332487
9  16  -1.345430929e-16  0.001237741655  0.999999234  0.001237741339
9  17  -5.72415116e-17  -0.001413177827  0.9999990015  -0.001413177357
9  18  -9.254672575e-17  -0.002983720677  0.9999955487  -0.00298371625
9  19  4.786646195e-18  -0.005801193171  0.9999831731  -0.005801160632
9  20  -1.191143373e-17  -0.01219251081  0.9999256723  -0.01219220873
9  21  -2.299827419e-16  -0.02536316714  0.9996783721  -0.02536044792
9  22  -2.307780621e-17  -0.03941740035  0.9992232349  -0.0394071938
9  23  5.860397336e-17  -0.03396898451  0.9994231095  -0.03396245213
9  24  1.643884223e-16  -0.01807399853  0.9998366697  -0.01807301451
9  25  -3.27577659e-16  -0.008429342291  0.9999644733  -0.008429242469
9  26  -1.263773182e-18  -0.004167755873  0.9999913149  -0.004167743807
9  27  -2.535264796e-16  -0.002202706506  0.999997574  -0.002202704725
9  28  -3.986700016e-17  -0.0005500922941  0.9999998487  -0.0005500922664
9  29  2.65603274e-17  0.004447341709  0.9999901106  0.004447327049
9  30  1.509888035e-16  0.01396152432  0.9999025395  0.01396107075
9  31  2.466209796e-16  0.0100955328  0.9999490405  0.01009536131
9  32  -1.861430502e-16  0.001425436659  0.9999989841  0.001425436176
9  33  -2.060334915e-16  -0.002801862785  0.9999960748  -0.002801859119
9  34  -9.329355726e-17  -0.005183357637  0.9999865664  -0.005183334427
9  35  3.626256576e-16  -0.006802476114  0.9999768632  -0.006802423651
9  36  3.626256576e-16  -0.006802476114  0.9999768632  -0.006802423651

10  0  1.34015471e-16  -0.005812814918  0.9999831056  -0.005812782184
10  1  2.574718954e-17  -0.006172619586  0.9999809494  -0.006172580389
10  2  -1.651767923e-16  -0.006056125602  0.9999816617  -0.006056088582
10  3  2.894428266e-16  -0.005752596721  0.9999834539  -0.005752564993
10  4  6.862945571e-17  -0.005503692971  0.9999848547  -0.005503665186
10  5  1.946954491e-17  -0.005450255639  0.9999851474  -0.005450228655
10  6  3.97717685e-17  -0.005618563358  0.9999842159  -0.005618533796
10  7  -1.327470819e-16  -0.005920792823  0.9999824722  -0.00592075823
10  8  2.726870218e-17  -0.00616169045  0.9999810168  -0.006161651461
10  9  9.771529889e-17  -0.006074166326  0.9999815523  -0.006074128974
10  10  7.052562992e-17  -0.005388422383  0.9999854825  -0.005388396307
10  11  -1.175338819e-16  -0.003822301665  0.999992695  -0.003822292358
10  12  1.109417279e-16  -0.0006481652903  0.9999997899  -0.0006481652449
10  13  -5.402667115e-17  0.007124760309  0.999974619  0.007124700031
10  14  -1.983261615e-16  0.02235284539  0.9997501856  0.02235098401
10  15  -3.180387968e-16  0.01507515815  0.999886372  0.01507458716
10  16  1.652935041e-16  0.001999396232  0.9999980012  0.0019993949
10  17  2.95375888e-16  -0.001272616941  0.9999991902  -0.001272616597
10  18  2.980047475e-16  -0.00297935183  0.9999955617  -0.002979347422
10  19  6.492881357e-17  -0.005814484403  0.9999830959  -0.00581445164
10  20  -1.212016836e-16  -0.01229500027  0.9999244174  -0.0122946905
10  21  -5.366089343e-17  -0.02777998909  0.9996141609  -0.02777641613
10  22  1.522087872e-16  -0.05573747978  0.9984470688  -0.05570862463
10  23  -1.824761375e-16  -0.06690221982  0.9977628811  -0.06685232297
10  24  3.777740719e-16  -0.04137442598  0.9991442005  -0.04136262257
10  25  2.271045034e-16  -0.01863940094  0.9998262914  -0.01863832165
10  26  1.713702799e-16  -0.008429342291  0.9999644733  -0.008429242469
10  27  -3.260335009e-17  -0.004180386546  0.9999912622  -0.00418037437
10  28  1.09170011e-16  -0.002150509327  0.9999976877  -0.002150507669
10  29  3.124313235e-16  -0.0002124045035  0.9999999774  -0.0002124045019
10  30  3.213542732e-16  0.006344711607  0.9999798724  0.006344669039
10  31  6.387566901e-17  0.02082399331  0.9997831885  0.02082248833
10  32  2.785050843e-16  0.01606266132  0.9998709982  0.01606197061
10  33  4.082308433e-16  0.00306706674  0.9999952966  0.003067061932
10  34  3.965052284e-17  -0.002334601967  0.9999972748  -0.002334599847
10  35  1.178036087e-16  -0.004691120179  0.9999889967  -0.004691102973
10  36  1.178036087e-16  -0.004691120179  0.9999889967  -0.004691102973

11  0  -2.901592033e-16  -0.003171869694  0.9999949696  -0.003171864375
11  1  -2.874852146e-16  -0.004053187717  0.9999917858  -0.004053176619
11  2  1.438436056e-17  -0.004123425412  0.9999914987  -0.004123413727
11  3  1.519766828e-16  -0.003872658273  0.9999925013  -0.003872648593
11  4  -2.360740977e-16  -0.003593171414  0.9999935446  -0.003593163682
11  5  -3.356783112e-17  -0.003449088704  0.9999940519  -0.003449081865
11  6  -1.406593162e-16  -0.003504421176  0.9999938595  -0.003504414003
11  7  -1.510694999e-16  -0.003737163473  0.9999930168  -0.003737154774
11  8  -1.971651091e-16  -0.004035792476  0.9999918562  -0.004035781521
11  9  1.556880322e-16  -0.004181933066  0.9999912557  -0.004181920876
11  10  3.87352913e-16  -0.003822301665  0.999992695  -0.003822292358
11  11  -1.337272128e-16  -0.002349921414  0.9999972389  -0.002349919251
11  12  1.992489915e-16  0.001847590475  0.9999982932  0.001847589424
11  13  -2.658225989e-16  0.01545382873  0.999880592  0.01545321363
11  14  -1.811357894e-16  0.04533469692  0.9989725586  0.04531916961
11  15  -1.71799757e-16  0.0248057346  0.9996923535  0.02480319075
11  16  -6.677105471e-17  0.003309351498  0.9999945241  0.003309345458
11  17  -5.315381312e-17  -0.001015047694  0.9999994848  -0.00101504752
11  18  -1.624900258e-17  -0.002972648178  0.9999955817  -0.0029726438
11  19  5.202716536e-16  -0.005864808036  0.9999828021  -0.005864774415
11  20  1.807060396e-16  -0.01214313382  0.9999262731  -0.01214283539
11  21  -1.741203587e-16  -0.02731707614  0.9996269119  -0.02731367883
11  22  1.377573069e-16  -0.06151095271  0.9981087978  -0.06147217127
11  23  9.334826545e-17  -0.1005950558  0.9949445827  -0.100425482
11  24  5.388141245e-17  -0.08380108968  0.9964907431  -0.08370304021
11  25  2.576061835e-16  -0.04137442598  0.9991442005  -0.04136262257
11  26  1.67622791e-16  -0.01807399853  0.9998366697  -0.01807301451
11  27  1.443893112e-16  -0.008391444876  0.999964792  -0.008391346394
11  28  2.497604564e-16  -0.004217147391  0.9999911078  -0.004217134892
11  29  -4.71002848e-17  -0.002045157908  0.9999979087  -0.002045156483
11  30  2.136834013e-16  0.0003983635514  0.9999999207  0.0003983635409
11  31  2.85221285e-16  0.009970474394  0.9999502952  0.009970309201
11  32  -1.261979395e-16  0.03735822689  0.9993022626  0.03734953775
11  33  2.493575818e-17  0.03371924963  0.99943156  0.03371286026
11  34  -1.506140995e-16  0.008354228438  0.9999651036  0.00835413126
11  35  -2.486724803e-16  -0.000394638718  0.9999999221  -0.0003946387078
11  36  -2.486724803e-16  -0.000394638718  0.9999999221  -0.0003946387078

12  0  -1.165321489e-16  0.006039122002  0.9999817646  0.006039085293
12  1  -1.83765659e-16  0.0005580591969  0.9999998443  0.0005580591679
12  2  -1.140407274e-16  -0.0009866807584  0.9999995132  -0.0009866805983
12  3  2.112375672e-16  -0.001318016297  0.9999991314  -0.001318015915
12  4  9.402127659e-17  -0.001266143375  0.9999991984  -0.001266143037
12  5  1.193592568e-16  -0.001162849601  0.9999993239  -0.001162849339
12  6  8.533235345e-17  -0.001142414221  0.9999993474  -0.001142413973
12  7  3.195545913e-18  -0.001229361237  0.9999992443  -0.001229360927
12  8  4.380904332e-16  -0.001354040892  0.9999990833  -0.001354040479
12  9  -9.581589091e-17  -0.001315229279  0.9999991351  -0.0013152289
12  10  -4.77770676e-17  -0.0006481652902  0.9999997899  -0.0006481652449
12  11  5.341575113e-17  0.001847590475  0.9999982932  0.001847589424
12  12  1.713187289e-16  0.01051760003  0.9999446906  0.01051740612
12  13  -1.754929999e-16  0.04899621379  0.9987999256  0.04897661252
12  14  1.880221683e-16  0.128378691  0.9917707674  0.1280263447
12  15  2.887960368e-16  0.04228026186  0.9991063229  0.04226766614
12  16  -1.795890813e-17  0.005093962076  0.9999870258  0.005093940046
12  17  -1.098887382e-16  -0.0006548671762  0.9999997856  -0.0006548671294
12  18  1.101739362e-16  -0.002972932948  0.9999955808  -0.002972928568
12  19  1.582780871e-16  -0.00593475155  0.9999823894  -0.005934716712
12  20  -9.382794353e-17  -0.01168862208  0.9999316888  -0.01168835593
12  21  -7.197724232e-17  -0.02409353427  0.9997097648  -0.02409120329
12  22  1.517807118e-17  -0.05028594729  0.9987359282  -0.05026475716
12  23  -1.180366592e-16  -0.08946965892  0.9960002592  -0.08935034194
12  24  -1.129040209e-16  -0.1005950558  0.9949445827  -0.100425482
12  25  -1.200396558e-16  -0.06690221982  0.9977628811  -0.06685232297
12  26  8.005410363e-17  -0.03396898451  0.9994231095  -0.03396245213
12  27  -1.293995602e-16  -0.0164787595  0.9998642283  -0.01647801371
12  28  -7.067637018e-17  -0.008272451826  0.9999657835  -0.008272357474
12  29  -1.239307212e-17  -0.004274258988  0.9999908654  -0.004274245973
12  30  7.442984864e-18  -0.001895377349  0.9999982038  -0.001895376214
12  31  -1.091538996e-16  0.001283267619  0.9999991766  0.001283267266
12  32  -2.768684061e-16  0.01591168269  0.9998734118  0.01591101127
12  33  -1.102929908e-16  0.07957920155  0.996835246  0.0794952343
12  34  -1.393678872e-16  0.1037854138  0.9946191265  0.1035991948
12  35  -1.321598467e-16  0.02948522156  0.9995653423  0.02948094945
12  36  -1.321598467e-16  0.02948522156  0.9995653423  0.02948094945

13  0  -3.217562919e-17  0.155003093  0.9880110533  0.1543831552
13  1  1.043849581e-16  0.0320567522  0.9994862263  0.03205126204
13  2  -1.52122693e-16  0.01137289152  0.9999353294  0.01137264636
13  3  2.354388324e-17  0.005811678749  0.9999831122  0.005811646033
13  4  1.387232462e-16  0.003900115192  0.9999923946  0.003900105304
13  5  5.098189004e-18  0.003195062952  0.9999948958  0.003195057516
13  6  -2.501583908e-17  0.002967264932  0.9999955977  0.002967260578
13  7  1.78991354e-17  0.0030023741  0.9999954929  0.003002369589
13  8  2.126890327e-16  0.003348071198  0.9999943952  0.003348064943
13  9  2.199445303e-16  0.004358832476  0.9999905003  0.004358818674
13  10  1.473688261e-16  0.007124760308  0.999974619  0.00712470003
13  11  9.63778752e-17  0.01545382873  0.999880592  0.01545321363
13  12  4.804219931e-18  0.04899621379  0.9987999256  0.04897661253
13  13  -1.47440971e-16  0.2615533429  0.9659894781  0.2585813762
13  14  -2.360854986e-16  0.3906805824  0.9246500961  0.3808178039
13  15  -3.454978167e-16  0.05490887851  0.9984928862  0.05488129109
13  16  -8.262919131e-17  0.00663031198  0.9999780196  0.006630263401
13  17  8.320152191e-17  -0.0002851473339  0.9999999593  -0.00028514733
13  18  2.155511209e-17  -0.003005251059  0.9999954842  -0.003005246536
13  19  -3.048564752e-16  -0.00598227874  0.9999821062  -0.005982243058
13  20  -2.055802645e-16  -0.01083727372  0.9999412773  -0.01083706159
13  21  4.544873996e-17  -0.01922859343  0.9998151363  -0.01922740853
13  22  9.82743528e-17  -0.03283021234  0.999461137  -0.03282431513
13  23  5.933916873e-17  -0.05028594729  0.9987359282  -0.05026475716
13  24  8.341932091e-17  -0.06151095272  0.9981087978  -0.06147217127
13  25  3.003211253e-16  -0.05573747978  0.9984470688  -0.05570862463
13  26  1.352282222e-16  -0.03941740035  0.9992232349  -0.0394071938
13  27  1.143410837e-16  -0.02429533482  0.9997048829  -0.02429294478
13  28  -1.49607568e-16  -0.01411153636  0.9999004339  -0.01411106801
13  29  -4.675646845e-17  -0.007988590485  0.9999680914  -0.007988505516
13  30  1.57444315e-16  -0.004343399109  0.9999905675  -0.004343385453
13  31  -8.736995661e-17  -0.001746510539  0.9999984749  -0.001746509651
13  32  -1.696275777e-16  0.002224401106  0.999997526  0.002224399272
13  33  -2.302426357e-16  0.02189436152  0.999760328  0.02189261233
13  34  -3.177392418e-16  0.1678644672  0.9859438137  0.1670772163
13  35  -3.746666142e-16  0.3912389639  0.9244373104  0.381334052
13  36  -3.746666142e-16  0.3912389639  0.9244373104  0.381334052

14  0  5.165676933e-17  0.3845047949  0.9269842978  0.3751001354
14  1  1.889906882e-16  0.2092339115  0.9781903264  0.2077105805
14  2  -3.369791838e-16  0.07491545031  0.9971951498  0.074845395
14  3  -5.70268397e-17  0.03192623984  0.9994904009  0.03192081646
14  4  8.397629916e-17  0.01783856314  0.9998408971  0.01783761707
14  5  6.372314304e-17  0.01246063476  0.9999223673  0.0124603123
14  6  -2.649063136e-16  0.01036716362  0.9999462614  0.01036697792
14  7  1.642964425e-16  0.009976170999  0.9999502384  0.009976005522
14  8  1.623177647e-16  0.01102954158  0.9999391752  0.01102931795
14  9  2.368815757e-16  0.01424640756  0.9998985217  0.01424592566
14  10  1.154651041e-16  0.02235284539  0.9997501856  0.02235098401
14  11  2.299966823e-16  0.04533469693  0.9989725586  0.04531916961
14  12  -4.059991646e-17  0.128378691  0.9917707674  0.1280263447
14  13  2.132824911e-16  0.3906805824  0.9246500961  0.3808178039
14  14  1.501422399e-16  0.2480850049  0.9693844222  0.2455480442
14  15  2.702212756e-16  0.03749996423  0.9992969587  0.03749117581
14  16  -8.167354192e-17  0.006515023953  0.9999787773  0.006514977864
14  17  2.144429587e-16  -0.0001461279925  0.9999999893  -0.000146127992
14  18  -2.160272175e-16  -0.003117674621  0.9999951401  -0.00311766957
14  19  -1.372258957e-16  -0.005925883275  0.999982442  -0.005925848593
14  20  -2.266022683e-16  -0.009509358537  0.9999547864  -0.009509215219
14  21  6.055847738e-17  -0.0140596261  0.9999011651  -0.01405916291
14  22  1.886298115e-16  -0.01922859343  0.9998151363  -0.01922740853
14  23  -8.153885293e-17  -0.02409353427  0.9997097648  -0.02409120329
14  24  4.364969581e-17  -0.02731707614  0.9996269119  -0.02731367883
14  25  -6.758412097e-17  -0.02777998909  0.9996141609  -0.02777641613
14  26  -1.480331175e-16  -0.02536316714  0.9996783721  -0.02536044792
14  27  -8.435589032e-17  -0.02100707259  0.9997793596  -0.02100552756
14  28  -2.038022109e-16  -0.01599393271  0.9998720998  -0.01599325083
14  29  -1.674457765e-16  -0.01130444082  0.9999361055  -0.01130420006
14  30  -1.258118462e-16  -0.00743061628  0.9999723931  -0.007430547901
14  31  -8.027047814e-17  -0.004404700501  0.9999902993  -0.004404686258
14  32  2.414557959e-16  -0.001719102606  0.9999985223  -0.001719101759
14  33  9.887060014e-17  0.00259128296  0.9999966426  0.002591280061
14  34  -3.464835695e-18  0.01941162381  0.9998116003  0.01941040475
14  35  -2.433835317e-16  0.14629437  0.9893180504  0.145773095
14  36  -2.433835317e-16  0.14629437  0.9893180504  0.145773095

15  0  3.469575957e-16  0.02985240228  0.9995544501  0.02984796857
15  1  -8.415798221e-17  0.05289427394  0.998601424  0.05286961275
15  2  -5.017906923e-17  0.04747883338  0.9988730919  0.04746099728
15  3  -2.322312251e-17  0.02964004058  0.9995607662  0.02963570081
15  4  -1.878778477e-16  0.01784489546  0.9998407841  0.01784394838
15  5  1.840027638e-16  0.01180484473  0.9999303236  0.01180457056
15  6  5.857354821e-18  0.008978591102  0.9999596927  0.008978470467
15  7  1.64963262e-16  0.00800007492  0.9999679996  0.007999989585
15  8  1.242605538e-19  0.008412096542  0.9999646185  0.008411997331
15  9  1.2087415e-16  0.01042351362  0.9999456757  0.01042332487
15  10  3.079808224e-16  0.01507515815  0.999886372  0.01507458716
15  11  3.220343554e-16  0.0248057346  0.9996923535  0.02480319075
15  12  9.671147501e-17  0.04228026186  0.9991063229  0.04226766614
15  13  1.170222328e-16  0.05490887851  0.9984928862  0.05488129109
15  14  -8.698671948e-17  0.03749996423  0.9992969587  0.03749117581
15  15  2.578479541e-16  0.01520106951  0.999884466  0.01520048409
15  16  3.498824443e-17  0.004266073673  0.9999909003  0.004266060733
15  17  -5.115996699e-17  -0.0005647620579  0.9999998405  -0.0005647620279
15  18  1.916658371e-16  -0.003353072622  0.9999943785  -0.003353066339
15  19  1.667994153e-16  -0.005630986291  0.999984146  -0.005630956533
15  20  -9.188290311e-17  -0.00772425544  0.9999701681  -0.00772417863
15  21  1.453804169e-16  -0.009509358537  0.9999547864  -0.009509215219
15  22  -1.688346502e-16  -0.01083727372  0.9999412773  -0.01083706159
15  23  -2.70450204e-16  -0.01168862208  0.9999316888  -0.01168835593
15  24  -3.521151127e-16  -0.01214313382  0.9999262731  -0.01214283539
15  25  -2.501265153e-16  -0.01229500027  0.9999244174  -0.0122946905
15  26  8.104618351e-17  -0.01219251081  0.9999256723  -0.01219220873
15  27  -2.908550797e-17  -0.01181752767  0.9999301738  -0.01181725261
15  28  -1.422835618e-16  -0.0110998781  0.999938397  -0.01109965017
15  29  -1.43783325e-16  -0.009964484789  0.9999503549  -0.009964319892
15  30  -1.615366341e-17  -0.008400100841  0.9999647194  -0.008400002054
15  31  -4.602219647e-17  -0.00650254149  0.9999788586  -0.006502495666
15  32  1.3353794e-16  -0.004404696374  0.9999902993  -0.004404682131
15  33  8.25117308e-18  -0.001994909679  0.9999980102  -0.001994908356
15  34  3.855119271e-16  0.001717714754  0.9999985247  0.00171771391
15  35  2.730202353e-16  0.01005311826  0.9999494678  0.01005294892
15  36  2.730202353e-16  0.01005311826  0.9999494678  0.01005294892

16  0  1.443264826e-16  0.003019230239  0.9999954421  0.003019225652
16  1  1.465463722e-16  0.005977017271  0.9999821377  0.005976981684
16  2  4.117953335e-16  0.006983157083  0.9999756179  0.006983100329
16  3  7.412149974e-17  0.00584620467  0.999982911  0.005846171368
16  4  -4.455407172e-17  0.003987059761  0.9999920517  0.003987049198
16  5  5.799871208e-17  0.002453326018  0.9999969906  0.002453323557
16  6  -6.91684943e-17  0.00148335745  0.9999988998  0.001483356906
16  7  1.479566524e-16  0.001003235742  0.9999994968  0.001003235574
16  8  -3.674910908e-16  0.0009266593567  0.9999995707  0.0009266592241
16  9  1.711529055e-16  0.001237741655  0.999999234  0.001237741339
16  10  4.157050905e-17  0.001999396232  0.9999980012  0.0019993949
16  11  3.430425238e-17  0.003309351498  0.9999945241  0.003309345457
16  12  -4.014379863e-17  0.005093962076  0.9999870258  0.005093940046
16  13  2.97818533e-18  0.00663031198  0.9999780196  0.006630263401
16  14  -1.054391305e-16  0.006515023953  0.9999787773  0.006514977864
16  15  1.92913277e-16  0.004266073673  0.9999909003  0.004266060733
16  16  -1.355658714e-17  0.001133293471  0.9999993578  0.001133293228
16  17  -3.444935854e-16  -0.001622966493  0.999998683  -0.00162296578
16  18  2.282146942e-16  -0.003626413606  0.9999934246  -0.003626405657
16  19  2.82640257e-17  -0.004920816906  0.9999878928  -0.004920797047
16  20  -2.997694815e-17  -0.005630986291  0.999984146  -0.005630956533
16  21  -2.183132387e-16  -0.005925883275  0.999982442  -0.005925848593
16  22  -5.473280714e-17  -0.00598227874  0.9999821062  -0.005982243058
16  23  -2.018757797e-16  -0.00593475155  0.9999823894  -0.005934716712
16  24  -2.046405712e-16  -0.005864808036  0.9999828021  -0.005864774415
16  25  -8.227550519e-17  -0.005814484403  0.9999830959  -0.00581445164
16  26  -4.848994419e-17  -0.005801193171  0.9999831731  -0.005801160632
16  27  1.471172525e-16  -0.00582596398  0.9999830291  -0.005825931023
16  28  8.674308867e-17  -0.005874720569  0.9999827439  -0.005874686777
16  29  -4.483326437e-17  -0.005913494591  0.9999825153  -0.005913460126
16  30  1.139833845e-16  -0.005879430787  0.9999827162  -0.005879396914
16  31  -2.867966016e-16  -0.005673653886  0.9999839049  -0.005673623447
16  32  1.045004961e-16  -0.005166113333  0.9999866557  -0.005166090354
16  33  -2.55704111e-17  -0.004207732354  0.9999911475  -0.004207719938
16  34  -8.866405267e-17  -0.002617956625  0.9999965732  -0.002617953635
16  35  2.312040911e-16  -0.0001892947437  0.9999999821  -0.0001892947425
16  36  2.312040911e-16  -0.0001892947437  0.9999999821  -0.0001892947425

17  0  6.321649887e-17  -0.002184962884  0.999997613  -0.002184961145
17  1  3.773633582e-16  -0.0009628004279  0.9999995365  -0.0009628002791
17  2  3.915691367e-16  -0.0002292005331  0.9999999737  -0.0002292005311
17  3  2.207084904e-16  -0.0001601647436  0.9999999872  -0.0001601647429
17  4  2.237463767e-16  -0.0004740382269  0.9999998876  -0.0004740382092
17  5  -1.067822661e-16  -0.0008620629804  0.9999996284  -0.0008620628736
17  6  -3.614986403e-16  -0.001171885963  0.9999993133  -0.001171885695
17  7  -9.954292994e-17  -0.001364688936  0.9999990688  -0.001364688512
17  8  -2.64305603e-16  -0.001443096364  0.9999989587  -0.001443095863
17  9  -2.910351672e-17  -0.001413177827  0.9999990015  -0.001413177357
17  10  -1.176426666e-16  -0.001272616941  0.9999991902  -0.001272616597
17  11  -4.879144792e-17  -0.001015047694  0.9999994848  -0.00101504752
17  12  2.722322378e-17  -0.0006548671763  0.9999997856  -0.0006548671294
17  13  -4.273353752e-17  -0.0002851473338  0.9999999593  -0.00028514733
17  14  -3.386806661e-16  -0.0001461279925  0.9999999893  -0.000146127992
17  15  1.634035679e-16  -0.0005647620579  0.9999998405  -0.0005647620279
17  16  3.62260875e-17  -0.001622966493  0.999998683  -0.00162296578
17  17  -9.37132833e-17  -0.002858042809  0.9999959158  -0.002858038918
17  18  7.041424565e-17  -0.003586619715  0.9999935681  -0.003586612025
17  19  4.532823602e-17  -0.003626413606  0.9999934246  -0.003626405657
17  20  -4.87051768e-17  -0.003353072622  0.9999943785  -0.003353066339
17  21  5.733020735e-17  -0.003117674621  0.9999951401  -0.00311766957
17  22  4.349255947e-17  -0.003005251059  0.9999954842  -0.003005246536
17  23  1.269039221e-16  -0.002972932948  0.9999955808  -0.002972928568
17  24  1.446439187e-17  -0.002972648178  0.9999955817  -0.0029726438
17  25  4.623798225e-17  -0.00297935183  0.9999955617  -0.002979347422
17  26  9.443692296e-17  -0.002983720677  0.9999955487  -0.00298371625
17  27  2.012946258e-16  -0.002983060118  0.9999955507  -0.002983055694
17  28  4.639063594e-17  -0.002977268619  0.9999955679  -0.00297726422
17  29  2.887112253e-16  -0.002969728793  0.9999955904  -0.002969724428
17  30  -3.055021123e-17  -0.00297328892  0.9999955798  -0.002973284539
17  31  -2.84240123e-16  -0.003020099963  0.9999954395  -0.003020095372
17  32  -2.120065289e-16  -0.003160338089  0.9999950061  -0.003160332829
17  33  -2.966252047e-16  -0.003401405029  0.9999942152  -0.00340139847
17  34  1.154639906e-16  -0.003555609408  0.9999936788  -0.003555601916
17  35  1.188174795e-16  -0.003210963323  0.9999948449  -0.003210957806
17  36  1.188174795e-16  -0.003210963323  0.9999948449  -0.003210957806

18  0  2.621057889e-17  -0.003210963323  0.9999948449  -0.003210957806
18  1  1.591558548e-16  -0.003555609408  0.9999936788  -0.003555601916
18  2  2.558100202e-17  -0.003401405029  0.9999942152  -0.00340139847
18  3  -5.714828169e-17  -0.003160338089  0.9999950061  -0.003160332829
18  4  4.392093807e-16  -0.003020099963  0.9999954395  -0.003020095372
18  5  1.188757813e-17  -0.00297328892  0.9999955798  -0.002973284539
18  6  -2.33100145e-16  -0.002969728793  0.9999955904  -0.002969724428
18  7  1.479049495e-16  -0.002977268619  0.9999955679  -0.00297726422
18  8  7.822637618e-17  -0.002983060118  0.9999955507  -0.002983055694
18  9  2.228860627e-16  -0.002983720677  0.9999955487  -0.00298371625
18  10  1.435062148e-16  -0.00297935183  0.9999955617  -0.002979347422
18  11  4.129767496e-17  -0.002972648178  0.9999955817  -0.0029726438
18  12  2.956890531e-16  -0.002972932948  0.9999955808  -0.002972928568
18  13  -1.767368242e-16  -0.003005251059  0.9999954842  -0.003005246536
18  14  -2.662597492e-16  -0.003117674621  0.9999951401  -0.00311766957
18  15  6.775971014e-17  -0.003353072622  0.9999943785  -0.003353066339
18  16  -2.776830924e-17  -0.003626413606  0.9999934246  -0.003626405657
18  17  -5.9845376e-17  -0.003586619715  0.9999935681  -0.003586612026
18  18  -3.085029961e-16  -0.002858042809  0.9999959158  -0.002858038918
18  19  -2.879099425e-16  -0.001622966493  0.999998683  -0.00162296578
18  20  -1.132889994e-16  -0.0005647620578  0.9999998405  -0.0005647620278
18  21  1.713160617e-18  -0.0001461279926  0.9999999893  -0.000146127992
18  22  -1.209841666e-16  -0.000285147334  0.9999999593  -0.0002851473301
18  23  1.277214745e-16  -0.0006548671762  0.9999997856  -0.0006548671294
18  24  -3.546102582e-17  -0.001015047694  0.9999994848  -0.00101504752
18  25  4.717487005e-16  -0.001272616941  0.9999991902  -0.001272616597
18  26  -4.586729468e-17  -0.001413177827  0.9999990015  -0.001413177357
18  27  1.817808356e-16  -0.001443096364  0.9999989587  -0.001443095863
18  28  -2.550087094e-16  -0.001364688936  0.9999990688  -0.001364688512
18  29  1.04751898e-16  -0.001171885963  0.9999993133  -0.001171885695
18  30  3.114969676e-16  -0.0008620629804  0.9999996284  -0.0008620628736
18  31  7.762384943e-18  -0.0004740382269  0.9999998876  -0.0004740382092
18  32  -1.199969325e-18  -0.0001601647436  0.9999999872  -0.0001601647429
18  33  -5.352996432e-17  -0.0002292005331  0.9999999737  -0.0002292005311
18  34  1.804786388e-17  -0.0009628004278  0.9999995365  -0.0009628002791
18  35  -1.266246368e-16  -0.002184962884  0.999997613  -0.002184961145
18  36  -1.266246368e-16  -0.002184962884  0.999997613  -0.002184961145

19  0  1.145028901e-16  -0.0001892947436  0.9999999821  -0.0001892947425
19  1  3.142056563e-16  -0.002617956625  0.9999965732  -0.002617953635
19  2  2.638295735e-16  -0.004207732354  0.9999911475  -0.004207719938
19  3  1.499065478e-17  -0.005166113333  0.9999866557  -0.005166090354
19  4  3.039850766e-17  -0.005673653886  0.9999839049  -0.005673623447
19  5  2.08207113e-16  -0.005879430787  0.9999827162  -0.005879396914
19  6  -3.03642624e-16  -0.005913494591  0.9999825153  -0.005913460126
19  7  -9.371898123e-17  -0.005874720569  0.9999827439  -0.005874686778
19  8  2.732081388e-17  -0.00582596398  0.9999830291  -0.005825931023
19  9  -1.518411601e-16  -0.005801193171  0.9999831731  -0.005801160632
19  10  -1.603654998e-17  -0.005814484403  0.9999830959  -0.00581445164
19  11  2.52772933e-16  -0.005864808036  0.9999828021  -0.005864774415
19  12  2.638420354e-16  -0.00593475155  0.9999823894  -0.005934716712
19  13  -1.208334609e-16  -0.00598227874  0.9999821062  -0.005982243058
19  14  -2.673479495e-16  -0.005925883275  0.999982442  -0.005925848593
19  15  -1.399840234e-16  -0.005630986291  0.999984146  -0.005630956533
19  16  -8.669722596e-17  -0.004920816906  0.9999878928  -0.004920797047
19  17  3.848517306e-17  -0.003626413606  0.9999934246  -0.003626405657
19  18  -1.065590067e-17  -0.001622966493  0.999998683  -0.00162296578
19  19  5.578641423e-17  0.001133293471  0.9999993578  0.001133293228
19  20  9.778803225e-17  0.004266073673  0.9999909003  0.004266060733
19  21  2.102925506e-16  0.006515023953  0.9999787773  0.006514977864
19  22  2.699892852e-16  0.00663031198  0.9999780196  0.006630263401
19  23  3.686257352e-17  0.005093962076  0.9999870258  0.005093940046
19  24  1.760172415e-16  0.003309351498  0.9999945241  0.003309345457
19  25  3.785136444e-16  0.001999396232  0.9999980012  0.0019993949
19  26  -8.102270621e-18  0.001237741655  0.999999234  0.001237741339
19  27  7.12812052e-17  0.0009266593565  0.9999995707  0.0009266592238
19  28  2.288543831e-17  0.001003235742  0.9999994968  0.001003235574
19  29  -1.011972896e-16  0.00148335745  0.9999988998  0.001483356906
19  30  1.491397636e-16  0.002453326018  0.9999969906  0.002453323557
19  31  -1.189551657e-16  0.003987059761  0.9999920517  0.003987049197
19  32  1.276737906e-16  0.005846204671  0.999982911  0.005846171369
19  33  -1.887989762e-16  0.006983157083  0.9999756179  0.006983100329
19  34  2.270607792e-17  0.005977017271  0.9999821377  0.005976981683
19  35  2.459785225e-18  0.003019230239  0.9999954421  0.003019225652
19  36  2.459785225e-18  0.003019230239  0.9999954421  0.003019225652

20  0  2.012292428e-16  0.01005311826  0.9999494678  0.01005294892
20  1  9.175081865e-17  0.001717714754  0.9999985247  0.00171771391
20  2  1.856949383e-16  -0.001994909679  0.9999980102  -0.001994908356
20  3  3.055149153e-16  -0.004404696374  0.9999902993  -0.004404682131
20  4  1.811914769e-16  -0.00650254149  0.9999788586  -0.006502495666
20  5  1.380050769e-16  -0.008400100841  0.9999647194  -0.008400002054
20  6  -1.12475865e-16  -0.009964484789  0.9999503549  -0.009964319892
20  7  3.466041777e-17  -0.0110998781  0.999938397  -0.01109965017
20  8  1.459705282e-16  -0.01181752767  0.9999301738  -0.01181725261
20  9  8.555126717e-18  -0.01219251081  0.9999256723  -0.01219220873
20  10  1.74720513e-16  -0.01229500027  0.9999244174  -0.0122946905
20  11  -1.331544386e-16  -0.01214313382  0.9999262731  -0.01214283539
20  12  -4.544273101e-17  -0.01168862208  0.9999316888  -0.01168835593
20  13  -2.811368277e-17  -0.01083727372  0.9999412773  -0.01083706159
20  14  7.207404e-17  -0.009509358537  0.9999547864  -0.009509215219
20  15  -1.953338129e-16  -0.00772425544  0.9999701681  -0.00772417863
20  16  5.241862849e-17  -0.005630986291  0.999984146  -0.005630956533
20  17  1.275466587e-16  -0.003353072622  0.9999943785  -0.003353066339
20  18  2.668507663e-16  -0.0005647620579  0.9999998405  -0.0005647620279
20  19  -5.458680621e-17  0.004266073673  0.9999909003  0.004266060733
20  20  -7.303722479e-17  0.01520106951  0.999884466  0.01520048409
20  21  -4.072434726e-17  0.03749996423  0.9992969587  0.03749117581
20  22  -1.567234159e-16  0.05490887851  0.9984928862  0.05488129109
20  23  -2.605274691e-16  0.04228026186  0.9991063229  0.04226766614
20  24  -1.151615088e-16  0.0248057346  0.9996923535  0.02480319075
20  25  1.791722839e-16  0.01507515815  0.999886372  0.01507458716
20  26  -2.179578012e-16  0.01042351362  0.9999456757  0.01042332487
20  27  -5.590050173e-17  0.008412096542  0.9999646185  0.008411997331
20  28  -1.724050755e-16  0.00800007492  0.9999679996  0.007999989585
20  29  -1.448614214e-16  0.008978591102  0.9999596927  0.008978470467
20  30  1.680759038e-17  0.01180484473  0.9999303236  0.01180457056
20  31  -2.336828911e-16  0.01784489546  0.9998407841  0.01784394838
20  32  2.829282138e-16  0.02964004058  0.9995607662  0.02963570081
20  33  -4.841579464e-17  0.04747883338  0.9988730919  0.04746099728
20  34  1.595726351e-16  0.05289427394  0.998601424  0.05286961275
20  35  2.140907011e-17  0.02985240228  0.9995544501  0.02984796857
20  36  2.140907011e-17  0.02985240228  0.9995544501  0.02984796857

21  0  -2.20108462e-16  0.14629437  0.9893180504  0.145773095
21  1  -6.132540107e-17  0.01941162381  0.9998116003  0.01941040475
21  2  -1.422854406e-16  0.00259128296  0.9999966426  0.00259128006
21  3  1.124929458e-16  -0.001719102606  0.9999985223  -0.001719101759
21  4  1.24642282e-16  -0.004404700501  0.9999902993  -0.004404686258
21  5  -3.148556175e-16  -0.00743061628  0.9999723931  -0.007430547902
21  6  -7.324073684e-17  -0.01130444082  0.9999361055  -0.01130420006
21  7  1.041807457e-16  -0.01599393271  0.9998720998  -0.01599325083
21  8  -3.590386723e-17  -0.02100707259  0.9997793596  -0.02100552756
21  9  3.360739132e-16  -0.02536316714  0.9996783721  -0.02536044792
21  10  -3.487045723e-17  -0.02777998909  0.9996141609  -0.02777641613
21  11  -2.741981741e-16  -0.02731707614  0.9996269119  -0.02731367883
21  12  4.214559574e-16  -0.02409353427  0.9997097648  -0.02409120329
21  13  -4.602591317e-17  -0.01922859343  0.9998151363  -0.01922740853
21  14  -2.672323954e-16  -0.0140596261  0.9999011651  -0.01405916291
21  15  -1.895858659e-16  -0.009509358537  0.9999547864  -0.009509215219
21  16  1.381023178e-16  -0.005925883275  0.999982442  -0.005925848593
21  17  -2.117871146e-16  -0.003117674621  0.9999951401  -0.00311766957
21  18  -9.402055176e-17  -0.0001461279927  0.9999999893  -0.0001461279921
21  19  2.459154618e-16  0.006515023953  0.9999787773  0.006514977864
21  20  1.480548951e-16  0.03749996423  0.9992969587  0.03749117581
21  21  -3.529552481e-17  0.2480850049  0.9693844222  0.2455480442
21  22  -9.169363762e-17  0.3906805824  0.9246500961  0.3808178039
21  23  -9.88445178e-17  0.128378691  0.9917707674  0.1280263447
21  24  -3.250430175e-17  0.04533469692  0.9989725586  0.04531916961
21  25  3.423604933e-17  0.02235284539  0.9997501856  0.02235098401
21  26  -2.487368115e-16  0.01424640756  0.9998985217  0.01424592566
21  27  -2.669511152e-16  0.01102954158  0.9999391752  0.01102931795
21  28  1.751066944e-16  0.009976170999  0.9999502384  0.009976005522
21  29  -1.768256052e-16  0.01036716362  0.9999462614  0.01036697792
21  30  -1.115230456e-16  0.01246063476  0.9999223673  0.0124603123
21  31  9.66689889e-17  0.01783856314  0.9998408971  0.01783761708
21  32  1.44017669e-17  0.03192623984  0.9994904009  0.03192081646
21  33  1.185173655e-16  0.07491545031  0.9971951498  0.07484539499
21  34  2.623901157e-16  0.2092339115  0.9781903264  0.2077105805
21  35  -3.659416431e-17  0.3845047949  0.9269842978  0.3751001354
21  36  -3.659416431e-17  0.3845047949  0.9269842978  0.3751001354

22  0  4.354910654e-17  0.3912389639  0.9244373104  0.381334052
22  1  4.428557274e-17  0.1678644672  0.9859438137  0.1670772163
22  2  -4.716334016e-17  0.02189436152  0.999760328  0.02189261233
22  3  -6.662969052e-17  0.002224401106  0.999997526  0.002224399272
22  4  3.885060092e-17  -0.001746510539  0.9999984749  -0.001746509651
22  5  -2.298218195e-16  -0.004343399109  0.9999905675  -0.004343385453
22  6  -2.004501844e-17  -0.007988590485  0.9999680914  -0.007988505516
22  7  4.318837976e-17  -0.01411153636  0.9999004339  -0.01411106801
22  8  1.365652981e-16  -0.02429533482  0.9997048829  -0.02429294478
22  9  -9.025314511e-18  -0.03941740035  0.9992232349  -0.0394071938
22  10  -1.457082617e-16  -0.05573747978  0.9984470688  -0.05570862463
22  11  7.774405053e-17  -0.06151095272  0.9981087978  -0.06147217127
22  12  1.748819746e-16  -0.05028594729  0.9987359282  -0.05026475716
22  13  -8.678890511e-17  -0.03283021234  0.999461137  -0.03282431513
22  14  -1.877349098e-16  -0.01922859343  0.9998151363  -0.01922740853
22  15  1.187218037e-16  -0.01083727372  0.9999412773  -0.01083706159
22  16  -1.390331476e-17  -0.00598227874  0.9999821062  -0.005982243058
22  17  1.267166372e-17  -0.003005251059  0.9999954842  -0.003005246536
22  18  -2.354373692e-16  -0.0002851473339  0.9999999593  -0.0002851473301
22  19  1.631945432e-17  0.00663031198  0.9999780196  0.006630263401
22  20  1.854235945e-16  0.05490887851  0.9984928862  0.05488129109
22  21  1.363687124e-16  0.3906805824  0.9246500961  0.3808178039
22  22  -1.513205729e-16  0.2615533429  0.9659894781  0.2585813762
22  23  2.645294557e-16  0.04899621379  0.9987999256  0.04897661252
22  24  9.476945205e-17  0.01545382873  0.999880592  0.01545321363
22  25  -3.036708569e-16  0.007124760308  0.999974619  0.007124700031
22  26  -4.07745042e-16  0.004358832476  0.9999905003  0.004358818674
22  27  -5.853893759e-17  0.003348071199  0.9999943952  0.003348064944
22  28  1.699517753e-16  0.0030023741  0.9999954929  0.003002369589
22  29  2.679515385e-16  0.002967264932  0.9999955977  0.002967260578
22  30  -6.834230012e-17  0.003195062952  0.9999948958  0.003195057516
22  31  2.656751513e-16  0.003900115192  0.9999923946  0.003900105304
22  32  -5.741903168e-17  0.005811678748  0.9999831122  0.005811646033
22  33  3.319110501e-16  0.01137289152  0.9999353294  0.01137264636
22  34  2.175020215e-16  0.0320567522  0.9994862263  0.03205126204
22  35  -1.833580984e-16  0.155003093  0.9880110533  0.1543831552
22  36  -1.833580984e-16  0.155003093  0.9880110533  0.1543831552

23  0  -1.932110903e-16  0.02948522156  0.9995653423  0.02948094945
23  1  1.562093096e-17  0.1037854138  0.9946191265  0.1035991948
23  2  -4.825132602e-17  0.07957920155  0.996835246  0.0794952343
23  3  -2.887308565e-16  0.01591168269  0.9998734118  0.01591101127
23  4  -1.462320519e-16  0.001283267619  0.9999991766  0.001283267266
23  5  9.638870604e-17  -0.001895377349  0.9999982038  -0.001895376214
23  6  5.876867103e-17  -0.004274258988  0.9999908654  -0.004274245973
23  7  1.834270029e-17  -0.008272451826  0.9999657835  -0.008272357474
23  8  6.721694778e-17  -0.0164787595  0.9998642283  -0.01647801371
23  9  1.269987776e-16  -0.03396898451  0.9994231095  -0.03396245213
23  10  -8.459288625e-17  -0.06690221982  0.9977628811  -0.06685232297
23  11  1.511768883e-16  -0.1005950558  0.9949445827  -0.100425482
23  12  -1.089336054e-16  -0.08946965892  0.9960002592  -0.08935034193
23  13  -3.476851538e-16  -0.05028594729  0.9987359282  -0.05026475716
23  14  2.326632536e-17  -0.02409353427  0.9997097648  -0.02409120329
23  15  5.021322524e-17  -0.01168862208  0.9999316888  -0.01168835593
23  16  -3.342294876e-16  -0.00593475155  0.9999823894  -0.005934716712
23  17  -1.644732191e-16  -0.002972932948  0.9999955808  -0.002972928568
23  18  -5.419681813e-17  -0.0006548671763  0.9999997856  -0.0006548671295
23  19  1.301325851e-17  0.005093962076  0.9999870258  0.005093940046
23  20  1.297694038e-16  0.04228026186  0.9991063229  0.04226766614
23  21  8.256902676e-17  0.128378691  0.9917707674  0.1280263447
23  22  2.668431689e-16  0.04899621379  0.9987999256  0.04897661253
23  23  1.482998049e-16  0.01051760003  0.9999446906  0.01051740612
23  24  1.36671358e-16  0.001847590475  0.9999982932  0.001847589424
23  25  -1.885598949e-16  -0.0006481652904  0.9999997899  -0.000648165245
23  26  1.010690677e-16  -0.001315229279  0.9999991351  -0.0013152289
23  27  5.794299986e-17  -0.001354040892  0.9999990833  -0.001354040479
23  28  4.395808641e-17  -0.001229361237  0.9999992443  -0.001229360927
23  29  2.551610759e-16  -0.001142414221  0.9999993474  -0.001142413973
23  30  -1.775406513e-16  -0.001162849601  0.9999993239  -0.001162849339
23  31  2.708306798e-16  -0.001266143375  0.9999991984  -0.001266143036
23  32  1.235365713e-16  -0.001318016297  0.9999991314  -0.001318015915
23  33  -1.398279642e-16  -0.0009866807584  0.9999995132  -0.0009866805983
23  34  3.977308631e-16  0.0005580591969  0.9999998443  0.000558059168
23  35  -4.19616119e-17  0.006039122002  0.9999817646  0.006039085293
23  36  -4.19616119e-17  0.006039122002  0.9999817646  0.006039085293

24  0  -1.865609921e-16  -0.0003946387179  0.9999999221  -0.0003946387076
24  1  -2.043055398e-17  0.008354228438  0.9999651036  0.00835413126
24  2  -2.664399623e-16  0.03371924963  0.99943156  0.03371286026
24  3  -2.95751873e-16  0.03735822689  0.9993022626  0.03734953774
24  4  5.25184018e-17  0.009970474395  0.9999502952  0.009970309201
24  5  -1.639866487e-16  0.0003983635513  0.9999999207  0.0003983635407
24  6  -1.794756221e-16  -0.002045157909  0.9999979087  -0.002045156483
24  7  1.852375244e-16  -0.004217147391  0.9999911078  -0.004217134892
24  8  3.749457148e-16  -0.008391444876  0.999964792  -0.008391346394
24  9  1.800673993e-16  -0.01807399853  0.9998366697  -0.01807301451
24  10  3.270741087e-16  -0.04137442598  0.9991442005  -0.04136262257
24  11  1.22851372e-16  -0.08380108968  0.9964907431  -0.08370304021
24  12  1.931598582e-16  -0.1005950558  0.9949445827  -0.100425482
24  13  -1.283911143e-16  -0.06151095272  0.9981087978  -0.06147217127
24  14  -5.480800918e-17  -0.02731707614  0.9996269119  -0.02731367883
24  15  -5.109170047e-17  -0.01214313382  0.9999262731  -0.01214283539
24  16  -1.954071427e-17  -0.005864808036  0.9999828021  -0.005864774415
24  17  8.575887156e-17  -0.002972648178  0.9999955817  -0.0029726438
24  18  1.315329768e-16  -0.001015047694  0.9999994848  -0.00101504752
24  19  1.855720464e-16  0.003309351498  0.9999945241  0.003309345457
24  20  1.081803904e-16  0.0248057346  0.9996923535  0.02480319075
24  21  8.1161143e-17  0.04533469693  0.9989725586  0.04531916961
24  22  -2.016915572e-16  0.01545382873  0.999880592  0.01545321363
24  23  5.377787582e-17  0.001847590475  0.9999982932  0.001847589424
24  24  6.717546772e-17  -0.002349921414  0.9999972389  -0.002349919251
24  25  3.765783272e-16  -0.003822301665  0.999992695  -0.003822292358
24  26  3.372205258e-16  -0.004181933066  0.9999912557  -0.004181920876
24  27  1.22247108e-16  -0.004035792476  0.9999918562  -0.004035781521
24  28  -1.248914281e-16  -0.003737163473  0.9999930168  -0.003737154774
24  29  -2.589984851e-17  -0.003504421176  0.9999938595  -0.003504414003
24  30  -7.207903263e-17  -0.003449088704  0.9999940519  -0.003449081865
24  31  -1.10314323e-16  -0.003593171414  0.9999935446  -0.003593163682
24  32  6.979883608e-17  -0.003872658273  0.9999925013  -0.003872648593
24  33  -2.246251472e-16  -0.004123425412  0.9999914987  -0.004123413727
24  34  1.855165534e-16  -0.004053187717  0.9999917858  -0.004053176619
24  35  -5.800140649e-17  -0.003171869694  0.9999949696  -0.003171864375
24  36  -5.800140649e-17  -0.003171869694  0.9999949696  -0.003171864375

25  0  -7.695015524e-17  -0.004691120179  0.9999889967  -0.004691102973
25  1  1.291606116e-16  -0.002334601967  0.9999972748  -0.002334599847
25  2  2.155990307e-16  0.00306706674  0.9999952966  0.003067061932
25  3  -3.509116601e-17  0.01606266132  0.9998709982  0.01606197061
25  4  -5.128558884e-17  0.02082399331  0.9997831885  0.02082248833
25  5  -8.077116526e-17  0.006344711607  0.9999798724  0.006344669039
25  6  -3.680283206e-16  -0.0002124045034  0.9999999774  -0.0002124045018
25  7  4.578203121e-17  -0.002150509327  0.9999976877  -0.002150507669
25  8  2.098204816e-16  -0.004180386546  0.9999912622  -0.00418037437
25  9  1.947397013e-16  -0.008429342291  0.9999644733  -0.008429242469
25  10  1.996623412e-16  -0.01863940094  0.9998262914  -0.01863832165
25  11  -4.328183643e-16  -0.04137442598  0.9991442005  -0.04136262257
25  12  2.823729624e-17  -0.06690221982  0.9977628811  -0.06685232297
25  13  3.444485371e-16  -0.05573747978  0.9984470688  -0.05570862463
25  14  2.659273911e-17  -0.02777998909  0.9996141609  -0.02777641613
25  15  -1.101583431e-16  -0.01229500027  0.9999244174  -0.0122946905
25  16  -2.438442541e-16  -0.005814484403  0.9999830959  -0.00581445164
25  17  1.535747628e-16  -0.00297935183  0.9999955617  -0.002979347422
25  18  -5.34709453e-17  -0.001272616941  0.9999991902  -0.001272616597
25  19  -3.457405062e-16  0.001999396232  0.9999980012  0.0019993949
25  20  1.404348847e-16  0.01507515815  0.999886372  0.01507458716
25  21  -5.442750823e-17  0.02235284539  0.9997501856  0.02235098401
25  22  -1.019017173e-17  0.007124760309  0.999974619  0.007124700031
25  23  -2.126080333e-16  -0.0006481652902  0.9999997899  -0.0006481652448
25  24  -1.956160663e-16  -0.003822301665  0.999992695  -0.003822292358
25  25  4.987066162e-16  -0.005388422383  0.9999854825  -0.005388396307
25  26  3.512791981e-16  -0.006074166326  0.9999815523  -0.006074128974
25  27  1.651109697e-16  -0.00616169045  0.9999810168  -0.006161651461
25  28  -2.656179234e-16  -0.005920792824  0.9999824722  -0.005920758231
25  29  1.69927898e-16  -0.005618563358  0.9999842159  -0.005618533796
25  30  -6.35147308e-17  -0.005450255639  0.9999851474  -0.005450228655
25  31  -2.195312804e-16  -0.005503692971  0.9999848547  -0.005503665186
25  32  2.373098406e-16  -0.005752596721  0.9999834539  -0.005752564993
25  33  4.074809041e-17  -0.006056125602  0.9999816617  -0.006056088582
25  34  3.742931218e-17  -0.006172619586  0.9999809494  -0.006172580389
25  35  -3.808935542e-16  -0.005812814918  0.9999831056  -0.005812782184
25  36  -3.808935542e-16  -0.005812814918  0.9999831056  -0.005812782184

26  0  1.453649488e-16  -0.006802476114  0.9999768632  -0.006802423651
26  1  1.22210249e-16  -0.005183357637  0.9999865664  -0.005183334427
26  2  1.803634048e-16  -0.002801862785  0.9999960748  -0.002801859119
26  3  -2.003748332e-16  0.001425436659  0.9999989841  0.001425436176
26  4  -2.32257566e-17  0.0100955328  0.9999490405  0.01009536131
26  5  -1.138461555e-16  0.01396152432  0.9999025395  0.01396107075
26  6  -1.284871092e-16  0.004447341709  0.9999901106  0.004447327048
26  7  1.675583391e-16  -0.0005500922941  0.9999998487  -0.0005500922664
26  8  2.479450582e-17  -0.002202706506  0.999997574  -0.002202704725
26  9  3.770007247e-16  -0.004167755873  0.9999913149  -0.004167743807
26  10  1.269976244e-17  -0.008429342291  0.9999644733  -0.008429242469
26  11  -5.719095979e-17  -0.01807399853  0.9998366697  -0.01807301451
26  12  -3.630478419e-16  -0.03396898451  0.9994231095  -0.03396245213
26  13  7.009975089e-17  -0.03941740035  0.9992232349  -0.0394071938
26  14  1.169343016e-16  -0.02536316714  0.9996783721  -0.02536044792
26  15  3.180851016e-16  -0.01219251081  0.9999256723  -0.01219220873
26  16  -8.852128702e-17  -0.005801193171  0.9999831731  -0.005801160632
26  17  2.010902525e-16  -0.002983720677  0.9999955487  -0.00298371625
26  18  2.459835807e-17  -0.001413177827  0.9999990015  -0.001413177357
26  19  -2.19292918e-16  0.001237741655  0.999999234  0.001237741339
26  20  2.395057392e-16  0.01042351362  0.9999456757  0.01042332487
26  21  -9.707562044e-17  0.01424640756  0.9998985217  0.01424592566
26  22  -1.580017422e-16  0.004358832476  0.9999905003  0.004358818674
26  23  -3.506098023e-17  -0.001315229279  0.9999991351  -0.0013152289
26  24  5.041576761e-17  -0.004181933066  0.9999912557  -0.004181920876
26  25  2.107513198e-17  -0.006074166326  0.9999815523  -0.006074128974
26  26  -1.29772157e-17  -0.007367744773  0.9999728583  -0.007367678116
26  27  -6.42479018e-17  -0.008065780513  0.9999674718  -0.008065693057
26  28  1.239728027e-16  -0.008226554211  0.9999661621  -0.008226461421
26  29  2.137496548e-16  -0.008065839652  0.9999674713  -0.008065752194
26  30  7.679361587e-17  -0.007858551566  0.9999691217  -0.00785847068
26  31  -2.23500168e-16  -0.007802454455  0.999969561  -0.007802375289
26  32  1.862651204e-16  -0.007943919949  0.9999684472  -0.007943836398
26  33  -9.926866687e-17  -0.008162966141  0.9999666832  -0.008162875486
26  34  3.035988839e-16  -0.008208631947  0.9999663094  -0.008208539762
26  35  4.918182666e-17  -0.007806463443  0.9999695297  -0.007806384155
26  36  4.918182666e-17  -0.007806463443  0.9999695297  -0.007806384155

27  0  2.741537328e-16  -0.008940687369  0.9999600323  -0.008940568255
27  1  -1.172413123e-16  -0.007160246443  0.9999743655  -0.00716018526
27  2  7.039600716e-17  -0.005113920847  0.9999869239  -0.005113898557
27  3  2.183605158e-17  -0.002717016867  0.9999963089  -0.002717013524
27  4  1.584624916e-16  0.0009306947788  0.9999995669  0.0009306946444
27  5  -1.808579512e-16  0.007757715994  0.9999699091  0.007757638182
27  6  -3.450466658e-17  0.01108550862  0.9999385564  0.01108528158
27  7  -1.411108182e-16  0.003646341237  0.9999933521  0.003646333157
27  8  -5.293394208e-17  -0.0006565872169  0.9999997844  -0.0006565871698
27  9  -1.416790925e-16  -0.002202706506  0.999997574  -0.002202704725
27  10  4.284431009e-17  -0.004180386546  0.9999912622  -0.00418037437
27  11  2.665633891e-16  -0.008391444876  0.999964792  -0.008391346394
27  12  6.147363696e-17  -0.0164787595  0.9998642283  -0.01647801371
27  13  -1.930107766e-16  -0.02429533482  0.9997048829  -0.02429294478
27  14  -2.000452489e-16  -0.02100707259  0.9997793596  -0.02100552756
27  15  -9.874945598e-17  -0.01181752767  0.9999301738  -0.01181725261
27  16  -2.959694138e-16  -0.00582596398  0.9999830291  -0.005825931023
27  17  -1.716937631e-16  -0.002983060118  0.9999955507  -0.002983055694
27  18  -3.173396745e-16  -0.001443096364  0.9999989587  -0.001443095863
27  19  -2.451576049e-16  0.0009266593565  0.9999995707  0.0009266592239
27  20  -2.438435902e-16  0.008412096542  0.9999646185  0.008411997331
27  21  -1.028976905e-16  0.01102954158  0.9999391752  0.01102931795
27  22  -1.976643489e-16  0.003348071199  0.9999943952  0.003348064944
27  23  -9.3724085e-17  -0.001354040892  0.9999990833  -0.001354040479
27  24  -4.221344053e-16  -0.004035792476  0.9999918562  -0.004035781521
27  25  1.297940802e-16  -0.00616169045  0.9999810168  -0.00616165146
27  26  -7.110855293e-17  -0.008065780513  0.9999674718  -0.008065693057
27  27  2.712258289e-16  -0.009636192624  0.9999535723  -0.009636043494
27  28  -1.160319362e-17  -0.01066234721  0.9999431577  -0.01066214518
27  29  -1.24671085e-17  -0.01109642299  0.9999384353  -0.01109619528
27  30  -2.164566051e-16  -0.01113659878  0.9999379887  -0.01113636858
27  31  -4.985847343e-17  -0.01107770021  0.9999386429  -0.01107747364
27  32  2.864824689e-17  -0.01109748816  0.9999384235  -0.01109726038
27  33  2.517123557e-16  -0.01114287818  0.9999379188  -0.01114264759
27  34  -4.315582724e-17  -0.01095856097  0.9999399556  -0.01095834163
27  35  -3.534217307e-16  -0.01025697785  0.9999473977  -0.010256798
27  36  -3.534217307e-16  -0.01025697785  0.9999473977  -0.010256798

28  0  -3.354732601e-16  -0.01191217649  0.9999290509  -0.01191189477
28  1  1.168062638e-16  -0.009488908162  0.9999549806  -0.009488765766
28  2  6.098048538e-17  -0.00707260386  0.9999749892  -0.007072544896
28  3  -3.026901605e-16  -0.004815453865  0.9999884057  -0.004815435255
28  4  2.719503825e-16  -0.00249362455  0.9999968909  -0.002493621965
28  5  -4.105468167e-17  0.00081446867  0.9999996683  0.0008144685799
28  6  1.090677044e-16  0.006902649188  0.9999761768  0.006902594374
28  7  -2.248527693e-17  0.01028249438  0.9999471356  0.01028231319
28  8  -1.679420158e-16  0.003646341237  0.9999933521  0.003646333157
28  9  -2.917760289e-16  -0.0005500922941  0.9999998487  -0.0005500922663
28  10  1.130809032e-16  -0.002150509327  0.9999976877  -0.002150507669
28  11  -1.354194879e-17  -0.004217147391  0.9999911078  -0.004217134892
28  12  -1.308949792e-16  -0.008272451826  0.9999657835  -0.008272357474
28  13  -1.75750016e-16  -0.01411153636  0.9999004339  -0.01411106801
28  14  -1.812222731e-16  -0.01599393271  0.9998720998  -0.01599325083
28  15  -5.021484523e-17  -0.0110998781  0.999938397  -0.01109965017
28  16  -1.989910659e-16  -0.005874720569  0.9999827439  -0.005874686777
28  17  -8.443303924e-18  -0.002977268619  0.9999955679  -0.00297726422
28  18  -2.190046738e-17  -0.001364688936  0.9999990688  -0.001364688512
28  19  -2.010194744e-16  0.001003235742  0.9999994968  0.001003235574
28  20  -2.014093694e-16  0.00800007492  0.9999679996  0.007999989585
28  21  1.363036644e-16  0.009976170999  0.9999502384  0.009976005522
28  22  5.354669469e-17  0.0030023741  0.9999954929  0.003002369589
28  23  -1.467840294e-16  -0.001229361237  0.9999992443  -0.001229360927
28  24  -3.779877177e-16  -0.003737163473  0.9999930168  -0.003737154774
28  25  -5.908137071e-17  -0.005920792823  0.9999824722  -0.005920758231
28  26  -2.824069793e-16  -0.008226554211  0.9999661621  -0.008226461421
28  27  -7.490187158e-18  -0.01066234721  0.9999431577  -0.01066214518
28  28  2.398635409e-16  -0.01294658991  0.9999161941  -0.01294622825
28  29  1.823177725e-16  -0.01468637428  0.9998921571  -0.01468584633
28  30  -2.859674824e-16  -0.0156783758  0.9998770968  -0.01567773349
28  31  2.564740824e-16  -0.0160619801  0.9998710092  -0.01606128948
28  32  2.471083187e-16  -0.01611582458  0.9998701429  -0.01611512699
28  33  2.903131144e-16  -0.01592952294  0.9998731278  -0.01592884927
28  34  -2.116038723e-16  -0.01530062253  0.9998829478  -0.01530002553
28  35  -1.479234282e-16  -0.01396041468  0.999902555  -0.01395996122
28  36  -1.479234282e-16  -0.01396041468  0.999902555  -0.01395996122

29  0  -1.626429323e-16  -0.01670253175  0.999860516  -0.01670175516
29  1  -4.24781238e-17  -0.01293434985  0.9999163525  -0.0129339892
29  2  -2.328841335e-16  -0.009563182118  0.9999542731  -0.009563036353
29  3  -4.425483778e-16  -0.006807281268  0.9999768306  -0.006807228694
29  4  -1.485742426e-16  -0.004537428443  0.9999897059  -0.004537412873
29  5  -3.464538594e-17  -0.002338362676  0.999997266  -0.002338360545
29  6  1.340912079e-16  0.0007997948818  0.9999996802  0.0007997947966
29  7  -5.385426028e-17  0.006902649188  0.9999761768  0.006902594373
29  8  1.570710976e-16  0.01108550862  0.9999385564  0.01108528158
29  9  6.697013891e-17  0.004447341709  0.9999901106  0.004447327049
29  10  7.996953552e-17  -0.0002124045034  0.9999999774  -0.0002124045018
29  11  -9.437582674e-17  -0.002045157909  0.9999979087  -0.002045156483
29  12  8.294430254e-17  -0.004274258988  0.9999908654  -0.004274245973
29  13  -1.821585599e-16  -0.007988590485  0.9999680914  -0.007988505516
29  14  6.947857275e-18  -0.01130444082  0.9999361055  -0.01130420006
29  15  -8.086760837e-17  -0.009964484789  0.9999503549  -0.009964319892
29  16  2.033923557e-16  -0.005913494591  0.9999825153  -0.005913460126
29  17  -1.355764564e-17  -0.002969728793  0.9999955904  -0.002969724428
29  18  -4.98099131e-17  -0.001171885963  0.9999993133  -0.001171885695
29  19  2.936238153e-16  0.00148335745  0.9999988998  0.001483356906
29  20  -2.456035884e-16  0.008978591102  0.9999596927  0.008978470467
29  21  -8.920415252e-17  0.01036716362  0.9999462614  0.01036697792
29  22  -6.475039075e-17  0.002967264932  0.9999955977  0.002967260578
29  23  3.082568707e-17  -0.001142414221  0.9999993474  -0.001142413973
29  24  -2.168419578e-16  -0.003504421176  0.9999938595  -0.003504414003
29  25  1.288962023e-16  -0.005618563357  0.9999842159  -0.005618533796
29  26  2.288136797e-16  -0.008065839651  0.9999674713  -0.008065752194
29  27  6.392403728e-17  -0.01109642299  0.9999384353  -0.01109619528
29  28  3.329080207e-17  -0.01468637428  0.9998921571  -0.01468584633
29  29  2.714952062e-16  -0.01843082404  0.9998301572  -0.01842978058
29  30  4.808416215e-17  -0.02161476564  0.99976641  -0.02161308262
29  31  -4.223377425e-16  -0.0236550804  0.9997202316  -0.02365287438
29  32  5.224231969e-17  -0.02446923633  0.9997006432  -0.02446679461
29  33  4.512364385e-16  -0.02421666316  0.9997067909  -0.02421429627
29  34  -8.738810849e-17  -0.02285027815  0.9997389438  -0.02284828971
29  35  -1.644917074e-16  -0.02024666139  0.9997950434  -0.02024527814
29  36  -1.644917074e-16  -0.02024666139  0.9997950434  -0.02024527814

30  0  2.383713741e-18  -0.02520325478  0.9996824148  -0.02520058666
30  1  1.187422145e-16  -0.01868488425  0.9998254426  -0.01868379704
30  2  8.638064387e-18  -0.01335855831  0.9999107758  -0.013358161
30  3  -1.548037439e-16  -0.009434983017  0.9999554909  -0.009434843036
30  4  -1.759412401e-16  -0.006607042499  0.9999781736  -0.006606994429
30  5  3.773458798e-17  -0.004428658637  0.9999901935  -0.004428644161
30  6  1.599448363e-16  -0.002338362676  0.999997266  -0.002338360545
30  7  -7.812763146e-17  0.0008144686701  0.9999996683  0.00081446858
30  8  1.481578215e-16  0.007757715995  0.9999699091  0.007757638183
30  9  2.216347311e-16  0.01396152432  0.9999025395  0.01396107075
30  10  2.963356693e-16  0.006344711607  0.9999798724  0.006344669039
30  11  2.260980772e-17  0.0003983635512  0.9999999207  0.0003983635407
30  12  -1.243403186e-16  -0.001895377349  0.9999982038  -0.001895376214
30  13  -3.170269641e-16  -0.004343399109  0.9999905675  -0.004343385453
30  14  -1.453640277e-16  -0.00743061628  0.9999723931  -0.007430547901
30  15  -7.559019509e-17  -0.008400100841  0.9999647194  -0.008400002054
30  16  2.115231381e-16  -0.005879430787  0.9999827162  -0.005879396914
30  17  2.402434737e-17  -0.00297328892  0.9999955798  -0.002973284539
30  18  1.20693697e-16  -0.0008620629804  0.9999996284  -0.0008620628737
30  19  4.526507716e-16  0.002453326018  0.9999969906  0.002453323557
30  20  -2.189771317e-16  0.01180484473  0.9999303236  0.01180457056
30  21  -8.636885078e-17  0.01246063476  0.9999223673  0.0124603123
30  22  3.43499047e-17  0.003195062952  0.9999948958  0.003195057516
30  23  2.946364357e-16  -0.001162849601  0.9999993239  -0.001162849339
30  24  -2.56536461e-16  -0.003449088704  0.9999940519  -0.003449081865
30  25  -3.018076593e-16  -0.005450255639  0.9999851474  -0.005450228655
30  26  -2.481630748e-16  -0.007858551566  0.9999691217  -0.00785847068
30  27  -3.133605792e-16  -0.01113659878  0.9999379887  -0.01113636858
30  28  1.31413554e-17  -0.0156783758  0.9998770968  -0.01567773349
30  29  7.866031093e-17  -0.02161476564  0.99976641  -0.02161308262
30  30  -1.188119367e-16  -0.02834401082  0.9995983354  -0.02834021579
30  31  -2.51468675e-16  -0.03433477061  0.9994106197  -0.03432802493
30  32  1.245934552e-16  -0.03800353574  0.9992779525  -0.03799438851
30  33  8.780612714e-17  -0.03875557664  0.9992490966  -0.03874587559
30  34  -1.624750256e-16  -0.03660591388  0.9993300783  -0.03659773915
30  35  -1.14252274e-16  -0.03174628479  0.999496129  -0.0317409526
30  36  -1.14252274e-16  -0.03174628479  0.999496129  -0.0317409526

31  0  -1.211650993e-16  -0.04089453371  0.9991639351  -0.04088313625
31  1  -2.982886882e-17  -0.0290272531  0.9995787389  -0.02902317697
31  2  -6.015417543e-17  -0.01974083364  0.9998051561  -0.0197395515
31  3  -3.132549241e-16  -0.01345190485  0.9999095245  -0.01345149915
31  4  -1.830398533e-16  -0.009359097955  0.999956204  -0.009358961324
31  5  -1.678326165e-16  -0.006607042499  0.9999781736  -0.006606994429
31  6  9.526180458e-17  -0.004537428443  0.9999897059  -0.004537412873
31  7  3.838268437e-17  -0.00249362455  0.9999968909  -0.002493621965
31  8  7.416693928e-17  0.000930694779  0.9999995669  0.0009306946446
31  9  -1.676624198e-16  0.0100955328  0.9999490405  0.01009536131
31  10  -1.275792132e-16  0.02082399331  0.9997831885  0.02082248833
31  11  3.850732007e-17  0.009970474394  0.9999502952  0.0099703092
31  12  4.013963388e-16  0.001283267619  0.9999991766  0.001283267266
31  13  -5.464768211e-17  -0.001746510539  0.9999984749  -0.001746509651
31  14  -3.22509325e-16  -0.004404700501  0.9999902993  -0.004404686258
31  15  9.576592282e-17  -0.00650254149  0.9999788586  -0.006502495666
31  16  1.500723647e-16  -0.005673653886  0.9999839049  -0.005673623447
31  17  2.027023298e-16  -0.003020099963  0.9999954395  -0.003020095372
31  18  -2.069149835e-16  -0.000474038227  0.9999998876  -0.0004740382092
31  19  2.081179499e-16  0.003987059761  0.9999920517  0.003987049198
31  20  -2.714204435e-17  0.01784489546  0.9998407841  0.01784394838
31  21  2.909618629e-16  0.01783856314  0.9998408971  0.01783761708
31  22  -6.14511298e-17  0.003900115192  0.9999923946  0.003900105304
31  23  3.506792738e-16  -0.001266143375  0.9999991984  -0.001266143036
31  24  6.490562712e-17  -0.003593171414  0.9999935446  -0.003593163682
31  25  -1.582576496e-16  -0.005503692971  0.9999848547  -0.005503665186
31  26  -2.337042194e-16  -0.007802454455  0.999969561  -0.007802375289
31  27  -2.938781944e-16  -0.01107770021  0.9999386429  -0.01107747364
31  28  1.376709001e-16  -0.0160619801  0.9998710092  -0.01606128948
31  29  -1.440150846e-16  -0.0236550804  0.9997202316  -0.02365287438
31  30  -1.601282347e-16  -0.03433477061  0.9994106197  -0.03432802493
31  31  9.229415997e-17  -0.04664050866  0.9989125286  -0.0466236007
31  32  -9.840830777e-17  -0.05662281693  0.9983973566  -0.05659256497
31  33  3.212024614e-16  -0.06105682198  0.9981366112  -0.06101889307
31  34  2.75976511e-16  -0.05955487216  0.9982271327  -0.05951967371
31  35  1.476184359e-16  -0.05235054331  0.9986300232  -0.05232663479
31  36  1.476184359e-16  -0.05235054331  0.9986300232  -0.05232663479

32  0  2.858168639e-16  -0.0660863916  0.9978170891  -0.06603829769
32  1  -9.025377909e-18  -0.04743795061  0.9988750314  -0.04742016054
32  2  1.279060473e-16  -0.03098645772  0.9995199581  -0.0309814993
32  3  1.769016091e-16  -0.02004725129  0.9997990606  -0.02004590851
32  4  -9.957028837e-17  -0.01345190485  0.9999095245  -0.01345149915
32  5  2.186391237e-16  -0.009434983017  0.9999554909  -0.009434843036
32  6  2.340744241e-16  -0.006807281268  0.9999768306  -0.006807228694
32  7  -1.348453044e-16  -0.004815453865  0.9999884057  -0.004815435255
32  8  1.792214681e-16  -0.002717016867  0.9999963089  -0.002717013524
32  9  -1.399758222e-16  0.001425436659  0.9999989841  0.001425436176
32  10  6.013993774e-17  0.01606266132  0.9998709982  0.01606197061
32  11  4.148321408e-17  0.03735822689  0.9993022626  0.03734953774
32  12  7.775538665e-17  0.01591168269  0.9998734118  0.01591101127
32  13  1.372156567e-16  0.002224401106  0.999997526  0.002224399272
32  14  1.352330926e-16  -0.001719102606  0.9999985223  -0.001719101759
32  15  7.354778064e-17  -0.004404696374  0.9999902993  -0.004404682131
32  16  -8.398406062e-18  -0.005166113333  0.9999866557  -0.005166090354
32  17  1.507728004e-16  -0.003160338089  0.9999950061  -0.003160332829
32  18  -2.28593021e-16  -0.0001601647436  0.9999999872  -0.0001601647429
32  19  4.343320378e-16  0.005846204671  0.999982911  0.005846171369
32  20  -1.916239486e-16  0.02964004058  0.9995607662  0.02963570081
32  21  -1.834871796e-16  0.03192623984  0.9994904009  0.03192081646
32  22  1.385539882e-16  0.005811678748  0.9999831122  0.005811646033
32  23  2.331366408e-16  -0.001318016297  0.9999991314  -0.001318015915
32  24  -8.551849638e-17  -0.003872658273  0.9999925013  -0.003872648593
32  25  -9.293094912e-17  -0.005752596721  0.9999834539  -0.005752564993
32  26  -1.856921224e-16  -0.007943919949  0.9999684472  -0.007943836398
32  27  -8.923651679e-17  -0.01109748816  0.9999384235  -0.01109726038
32  28  -2.372252212e-17  -0.01611582458  0.9998701429  -0.01611512699
32  29  -2.333812632e-16  -0.02446923633  0.9997006432  -0.02446679461
32  30  3.444308126e-17  -0.03800353574  0.9992779525  -0.03799438851
32  31  3.891677328e-17  -0.05662281693  0.9983973566  -0.05659256497
32  32  -2.405403978e-16  -0.07411220523  0.9972549473  -0.07404437885
32  33  8.90336826e-17  -0.08267146612  0.9965846602  -0.08257732763
32  34  -1.085343757e-16  -0.08345849863  0.9965193605  -0.08336164649
32  35  8.090775188e-17  -0.078895331  0.9968893774  -0.07881350948
32  36  8.090775188e-17  -0.078895331  0.9968893774  -0.07881350948

33  0  2.69022734e-16  -0.08603258193  0.9963014795  -0.08592649133
33  1  4.774628727e-17  -0.07279458196  0.9973516442  -0.07273030862
33  2  2.609171864e-16  -0.04969194133  0.9987656095  -0.04967149323
33  3  2.840965183e-16  -0.03098645772  0.9995199581  -0.0309814993
33  4  -4.593323206e-18  -0.01974083364  0.9998051561  -0.0197395515
33  5  2.936592333e-16  -0.01335855831  0.9999107758  -0.013358161
33  6  1.852715326e-17  -0.009563182118  0.9999542731  -0.009563036353
33  7  -1.584084816e-16  -0.00707260386  0.9999749892  -0.007072544896
33  8  2.19101715e-16  -0.005113920847  0.9999869239  -0.005113898557
33  9  5.931546912e-18  -0.002801862785  0.9999960748  -0.002801859119
33  10  -2.36280274e-16  0.00306706674  0.9999952966  0.003067061931
33  11  1.234189153e-17  0.03371924963  0.99943156  0.03371286026
33  12  -2.222837752e-17  0.07957920156  0.996835246  0.0794952343
33  13  7.275108126e-17  0.02189436152  0.999760328  0.02189261233
33  14  4.077344783e-16  0.00259128296  0.9999966426  0.002591280061
33  15  3.280284787e-16  -0.001994909679  0.9999980102  -0.001994908356
33  16  2.138735023e-16  -0.004207732354  0.9999911475  -0.004207719938
33  17  7.545357145e-18  -0.003401405029  0.9999942152  -0.00340139847
33  18  1.547720042e-16  -0.0002292005331  0.9999999737  -0.0002292005311
33  19  2.422421073e-16  0.006983157083  0.9999756179  0.006983100328
33  20  -1.836880158e-18  0.04747883338  0.9988730919  0.04746099728
33  21  2.171239885e-17  0.07491545031  0.9971951498  0.074845395
33  22  -1.326061134e-16  0.01137289152  0.9999353294  0.01137264636
33  23  3.550710874e-18  -0.0009866807584  0.9999995132  -0.0009866805983
33  24  1.178881871e-16  -0.004123425412  0.9999914987  -0.004123413727
33  25  1.796060238e-16  -0.006056125602  0.9999816617  -0.006056088582
33  26  2.468508472e-18  -0.008162966141  0.9999666832  -0.008162875486
33  27  6.361079386e-17  -0.01114287818  0.9999379188  -0.01114264759
33  28  6.799293933e-18  -0.01592952294  0.9998731278  -0.01592884927
33  29  7.308536614e-17  -0.02421666316  0.9997067909  -0.02421429627
33  30  1.911717451e-16  -0.03875557664  0.9992490966  -0.03874587559
33  31  -5.938169822e-17  -0.06105682198  0.9981366112  -0.06101889307
33  32  -7.036301359e-17  -0.08267146612  0.9965846602  -0.08257732763
33  33  -2.216608537e-16  -0.0883867071  0.9960964373  -0.08827166946
33  34  -4.376290855e-16  -0.08439677953  0.9964407052  -0.08429662475
33  35  2.129587876e-16  -0.08510510852  0.9963807455  -0.08500241138
33  36  2.129587876e-16  -0.08510510852  0.9963807455  -0.08500241138

34  0  -2.655444099e-16  -0.07580493054  0.9971281819  -0.07573235065
34  1  1.088282328e-16  -0.08611128544  0.9962947137  -0.08600490349
34  2  2.050351238e-16  -0.07279458196  0.9973516442  -0.07273030862
34  3  -3.804675651e-17  -0.04743795061  0.9988750314  -0.04742016054
34  4  7.953000452e-17  -0.0290272531  0.9995787389  -0.02902317697
34  5  1.496343163e-16  -0.01868488425  0.9998254426  -0.01868379704
34  6  1.96524418e-16  -0.01293434985  0.9999163525  -0.0129339892
34  7  1.152430062e-16  -0.009488908162  0.9999549806  -0.009488765766
34  8  -5.783679856e-17  -0.007160246443  0.9999743655  -0.00716018526
34  9  1.05162077e-16  -0.005183357637  0.9999865664  -0.005183334427
34  10  -1.334015431e-16  -0.002334601967  0.9999972748  -0.002334599847
34  11  -9.853179749e-17  0.008354228438  0.9999651036  0.00835413126
34  12  -6.703391089e-18  0.1037854137  0.9946191265  0.1035991948
34  13  -2.730739579e-16  0.1678644672  0.9859438137  0.1670772163
34  14  -2.906050628e-16  0.01941162381  0.9998116003  0.01941040475
34  15  -4.308135735e-16  0.001717714755  0.9999985247  0.00171771391
34  16  2.341584089e-16  -0.002617956625  0.9999965732  -0.002617953635
34  17  2.764505776e-16  -0.003555609408  0.9999936788  -0.003555601916
34  18  2.399919708e-17  -0.000962800428  0.9999995365  -0.0009628002792
34  19  1.241506057e-16  0.005977017271  0.9999821377  0.005976981684
34  20  2.659241667e-16  0.05289427394  0.998601424  0.05286961275
34  21  1.763787243e-16  0.2092339115  0.9781903264  0.2077105805
34  22  -5.336175092e-17  0.0320567522  0.9994862263  0.03205126204
34  23  -9.653002668e-17  0.0005580591968  0.9999998443  0.0005580591679
34  24  3.596660798e-16  -0.004053187716  0.9999917858  -0.004053176619
34  25  -1.228570955e-16  -0.006172619586  0.9999809494  -0.006172580389
34  26  -9.512933836e-17  -0.008208631947  0.9999663094  -0.008208539762
34  27  1.718025223e-16  -0.01095856097  0.9999399556  -0.01095834163
34  28  1.203061522e-16  -0.01530062253  0.9998829478  -0.01530002553
34  29  3.09226033e-16  -0.02285027815  0.9997389438  -0.02284828971
34  30  1.116551488e-16  -0.03660591388  0.9993300783  -0.03659773915
34  31  5.455450784e-17  -0.05955487216  0.9982271327  -0.05951967371
34  32  3.069503453e-17  -0.08345849862  0.9965193605  -0.08336164649
34  33  -1.302380947e-16  -0.08439677953  0.9964407052  -0.08429662475
34  34  -3.869249974e-16  -0.06978635113  0.9975659207  -0.0697297201
34  35  -6.132981416e-17  -0.0657476246  0.9978394034  -0.06570026641
34  36  -6.132981416e-17  -0.0657476246  0.9978394034  -0.06570026641

35  0  -2.126540361e-16  -0.05876053475  0.9982740965  -0.05872672585
35  1  -3.335922498e-16  -0.07580493054  0.9971281819  -0.07573235065
35  2  9.549815013e-17  -0.08603258193  0.9963014795  -0.08592649133
35  3  3.427202133e-16  -0.0660863916  0.9978170891  -0.06603829769
35  4  1.750555485e-16  -0.04089453371  0.9991639351  -0.04088313625
35  5  -1.42272218e-17  -0.02520325478  0.9996824148  -0.02520058666
35  6  -3.376270509e-16  -0.01670253175  0.999860516  -0.01670175516
35  7  -1.386377085e-16  -0.01191217649  0.9999290509  -0.01191189477
35  8  -1.330614317e-16  -0.008940687368  0.9999600323  -0.008940568255
35  9  4.267653622e-16  -0.006802476114  0.9999768632  -0.006802423651
35  10  2.80200876e-16  -0.004691120179  0.9999889967  -0.004691102973
35  11  -7.630655946e-17  -0.0003946387182  0.9999999221  -0.0003946387079
35  12  1.497796991e-16  0.02948522156  0.9995653423  0.02948094945
35  13  1.376030574e-16  0.3912389639  0.9244373104  0.381334052
35  14  -4.314322536e-16  0.14629437  0.9893180504  0.145773095
35  15  -2.862967945e-16  0.01005311826  0.9999494678  0.01005294892
35  16  1.275019046e-16  -0.0001892947437  0.9999999821  -0.0001892947426
35  17  -1.246836137e-17  -0.003210963323  0.9999948449  -0.003210957806
35  18  -1.247219045e-16  -0.002184962884  0.999997613  -0.002184961145
35  19  -1.358745503e-16  0.003019230239  0.9999954421  0.003019225652
35  20  7.372370828e-18  0.02985240228  0.9995544501  0.02984796857
35  21  5.076141481e-17  0.3845047949  0.9269842978  0.3751001354
35  22  5.592176921e-17  0.155003093  0.9880110533  0.1543831552
35  23  -2.354719909e-17  0.006039122002  0.9999817646  0.006039085293
35  24  1.861399649e-16  -0.003171869694  0.9999949696  -0.003171864375
35  25  -5.208131577e-19  -0.005812814918  0.9999831056  -0.005812782184
35  26  1.285555012e-16  -0.007806463444  0.9999695297  -0.007806384155
35  27  1.40325924e-16  -0.01025697785  0.9999473977  -0.010256798
35  28  3.176262983e-16  -0.01396041468  0.999902555  -0.01395996122
35  29  3.151031102e-16  -0.02024666139  0.9997950434  -0.02024527814
35  30  -1.67751785e-16  -0.03174628479  0.999496129  -0.0317409526
35  31  -2.072259213e-16  -0.05235054331  0.9986300232  -0.05232663479
35  32  3.94089913e-17  -0.07889533099  0.9968893774  -0.07881350948
35  33  6.218456963e-17  -0.08510510852  0.9963807455  -0.08500241138
35  34  -1.409459737e-16  -0.0657476246  0.9978394034  -0.06570026641
35  35  2.043310971e-16  -0.05581217143  0.998442905  -0.05578320014
35  36  2.043310971e-16  -0.05581217143  0.998442905  -0.05578320014

36  0  -2.126540361e-16  -0.05876053475  0.998442905  -0.05578320014
36  1  1.088282328e-16  -0.08611128544  0.998442905  -0.05578320014
36  2  2.609171864e-16  -0.04969194133  0.998442905  -0.05578320014
36  3  1.769016091e-16  -0.02004725129  0.998442905  -0.05578320014
36  4  -1.830398533e-16  -0.009359097955  0.998442905  -0.05578320014
36  5  3.773458798e-17  -0.004428658637  0.998442905  -0.05578320014
36  6  1.340912079e-16  0.0007997948818  0.998442905  -0.05578320014
36  7  -2.248527693e-17  0.01028249438  0.998442905  -0.05578320014
36  8  -5.293394208e-17  -0.0006565872169  0.998442905  -0.05578320014
36  9  3.770007247e-16  -0.004167755873  0.998442905  -0.05578320014
36  10  1.996623412e-16  -0.01863940094  0.998442905  -0.05578320014
36  11  1.22851372e-16  -0.08380108968  0.998442905  -0.05578320014
36  12  -1.089336054e-16  -0.08946965892  0.998442905  -0.05578320014
36  13  -8.678890511e-17  -0.03283021234  0.998442905  -0.05578320014
36  14  -2.672323954e-16  -0.0140596261  0.998442905  -0.05578320014
36  15  -1.953338129e-16  -0.00772425544  0.998442905  -0.05578320014
36  16  -8.669722596e-17  -0.004920816906  0.998442905  -0.05578320014
36  17  -5.9845376e-17  -0.003586619715  0.998442905  -0.05578320014
36  18  7.041424565e-17  -0.003586619715  0.998442905  -0.05578320014
36  19  2.82640257e-17  -0.004920816906  0.998442905  -0.05578320014
36  20  -9.188290311e-17  -0.00772425544  0.998442905  -0.05578320014
36  21  6.055847738e-17  -0.0140596261  0.998442905  -0.05578320014
36  22  9.82743528e-17  -0.03283021234  0.998442905  -0.05578320014
36  23  -1.180366592e-16  -0.08946965892  0.998442905  -0.05578320014
36  24  5.388141245e-17  -0.08380108968  0.998442905  -0.05578320014
36  25  2.271045034e-16  -0.01863940094  0.998442905  -0.05578320014
36  26  -1.263773182e-18  -0.004167755873  0.998442905  -0.05578320014
36  27  -3.086928156e-16  -0.0006565872169  0.998442905  -0.05578320014
36  28  1.578403416e-16  0.01028249438  0.998442905  -0.05578320014
36  29  1.077166472e-16  0.0007997948818  0.998442905  -0.05578320014
36  30  1.114686708e-16  -0.004428658637  0.998442905  -0.05578320014
36  31  -5.952237626e-17  -0.009359097955  0.998442905  -0.05578320014
36  32  7.767295532e-17  -0.02004725129  0.998442905  -0.05578320014
36  33  -3.814413206e-17  -0.04969194133  0.998442905  -0.05578320014
36  34  -4.022518105e-16  -0.08611128544  0.998442905  -0.05578320014
36  35  3.919356698e-17  -0.05876053475  0.998442905  -0.05578320014
36  36  3.919356698e-17  -0.05876053475  0.998442905  -0.05578320014

#Chern no*2pi*Iota= 4.547431167e-15  1.01656808e-11
