#nx  ny  tilde_F(nx,ny).real()  tilde_F(nx,ny).imag()  ArgofLog.real()  ArgofLog.imag()
#Extra momentum point for pm3d corners2color c1
0  0  2.024616365e-16  0.5197243494  0.867956112  0.4966409041
0  1  1.252741975e-16  -0.03525728447  0.9993785263  -0.03524998034
0  2  1.404186654e-16  -0.05934122265  0.9982398263  -0.05930640161
0  3  -2.218589943e-16  0.06351677066  0.997983488  0.06347407081
0  4  -2.1906278e-16  0.008588231661  0.9999631214  0.008588126086
0  5  7.49288317e-18  0.05500780358  0.9984874522  0.0549800668
0  6  4.567905795e-18  0.06398073749  0.9979539307  0.06393709519
0  7  -1.687523097e-16  0.02714259412  0.9996316624  0.02713926149
0  8  -8.680755321e-17  0.01077161905  0.9999419867  0.01077141075
0  9  1.470237076e-16  0.007233002893  0.9999738419  0.007232939826
0  10  1.001092317e-16  0.01523140244  0.9998840044  0.01523081351
0  11  9.63302418e-17  0.03315557823  0.9994504042  0.03314950395
0  12  3.332806952e-17  0.03003628353  0.9995489447  0.03003176738
0  13  2.568584411e-16  0.03458597587  0.9994019648  0.03457908105
0  14  -5.729100379e-17  1.051886325  0.4959339215  0.8683602625
0  15  -3.298178647e-16  0.1545320821  0.9880836598  0.1539177741
0  16  -1.063728261e-17  -0.04001581848  0.999199474  -0.04000514
0  17  -7.396797315e-17  -0.08015576685  0.9967892461  -0.08006996166
0  18  3.125376587e-16  -0.08990819282  0.9959609803  -0.08978711321
0  19  3.167976423e-16  -0.06199589537  0.9980788699  -0.06195618955
0  20  -1.241410067e-16  0.07428851815  0.9972418768  0.07422020663
0  21  -8.513321603e-17  1.081377242  0.4701132479  0.8826061036
0  22  -1.502518116e-16  0.07335131337  0.9973109984  0.07328555431
0  23  -4.814518537e-17  0.0193376782  0.9998130329  0.01933647301
0  24  2.07813591e-16  0.03626615094  0.9993424552  0.03625820172
0  25  3.960512047e-16  0.02318631081  0.9997312095  0.02318423336
0  26  1.16363402e-16  0.00926515564  0.9999570788  0.009265023083
0  27  6.405635945e-17  0.007476233557  0.9999720531  0.007476163911
0  28  -1.486068441e-16  0.01659448667  0.9998623147  0.01659372505
0  29  -1.825439786e-16  0.04268719219  0.9990890402  0.0426742293
0  30  1.572235388e-16  0.07673210108  0.9970575365  0.07665682584
0  31  2.199373459e-16  0.01848448216  0.9998291668  0.01848342956
0  32  -5.044266069e-17  0.03317330513  0.9994498164  0.03316722111
0  33  -1.671928544e-17  0.06358129348  0.9979793904  0.06353846338
0  34  -1.465763444e-16  -0.1165274471  0.993218356  -0.1162639119
0  35  -2.21720278e-16  0.2554909021  0.9675393513  0.2527204062
0  36  -2.21720278e-16  0.2554909021  0.9675393513  0.2527204062

1  0  3.616850009e-17  -0.03525728446  0.9993785263  -0.03524998034
1  1  -2.26910374e-16  -0.06177202348  0.9980927152  -0.0617327462
1  2  -6.61798598e-17  -0.06600399085  0.9978225273  -0.0659560766
1  3  -2.907725732e-17  0.08329831683  0.9965327008  0.08320202116
1  4  8.230741712e-17  0.02352591325  0.9997232785  0.02352374317
1  5  -1.050177071e-16  -0.0008145418295  0.9999996683  -0.0008145417395
1  6  4.3689115e-16  0.05683044954  0.9983855846  0.05679986359
1  7  1.158593781e-16  0.04504316967  0.9989857279  0.04502793997
1  8  -1.249156189e-16  0.02133534816  0.9997724101  0.02133372957
1  9  -1.474138406e-17  0.01222971491  0.999925218  0.01222941005
1  10  -6.311664511e-17  0.01566031946  0.9998773797  0.01565967937
1  11  6.912184261e-17  0.03191546476  0.9994907448  0.03191004687
1  12  -1.081125182e-16  0.04877992629  0.9988104953  0.04876058344
1  13  1.286928871e-16  0.04715894956  0.9988882228  0.04714147152
1  14  1.198055954e-17  0.03331833423  0.9994449956  0.03331217006
1  15  1.333066945e-16  0.01536344914  0.9998819845  0.01536284476
1  16  -3.031028284e-17  0.003625487363  0.9999934279  0.003625479421
1  17  -2.311848925e-16  -0.005286432697  0.9999860268  -0.005286408075
1  18  9.386775345e-17  -0.01316330128  0.999913365  -0.01316292114
1  19  -7.04546225e-17  -0.00940646036  0.9999557596  -0.009406321645
1  20  -1.617919828e-16  0.0002292126895  0.9999999737  0.0002292126875
1  21  9.251249607e-17  0.009629888643  0.999953633  0.009629739806
1  22  8.401978142e-17  0.02446688649  0.9997007007  0.02446444547
1  23  2.298684728e-17  0.04247944833  0.9990978839  0.04246667376
1  24  2.146643502e-18  0.05127784511  0.9986855794  0.05125537626
1  25  1.102985603e-16  0.03980469767  0.9992078976  0.03979418731
1  26  8.988515541e-17  0.02061281961  0.9997875634  0.02061135995
1  27  2.143508755e-17  0.01138330746  0.9999352109  0.01138306162
1  28  -4.079690693e-17  0.01421479507  0.9998989715  0.01421431637
1  29  -1.135354104e-16  0.02993580675  0.9995519572  0.02993133578
1  30  1.817555669e-16  0.05854192116  0.9982869111  0.05850848817
1  31  -5.268610391e-17  0.03235771768  0.9994765347  0.03235207144
1  32  -2.773102016e-16  0.0005779224191  0.999999833  0.0005779223869
1  33  1.834019886e-16  0.06751222882  0.997721915  0.06746095483
1  34  2.429017788e-17  0.05270144817  0.9986116001  0.05267705568
1  35  3.088189211e-16  -0.1165274471  0.993218356  -0.1162639119
1  36  3.088189211e-16  -0.1165274471  0.993218356  -0.1162639119

2  0  -2.035275112e-16  -0.05934122265  0.9982398263  -0.05930640161
2  1  -1.364821266e-16  -0.06600399085  0.9978225273  -0.06595607659
2  2  4.000199559e-17  0.05260042543  0.9986169166  0.05257617293
2  3  3.55808416e-18  0.08751539394  0.9961729714  0.08740372412
2  4  -9.667476682e-17  0.03004213764  0.9995487689  0.03003761886
2  5  -8.202877781e-17  -0.02235595164  0.9997501161  -0.02235408947
2  6  5.346180865e-17  -0.008814166898  0.9999611555  -0.00881405277
2  7  6.208679803e-17  0.06057046581  0.9981661701  0.06053343597
2  8  -3.620579389e-16  0.05293862906  0.998599078  0.05291390579
2  9  -4.229357731e-16  0.03150872104  0.9995036413  0.03150350766
2  10  -2.479342504e-16  0.02444296384  0.9997012856  0.02444052997
2  11  2.085663487e-17  0.03050232264  0.9995348402  0.03049759301
2  12  3.054931903e-16  0.04382881812  0.9990396711  0.0438147872
2  13  2.625455429e-16  0.05782511271  0.998328594  0.05779289271
2  14  3.091415407e-16  0.0633545099  0.9979937742  0.06331213641
2  15  3.47178613e-16  0.04459640947  0.9990057449  0.04458162842
2  16  -4.552152637e-16  0.01301857746  0.9999152595  0.01301820973
2  17  -1.279395957e-16  0.0007668664341  0.999999706  0.0007668663589
2  18  -1.64049852e-17  -0.00134005507  0.9999991021  -0.001340054669
2  19  -1.225613575e-16  -0.001785918491  0.9999984052  -0.001785917542
2  20  -1.083313265e-16  -0.0008669635393  0.9999996242  -0.0008669634307
2  21  5.847053093e-17  0.003616437681  0.9999934607  0.003616429798
2  22  -8.569158049e-17  0.02544232031  0.9996763616  0.02543957554
2  23  9.376868481e-17  0.06146925808  0.9981113599  0.06143055544
2  24  -1.665411282e-16  0.06652330727  0.9977881407  0.0664742533
2  25  5.416969903e-17  0.05138411185  0.998680127  0.05136150303
2  26  -1.307650134e-17  0.03428720718  0.9994122513  0.03428048949
2  27  -1.014984375e-16  0.02321767935  0.9997304818  0.02321559345
2  28  -3.472456737e-17  0.02289272565  0.999737973  0.02289072611
2  29  -1.693836533e-16  0.03627145383  0.9993422629  0.03626350112
2  30  1.735551988e-16  0.05999422654  0.9982008861  0.0599582434
2  31  8.718930292e-17  0.0396135392  0.9992154864  0.03960317953
2  32  9.859496015e-17  -0.02483413111  0.9996916488  -0.02483157851
2  33  1.271729626e-16  0.004714651228  0.9999888861  0.004714633762
2  34  1.028747852e-16  0.06751222882  0.997721915  0.06746095483
2  35  5.044086507e-17  0.06358129346  0.9979793904  0.06353846337
2  36  5.044086507e-17  0.06358129346  0.9979793904  0.06353846337

3  0  3.329441843e-17  0.06351677066  0.997983488  0.06347407081
3  1  -3.219313898e-16  0.08329831683  0.9965327008  0.08320202116
3  2  1.675140391e-16  0.08751539393  0.9961729714  0.08740372412
3  3  -3.503012723e-17  0.05247137981  0.998623693  0.05244730536
3  4  -1.825621615e-16  0.01318561284  0.9999130711  0.01318523076
3  5  -1.230562567e-16  -0.01997645605  0.9998004772  -0.01997512744
3  6  2.045909727e-16  -0.04018002538  0.9991928914  -0.04016921492
3  7  2.602295019e-16  0.05269261306  0.9986120654  0.05266823283
3  8  1.94205418e-17  0.188560184  0.9822751392  0.1874447943
3  9  -1.825909e-16  0.1088332952  0.9940835003  0.108618573
3  10  -1.804247573e-16  0.04294444228  0.9990780291  0.04293124363
3  11  -6.563059543e-17  0.02455348035  0.9996985784  0.02455101331
3  12  1.045238364e-16  0.02447071057  0.9997006071  0.0244682684
3  13  7.655471434e-17  0.0332306668  0.9994479122  0.03322455116
3  14  2.561806958e-16  0.04977770563  0.9987613458  0.04975715148
3  15  2.329591217e-16  0.09661197612  0.995336692  0.09646175224
3  16  1.540974683e-16  0.2409020598  0.9711231577  0.2385787345
3  17  -1.062065953e-16  0.05466449346  0.9985062686  0.05463727273
3  18  -2.265620566e-16  -0.01659740911  0.9998622662  -0.0165966471
3  19  6.136442171e-17  -0.01657016264  0.999862718  -0.01656940438
3  20  4.057051092e-17  -0.01827054606  0.9998330982  -0.01826952958
3  21  2.271206776e-16  -0.01141702278  0.9999348265  -0.01141677475
3  22  -3.32199823e-16  0.1033119052  0.9946680701  0.1031282226
3  23  2.971014237e-16  0.241043723  0.9710893501  0.2387163045
3  24  -1.241660361e-16  0.07623031026  0.9970958766  0.07615650189
3  25  8.816030567e-18  0.04150357858  0.9991388501  0.04149166429
3  26  1.06487446e-16  0.02839184206  0.9995969787  0.02838802779
3  27  -1.215378633e-16  0.0217514793  0.9997634459  0.02174976414
3  28  -2.800018739e-17  0.02612107714  0.9996588641  0.02611810679
3  29  3.305966077e-17  0.05375819848  0.998555376  0.05373230919
3  30  4.165164726e-17  0.1311072417  0.9914177496  0.1307319616
3  31  -1.114453349e-16  0.1580973397  0.9875286247  0.1574395612
3  32  1.645616312e-17  0.004274225235  0.9999908655  0.00427421222
3  33  -3.275114358e-16  -0.02483413111  0.9996916488  -0.02483157851
3  34  1.616479762e-16  0.0005779224199  0.999999833  0.0005779223877
3  35  3.018980035e-16  0.03317330513  0.9994498164  0.0331672211
3  36  3.018980035e-16  0.03317330513  0.9994498164  0.0331672211

4  0  2.226711269e-16  0.008588231661  0.9999631214  0.008588126087
4  1  -3.493106902e-17  0.02352591325  0.9997232785  0.02352374317
4  2  -1.27501456e-16  0.03004213764  0.9995487689  0.03003761886
4  3  1.097281659e-16  0.01318561284  0.9999130711  0.01318523076
4  4  6.043769038e-17  0.003301232875  0.9999945509  0.003301226879
4  5  1.686091868e-17  0.02168939909  0.9997647942  0.02168769857
4  6  2.025641736e-16  0.02921576767  0.9995732498  0.02921161161
4  7  1.682559725e-16  0.05666606853  0.9983949079  0.0566357472
4  8  1.883827931e-16  0.2718042248  0.9632880845  0.2684698609
4  9  -7.652640408e-17  0.2478269966  0.9694477433  0.2452979269
4  10  -5.17501508e-17  0.06110072519  0.9981339313  0.06106271441
4  11  2.227097941e-16  0.01795850169  0.9998387504  0.01795753641
4  12  7.645412349e-19  0.01134047207  0.9999356975  0.011340229
4  13  6.063996536e-17  0.01419859542  0.9998992016  0.01419811836
4  14  8.815197976e-17  0.02005872658  0.9997988305  0.0200573815
4  15  -1.66008727e-16  0.06621916568  0.9978083121  0.06617078136
4  16  1.65575298e-16  1.930821131  -0.3522974473  0.9358880855
4  17  -2.175917881e-16  0.5775721128  0.8377907236  0.5459914866
4  18  -2.814394873e-16  -0.05183926222  0.9986566463  -0.05181604732
4  19  -1.017779362e-16  -0.1625716027  0.9868143164  -0.1618564334
4  20  -5.397579006e-17  -0.2274719143  0.9742396297  -0.2255152855
4  21  3.19821664e-16  -0.1354393793  0.9908420994  -0.1350256796
4  22  8.107005803e-17  0.2034186142  0.9793816784  0.2020186328
4  23  2.925281821e-16  2.140992264  -0.5397969977  0.8417952253
4  24  1.421524723e-16  0.1938189142  0.9812758401  0.1926076987
4  25  5.763518306e-17  0.03278712712  0.9994625503  0.03278125309
4  26  3.051378039e-16  0.01702995297  0.9998549939  0.01702912981
4  27  3.577484862e-16  0.0131333  0.9999137595  0.01313292246
4  28  -2.353915131e-16  0.0111480346  0.9999378613  0.01114780369
4  29  -2.274372198e-16  0.02522145137  0.9996819561  0.02521877747
4  30  -1.105213408e-16  0.1066005712  0.9943235376  0.10639879
4  31  1.430294906e-16  0.3203675365  0.9491197393  0.3149154181
4  32  -2.398620285e-17  0.1580973397  0.9875286247  0.1574395612
4  33  -1.779531087e-17  0.0396135392  0.9992154864  0.03960317953
4  34  5.562628758e-17  0.03235771768  0.9994765347  0.03235207144
4  35  2.861296965e-16  0.01848448217  0.9998291668  0.01848342957
4  36  2.861296965e-16  0.01848448217  0.9998291668  0.01848342957

5  0  -6.269248147e-17  0.05500780358  0.9984874522  0.0549800668
5  1  1.029479835e-16  -0.0008145418297  0.9999996683  -0.0008145417396
5  2  6.048107046e-17  -0.02235595164  0.9997501161  -0.02235408947
5  3  5.158687577e-16  -0.01997645605  0.9998004772  -0.01997512744
5  4  8.324900484e-17  0.02168939909  0.9997647942  0.02168769857
5  5  1.244154142e-16  0.0763478757  0.9970869164  0.07627372537
5  6  -3.944672823e-17  0.06788642845  0.9976966012  0.06783429727
5  7  -1.839294047e-16  0.0518841659  0.9986543186  0.05186089063
5  8  4.919017289e-16  0.08655267362  0.9962566551  0.08644464781
5  9  1.066180417e-16  0.1418107426  0.9899616963  0.1413359112
5  10  1.025131363e-16  0.05542214539  0.998464586  0.05539377717
5  11  -7.181288614e-17  0.006815264987  0.9999767762  0.006815212228
5  12  -1.292653592e-16  -0.01368255764  0.9999063953  -0.01368213072
5  13  1.898936089e-16  0.006316900514  0.9999800485  0.006316858503
5  14  1.869951347e-16  0.01326572131  0.9999120116  0.01326533223
5  15  2.304277215e-17  0.02766099755  0.999617459  0.02765747031
5  16  1.770579031e-16  0.06572209689  0.9978410803  0.06567479384
5  17  -2.616227387e-16  0.04154110865  0.9991372922  0.04152916202
5  18  1.717314721e-17  0.01902679906  0.9998189959  0.01902565107
5  19  -5.510771501e-17  0.1652156326  0.9863829142  0.1644650312
5  20  6.055208678e-17  1.314375136  0.2536203877  0.9673038297
5  21  1.16381815e-16  0.6071258395  0.8212911431  0.5705092972
5  22  7.998599377e-17  0.07371829234  0.997284037  0.07365154153
5  23  2.532140116e-16  0.03111069106  0.9995161015  0.03110567276
5  24  2.222544929e-16  0.06214714971  0.9980694874  0.06210715261
5  25  2.564565392e-16  0.04009726788  0.9991962123  0.04008652407
5  26  -7.664220602e-17  0.01629140894  0.9998672979  0.0162906883
5  27  1.896954481e-16  0.01322700663  0.9999125244  0.01322662095
5  28  -2.520949686e-18  0.0002513877987  0.9999999684  0.0002513877961
5  29  -6.202245672e-17  -0.01691043405  0.999857022  -0.0169096281
5  30  -8.233423766e-17  0.01945773199  0.9998107043  0.01945650422
5  31  1.879145487e-17  0.1066005712  0.9943235376  0.10639879
5  32  -1.088067125e-16  0.1311072417  0.9914177496  0.1307319616
5  33  -7.507264939e-17  0.05999422653  0.9982008861  0.0599582434
5  34  1.900691856e-16  0.05854192116  0.9982869111  0.05850848816
5  35  7.09722788e-17  0.07673210108  0.9970575365  0.07665682583
5  36  7.09722788e-17  0.07673210108  0.9970575365  0.07665682583

6  0  -6.909485744e-17  0.06398073749  0.9979539307  0.06393709519
6  1  1.608389929e-16  0.05683044954  0.9983855846  0.05679986359
6  2  -5.965397692e-17  -0.008814166898  0.9999611555  -0.00881405277
6  3  7.977435699e-17  -0.04018002538  0.9991928914  -0.04016921492
6  4  8.88890976e-18  0.02921576767  0.9995732498  0.02921161161
6  5  2.150020294e-16  0.06788642845  0.9976966012  0.06783429727
6  6  3.250392344e-17  0.05084514852  0.9987076639  0.05082324362
6  7  -9.916612983e-18  0.03309413167  0.9994524392  0.0330880911
6  8  3.387244257e-16  0.02972120551  0.9995583575  0.02971682999
6  9  -8.991001902e-17  0.04761155181  0.9988667842  0.04759356573
6  10  3.858390547e-16  0.04123579994  0.9991499249  0.04122411477
6  11  -2.509210035e-16  0.006900404569  0.9999761923  0.006900349808
6  12  -3.862761835e-18  -0.2516285659  0.9685082234  -0.2489815682
6  13  2.387246083e-16  -2.252299734  -0.629961321  -0.7766265087
6  14  -8.0115829e-17  -0.001965741985  0.9999980679  -0.001965740719
6  15  -7.663568693e-19  0.01900466832  0.9998194167  0.01900352433
6  16  2.004784521e-16  0.02746675261  0.9996228125  0.02746329915
6  17  -1.772240915e-16  0.03385229782  0.9994270657  0.03384583252
6  18  -1.739029014e-16  0.25710221  0.9671308851  0.2542790812
6  19  1.657543476e-16  0.6371018157  0.8038231693  0.5948683152
6  20  2.372708612e-16  0.1326125982  0.9912198281  0.1322242501
6  21  -1.702254103e-16  0.08753718545  0.9961710665  0.08742543222
6  22  -2.30358293e-16  0.4022937026  0.920165362  0.3915299561
6  23  3.376401586e-16  0.3879820391  0.9256743815  0.378321212
6  24  1.412177863e-16  0.1477386719  0.9891064782  0.1472018165
6  25  -2.565408357e-16  0.03091991797  0.9995220174  0.03091499141
6  26  5.448579077e-17  0.02046186763  0.9997906633  0.0204604398
6  27  -1.291699538e-16  0.01364384045  0.9999069243  0.01364341714
6  28  1.120296474e-17  -0.08808011288  0.9961234541  -0.0879662679
6  29  4.379069641e-17  -2.408705036  -0.7432456341  -0.6690186301
6  30  2.28087388e-16  -0.01691043405  0.999857022  -0.0169096281
6  31  2.783014703e-16  0.02522145137  0.9996819561  0.02521877747
6  32  8.722843935e-18  0.05375819847  0.998555376  0.05373230919
6  33  -7.372582534e-17  0.03627145383  0.9993422629  0.03626350112
6  34  8.404834739e-17  0.02993580675  0.9995519572  0.02993133578
6  35  2.183184245e-16  0.04268719219  0.9990890402  0.0426742293
6  36  2.183184245e-16  0.04268719219  0.9990890402  0.0426742293

7  0  -1.873267677e-16  0.02714259412  0.9996316624  0.02713926149
7  1  -9.474571972e-18  0.04504316967  0.9989857279  0.04502793997
7  2  3.944683566e-17  0.06057046581  0.9981661701  0.06053343597
7  3  -2.820640977e-16  0.05269261306  0.9986120654  0.05266823283
7  4  9.666281592e-17  0.05666606853  0.9983949079  0.0566357472
7  5  -1.625580854e-16  0.0518841659  0.9986543186  0.05186089063
7  6  -4.807643676e-17  0.03309413167  0.9994524392  0.0330880911
7  7  8.775269836e-18  0.01975595238  0.9998048575  0.01975466728
7  8  9.231988936e-17  0.01394556562  0.9999027622  0.01394511361
7  9  -4.919468627e-17  0.01783791962  0.9998409085  0.01783697366
7  10  -1.294076906e-16  0.02818180022  0.9996029193  0.02817806998
7  11  -2.022240124e-16  0.01714948512  0.9998529512  0.01714864451
7  12  -4.319811962e-17  0.003317813891  0.9999944961  0.003317807804
7  13  3.305648939e-16  -0.0812893175  0.9966978424  -0.08119982108
7  14  -3.483265883e-17  -0.01588159638  0.9998738901  -0.01588092877
7  15  2.612210803e-16  0.0150878409  0.9998861807  0.01508726847
7  16  -2.452772943e-18  0.01366057433  0.9999066958  0.01366014946
7  17  -2.120949611e-16  0.06901232937  0.9976195942  0.06895756156
7  18  -2.031034089e-17  0.3574615361  0.9367880428  0.3498973605
7  19  -8.21156501e-17  0.02309559502  0.9997333086  0.02309354185
7  20  1.082032772e-16  -0.08023598947  0.9967828195  -0.08014992645
7  21  -1.012202889e-16  -0.2243349529  0.9749422677  -0.2224580288
7  22  -4.904026869e-17  -0.1580979008  0.9875285363  -0.1574401153
7  23  1.125150269e-16  -0.02266098745  0.9997432508  -0.02265904802
7  24  -3.255576364e-16  0.2200159292  0.975893973  0.2182451683
7  25  -1.552528483e-17  0.23746155  0.9719382409  0.2352361703
7  26  1.374689421e-16  -0.005275966653  0.9999860821  -0.005275942176
7  27  -3.237370481e-16  0.009846331893  0.9999515253  0.009846172793
7  28  -1.744754848e-16  -0.001510669405  0.9999988589  -0.001510668831
7  29  -3.642476541e-17  -0.08808011288  0.9961234541  -0.0879662679
7  30  2.382289886e-16  0.0002513877979  0.9999999684  0.0002513877953
7  31  2.737681646e-16  0.0111480346  0.9999378613  0.01114780369
7  32  -2.163831575e-16  0.02612107714  0.9996588641  0.02611810679
7  33  -1.782032271e-16  0.02289272565  0.999737973  0.02289072611
7  34  1.263261152e-16  0.01421479507  0.9998989715  0.01421431637
7  35  6.127825765e-17  0.01659448667  0.9998623147  0.01659372505
7  36  6.127825765e-17  0.01659448667  0.9998623147  0.01659372505

8  0  -4.190878419e-18  0.01077161905  0.9999419867  0.01077141075
8  1  8.594186126e-17  0.02133534816  0.9997724101  0.02133372957
8  2  -7.077263161e-17  0.05293862906  0.998599078  0.05291390579
8  3  -2.148754636e-16  0.188560184  0.9822751392  0.1874447943
8  4  -8.273605299e-17  0.2718042248  0.9632880845  0.2684698609
8  5  -1.630545923e-16  0.08655267362  0.9962566551  0.08644464781
8  6  -7.570601216e-17  0.0297212055  0.9995583575  0.02971682999
8  7  -5.059558966e-16  0.01394556562  0.9999027622  0.01394511361
8  8  2.822270146e-16  0.008110217151  0.9999671124  0.008110128242
8  9  8.463465618e-18  0.008665099965  0.9999624583  0.008664991531
8  10  -7.255711977e-17  0.01854175037  0.9998281067  0.01854068796
8  11  1.741218329e-16  0.02538891894  0.9996777187  0.02538619142
8  12  2.855026006e-16  0.01453992155  0.9998942972  0.01453940924
8  13  -6.847554464e-17  0.01117615454  0.9999375474  0.01117592188
8  14  -2.542392695e-16  0.0117351595  0.9999311438  0.01173489016
8  15  5.409352373e-17  0.01632649636  0.9998667257  0.01632577105
8  16  -2.177211964e-16  -0.001952375268  0.9999980941  -0.001952374027
8  17  3.599984548e-17  -0.2986073693  0.9557471131  -0.2941894896
8  18  1.956120563e-16  0.03212600727  0.9994840042  0.03212048145
8  19  6.392246823e-17  -0.005287465574  0.9999860214  -0.005287440937
8  20  -2.771274206e-16  -0.3322091717  0.9453241689  -0.3261322059
8  21  -1.117443719e-16  -0.1752000234  0.9846916935  -0.1743051025
8  22  1.64819275e-16  -0.1276884179  0.9918589043  -0.1273417216
8  23  1.178092009e-16  -0.2504593243  0.9687986809  -0.2478489781
8  24  -1.710174539e-16  -0.1587844869  0.9874202074  -0.1581181015
8  25  -1.094616265e-16  0.02494799346  0.999688815  0.0249454056
8  26  -8.039444861e-17  0.02757238622  0.9996199058  0.02756889277
8  27  -5.942233921e-18  -0.3230157723  0.9482824418  -0.3174278037
8  28  6.727718751e-17  0.009846331893  0.9999515253  0.009846172793
8  29  -9.336526503e-17  0.01364384045  0.9999069243  0.01364341714
8  30  -2.475380354e-17  0.01322700663  0.9999125244  0.01322662095
8  31  1.825758461e-16  0.0131333  0.9999137595  0.01313292246
8  32  1.619510963e-16  0.0217514793  0.9997634459  0.02174976414
8  33  1.028386343e-16  0.02321767935  0.9997304818  0.02321559345
8  34  -2.046863074e-16  0.01138330746  0.9999352109  0.01138306162
8  35  -3.804712112e-17  0.007476233558  0.9999720531  0.007476163912
8  36  -3.804712112e-17  0.007476233558  0.9999720531  0.007476163912

9  0  9.390349346e-17  0.007233002893  0.9999738419  0.007232939826
9  1  -1.836948146e-16  0.01222971491  0.999925218  0.01222941005
9  2  -2.14981737e-16  0.03150872104  0.9995036413  0.03150350766
9  3  -1.616618935e-16  0.1088332952  0.9940835003  0.108618573
9  4  -1.913782708e-17  0.2478269966  0.9694477433  0.2452979269
9  5  1.937032323e-17  0.1418107426  0.9899616963  0.1413359112
9  6  -3.587566806e-16  0.04761155181  0.9988667842  0.04759356573
9  7  -4.802976874e-16  0.01783791962  0.9998409085  0.01783697366
9  8  -6.340406385e-17  0.008665099965  0.9999624583  0.008664991531
9  9  -3.137080973e-16  0.007623755822  0.9999709393  0.007623681972
9  10  -3.530285659e-18  0.01497426472  0.9998878878  0.01497370512
9  11  2.84093163e-16  0.03077889381  0.9995263672  0.03077403435
9  12  3.080777968e-16  0.03189303475  0.9994914603  0.03188762827
9  13  -8.587810038e-17  0.01952634846  0.9998093669  0.01952510766
9  14  -2.460763634e-16  0.01404622676  0.9999013534  0.01404576489
9  15  -2.747689717e-16  0.020121675  0.9997975659  0.02012031721
9  16  -5.989738535e-18  0.0215979381  0.9997667736  0.02159625901
9  17  2.870902668e-16  0.003519486808  0.9999938066  0.003519479542
9  18  -2.24999868e-16  0.02007382102  0.9997985276  0.0200724729
9  19  9.232791169e-17  0.001547944817  0.9999988019  0.001547944199
9  20  3.86704724e-17  -1.21916292  0.3444317269  -0.9388113684
9  21  -2.504410224e-16  -0.03772853452  0.9992883633  -0.03771958443
9  22  -3.458628133e-16  -0.03059714654  0.9995319438  -0.03059237267
9  23  1.063761974e-16  -0.03661911835  0.999329595  -0.03661093477
9  24  -1.795185628e-16  -0.2706907017  0.9635864346  -0.2673970512
9  25  -3.362390851e-16  -0.9653246668  0.5691499543  -0.8222337439
9  26  4.929247556e-18  0.01229762231  0.9999243852  0.01229731235
9  27  3.027296914e-16  0.02757238622  0.9996199058  0.02756889276
9  28  1.712981539e-17  -0.005275966653  0.9999860821  -0.005275942176
9  29  8.143640279e-17  0.02046186763  0.9997906633  0.0204604398
9  30  3.292647893e-16  0.01629140894  0.9998672979  0.0162906883
9  31  1.24472764e-16  0.01702995297  0.9998549939  0.01702912981
9  32  -1.114497714e-16  0.02839184206  0.9995969787  0.02838802779
9  33  3.99436272e-16  0.03428720718  0.9994122513  0.0342804895
9  34  2.487917584e-16  0.02061281961  0.9997875634  0.02061135995
9  35  1.560219846e-17  0.009265155642  0.9999570788  0.009265023084
9  36  1.560219846e-17  0.009265155642  0.9999570788  0.009265023084

10  0  2.751026039e-16  0.01523140244  0.9998840044  0.01523081351
10  1  -2.01956079e-17  0.01566031946  0.9998773797  0.01565967937
10  2  2.057351922e-17  0.02444296384  0.9997012856  0.02444052997
10  3  5.066140531e-16  0.04294444228  0.9990780291  0.04293124363
10  4  1.02379132e-16  0.06110072519  0.9981339313  0.06106271441
10  5  -1.588449038e-16  0.05542214539  0.998464586  0.05539377717
10  6  -1.203489426e-16  0.04123579994  0.9991499249  0.04122411477
10  7  -3.048214278e-16  0.02818180022  0.9996029193  0.02817806998
10  8  5.394034536e-16  0.01854175037  0.9998281067  0.01854068796
10  9  -8.963301665e-17  0.01497426472  0.9998878878  0.01497370512
10  10  -6.708703448e-17  0.01955624943  0.9998087826  0.01955500291
10  11  1.513379708e-16  0.03423181824  0.9994141485  0.03422513306
10  12  -2.262654009e-17  0.04820973766  0.9988381357  0.04819106515
10  13  -1.204022753e-16  0.04428715322  0.9990194843  0.04427267752
10  14  3.583596533e-16  0.03082803386  0.9995248538  0.0308231511
10  15  2.014039362e-16  0.0381442159  0.9992725976  0.03813496672
10  16  -2.271986618e-16  0.03956283031  0.9992174933  0.03955251038
10  17  5.263958534e-17  0.09933939948  0.9950698982  0.09917609464
10  18  -1.627859164e-16  0.1765223285  0.9844603482  0.1756070125
10  19  -1.019985077e-16  0.002146129721  0.9999976971  0.002146128073
10  20  -6.210297439e-17  -2.412702235  -0.7459138898  -0.6660423928
10  21  -1.869827615e-16  -0.03643391533  0.9993363583  -0.03642585529
10  22  -3.309332017e-16  -0.06038301656  0.9981774995  -0.06034632941
10  23  -2.886363792e-16  -0.0710981716  0.9974735895  -0.07103828712
10  24  3.096143783e-17  -0.05267383495  0.9986130543  -0.05264948078
10  25  1.768788642e-16  -1.463348196  0.1072415002  -0.9942330012
10  26  1.993257894e-16  -0.9653246667  0.5691499544  -0.8222337438
10  27  1.760307826e-16  0.02494799346  0.999688815  0.0249454056
10  28  -1.775293133e-16  0.23746155  0.9719382409  0.2352361703
10  29  -4.722752594e-17  0.03091991797  0.9995220174  0.03091499141
10  30  4.179774479e-17  0.04009726788  0.9991962123  0.04008652407
10  31  -9.375631571e-19  0.03278712712  0.9994625503  0.0327812531
10  32  1.879857542e-16  0.04150357858  0.9991388501  0.04149166429
10  33  2.378957781e-17  0.05138411186  0.998680127  0.05136150303
10  34  -2.195338185e-16  0.03980469767  0.9992078976  0.03979418731
10  35  1.879278667e-16  0.02318631082  0.9997312095  0.02318423336
10  36  1.879278667e-16  0.02318631082  0.9997312095  0.02318423336

11  0  7.884072709e-17  0.03315557823  0.9994504042  0.03314950395
11  1  -1.154179161e-17  0.03191546476  0.9994907448  0.03191004687
11  2  1.604275053e-16  0.03050232264  0.9995348402  0.03049759301
11  3  2.615224593e-16  0.02455348035  0.9996985784  0.02455101331
11  4  1.174197996e-16  0.01795850169  0.9998387504  0.01795753641
11  5  3.647968491e-16  0.006815264988  0.9999767762  0.006815212229
11  6  1.440307735e-16  0.006900404569  0.9999761923  0.006900349808
11  7  9.735406274e-17  0.01714948512  0.9998529512  0.01714864451
11  8  3.080188325e-16  0.02538891894  0.9996777187  0.02538619142
11  9  -3.261364703e-17  0.03077889381  0.9995263672  0.03077403435
11  10  1.202448434e-17  0.03423181824  0.9994141485  0.03422513306
11  11  -1.768269088e-16  0.03949478426  0.9992201824  0.03948451749
11  12  1.693115167e-16  0.04631761957  0.9989275308  0.04630106032
11  13  -1.632696535e-16  0.05714865734  0.9983674599  0.05711755479
11  14  -2.060932908e-17  0.06125947483  0.9981242251  0.06122116705
11  15  -3.79535214e-17  0.09071267705  0.9958884257  0.09058831897
11  16  6.170416746e-18  0.1913687935  0.9817448064  0.1902028786
11  17  -1.203757356e-16  0.03892026298  0.9992427022  0.03891043774
11  18  4.504521303e-18  0.3332257597  0.9449921384  0.3270930424
11  19  -2.994626803e-16  0.008841262548  0.9999609163  0.008841147364
11  20  -1.940080895e-16  -0.405189145  0.919027854  -0.394192597
11  21  -1.890522934e-16  -0.03731573615  0.9993038487  -0.03730707661
11  22  -3.707747876e-16  -0.07517087478  0.997176  -0.0751001006
11  23  -3.768625507e-16  -0.135101988  0.9908875995  -0.1346913703
11  24  -9.252661598e-17  -0.1142637622  0.9934789959  -0.1140152825
11  25  -1.853978216e-16  -0.05267383495  0.9986130543  -0.05264948078
11  26  -3.946018913e-16  -0.2706907017  0.9635864346  -0.2673970512
11  27  3.720977506e-18  -0.1587844869  0.9874202074  -0.1581181015
11  28  1.18533297e-16  0.2200159292  0.975893973  0.2182451683
11  29  -7.556533857e-17  0.1477386719  0.9891064782  0.1472018165
11  30  2.510570991e-16  0.06214714971  0.9980694874  0.06210715261
11  31  9.083048741e-17  0.1938189143  0.9812758401  0.1926076987
11  32  1.545022542e-16  0.07623031026  0.9970958766  0.07615650189
11  33  2.141738773e-16  0.06652330728  0.9977881407  0.06647425331
11  34  -4.075731474e-16  0.05127784512  0.9986855794  0.05125537626
11  35  -3.739658626e-17  0.03626615094  0.9993424552  0.03625820172
11  36  -3.739658626e-17  0.03626615094  0.9993424552  0.03625820172

12  0  -2.966471212e-16  0.03003628353  0.9995489447  0.03003176738
12  1  -2.254226092e-16  0.04877992629  0.9988104953  0.04876058344
12  2  -6.627333354e-17  0.04382881812  0.9990396711  0.0438147872
12  3  4.643764945e-17  0.02447071057  0.9997006071  0.0244682684
12  4  -4.282333462e-16  0.01134047207  0.9999356975  0.011340229
12  5  1.62246418e-16  -0.01368255764  0.9999063953  -0.01368213072
12  6  1.013500397e-16  -0.2516285659  0.9685082234  -0.2489815682
12  7  3.576655174e-16  0.003317813891  0.9999944961  0.003317807804
12  8  -4.610734095e-17  0.01453992155  0.9998942972  0.01453940924
12  9  -7.729275323e-17  0.03189303475  0.9994914603  0.03188762827
12  10  1.636950589e-16  0.04820973766  0.9988381357  0.04819106515
12  11  6.157860176e-17  0.04631761957  0.9989275308  0.04630106032
12  12  -7.951502947e-17  0.02703504944  0.9996345753  0.02703175627
12  13  -1.28204765e-16  0.03150011869  0.9995039123  0.03149490958
12  14  1.302478784e-16  0.04930035872  0.9987849834  0.04928039019
12  15  1.543120535e-17  0.07975588888  0.9968211847  0.07967136121
12  16  1.160166166e-16  1.972146641  -0.3906617083  0.9205343175
12  17  -9.487462782e-17  0.380933885  0.9283178336  0.3717875735
12  18  -4.003499754e-17  0.1378533835  0.9905132601  0.1374171807
12  19  -1.369285666e-16  0.2671852546  0.9645178586  0.2640176139
12  20  -2.973216446e-16  -0.2103400047  0.9779599808  -0.2087924229
12  21  1.75288767e-16  -0.09047713048  0.9959097359  -0.09035373836
12  22  9.97883559e-17  -0.04391550159  0.9990358693  -0.04390138725
12  23  5.169164726e-17  -0.1067242556  0.9943103701  -0.1065217716
12  24  -1.421687638e-16  -0.135101988  0.9908875995  -0.1346913703
12  25  -5.458107043e-17  -0.0710981716  0.9974735895  -0.07103828712
12  26  1.083326367e-17  -0.03661911835  0.999329595  -0.03661093477
12  27  -1.600439184e-16  -0.2504593243  0.9687986809  -0.2478489781
12  28  -3.034593933e-17  -0.02266098744  0.9997432508  -0.02265904801
12  29  1.57337078e-16  0.3879820391  0.9256743815  0.378321212
12  30  2.642069168e-16  0.03111069106  0.9995161015  0.03110567276
12  31  -4.220630744e-17  2.140992264  -0.5397969977  0.8417952253
12  32  3.749275778e-17  0.241043723  0.9710893501  0.2387163045
12  33  8.273948196e-17  0.06146925809  0.9981113599  0.06143055544
12  34  -2.066128274e-16  0.04247944833  0.9990978839  0.04246667376
12  35  -7.794204599e-17  0.0193376782  0.9998130329  0.01933647301
12  36  -7.794204599e-17  0.0193376782  0.9998130329  0.01933647301

13  0  -1.953003836e-16  0.03458597587  0.9994019648  0.03457908105
13  1  -3.322307144e-16  0.04715894956  0.9988882228  0.04714147152
13  2  -4.554682416e-17  0.05782511271  0.998328594  0.05779289271
13  3  -5.805208076e-17  0.0332306668  0.9994479122  0.03322455116
13  4  -1.656149395e-16  0.01419859542  0.9998992016  0.01419811836
13  5  3.588477646e-16  0.006316900514  0.9999800485  0.006316858503
13  6  5.037013755e-17  -2.252299734  -0.629961321  -0.7766265087
13  7  1.477332881e-16  -0.0812893175  0.9966978424  -0.08119982108
13  8  -1.368547963e-16  0.01117615454  0.9999375474  0.01117592188
13  9  -3.762752566e-16  0.01952634846  0.9998093669  0.01952510766
13  10  -6.041225544e-17  0.04428715322  0.9990194843  0.04427267752
13  11  6.792510471e-17  0.05714865734  0.9983674599  0.05711755479
13  12  -1.032251639e-16  0.03150011869  0.9995039123  0.03149490958
13  13  8.420241425e-18  0.0575316448  0.9983455113  0.05749991281
13  14  -6.99699335e-18  0.06110434211  0.9981337105  0.06106632458
13  15  -2.741445582e-17  0.02357606237  0.9997220975  0.02357387838
13  16  1.564992125e-16  0.06046013653  0.9981728426  0.06042330865
13  17  -3.064826026e-16  0.2711363352  0.9634671779  0.2678264311
13  18  -6.738912252e-17  -0.005303505576  0.9999859364  -0.005303480714
13  19  -1.44890213e-16  0.4416646534  0.9040413684  0.4274449721
13  20  -1.793745972e-16  -0.02519786051  0.9996825507  -0.02519519411
13  21  -4.512096451e-17  -0.2129426152  0.977413264  -0.2113369618
13  22  1.190756984e-16  -0.03694355311  0.9993176646  -0.0369351501
13  23  1.020940007e-16  -0.04391550159  0.9990358693  -0.04390138725
13  24  -4.142737005e-17  -0.07517087478  0.997176  -0.0751001006
13  25  4.016856163e-17  -0.06038301656  0.9981774995  -0.06034632941
13  26  -4.414185395e-17  -0.03059714654  0.9995319438  -0.03059237267
13  27  -7.890255593e-17  -0.1276884179  0.9918589043  -0.1273417216
13  28  2.154308585e-16  -0.1580979008  0.9875285363  -0.1574401153
13  29  1.247507636e-16  0.4022937026  0.920165362  0.3915299561
13  30  -3.49517997e-16  0.07371829234  0.997284037  0.07365154153
13  31  1.527013656e-16  0.2034186142  0.9793816784  0.2020186328
13  32  1.611646826e-16  0.1033119052  0.9946680701  0.1031282226
13  33  -1.055121143e-16  0.0254423203  0.9996763616  0.02543957554
13  34  -2.410633253e-16  0.02446688649  0.9997007007  0.02446444547
13  35  2.621227178e-17  0.07335131339  0.9973109984  0.07328555433
13  36  2.621227178e-17  0.07335131339  0.9973109984  0.07328555433

14  0  -2.738885606e-16  1.051886325  0.4959339215  0.8683602625
14  1  9.171284229e-18  0.03331833423  0.9994449956  0.03331217006
14  2  2.301794129e-16  0.0633545099  0.9979937742  0.06331213641
14  3  1.091369593e-16  0.04977770563  0.9987613458  0.04975715148
14  4  -1.503261686e-16  0.02005872658  0.9997988305  0.0200573815
14  5  -5.155660649e-17  0.01326572131  0.9999120116  0.01326533223
14  6  5.075814382e-17  -0.001965741985  0.9999980679  -0.001965740719
14  7  2.032992022e-16  -0.01588159638  0.9998738901  -0.01588092877
14  8  -6.352676595e-17  0.0117351595  0.9999311438  0.01173489016
14  9  -4.050800553e-16  0.01404622676  0.9999013534  0.01404576489
14  10  -9.192124303e-17  0.03082803386  0.9995248538  0.0308231511
14  11  2.473158493e-16  0.06125947483  0.9981242251  0.06122116705
14  12  3.399861691e-16  0.04930035872  0.9987849834  0.04928039019
14  13  7.265387996e-17  0.06110434211  0.9981337105  0.06106632458
14  14  1.833672801e-16  2.014601668  -0.4293792621  0.9031242712
14  15  2.112773793e-16  0.08149182216  0.9966813786  0.08140165537
14  16  2.175929777e-16  0.005418759029  0.9999853186  0.00541873251
14  17  -2.330140354e-16  0.002410585017  0.9999970945  0.002410582682
14  18  1.10052025e-16  -0.0502030574  0.9987400912  -0.05018197187
14  19  1.318870081e-16  0.002593717622  0.9999966363  0.002593714713
14  20  -2.135770413e-16  0.6138937558  0.817411204  0.5760546185
14  21  -2.145026141e-16  -0.1365103254  0.990696926  -0.1360867404
14  22  -4.731482145e-17  -0.2129426152  0.977413264  -0.2113369618
14  23  8.956851383e-17  -0.09047713049  0.9959097359  -0.09035373836
14  24  -1.475486815e-16  -0.03731573614  0.9993038487  -0.03730707661
14  25  2.989311908e-17  -0.03643391533  0.9993363583  -0.03642585529
14  26  4.163228032e-17  -0.03772853452  0.9992883633  -0.03771958443
14  27  -1.107233902e-17  -0.1752000234  0.9846916935  -0.1743051025
14  28  4.573306299e-16  -0.2243349529  0.9749422677  -0.2224580288
14  29  2.424933017e-16  0.08753718547  0.9961710665  0.08742543223
14  30  9.158844336e-17  0.6071258394  0.8212911432  0.5705092972
14  31  7.890664753e-17  -0.1354393793  0.9908420994  -0.1350256796
14  32  1.559334211e-16  -0.01141702278  0.9999348265  -0.01141677475
14  33  2.176650506e-16  0.003616437681  0.9999934607  0.003616429798
14  34  6.975348369e-18  0.009629888643  0.999953633  0.009629739806
14  35  3.066643537e-16  1.081377243  0.4701132476  0.8826061038
14  36  3.066643537e-16  1.081377243  0.4701132476  0.8826061038

15  0  -4.53013009e-18  0.1545320821  0.9880836598  0.1539177741
15  1  4.543647962e-17  0.01536344914  0.9998819845  0.01536284476
15  2  -1.307408941e-16  0.04459640947  0.9990057449  0.04458162842
15  3  -2.659300047e-17  0.09661197612  0.995336692  0.09646175224
15  4  3.271236939e-17  0.06621916568  0.9978083121  0.06617078136
15  5  2.145292397e-17  0.02766099755  0.999617459  0.02765747031
15  6  -7.039609309e-17  0.01900466832  0.9998194167  0.01900352433
15  7  8.088967299e-17  0.0150878409  0.9998861807  0.01508726847
15  8  -1.216635835e-16  0.01632649636  0.9998667257  0.01632577105
15  9  -2.486317256e-16  0.020121675  0.9997975659  0.02012031721
15  10  -6.86644091e-17  0.0381442159  0.9992725976  0.03813496672
15  11  5.180778704e-17  0.09071267705  0.9958884257  0.09058831897
15  12  5.928237677e-17  0.07975588888  0.9968211847  0.07967136121
15  13  3.466383401e-16  0.02357606237  0.9997220975  0.02357387838
15  14  8.963211248e-17  0.08149182216  0.9966813786  0.08140165537
15  15  -1.616151274e-16  0.1609113474  0.9870816792  0.1602178474
15  16  -2.384043163e-16  -0.004756143063  0.9999886896  -0.004756125132
15  17  -2.55019014e-16  -0.0008270868916  0.999999658  -0.0008270867973
15  18  -4.534429451e-16  -0.004403631292  0.999990304  -0.004403617059
15  19  6.905629348e-18  -0.07900841774  0.9968804582  -0.07892624396
15  20  -4.92946376e-18  0.6449427025  0.7991342128  0.6011526511
15  21  -5.083758512e-18  0.6138937558  0.817411204  0.5760546185
15  22  4.142972704e-17  -0.02519786051  0.9996825507  -0.02519519411
15  23  -5.725412046e-17  -0.2103400047  0.9779599808  -0.2087924229
15  24  -1.227989132e-16  -0.405189145  0.919027854  -0.394192597
15  25  -2.246951839e-16  -2.412702235  -0.7459138898  -0.6660423928
15  26  7.919620894e-17  -1.21916292  0.3444317269  -0.9388113684
15  27  -2.96775616e-17  -0.3322091717  0.9453241689  -0.3261322059
15  28  5.553701431e-16  -0.08023598947  0.9967828195  -0.08014992644
15  29  1.369440986e-16  0.1326125982  0.9912198281  0.1322242501
15  30  5.780720593e-17  1.314375136  0.2536203877  0.9673038297
15  31  9.282656328e-17  -0.2274719143  0.9742396297  -0.2255152855
15  32  7.347803878e-18  -0.01827054606  0.9998330982  -0.01826952958
15  33  1.715345619e-16  -0.000866963539  0.9999996242  -0.0008669634304
15  34  3.303363605e-17  0.0002292126899  0.9999999737  0.0002292126879
15  35  -2.831096531e-16  0.07428851817  0.9972418768  0.07422020664
15  36  -2.831096531e-16  0.07428851817  0.9972418768  0.07422020664

16  0  4.17550728e-17  -0.04001581848  0.999199474  -0.04000514
16  1  -1.067992629e-17  0.003625487363  0.9999934279  0.003625479421
16  2  1.890528069e-16  0.01301857746  0.9999152595  0.01301820973
16  3  -1.311603217e-16  0.2409020598  0.9711231577  0.2385787345
16  4  -1.617518311e-16  1.930821131  -0.3522974473  0.9358880855
16  5  2.118400349e-16  0.06572209689  0.9978410803  0.06567479384
16  6  -2.763356423e-17  0.02746675261  0.9996228125  0.02746329915
16  7  2.950716107e-16  0.01366057433  0.9999066958  0.01366014946
16  8  2.631851039e-16  -0.001952375268  0.9999980941  -0.001952374027
16  9  5.822767471e-17  0.0215979381  0.9997667736  0.02159625901
16  10  -1.519825918e-16  0.03956283031  0.9992174933  0.03955251038
16  11  2.023719418e-17  0.1913687935  0.9817448064  0.1902028786
16  12  -1.207691731e-16  1.972146641  -0.3906617083  0.9205343175
16  13  -7.510517937e-17  0.06046013653  0.9981728426  0.06042330865
16  14  -1.817445713e-16  0.005418759029  0.9999853186  0.00541873251
16  15  -2.752481947e-16  -0.004756143063  0.9999886896  -0.004756125132
16  16  1.506727269e-16  -0.06769732585  0.997709411  -0.06764562904
16  17  2.004797116e-16  -0.03225186534  0.9994799537  -0.03224627432
16  18  -5.745297971e-17  -0.005420206086  0.9999853107  -0.005420179546
16  19  -1.264534863e-16  -0.0031491113  0.9999950416  -0.003149106095
16  20  -1.517532131e-16  -0.07900841774  0.9968804582  -0.07892624396
16  21  -1.572306028e-16  0.002593717621  0.9999966363  0.002593714713
16  22  -4.251865765e-17  0.4416646534  0.9040413684  0.4274449721
16  23  -1.334600316e-16  0.2671852546  0.9645178586  0.2640176139
16  24  3.388933155e-17  0.008841262548  0.9999609163  0.008841147364
16  25  1.768768843e-17  0.00214612972  0.9999976971  0.002146128073
16  26  1.956880568e-17  0.001547944816  0.9999988019  0.001547944198
16  27  3.237631149e-18  -0.005287465574  0.9999860214  -0.005287440937
16  28  -9.612617743e-17  0.02309559502  0.9997333086  0.02309354185
16  29  -2.868485798e-16  0.6371018157  0.8038231693  0.5948683152
16  30  5.020151978e-17  0.1652156326  0.9863829143  0.1644650312
16  31  3.095829667e-16  -0.1625716027  0.9868143164  -0.1618564334
16  32  -1.586540435e-16  -0.01657016264  0.999862718  -0.01656940438
16  33  -1.032173333e-16  -0.001785918491  0.9999984052  -0.001785917541
16  34  1.242129914e-16  -0.00940646036  0.9999557596  -0.009406321644
16  35  -3.085831809e-16  -0.06199589536  0.9980788699  -0.06195618955
16  36  -3.085831809e-16  -0.06199589536  0.9980788699  -0.06195618955

17  0  5.778765407e-17  -0.08015576685  0.9967892461  -0.08006996166
17  1  -6.678971487e-16  -0.005286432697  0.9999860268  -0.005286408075
17  2  -9.679990808e-17  0.0007668664341  0.999999706  0.000766866359
17  3  -8.452991025e-17  0.05466449346  0.9985062686  0.05463727273
17  4  -1.400047143e-16  0.5775721128  0.8377907236  0.5459914866
17  5  3.255614353e-16  0.04154110865  0.9991372922  0.04152916202
17  6  8.247458928e-18  0.03385229782  0.9994270657  0.03384583252
17  7  2.141010299e-16  0.06901232937  0.9976195942  0.06895756156
17  8  2.465941028e-16  -0.2986073693  0.9557471131  -0.2941894896
17  9  7.353632994e-17  0.003519486806  0.9999938066  0.00351947954
17  10  -3.023943003e-16  0.09933939948  0.9950698982  0.09917609464
17  11  -5.033954068e-17  0.03892026298  0.9992427022  0.03891043774
17  12  2.493023252e-16  0.380933885  0.9283178336  0.3717875735
17  13  -8.172119959e-17  0.2711363352  0.9634671779  0.267826431
17  14  -2.520387391e-16  0.002410585017  0.9999970945  0.002410582682
17  15  -4.768945413e-17  -0.0008270868916  0.999999658  -0.0008270867973
17  16  1.778641444e-16  -0.03225186534  0.9994799537  -0.03224627432
17  17  2.051119551e-16  -0.1040170688  0.9945951005  -0.1038296006
17  18  2.995231233e-16  -0.04576113222  0.9989531421  -0.04574516264
17  19  -1.068015647e-16  -0.005420206086  0.9999853107  -0.005420179546
17  20  1.861623557e-16  -0.004403631292  0.999990304  -0.004403617059
17  21  6.453392397e-18  -0.0502030574  0.9987400912  -0.05018197187
17  22  -1.58454097e-16  -0.005303505576  0.9999859364  -0.005303480714
17  23  1.937974247e-17  0.1378533835  0.9905132601  0.1374171807
17  24  9.624466632e-17  0.3332257597  0.9449921384  0.3270930425
17  25  -1.67595236e-18  0.1765223285  0.9844603482  0.1756070125
17  26  -7.679316946e-17  0.02007382102  0.9997985276  0.0200724729
17  27  1.279659968e-16  0.03212600727  0.9994840042  0.03212048145
17  28  -9.906519563e-17  0.3574615361  0.9367880428  0.3498973605
17  29  5.063480942e-17  0.25710221  0.9671308851  0.2542790812
17  30  -5.94732098e-17  0.01902679906  0.9998189959  0.01902565107
17  31  1.503822637e-16  -0.05183926223  0.9986566463  -0.05181604733
17  32  -3.118005239e-17  -0.01659740911  0.9998622662  -0.0165966471
17  33  -3.343847508e-16  -0.00134005507  0.9999991021  -0.001340054669
17  34  3.6678405e-17  -0.01316330127  0.999913365  -0.01316292114
17  35  9.189125556e-17  -0.08990819282  0.9959609803  -0.0897871132
17  36  9.189125556e-17  -0.08990819282  0.9959609803  -0.0897871132

18  0  -1.287177474e-16  -0.08990819282  0.9959609803  -0.08978711321
18  1  -1.439561498e-16  -0.01316330128  0.999913365  -0.01316292114
18  2  -1.30551483e-16  -0.00134005507  0.9999991021  -0.001340054669
18  3  7.334643932e-17  -0.01659740911  0.9998622662  -0.0165966471
18  4  1.245735436e-18  -0.05183926222  0.9986566463  -0.05181604732
18  5  -1.755008658e-16  0.01902679906  0.9998189959  0.01902565107
18  6  6.93347415e-17  0.25710221  0.9671308851  0.2542790812
18  7  2.339957615e-16  0.3574615361  0.9367880428  0.3498973605
18  8  1.003907052e-16  0.03212600727  0.9994840042  0.03212048145
18  9  -6.641524191e-17  0.02007382102  0.9997985276  0.0200724729
18  10  1.702438703e-16  0.1765223285  0.9844603482  0.1756070125
18  11  -9.912751228e-17  0.3332257597  0.9449921384  0.3270930424
18  12  4.697738186e-16  0.1378533835  0.9905132601  0.1374171807
18  13  4.466980029e-16  -0.005303505576  0.9999859364  -0.005303480714
18  14  -1.680506047e-16  -0.0502030574  0.9987400912  -0.05018197187
18  15  -2.174660976e-16  -0.004403631292  0.999990304  -0.004403617059
18  16  -5.154017256e-18  -0.005420206086  0.9999853107  -0.005420179546
18  17  -7.317454199e-17  -0.04576113222  0.9989531421  -0.04574516264
18  18  1.839454893e-16  -0.1040170688  0.9945951005  -0.1038296006
18  19  -7.370616697e-17  -0.03225186534  0.9994799537  -0.03224627432
18  20  1.23208505e-16  -0.0008270868916  0.999999658  -0.0008270867973
18  21  1.435438723e-16  0.002410585017  0.9999970945  0.002410582682
18  22  7.908254623e-17  0.2711363352  0.9634671779  0.267826431
18  23  2.27853211e-16  0.380933885  0.9283178336  0.3717875735
18  24  2.102028897e-16  0.03892026298  0.9992427022  0.03891043774
18  25  1.747896591e-16  0.09933939948  0.9950698982  0.09917609464
18  26  3.693397211e-17  0.003519486806  0.9999938066  0.00351947954
18  27  3.340725125e-16  -0.2986073693  0.9557471131  -0.2941894896
18  28  3.88132487e-16  0.06901232937  0.9976195942  0.06895756156
18  29  -2.196412646e-16  0.03385229782  0.9994270657  0.03384583252
18  30  -4.184411239e-16  0.04154110865  0.9991372922  0.04152916202
18  31  -1.141511602e-17  0.5775721127  0.8377907236  0.5459914866
18  32  -6.210313482e-17  0.05466449346  0.9985062686  0.05463727272
18  33  -4.061959476e-18  0.0007668664343  0.999999706  0.0007668663591
18  34  4.405761123e-17  -0.005286432697  0.9999860268  -0.005286408074
18  35  1.767888364e-16  -0.08015576685  0.9967892461  -0.08006996166
18  36  1.767888364e-16  -0.08015576685  0.9967892461  -0.08006996166

19  0  2.746436416e-16  -0.06199589536  0.9980788699  -0.06195618955
19  1  7.460998007e-17  -0.009406460361  0.9999557596  -0.009406321645
19  2  -1.179274835e-16  -0.001785918491  0.9999984052  -0.001785917542
19  3  1.067253234e-18  -0.01657016264  0.999862718  -0.01656940438
19  4  7.621082957e-17  -0.1625716027  0.9868143164  -0.1618564334
19  5  1.221664071e-16  0.1652156326  0.9863829142  0.1644650312
19  6  3.604995244e-16  0.6371018157  0.8038231693  0.5948683152
19  7  -1.438901845e-16  0.02309559502  0.9997333086  0.02309354185
19  8  -5.796016023e-17  -0.005287465574  0.9999860214  -0.005287440937
19  9  -1.754421343e-16  0.001547944817  0.9999988019  0.001547944199
19  10  -9.617181829e-17  0.00214612972  0.9999976971  0.002146128073
19  11  -3.288385877e-16  0.008841262548  0.9999609163  0.008841147364
19  12  -2.653929617e-17  0.2671852546  0.9645178586  0.2640176139
19  13  3.050698841e-16  0.4416646534  0.9040413684  0.4274449721
19  14  1.227572004e-16  0.002593717622  0.9999966363  0.002593714714
19  15  -1.843331623e-17  -0.07900841774  0.9968804582  -0.07892624396
19  16  3.501617997e-17  -0.0031491113  0.9999950416  -0.003149106095
19  17  -3.503373387e-18  -0.005420206086  0.9999853107  -0.005420179546
19  18  -8.626998628e-17  -0.03225186534  0.9994799537  -0.03224627432
19  19  -3.774713394e-16  -0.06769732585  0.997709411  -0.06764562904
19  20  3.695603951e-17  -0.004756143063  0.9999886896  -0.004756125132
19  21  -2.059205761e-17  0.005418759029  0.9999853186  0.005418732511
19  22  8.769992079e-17  0.06046013653  0.9981728426  0.06042330865
19  23  3.293991806e-16  1.972146641  -0.3906617083  0.9205343175
19  24  6.143712882e-16  0.1913687935  0.9817448064  0.1902028786
19  25  4.218543858e-16  0.03956283031  0.9992174933  0.03955251038
19  26  3.590682769e-16  0.0215979381  0.9997667736  0.02159625901
19  27  1.204140273e-16  -0.001952375267  0.9999980941  -0.001952374026
19  28  6.978807228e-18  0.01366057433  0.9999066958  0.01366014946
19  29  -5.001550378e-17  0.02746675261  0.9996228125  0.02746329915
19  30  -1.579896434e-16  0.06572209689  0.9978410803  0.06567479384
19  31  -1.728442246e-16  1.930821131  -0.3522974473  0.9358880855
19  32  -7.123091264e-17  0.2409020598  0.9711231577  0.2385787345
19  33  8.604419921e-17  0.01301857746  0.9999152595  0.01301820973
19  34  2.287766588e-16  0.003625487364  0.9999934279  0.003625479421
19  35  6.750312119e-17  -0.04001581847  0.999199474  -0.04000514
19  36  6.750312119e-17  -0.04001581847  0.999199474  -0.04000514

20  0  4.604397622e-17  0.07428851815  0.9972418768  0.07422020662
20  1  5.641637246e-17  0.0002292126895  0.9999999737  0.0002292126875
20  2  -1.140763842e-16  -0.0008669635393  0.9999996242  -0.0008669634307
20  3  -1.519156973e-16  -0.01827054606  0.9998330982  -0.01826952958
20  4  -2.398962271e-16  -0.2274719143  0.9742396297  -0.2255152855
20  5  -2.314154259e-16  1.314375136  0.2536203877  0.9673038297
20  6  2.518354906e-18  0.1326125982  0.9912198281  0.1322242501
20  7  -9.274027768e-17  -0.08023598947  0.9967828195  -0.08014992645
20  8  3.333668095e-17  -0.3322091717  0.9453241689  -0.3261322059
20  9  -3.969551594e-18  -1.21916292  0.3444317269  -0.9388113684
20  10  1.326520865e-16  -2.412702235  -0.7459138898  -0.6660423928
20  11  -8.509310311e-17  -0.405189145  0.919027854  -0.394192597
20  12  3.029028187e-17  -0.2103400047  0.9779599808  -0.2087924229
20  13  2.421075203e-16  -0.02519786051  0.9996825507  -0.0251951941
20  14  -1.936744954e-16  0.6138937558  0.817411204  0.5760546185
20  15  2.167549594e-17  0.6449427025  0.7991342128  0.6011526511
20  16  1.021974935e-16  -0.07900841774  0.9968804582  -0.07892624396
20  17  -2.261649408e-16  -0.004403631292  0.999990304  -0.004403617059
20  18  -6.607168745e-17  -0.0008270868916  0.999999658  -0.0008270867973
20  19  -2.902252729e-16  -0.004756143063  0.9999886896  -0.004756125132
20  20  -6.21129143e-18  0.1609113474  0.9870816792  0.1602178474
20  21  -1.867853219e-16  0.08149182216  0.9966813786  0.08140165537
20  22  8.650258001e-17  0.02357606237  0.9997220975  0.02357387838
20  23  3.595391207e-18  0.07975588887  0.9968211847  0.0796713612
20  24  -1.049326188e-16  0.09071267705  0.9958884257  0.09058831896
20  25  -7.717760245e-17  0.0381442159  0.9992725976  0.03813496672
20  26  1.27458586e-16  0.020121675  0.9997975659  0.02012031721
20  27  -1.154454141e-16  0.01632649636  0.9998667257  0.01632577105
20  28  1.840709881e-17  0.0150878409  0.9998861807  0.01508726847
20  29  2.822641608e-16  0.01900466832  0.9998194167  0.01900352433
20  30  1.146598349e-16  0.02766099755  0.999617459  0.02765747031
20  31  -3.087387476e-16  0.06621916568  0.9978083121  0.06617078135
20  32  3.435654192e-16  0.09661197612  0.995336692  0.09646175224
20  33  -2.076792353e-17  0.04459640947  0.9990057449  0.04458162842
20  34  4.309679722e-16  0.01536344914  0.9998819845  0.01536284476
20  35  -1.083153347e-16  0.1545320821  0.9880836598  0.1539177741
20  36  -1.083153347e-16  0.1545320821  0.9880836598  0.1539177741

21  0  -3.560925023e-17  1.081377242  0.4701132479  0.8826061036
21  1  1.229154677e-17  0.009629888643  0.999953633  0.009629739806
21  2  3.302519193e-17  0.003616437681  0.9999934607  0.003616429798
21  3  2.473696919e-16  -0.01141702278  0.9999348265  -0.01141677475
21  4  1.849156955e-16  -0.1354393793  0.9908420994  -0.1350256796
21  5  -2.98609778e-16  0.6071258395  0.8212911431  0.5705092972
21  6  1.317193458e-16  0.08753718545  0.9961710665  0.08742543222
21  7  4.44416485e-17  -0.2243349529  0.9749422677  -0.2224580288
21  8  2.811771687e-16  -0.1752000234  0.9846916935  -0.1743051025
21  9  2.183538764e-17  -0.03772853452  0.9992883633  -0.03771958443
21  10  -1.696987564e-16  -0.03643391533  0.9993363583  -0.03642585529
21  11  -2.626138249e-17  -0.03731573614  0.9993038487  -0.03730707661
21  12  -4.078572634e-16  -0.09047713048  0.9959097359  -0.09035373836
21  13  -2.379346927e-16  -0.2129426152  0.977413264  -0.2113369618
21  14  -1.2341672e-16  -0.1365103254  0.990696926  -0.1360867404
21  15  1.598967557e-16  0.6138937558  0.817411204  0.5760546185
21  16  8.340590995e-17  0.002593717621  0.9999966363  0.002593714712
21  17  5.247100344e-17  -0.0502030574  0.9987400912  -0.05018197187
21  18  -6.119423058e-17  0.002410585017  0.9999970945  0.002410582682
21  19  -8.126631673e-17  0.005418759029  0.9999853186  0.005418732511
21  20  -2.988945659e-17  0.08149182216  0.9966813786  0.08140165537
21  21  3.381873112e-17  2.014601669  -0.4293792621  0.9031242712
21  22  -7.400185957e-17  0.06110434211  0.9981337105  0.06106632458
21  23  -2.279112839e-16  0.04930035872  0.9987849834  0.04928039019
21  24  -1.152548164e-16  0.06125947483  0.9981242251  0.06122116705
21  25  9.561772691e-18  0.03082803386  0.9995248538  0.0308231511
21  26  1.401945306e-16  0.01404622676  0.9999013534  0.01404576489
21  27  -2.123576218e-16  0.0117351595  0.9999311438  0.01173489016
21  28  -1.887194019e-16  -0.01588159638  0.9998738901  -0.01588092877
21  29  -1.719678504e-16  -0.001965741984  0.9999980679  -0.001965740718
21  30  -6.032169295e-17  0.01326572131  0.9999120116  0.01326533223
21  31  -1.001614369e-16  0.02005872658  0.9997988305  0.0200573815
21  32  1.800571098e-16  0.04977770563  0.9987613458  0.04975715148
21  33  -1.970882301e-17  0.0633545099  0.9979937742  0.06331213641
21  34  -4.003856331e-17  0.03331833423  0.9994449956  0.03331217006
21  35  2.738627357e-16  1.051886325  0.4959339213  0.8683602626
21  36  2.738627357e-16  1.051886325  0.4959339213  0.8683602626

22  0  -4.074437008e-17  0.07335131338  0.9973109984  0.07328555432
22  1  9.184660149e-17  0.02446688649  0.9997007007  0.02446444547
22  2  -2.930004177e-17  0.02544232031  0.9996763616  0.02543957554
22  3  -1.066353012e-16  0.1033119052  0.9946680701  0.1031282226
22  4  1.407200196e-16  0.2034186142  0.9793816784  0.2020186328
22  5  -2.002199973e-16  0.07371829235  0.997284037  0.07365154153
22  6  3.764662941e-16  0.4022937026  0.920165362  0.3915299561
22  7  2.275452129e-16  -0.1580979008  0.9875285363  -0.1574401153
22  8  -2.461188649e-16  -0.1276884179  0.9918589043  -0.1273417216
22  9  1.285358062e-16  -0.03059714654  0.9995319438  -0.03059237267
22  10  -7.37595512e-17  -0.06038301656  0.9981774995  -0.06034632941
22  11  2.92861235e-16  -0.07517087478  0.997176  -0.0751001006
22  12  -2.570576462e-16  -0.04391550159  0.9990358693  -0.04390138725
22  13  -9.736877472e-17  -0.03694355311  0.9993176646  -0.0369351501
22  14  3.157992173e-16  -0.2129426152  0.977413264  -0.2113369618
22  15  8.953890448e-17  -0.02519786051  0.9996825507  -0.02519519411
22  16  3.298482423e-17  0.4416646534  0.9040413684  0.4274449721
22  17  1.053547752e-16  -0.005303505576  0.9999859364  -0.005303480714
22  18  -1.464184696e-16  0.2711363352  0.9634671779  0.267826431
22  19  -1.176367258e-16  0.06046013653  0.9981728426  0.06042330864
22  20  1.26847713e-16  0.02357606237  0.9997220975  0.02357387838
22  21  2.902977928e-16  0.06110434211  0.9981337105  0.06106632458
22  22  -1.971380821e-16  0.05753164479  0.9983455113  0.05749991281
22  23  -1.499879303e-16  0.03150011869  0.9995039123  0.03149490958
22  24  -6.431244847e-17  0.05714865734  0.9983674599  0.05711755479
22  25  -2.771923033e-17  0.04428715322  0.9990194843  0.04427267752
22  26  -8.673083148e-17  0.01952634846  0.9998093669  0.01952510766
22  27  1.224388326e-17  0.01117615454  0.9999375474  0.01117592188
22  28  -9.792939782e-17  -0.0812893175  0.9966978424  -0.08119982107
22  29  -1.017196546e-16  -2.252299734  -0.6299613211  -0.7766265087
22  30  1.981553031e-16  0.006316900515  0.9999800485  0.006316858504
22  31  4.62415566e-17  0.01419859542  0.9998992016  0.01419811836
22  32  -6.009881976e-17  0.0332306668  0.9994479122  0.03322455116
22  33  4.05746703e-17  0.05782511271  0.998328594  0.05779289271
22  34  -2.500524998e-18  0.04715894956  0.9988882228  0.04714147152
22  35  1.341548417e-16  0.03458597588  0.9994019648  0.03457908106
22  36  1.341548417e-16  0.03458597588  0.9994019648  0.03457908106

23  0  1.183800665e-16  0.0193376782  0.9998130329  0.01933647301
23  1  7.277793041e-17  0.04247944833  0.9990978839  0.04246667376
23  2  -1.260314658e-16  0.06146925808  0.9981113599  0.06143055544
23  3  6.462235554e-17  0.241043723  0.9710893501  0.2387163045
23  4  3.628382368e-16  2.140992264  -0.5397969977  0.8417952253
23  5  -9.05229308e-17  0.03111069106  0.9995161015  0.03110567276
23  6  2.898596715e-16  0.3879820391  0.9256743815  0.378321212
23  7  -1.091734201e-19  -0.02266098745  0.9997432508  -0.02265904802
23  8  -5.458232276e-17  -0.2504593243  0.9687986809  -0.2478489781
23  9  -1.670500942e-16  -0.03661911835  0.999329595  -0.03661093477
23  10  -1.06076142e-16  -0.0710981716  0.9974735895  -0.07103828712
23  11  4.372739201e-17  -0.135101988  0.9908875995  -0.1346913703
23  12  -3.148705726e-17  -0.1067242556  0.9943103701  -0.1065217716
23  13  -1.381491237e-16  -0.04391550159  0.9990358693  -0.04390138725
23  14  2.181825578e-16  -0.09047713048  0.9959097359  -0.09035373836
23  15  1.650942493e-16  -0.2103400047  0.9779599808  -0.2087924229
23  16  -1.3227512e-17  0.2671852546  0.9645178586  0.2640176139
23  17  1.404596025e-16  0.1378533835  0.9905132601  0.1374171807
23  18  -4.679184142e-17  0.380933885  0.9283178336  0.3717875735
23  19  8.865093399e-18  1.972146641  -0.3906617083  0.9205343175
23  20  1.261543448e-16  0.07975588887  0.9968211847  0.0796713612
23  21  3.067668794e-16  0.04930035872  0.9987849834  0.04928039019
23  22  -3.997375987e-17  0.03150011869  0.9995039123  0.03149490958
23  23  -7.174410892e-17  0.02703504944  0.9996345753  0.02703175627
23  24  -1.63038679e-16  0.04631761957  0.9989275308  0.04630106032
23  25  -7.448349153e-17  0.04820973765  0.9988381357  0.04819106515
23  26  -8.374904068e-17  0.03189303475  0.9994914603  0.03188762827
23  27  1.85965715e-18  0.01453992155  0.9998942972  0.01453940924
23  28  6.074681376e-17  0.003317813892  0.9999944961  0.003317807805
23  29  1.68614103e-16  -0.2516285659  0.9685082234  -0.2489815682
23  30  1.557632647e-16  -0.01368255763  0.9999063953  -0.01368213071
23  31  2.145245451e-16  0.01134047207  0.9999356975  0.011340229
23  32  1.236303378e-16  0.02447071057  0.9997006071  0.0244682684
23  33  4.249662282e-16  0.04382881812  0.9990396711  0.0438147872
23  34  2.819085798e-16  0.04877992629  0.9988104953  0.04876058344
23  35  -2.302448161e-16  0.03003628353  0.9995489447  0.03003176738
23  36  -2.302448161e-16  0.03003628353  0.9995489447  0.03003176738

24  0  -1.777018097e-16  0.03626615094  0.9993424552  0.03625820172
24  1  2.226334324e-17  0.05127784511  0.9986855794  0.05125537626
24  2  9.998100076e-18  0.06652330727  0.9977881407  0.0664742533
24  3  -2.593481481e-16  0.07623031026  0.9970958766  0.07615650189
24  4  1.386415e-16  0.1938189142  0.9812758401  0.1926076987
24  5  -1.517293074e-16  0.06214714971  0.9980694874  0.06210715261
24  6  -3.513292769e-18  0.1477386719  0.9891064782  0.1472018165
24  7  -2.030325489e-16  0.2200159292  0.975893973  0.2182451683
24  8  -2.714711803e-16  -0.1587844869  0.9874202074  -0.1581181015
24  9  -1.598450238e-16  -0.2706907017  0.9635864346  -0.2673970512
24  10  -3.855602724e-16  -0.05267383495  0.9986130543  -0.05264948078
24  11  8.133123914e-17  -0.1142637622  0.9934789959  -0.1140152825
24  12  1.79503726e-17  -0.135101988  0.9908875995  -0.1346913703
24  13  -1.119079904e-17  -0.07517087478  0.997176  -0.0751001006
24  14  2.409256567e-16  -0.03731573614  0.9993038487  -0.03730707661
24  15  -2.138489631e-17  -0.4051891451  0.919027854  -0.394192597
24  16  -3.401997715e-16  0.008841262548  0.9999609163  0.008841147364
24  17  1.219486719e-16  0.3332257597  0.9449921384  0.3270930425
24  18  4.69804239e-17  0.03892026298  0.9992427022  0.03891043774
24  19  9.86203005e-17  0.1913687935  0.9817448064  0.1902028786
24  20  2.868253472e-16  0.09071267705  0.9958884257  0.09058831896
24  21  7.329132192e-18  0.06125947483  0.9981242251  0.06122116705
24  22  -4.660976769e-17  0.05714865734  0.9983674599  0.05711755479
24  23  -1.085501755e-16  0.04631761957  0.9989275308  0.04630106032
24  24  2.653592978e-17  0.03949478426  0.9992201824  0.03948451749
24  25  -2.408278707e-16  0.03423181824  0.9994141485  0.03422513306
24  26  -3.070492711e-16  0.03077889381  0.9995263672  0.03077403435
24  27  -2.588667271e-16  0.02538891894  0.9996777187  0.02538619142
24  28  -8.57975206e-17  0.01714948512  0.9998529512  0.01714864451
24  29  7.252701229e-17  0.00690040457  0.9999761923  0.006900349809
24  30  1.023489044e-16  0.006815264989  0.9999767762  0.00681521223
24  31  -6.388271773e-17  0.01795850169  0.9998387504  0.01795753641
24  32  2.571001274e-17  0.02455348035  0.9996985784  0.02455101331
24  33  1.199153078e-16  0.03050232264  0.9995348402  0.03049759301
24  34  2.156947593e-16  0.03191546476  0.9994907448  0.03191004687
24  35  -1.840220878e-16  0.03315557823  0.9994504042  0.03314950396
24  36  -1.840220878e-16  0.03315557823  0.9994504042  0.03314950396

25  0  -1.162258922e-16  0.02318631081  0.9997312095  0.02318423336
25  1  -1.743877515e-16  0.03980469767  0.9992078976  0.03979418731
25  2  -2.4470122e-16  0.05138411185  0.998680127  0.05136150303
25  3  -3.439667034e-16  0.04150357858  0.9991388501  0.04149166429
25  4  2.221921348e-18  0.03278712712  0.9994625503  0.03278125309
25  5  1.839019234e-16  0.04009726788  0.9991962123  0.04008652407
25  6  -1.093364739e-16  0.03091991797  0.9995220174  0.03091499141
25  7  -2.917352438e-16  0.23746155  0.9719382409  0.2352361703
25  8  -3.135699527e-16  0.02494799346  0.999688815  0.0249454056
25  9  3.770690118e-17  -0.9653246668  0.5691499543  -0.8222337438
25  10  -5.087232168e-17  -1.463348196  0.1072415002  -0.9942330012
25  11  3.844430309e-16  -0.05267383495  0.9986130543  -0.05264948078
25  12  -1.907614751e-16  -0.0710981716  0.9974735895  -0.07103828712
25  13  5.370444821e-17  -0.06038301656  0.9981774995  -0.06034632941
25  14  2.447325993e-16  -0.03643391533  0.9993363583  -0.03642585529
25  15  -1.286316843e-16  -2.412702235  -0.7459138898  -0.6660423928
25  16  4.323623601e-17  0.00214612972  0.9999976971  0.002146128073
25  17  -5.100668823e-17  0.1765223285  0.9844603482  0.1756070125
25  18  -2.14855235e-16  0.09933939948  0.9950698982  0.09917609464
25  19  -2.016036817e-16  0.03956283031  0.9992174933  0.03955251038
25  20  1.799037062e-17  0.0381442159  0.9992725976  0.03813496672
25  21  1.785391462e-16  0.03082803386  0.9995248538  0.0308231511
25  22  4.696532423e-16  0.04428715322  0.9990194843  0.04427267752
25  23  2.281385466e-16  0.04820973765  0.9988381357  0.04819106515
25  24  -1.198728034e-16  0.03423181824  0.9994141485  0.03422513306
25  25  -2.463393928e-16  0.01955624943  0.9998087826  0.01955500291
25  26  -2.214125699e-16  0.01497426472  0.9998878878  0.01497370512
25  27  -3.664913204e-18  0.01854175037  0.9998281067  0.01854068795
25  28  7.103606703e-17  0.02818180022  0.9996029193  0.02817806998
25  29  -3.578808986e-17  0.04123579994  0.9991499249  0.04122411477
25  30  -2.146254348e-16  0.05542214539  0.998464586  0.05539377717
25  31  2.531818302e-16  0.06110072519  0.9981339313  0.06106271441
25  32  -1.070402475e-16  0.04294444228  0.9990780291  0.04293124363
25  33  8.437369524e-17  0.02444296384  0.9997012856  0.02444052997
25  34  1.984385003e-16  0.01566031946  0.9998773797  0.01565967937
25  35  3.747597887e-16  0.01523140244  0.9998840044  0.01523081351
25  36  3.747597887e-16  0.01523140244  0.9998840044  0.01523081351

26  0  1.453222179e-16  0.00926515564  0.9999570788  0.009265023083
26  1  8.074798296e-19  0.02061281961  0.9997875634  0.02061135995
26  2  -1.515921353e-17  0.03428720718  0.9994122513  0.03428048949
26  3  -3.419624928e-16  0.02839184206  0.9995969787  0.02838802779
26  4  8.748424484e-18  0.01702995297  0.9998549939  0.01702912981
26  5  -7.417286178e-17  0.01629140894  0.9998672979  0.0162906883
26  6  5.294710015e-17  0.02046186763  0.9997906633  0.0204604398
26  7  3.205457944e-16  -0.005275966652  0.9999860821  -0.005275942175
26  8  9.600057134e-17  0.02757238622  0.9996199058  0.02756889276
26  9  -1.7690899e-16  0.01229762231  0.9999243852  0.01229731235
26  10  -1.025488859e-16  -0.9653246667  0.5691499544  -0.8222337438
26  11  -8.768708134e-17  -0.2706907017  0.9635864346  -0.2673970512
26  12  7.371241046e-17  -0.03661911835  0.999329595  -0.03661093477
26  13  -1.366730738e-16  -0.03059714654  0.9995319438  -0.03059237267
26  14  9.220285396e-17  -0.03772853452  0.9992883633  -0.03771958443
26  15  -1.297618704e-16  -1.21916292  0.3444317269  -0.9388113684
26  16  1.538238026e-16  0.001547944816  0.9999988019  0.001547944198
26  17  -8.251681613e-18  0.02007382102  0.9997985276  0.0200724729
26  18  1.078620322e-16  0.003519486807  0.9999938066  0.003519479541
26  19  9.726536825e-17  0.0215979381  0.9997667736  0.02159625901
26  20  -8.769179328e-17  0.020121675  0.9997975659  0.02012031721
26  21  -3.873148356e-17  0.01404622676  0.9999013534  0.01404576489
26  22  1.863085684e-16  0.01952634846  0.9998093669  0.01952510766
26  23  -1.890711185e-16  0.03189303475  0.9994914603  0.03188762827
26  24  -3.021830072e-16  0.03077889381  0.9995263672  0.03077403435
26  25  -1.153026807e-16  0.01497426472  0.9998878878  0.01497370512
26  26  1.053960627e-16  0.007623755822  0.9999709393  0.007623681971
26  27  1.328269149e-17  0.008665099965  0.9999624583  0.00866499153
26  28  -1.616592049e-17  0.01783791962  0.9998409085  0.01783697366
26  29  -9.977570477e-17  0.04761155181  0.9988667842  0.04759356573
26  30  3.30737344e-16  0.1418107426  0.9899616963  0.1413359112
26  31  2.975401843e-16  0.2478269966  0.9694477433  0.2452979269
26  32  -1.094921155e-16  0.1088332952  0.9940835003  0.108618573
26  33  2.624216363e-16  0.03150872104  0.9995036413  0.03150350766
26  34  -3.798150655e-17  0.01222971491  0.999925218  0.01222941005
26  35  -1.910731189e-16  0.007233002894  0.9999738419  0.007232939827
26  36  -1.910731189e-16  0.007233002894  0.9999738419  0.007232939827

27  0  8.474203734e-17  0.007476233557  0.9999720531  0.007476163911
27  1  -1.710115147e-16  0.01138330746  0.9999352109  0.01138306162
27  2  -3.396907601e-16  0.02321767935  0.9997304818  0.02321559345
27  3  -1.750285377e-16  0.0217514793  0.9997634459  0.02174976414
27  4  1.963764931e-16  0.0131333  0.9999137595  0.01313292246
27  5  -9.271414088e-17  0.01322700663  0.9999125244  0.01322662095
27  6  2.053806768e-16  0.01364384045  0.9999069243  0.01364341714
27  7  4.373962203e-16  0.009846331894  0.9999515253  0.009846172794
27  8  1.925325684e-16  -0.3230157723  0.9482824418  -0.3174278037
27  9  1.469640735e-16  0.02757238622  0.9996199058  0.02756889277
27  10  1.087670139e-16  0.02494799346  0.999688815  0.0249454056
27  11  6.659250767e-17  -0.1587844869  0.9874202074  -0.1581181015
27  12  -7.230314111e-17  -0.2504593243  0.9687986809  -0.2478489781
27  13  1.111484321e-16  -0.1276884179  0.9918589043  -0.1273417216
27  14  -1.476443566e-16  -0.1752000234  0.9846916935  -0.1743051025
27  15  7.445009636e-17  -0.3322091717  0.9453241689  -0.3261322059
27  16  4.6933667e-17  -0.005287465574  0.9999860214  -0.005287440937
27  17  3.250562413e-17  0.03212600727  0.9994840042  0.03212048145
27  18  1.678336697e-16  -0.2986073693  0.9557471131  -0.2941894896
27  19  -2.62836503e-17  -0.001952375267  0.9999980941  -0.001952374026
27  20  -6.524806612e-17  0.01632649636  0.9998667257  0.01632577105
27  21  -2.984693661e-16  0.0117351595  0.9999311438  0.01173489016
27  22  -1.108905939e-16  0.01117615454  0.9999375474  0.01117592188
27  23  -1.04851826e-16  0.01453992155  0.9998942972  0.01453940924
27  24  2.581447033e-17  0.02538891894  0.9996777187  0.02538619142
27  25  1.044882473e-17  0.01854175037  0.9998281067  0.01854068795
27  26  2.682146288e-16  0.008665099965  0.9999624583  0.00866499153
27  27  -1.522736472e-16  0.00811021715  0.9999671124  0.008110128242
27  28  1.492301339e-16  0.01394556562  0.9999027622  0.01394511361
27  29  -1.149036017e-17  0.0297212055  0.9995583575  0.02971682999
27  30  1.323642264e-16  0.08655267362  0.9962566551  0.08644464781
27  31  -3.312540942e-17  0.2718042248  0.9632880845  0.2684698609
27  32  -8.849726341e-17  0.188560184  0.9822751392  0.1874447943
27  33  1.354144799e-16  0.05293862906  0.998599078  0.05291390579
27  34  -3.281667888e-17  0.02133534816  0.9997724101  0.02133372957
27  35  2.629180263e-16  0.01077161905  0.9999419867  0.01077141076
27  36  2.629180263e-16  0.01077161905  0.9999419867  0.01077141076

28  0  -1.826588024e-16  0.01659448667  0.9998623147  0.01659372505
28  1  -7.96108204e-17  0.01421479507  0.9998989715  0.01421431637
28  2  2.977705151e-16  0.02289272565  0.999737973  0.02289072611
28  3  1.271139135e-16  0.02612107714  0.9996588641  0.02611810679
28  4  -1.268341423e-16  0.0111480346  0.9999378613  0.01114780369
28  5  1.56779262e-16  0.0002513877985  0.9999999684  0.0002513877958
28  6  2.772920002e-16  -0.08808011288  0.9961234541  -0.0879662679
28  7  2.92506716e-16  -0.001510669405  0.9999988589  -0.001510668831
28  8  6.599586436e-17  0.009846331893  0.9999515253  0.009846172793
28  9  -1.055853285e-16  -0.005275966652  0.9999860821  -0.005275942175
28  10  -1.120320457e-16  0.23746155  0.9719382409  0.2352361703
28  11  3.255612322e-16  0.2200159292  0.975893973  0.2182451683
28  12  1.560584783e-17  -0.02266098744  0.9997432508  -0.02265904801
28  13  2.1367731e-17  -0.1580979008  0.9875285363  -0.1574401153
28  14  -5.681275566e-17  -0.2243349529  0.9749422677  -0.2224580288
28  15  6.721294091e-18  -0.08023598947  0.9967828195  -0.08014992644
28  16  -2.613828675e-16  0.02309559502  0.9997333086  0.02309354185
28  17  -2.286701662e-16  0.3574615361  0.9367880428  0.3498973605
28  18  -1.563245629e-16  0.06901232937  0.9976195942  0.06895756156
28  19  -3.346130828e-16  0.01366057433  0.9999066958  0.01366014946
28  20  5.365580892e-17  0.0150878409  0.9998861807  0.01508726847
28  21  2.358671514e-18  -0.01588159638  0.9998738901  -0.01588092877
28  22  1.994897271e-16  -0.0812893175  0.9966978424  -0.08119982107
28  23  1.101738586e-16  0.003317813892  0.9999944961  0.003317807805
28  24  -6.824318089e-17  0.01714948512  0.9998529512  0.01714864451
28  25  -2.985464617e-17  0.02818180022  0.9996029193  0.02817806998
28  26  1.169196802e-16  0.01783791962  0.9998409085  0.01783697366
28  27  -1.011845255e-16  0.01394556562  0.9999027622  0.01394511361
28  28  -8.614189192e-17  0.01975595237  0.9998048575  0.01975466728
28  29  1.621026763e-16  0.03309413167  0.9994524392  0.0330880911
28  30  8.924136636e-18  0.0518841659  0.9986543186  0.05186089063
28  31  -1.5395884e-16  0.05666606853  0.9983949079  0.0566357472
28  32  2.713881933e-16  0.05269261305  0.9986120654  0.05266823283
28  33  6.354290839e-16  0.06057046581  0.9981661701  0.06053343597
28  34  3.427337716e-16  0.04504316967  0.9989857279  0.04502793997
28  35  9.977817421e-17  0.02714259412  0.9996316624  0.02713926149
28  36  9.977817421e-17  0.02714259412  0.9996316624  0.02713926149

29  0  -4.208501958e-17  0.04268719219  0.9990890402  0.0426742293
29  1  -4.685878417e-17  0.02993580675  0.9995519572  0.02993133578
29  2  3.302727815e-16  0.03627145383  0.9993422629  0.03626350112
29  3  2.092524925e-16  0.05375819848  0.998555376  0.05373230919
29  4  -2.03837477e-16  0.02522145137  0.9996819561  0.02521877747
29  5  1.739552941e-16  -0.01691043405  0.999857022  -0.0169096281
29  6  7.668214663e-17  -2.408705036  -0.7432456341  -0.6690186301
29  7  3.445830608e-18  -0.08808011288  0.9961234541  -0.0879662679
29  8  -1.969511328e-16  0.01364384045  0.9999069243  0.01364341714
29  9  -4.657490349e-17  0.02046186763  0.9997906633  0.0204604398
29  10  3.093015868e-16  0.03091991797  0.9995220174  0.03091499141
29  11  -8.06343086e-17  0.1477386719  0.9891064782  0.1472018165
29  12  -1.099672163e-16  0.3879820391  0.9256743815  0.378321212
29  13  4.702464188e-17  0.4022937026  0.920165362  0.3915299561
29  14  -3.05127355e-16  0.08753718546  0.9961710665  0.08742543223
29  15  1.298186524e-16  0.1326125982  0.9912198281  0.1322242501
29  16  1.552657216e-17  0.6371018157  0.8038231693  0.5948683152
29  17  -5.52797482e-16  0.25710221  0.9671308851  0.2542790812
29  18  -3.181616305e-16  0.03385229782  0.9994270657  0.03384583252
29  19  -7.886535405e-17  0.02746675261  0.9996228125  0.02746329915
29  20  -7.402695814e-17  0.01900466832  0.9998194167  0.01900352433
29  21  2.501946643e-16  -0.001965741984  0.9999980679  -0.001965740718
29  22  1.267900187e-16  -2.252299734  -0.6299613211  -0.7766265087
29  23  1.012754587e-16  -0.2516285659  0.9685082234  -0.2489815682
29  24  -3.425022241e-16  0.006900404569  0.9999761923  0.006900349808
29  25  -2.610331122e-16  0.04123579994  0.9991499249  0.04122411477
29  26  -8.61292359e-17  0.04761155181  0.9988667842  0.04759356573
29  27  -2.600150956e-16  0.0297212055  0.9995583575  0.02971682999
29  28  -1.125483685e-16  0.03309413167  0.9994524392  0.0330880911
29  29  1.291577258e-16  0.05084514852  0.9987076639  0.05082324362
29  30  -3.016471488e-16  0.06788642845  0.9976966012  0.06783429727
29  31  2.65856399e-18  0.02921576767  0.9995732498  0.02921161161
29  32  1.274817194e-16  -0.04018002538  0.9991928914  -0.04016921492
29  33  2.880243371e-17  -0.0088141669  0.9999611555  -0.008814052772
29  34  3.92986406e-17  0.05683044954  0.9983855846  0.05679986359
29  35  1.969261673e-16  0.06398073749  0.9979539307  0.06393709519
29  36  1.969261673e-16  0.06398073749  0.9979539307  0.06393709519

30  0  -5.876295817e-18  0.07673210108  0.9970575365  0.07665682584
30  1  -6.858409912e-17  0.05854192116  0.9982869111  0.05850848817
30  2  1.940301809e-17  0.05999422654  0.9982008861  0.0599582434
30  3  -1.988605795e-17  0.1311072417  0.9914177496  0.1307319617
30  4  6.713644466e-17  0.1066005712  0.9943235376  0.10639879
30  5  -3.062700065e-17  0.01945773199  0.9998107043  0.01945650422
30  6  3.173950054e-16  -0.01691043405  0.999857022  -0.0169096281
30  7  2.666676115e-17  0.0002513877984  0.9999999684  0.0002513877957
30  8  -2.007286721e-16  0.01322700663  0.9999125244  0.01322662095
30  9  1.613018705e-16  0.01629140894  0.9998672979  0.0162906883
30  10  -5.161806732e-17  0.04009726788  0.9991962123  0.04008652407
30  11  -3.784308268e-16  0.06214714971  0.9980694874  0.06210715261
30  12  -1.215490376e-16  0.03111069106  0.9995161015  0.03110567276
30  13  -7.442699297e-17  0.07371829234  0.997284037  0.07365154153
30  14  -1.443421712e-16  0.6071258394  0.8212911432  0.5705092972
30  15  3.896729213e-16  1.314375136  0.2536203877  0.9673038297
30  16  4.911079753e-17  0.1652156326  0.9863829143  0.1644650312
30  17  1.099948651e-18  0.01902679906  0.9998189959  0.01902565107
30  18  4.555549406e-17  0.04154110865  0.9991372922  0.04152916202
30  19  -4.379215339e-17  0.06572209689  0.9978410803  0.06567479384
30  20  -2.96361659e-16  0.02766099755  0.999617459  0.02765747031
30  21  -1.576904411e-16  0.01326572131  0.9999120116  0.01326533223
30  22  -2.446676536e-16  0.006316900515  0.9999800485  0.006316858504
30  23  -2.541808837e-16  -0.01368255763  0.9999063953  -0.01368213071
30  24  9.123939935e-17  0.006815264988  0.9999767762  0.006815212229
30  25  -1.781631218e-16  0.05542214539  0.998464586  0.05539377717
30  26  2.567202696e-16  0.1418107426  0.9899616963  0.1413359112
30  27  2.31230803e-16  0.08655267362  0.9962566551  0.08644464781
30  28  5.122423052e-17  0.0518841659  0.9986543186  0.05186089063
30  29  9.360575347e-17  0.06788642845  0.9976966012  0.06783429727
30  30  2.41240894e-17  0.0763478757  0.9970869164  0.07627372538
30  31  -1.26742751e-16  0.02168939909  0.9997647942  0.02168769857
30  32  2.030201126e-16  -0.01997645605  0.9998004772  -0.01997512745
30  33  -1.22221356e-16  -0.02235595164  0.9997501161  -0.02235408947
30  34  3.220596586e-17  -0.000814541829  0.9999996683  -0.000814541739
30  35  3.26531086e-16  0.05500780358  0.9984874522  0.0549800668
30  36  3.26531086e-16  0.05500780358  0.9984874522  0.0549800668

31  0  1.468143073e-16  0.01848448216  0.9998291668  0.01848342957
31  1  -1.095067241e-16  0.03235771768  0.9994765347  0.03235207144
31  2  1.664281081e-16  0.0396135392  0.9992154864  0.03960317953
31  3  2.410243857e-16  0.1580973397  0.9875286247  0.1574395612
31  4  3.125097234e-16  0.3203675365  0.9491197393  0.3149154181
31  5  -5.542819683e-17  0.1066005712  0.9943235376  0.10639879
31  6  -1.984051825e-16  0.02522145137  0.9996819561  0.02521877747
31  7  8.271225069e-17  0.0111480346  0.9999378613  0.01114780369
31  8  -5.683290958e-17  0.0131333  0.9999137595  0.01313292246
31  9  3.515917044e-17  0.01702995297  0.9998549939  0.01702912981
31  10  -2.86292905e-16  0.03278712712  0.9994625503  0.0327812531
31  11  -2.901801732e-17  0.1938189143  0.9812758401  0.1926076987
31  12  7.942993457e-17  2.140992264  -0.5397969977  0.8417952253
31  13  5.040488115e-17  0.2034186142  0.9793816784  0.2020186328
31  14  -2.031995673e-16  -0.1354393793  0.9908420994  -0.1350256796
31  15  8.870356095e-17  -0.2274719143  0.9742396297  -0.2255152855
31  16  -3.459431541e-16  -0.1625716027  0.9868143164  -0.1618564334
31  17  -5.221358635e-16  -0.05183926223  0.9986566463  -0.05181604733
31  18  2.14688878e-16  0.5775721127  0.8377907236  0.5459914866
31  19  -7.519206412e-17  1.930821131  -0.3522974473  0.9358880855
31  20  2.166472021e-16  0.06621916568  0.9978083121  0.06617078135
31  21  -1.466403175e-16  0.02005872658  0.9997988305  0.0200573815
31  22  -3.924803385e-18  0.01419859542  0.9998992016  0.01419811836
31  23  2.156776691e-17  0.01134047207  0.9999356975  0.011340229
31  24  1.913854105e-16  0.01795850169  0.9998387504  0.01795753641
31  25  1.816253888e-16  0.06110072519  0.9981339313  0.06106271441
31  26  2.393912728e-16  0.2478269966  0.9694477433  0.2452979269
31  27  -1.692025507e-16  0.2718042248  0.9632880845  0.2684698609
31  28  8.96132175e-17  0.05666606853  0.9983949079  0.0566357472
31  29  6.004598947e-18  0.02921576767  0.9995732498  0.02921161161
31  30  -9.25391452e-18  0.02168939909  0.9997647942  0.02168769857
31  31  9.708867129e-17  0.003301232875  0.9999945509  0.003301226879
31  32  -1.459763681e-16  0.01318561284  0.9999130711  0.01318523076
31  33  -1.083454689e-16  0.03004213765  0.9995487689  0.03003761886
31  34  5.928503631e-17  0.02352591325  0.9997232785  0.02352374317
31  35  2.325211345e-16  0.008588231663  0.9999631214  0.008588126088
31  36  2.325211345e-16  0.008588231663  0.9999631214  0.008588126088

32  0  3.909681714e-16  0.03317330513  0.9994498164  0.03316722111
32  1  1.48973903e-16  0.0005779224191  0.999999833  0.0005779223869
32  2  2.490801833e-16  -0.02483413111  0.9996916488  -0.02483157851
32  3  1.811350008e-16  0.004274225235  0.9999908655  0.00427421222
32  4  1.683513436e-16  0.1580973397  0.9875286247  0.1574395612
32  5  1.036253298e-16  0.1311072417  0.9914177496  0.1307319616
32  6  -7.365332239e-17  0.05375819847  0.998555376  0.05373230919
32  7  2.641440412e-17  0.02612107714  0.9996588641  0.02611810679
32  8  -1.04411259e-16  0.0217514793  0.9997634459  0.02174976414
32  9  -1.565624523e-16  0.02839184206  0.9995969787  0.02838802779
32  10  -1.057568864e-17  0.04150357858  0.9991388501  0.04149166429
32  11  1.422841276e-17  0.07623031026  0.9970958766  0.07615650189
32  12  -3.016086422e-17  0.241043723  0.9710893501  0.2387163045
32  13  8.034406532e-17  0.1033119052  0.9946680701  0.1031282226
32  14  4.526127641e-17  -0.01141702278  0.9999348265  -0.01141677475
32  15  2.109266175e-16  -0.01827054606  0.9998330982  -0.01826952958
32  16  6.232773687e-17  -0.01657016264  0.999862718  -0.01656940438
32  17  -1.885946244e-16  -0.01659740911  0.9998622662  -0.0165966471
32  18  -1.05062423e-16  0.05466449346  0.9985062686  0.05463727272
32  19  3.716205504e-17  0.2409020598  0.9711231577  0.2385787345
32  20  -1.661820174e-16  0.09661197612  0.995336692  0.09646175224
32  21  -2.452527916e-16  0.04977770563  0.9987613458  0.04975715148
32  22  -1.296196231e-16  0.0332306668  0.9994479122  0.03322455116
32  23  1.030610728e-16  0.02447071057  0.9997006071  0.0244682684
32  24  -2.367340855e-16  0.02455348035  0.9996985784  0.02455101331
32  25  -4.056001782e-16  0.04294444228  0.9990780291  0.04293124363
32  26  1.169038091e-17  0.1088332952  0.9940835003  0.108618573
32  27  7.267521978e-17  0.188560184  0.9822751392  0.1874447943
32  28  3.860617114e-17  0.05269261305  0.9986120654  0.05266823283
32  29  1.840892748e-16  -0.04018002538  0.9991928914  -0.04016921492
32  30  -3.206440805e-17  -0.01997645605  0.9998004772  -0.01997512745
32  31  1.264703216e-16  0.01318561284  0.9999130711  0.01318523076
32  32  7.331650552e-17  0.05247137981  0.998623693  0.05244730536
32  33  2.729152059e-16  0.08751539393  0.9961729714  0.08740372412
32  34  2.333440909e-16  0.08329831683  0.9965327008  0.08320202116
32  35  2.00313615e-18  0.06351677066  0.997983488  0.0634740708
32  36  2.00313615e-18  0.06351677066  0.997983488  0.0634740708

33  0  1.979871074e-16  0.06358129347  0.9979793904  0.06353846338
33  1  1.47546573e-16  0.06751222882  0.997721915  0.06746095483
33  2  1.166077549e-16  0.004714651228  0.9999888861  0.004714633762
33  3  4.222608252e-17  -0.02483413111  0.9996916488  -0.02483157851
33  4  -2.568331305e-16  0.0396135392  0.9992154864  0.03960317953
33  5  9.373714478e-17  0.05999422653  0.9982008861  0.0599582434
33  6  3.898708101e-17  0.03627145383  0.9993422629  0.03626350112
33  7  -7.970909629e-18  0.02289272565  0.999737973  0.02289072611
33  8  2.602690003e-16  0.02321767935  0.9997304818  0.02321559345
33  9  4.951691171e-18  0.03428720718  0.9994122513  0.0342804895
33  10  2.903174382e-17  0.05138411186  0.998680127  0.05136150303
33  11  -9.362021822e-17  0.06652330728  0.9977881407  0.06647425331
33  12  -9.107890913e-17  0.06146925809  0.9981113599  0.06143055544
33  13  -1.727986486e-17  0.0254423203  0.9996763616  0.02543957554
33  14  1.118874715e-16  0.003616437681  0.9999934607  0.003616429798
33  15  -5.448638178e-17  -0.000866963539  0.9999996242  -0.0008669634304
33  16  -1.677846274e-16  -0.001785918491  0.9999984052  -0.001785917541
33  17  -3.977022403e-17  -0.00134005507  0.9999991021  -0.001340054669
33  18  -1.206289242e-16  0.0007668664343  0.999999706  0.0007668663591
33  19  2.470397574e-16  0.01301857746  0.9999152595  0.01301820973
33  20  2.697419877e-17  0.04459640947  0.9990057449  0.04458162842
33  21  4.984668925e-17  0.0633545099  0.9979937742  0.06331213641
33  22  -1.770644023e-16  0.05782511271  0.998328594  0.05779289271
33  23  -8.947388928e-18  0.04382881812  0.9990396711  0.0438147872
33  24  -1.920807403e-16  0.03050232264  0.9995348402  0.03049759301
33  25  -1.563516264e-16  0.02444296384  0.9997012856  0.02444052997
33  26  -2.880677991e-16  0.03150872104  0.9995036413  0.03150350766
33  27  5.347408e-17  0.05293862906  0.998599078  0.05291390579
33  28  -2.030315852e-16  0.06057046581  0.9981661701  0.06053343597
33  29  -5.531287979e-17  -0.0088141669  0.9999611555  -0.008814052772
33  30  -1.241382946e-16  -0.02235595164  0.9997501161  -0.02235408947
33  31  -2.580809962e-16  0.03004213765  0.9995487689  0.03003761886
33  32  1.597825304e-17  0.08751539393  0.9961729714  0.08740372412
33  33  1.254974107e-16  0.05260042542  0.9986169166  0.05257617293
33  34  -8.967991384e-17  -0.06600399084  0.9978225273  -0.06595607659
33  35  -1.704266826e-16  -0.05934122264  0.9982398263  -0.0593064016
33  36  -1.704266826e-16  -0.05934122264  0.9982398263  -0.0593064016

34  0  1.994785958e-16  -0.1165274471  0.993218356  -0.1162639119
34  1  2.033803362e-16  0.05270144816  0.9986116001  0.05267705568
34  2  5.211804333e-16  0.06751222882  0.997721915  0.06746095483
34  3  1.388327787e-16  0.00057792242  0.999999833  0.0005779223878
34  4  -2.312249841e-16  0.03235771768  0.9994765347  0.03235207144
34  5  9.583051734e-17  0.05854192116  0.9982869111  0.05850848816
34  6  1.931976529e-16  0.02993580675  0.9995519572  0.02993133578
34  7  -2.321248978e-16  0.01421479507  0.9998989715  0.01421431637
34  8  -1.555174754e-17  0.01138330746  0.9999352109  0.01138306162
34  9  -1.519199784e-16  0.02061281961  0.9997875634  0.02061135995
34  10  -3.001031607e-16  0.03980469767  0.9992078976  0.03979418731
34  11  -8.022868002e-17  0.05127784512  0.9986855794  0.05125537626
34  12  -7.610833155e-17  0.04247944833  0.9990978839  0.04246667376
34  13  2.329445047e-17  0.02446688649  0.9997007007  0.02446444547
34  14  3.006661359e-16  0.009629888643  0.999953633  0.009629739806
34  15  2.44156065e-17  0.0002292126899  0.9999999737  0.0002292126879
34  16  1.888054221e-16  -0.00940646036  0.9999557596  -0.009406321644
34  17  -1.826334629e-16  -0.01316330127  0.999913365  -0.01316292114
34  18  -1.922769687e-16  -0.005286432697  0.9999860268  -0.005286408074
34  19  7.11304257e-17  0.003625487364  0.9999934279  0.003625479421
34  20  1.598064419e-16  0.01536344914  0.9998819845  0.01536284476
34  21  1.131319074e-17  0.03331833423  0.9994449956  0.03331217006
34  22  -1.796045755e-16  0.04715894956  0.9988882228  0.04714147152
34  23  3.35696662e-16  0.04877992629  0.9988104953  0.04876058344
34  24  -6.501722663e-17  0.03191546476  0.9994907448  0.03191004687
34  25  -1.017643811e-16  0.01566031946  0.9998773797  0.01565967937
34  26  4.774463694e-17  0.01222971491  0.999925218  0.01222941005
34  27  8.835108926e-18  0.02133534816  0.9997724101  0.02133372957
34  28  -5.744867434e-18  0.04504316967  0.9989857279  0.04502793997
34  29  -2.431204497e-16  0.05683044954  0.9983855846  0.05679986359
34  30  -3.602914699e-16  -0.0008145418291  0.9999996683  -0.000814541739
34  31  -6.700631902e-17  0.02352591325  0.9997232785  0.02352374317
34  32  -9.901866288e-17  0.08329831683  0.9965327008  0.08320202116
34  33  6.009651914e-17  -0.06600399084  0.9978225273  -0.06595607659
34  34  7.568021725e-17  -0.06177202347  0.9980927152  -0.0617327462
34  35  2.396670769e-16  -0.03525728446  0.9993785263  -0.03524998033
34  36  2.396670769e-16  -0.03525728446  0.9993785263  -0.03524998033

35  0  2.491826984e-17  0.2554909021  0.9675393513  0.2527204062
35  1  -8.090161111e-17  -0.1165274471  0.993218356  -0.1162639119
35  2  2.333011577e-16  0.06358129346  0.9979793904  0.06353846337
35  3  5.865543485e-17  0.03317330513  0.9994498164  0.0331672211
35  4  4.955139163e-17  0.01848448217  0.9998291668  0.01848342957
35  5  1.351850185e-16  0.07673210108  0.9970575365  0.07665682583
35  6  2.01520512e-16  0.04268719219  0.9990890402  0.0426742293
35  7  -1.817618762e-16  0.01659448667  0.9998623147  0.01659372505
35  8  -2.927480938e-16  0.007476233558  0.9999720531  0.007476163912
35  9  3.877218459e-17  0.009265155642  0.9999570788  0.009265023084
35  10  1.855686512e-16  0.02318631082  0.9997312095  0.02318423336
35  11  1.321144262e-16  0.03626615094  0.9993424552  0.03625820172
35  12  -6.96329191e-17  0.0193376782  0.9998130329  0.01933647301
35  13  -4.540630685e-17  0.07335131339  0.9973109984  0.07328555433
35  14  -1.482816818e-16  1.081377243  0.4701132476  0.8826061038
35  15  -9.337182911e-17  0.07428851817  0.9972418768  0.07422020664
35  16  4.059955513e-17  -0.06199589536  0.9980788699  -0.06195618955
35  17  -2.369262645e-16  -0.08990819282  0.9959609803  -0.08978711321
35  18  1.066004607e-16  -0.08015576685  0.9967892461  -0.08006996166
35  19  2.467473282e-17  -0.04001581847  0.999199474  -0.04000514
35  20  -2.32407899e-17  0.1545320821  0.9880836598  0.1539177741
35  21  -8.671197395e-17  1.051886325  0.4959339213  0.8683602626
35  22  -1.048855045e-16  0.03458597588  0.9994019648  0.03457908106
35  23  -1.568583466e-17  0.03003628353  0.9995489447  0.03003176738
35  24  1.617144872e-17  0.03315557823  0.9994504042  0.03314950396
35  25  -3.828686984e-17  0.01523140244  0.9998840044  0.01523081351
35  26  -8.97925199e-17  0.007233002894  0.9999738419  0.007232939827
35  27  -5.819668782e-17  0.01077161905  0.9999419867  0.01077141075
35  28  -1.96885456e-16  0.02714259412  0.9996316624  0.02713926149
35  29  -1.410108722e-16  0.06398073749  0.9979539307  0.06393709519
35  30  -4.974546696e-16  0.05500780358  0.9984874522  0.0549800668
35  31  -2.127062141e-16  0.008588231663  0.9999631214  0.008588126089
35  32  1.889879074e-17  0.06351677066  0.997983488  0.0634740708
35  33  -6.181798518e-17  -0.05934122264  0.9982398263  -0.0593064016
35  34  -5.203236662e-17  -0.03525728446  0.9993785263  -0.03524998033
35  35  -8.040570209e-17  0.5197243499  0.8679561117  0.4966409046
35  36  -8.040570209e-17  0.5197243499  0.8679561117  0.4966409046

36  0  2.491826984e-17  0.2554909021  0.8679561117  0.4966409046
36  1  2.033803362e-16  0.05270144816  0.8679561117  0.4966409046
36  2  1.166077549e-16  0.004714651228  0.8679561117  0.4966409046
36  3  1.811350008e-16  0.004274225235  0.8679561117  0.4966409046
36  4  3.125097234e-16  0.3203675365  0.8679561117  0.4966409046
36  5  -3.062700065e-17  0.01945773199  0.8679561117  0.4966409046
36  6  7.668214663e-17  -2.408705036  0.8679561117  0.4966409046
36  7  2.92506716e-16  -0.001510669405  0.8679561117  0.4966409046
36  8  1.925325684e-16  -0.3230157723  0.8679561117  0.4966409046
36  9  -1.7690899e-16  0.01229762231  0.8679561117  0.4966409046
36  10  -5.087232168e-17  -1.463348196  0.8679561117  0.4966409046
36  11  8.133123914e-17  -0.1142637622  0.8679561117  0.4966409046
36  12  -3.148705726e-17  -0.1067242556  0.8679561117  0.4966409046
36  13  -9.736877472e-17  -0.03694355311  0.8679561117  0.4966409046
36  14  -1.2341672e-16  -0.1365103254  0.8679561117  0.4966409046
36  15  2.167549594e-17  0.6449427025  0.8679561117  0.4966409046
36  16  3.501617997e-17  -0.0031491113  0.8679561117  0.4966409046
36  17  -7.317454199e-17  -0.04576113222  0.8679561117  0.4966409046
36  18  2.995231233e-16  -0.04576113222  0.8679561117  0.4966409046
36  19  -1.264534863e-16  -0.0031491113  0.8679561117  0.4966409046
36  20  -4.92946376e-18  0.6449427025  0.8679561117  0.4966409046
36  21  -2.145026141e-16  -0.1365103254  0.8679561117  0.4966409046
36  22  1.190756984e-16  -0.03694355311  0.8679561117  0.4966409046
36  23  5.169164726e-17  -0.1067242556  0.8679561117  0.4966409046
36  24  -9.252661598e-17  -0.1142637622  0.8679561117  0.4966409046
36  25  1.768788642e-16  -1.463348196  0.8679561117  0.4966409046
36  26  4.929247556e-18  0.01229762231  0.8679561117  0.4966409046
36  27  -5.942233921e-18  -0.3230157723  0.8679561117  0.4966409046
36  28  -1.744754848e-16  -0.001510669405  0.8679561117  0.4966409046
36  29  4.379069641e-17  -2.408705036  0.8679561117  0.4966409046
36  30  -8.233423766e-17  0.01945773199  0.8679561117  0.4966409046
36  31  1.430294906e-16  0.3203675365  0.8679561117  0.4966409046
36  32  1.645616312e-17  0.004274225235  0.8679561117  0.4966409046
36  33  1.271729626e-16  0.004714651228  0.8679561117  0.4966409046
36  34  2.429017788e-17  0.05270144817  0.8679561117  0.4966409046
36  35  -2.21720278e-16  0.2554909021  0.8679561117  0.4966409046
36  36  -2.21720278e-16  0.2554909021  0.8679561117  0.4966409046

#Chern no*2pi*Iota= 4.906625059e-15  50.26548246
