#nx  ny  tilde_F(nx,ny).real()  tilde_F(nx,ny).imag()  ArgofLog.real()  ArgofLog.imag()
#Extra momentum point for pm3d corners2color c1
0  0  -1.835888973e-16  -0.008929358809  0.9999601335  -0.008929240148
0  1  3.198941847e-16  -0.009730250706  0.9999526615  -0.009730097167
0  2  -4.931630977e-17  -0.01290800909  0.9999166928  -0.01290765065
0  3  -8.977404012e-17  -0.02266732688  0.9997431071  -0.02266538582
0  4  -1.680442176e-16  -0.03870844544  0.9992509217  -0.03869877973
0  5  -2.194149862e-16  -0.04294352906  0.9990780684  -0.04293033125
0  6  -3.195796308e-17  -0.02952807945  0.9995640779  -0.02952378868
0  7  -2.444809564e-16  -0.01722959105  0.9998515743  -0.0172287386
0  8  2.427560302e-16  -0.01202977745  0.9999276431  -0.0120294873
0  9  -3.349669507e-16  -0.0103826341  0.9999461009  -0.01038244756
0  10  -1.218078042e-16  -0.005600631762  0.9999843165  -0.005600602483
0  11  1.158302635e-16  0.1145107599  0.9934508041  0.1142606661
0  12  1.964054975e-16  0.1878884715  0.9824008266  0.1867849456
0  13  2.534278042e-16  0.009910366472  0.9999508927  0.009910204248
0  14  7.803718628e-17  -0.001915810535  0.9999981648  -0.001915809363
0  15  -1.166225573e-16  -0.5159902158  0.8698045799  -0.4933963851
0  16  -1.55529192e-16  -0.008455078246  0.999964256  -0.008454977506
0  17  5.043513462e-18  0.05405529756  0.9985393681  0.0540289767
0  18  1.076194523e-16  0.5898573744  0.8310200219  0.5562425039
0  19  1.654016993e-16  -0.00190007237  0.9999981949  -0.001900071226
0  20  4.93032706e-17  -0.330273181  0.9459537858  -0.3243014571
0  21  -1.921218329e-17  -0.1945615299  0.9811325361  -0.1933363563
0  22  -2.685593947e-17  0.002664647409  0.9999964498  0.002664644255
0  23  -1.317704839e-16  0.03999263159  0.9992004013  0.03998197167
0  24  -2.437274776e-17  0.2566761964  0.9672391237  0.2538670472
0  25  1.543079641e-16  0.01168269103  0.9999317581  0.01168242528
0  26  1.695623789e-16  -0.009229678631  0.9999574068  -0.00922954759
0  27  3.001301433e-17  -0.01099646995  0.9999395394  -0.01099624834
0  28  8.315161276e-17  -0.0139379737  0.999902868  -0.01393752243
0  29  1.62381124e-16  -0.022627674  0.9997440051  -0.02262574311
0  30  3.176175938e-16  -0.03768765551  0.9992899044  -0.03767873447
0  31  5.110398904e-17  -0.04376104751  0.9990426382  -0.04374708157
0  32  -2.332902408e-16  -0.03028779829  0.9995413597  -0.03028316775
0  33  -1.4068545e-16  -0.01631880703  0.9998668512  -0.01631808275
0  34  -1.70358121e-17  -0.01061230367  0.99994369  -0.01061210448
0  35  2.69365497e-16  -0.009103267359  0.9999585655  -0.009103141629
0  36  2.69365497e-16  -0.009103267359  0.9999585655  -0.009103141629

1  0  8.378730119e-17  -0.009730250706  0.9999526615  -0.009730097167
1  1  -7.082810038e-18  -0.0101833255  0.9999481504  -0.0101831495
1  2  -2.488027274e-16  -0.01215587623  0.9999261182  -0.01215557686
1  3  -1.467602781e-16  -0.01735251674  0.9998494489  -0.01735164592
1  4  -1.967416248e-16  -0.02870119529  0.999588149  -0.02869725497
1  5  -1.63758574e-16  -0.03999340623  0.9992003703  -0.03998274569
1  6  9.179624917e-17  -0.03632689885  0.9993402508  -0.03631890961
1  7  -2.210765036e-16  -0.02304097939  0.9997345684  -0.02303894075
1  8  9.815033438e-17  -0.01353775386  0.999908366  -0.01353734035
1  9  2.566208196e-17  -0.009132209558  0.9999583017  -0.009132082625
1  10  2.582004127e-17  -0.006180551659  0.9999809005  -0.00618051231
1  11  -3.571745355e-18  0.0125268956  0.9999215395  0.01252656798
1  12  -6.125591793e-17  0.3398784375  0.9427951981  0.333372486
1  13  3.889481635e-17  0.07605246595  0.9971094049  0.07597917285
1  14  -1.522083882e-16  0.00363436717  0.9999933957  0.003634359169
1  15  -9.000789477e-17  -0.2657257439  0.9649021677  -0.2626096091
1  16  -3.725683093e-17  -0.2583471759  0.9668135669  -0.2554829288
1  17  -7.553606859e-19  -0.001507700432  0.9999988634  -0.001507699861
1  18  5.660585676e-17  0.4031949255  0.9198121326  0.3923590711
1  19  -1.06668142e-16  0.03393189916  0.9994243683  0.03392538815
1  20  1.424346588e-16  -0.007377994869  0.9999727827  -0.007377927932
1  21  4.086174769e-16  -0.5136215016  0.8709708537  -0.4913346843
1  22  2.525941011e-16  -0.004225886848  0.999991071  -0.004225874271
1  23  -2.061193402e-17  0.01253503099  0.9999214375  0.01253470273
1  24  1.349077152e-17  0.2911630104  0.9579106621  0.2870664791
1  25  3.029654815e-16  0.1275121954  0.9918813293  0.1271669317
1  26  1.775070926e-16  -0.002661008915  0.9999964595  -0.002661005775
1  27  9.313657227e-17  -0.007760391151  0.9999698883  -0.007760313258
1  28  -1.145487171e-16  -0.01094125702  0.999940145  -0.01094103872
1  29  1.802824181e-16  -0.01781056485  0.9998413961  -0.01780962324
1  30  -4.958344376e-18  -0.03061220465  0.9995314831  -0.03060742372
1  31  -1.515633641e-16  -0.04112885775  0.9991543278  -0.04111726325
1  32  -2.793215414e-16  -0.03493977704  0.9993896681  -0.03493266846
1  33  -1.928629361e-16  -0.02131485444  0.9997728471  -0.02131324051
1  34  -1.126634072e-17  -0.01344310017  0.9999096429  -0.01344269528
1  35  1.308879864e-16  -0.01061230367  0.99994369  -0.01061210448
1  36  1.308879864e-16  -0.01061230367  0.99994369  -0.01061210448

2  0  1.008956676e-16  -0.01290800909  0.9999166928  -0.01290765065
2  1  -6.800762252e-17  -0.01215587623  0.9999261182  -0.01215557686
2  2  -1.320433782e-16  -0.01477473634  0.9998908556  -0.01477419881
2  3  -9.34379354e-17  -0.01947609073  0.9998103469  -0.01947485948
2  4  4.418993522e-17  -0.02589624873  0.9996647109  -0.02589335442
2  5  1.639023429e-17  -0.03416630992  0.9994163884  -0.03415966305
2  6  -1.015930199e-16  -0.03800877202  0.9992777536  -0.03799962101
2  7  -4.35455292e-16  -0.03074239904  0.9995274897  -0.03073755685
2  8  -1.367181601e-16  -0.01899760075  0.999819551  -0.01899645804
2  9  1.20211094e-16  -0.01077487739  0.9999419516  -0.0107746689
2  10  -2.653642395e-17  -0.006211806248  0.9999807068  -0.006211766299
2  11  2.262049185e-16  -0.0008536538228  0.9999996356  -0.0008536537191
2  12  -1.131298614e-18  0.1044231391  0.9945528564  0.1042334676
2  13  1.012323885e-16  0.4515849972  0.8997565524  0.4363921933
2  14  -9.240843124e-17  0.01995953933  0.999800815  0.0199582141
2  15  -1.43688642e-16  -0.0078015725  0.9999695679  -0.00780149336
2  16  7.909299803e-17  -0.4997414229  0.877706501  -0.4791985998
2  17  -5.426839312e-17  -0.004884310142  0.9999880718  -0.004884290722
2  18  -8.395711138e-17  0.03592662164  0.9993547083  0.03591889359
2  19  -7.752025787e-17  0.2054905666  0.9789610035  0.20404743
2  20  1.997277357e-17  -0.001320231999  0.9999991285  -0.001320231615
2  21  2.379381024e-16  -0.1408725989  0.9900938541  -0.1404071228
2  22  -2.7419795e-17  -0.3701473561  0.9322740492  -0.3617528122
2  23  1.082387782e-16  0.004207149413  0.99999115  0.004207137002
2  24  7.384217732e-17  0.1147842549  0.9934195172  0.1145323657
2  25  -2.972947186e-17  0.4480090772  0.9013113  0.4331719526
2  26  2.530169437e-16  0.009612497277  0.9999538003  0.009612349245
2  27  4.708746985e-16  -0.00423644393  0.9999910263  -0.004236431258
2  28  -1.307569107e-16  -0.0082697876  0.9999658055  -0.00826969334
2  29  2.423552352e-16  -0.01456353123  0.9998939537  -0.01456301643
2  30  -1.531261076e-16  -0.02552122974  0.9996743511  -0.02551845936
2  31  -2.52641594e-17  -0.03666035041  0.9993280846  -0.03665213916
2  32  5.536978916e-17  -0.03721510783  0.9993075978  -0.03720651816
2  33  -8.782562525e-17  -0.0289425126  0.9995811947  -0.02893847206
2  34  1.459284502e-16  -0.02131485444  0.9997728471  -0.02131324051
2  35  7.058755518e-17  -0.01631880703  0.9998668512  -0.01631808275
2  36  7.058755518e-17  -0.01631880703  0.9998668512  -0.01631808275

3  0  -7.342913201e-17  -0.02266732688  0.9997431071  -0.02266538582
3  1  -1.385035867e-17  -0.01735251674  0.9998494489  -0.01735164592
3  2  -1.637879281e-16  -0.01947609073  0.9998103469  -0.01947485948
3  3  -2.849679084e-18  -0.02747177604  0.9996226745  -0.02746832068
3  4  1.547905752e-16  -0.03448290299  0.9994055236  -0.03447606963
3  5  -1.186243884e-16  -0.0373586278  0.9993022476  -0.03734993837
3  6  -3.356293036e-16  -0.03811761127  0.9992736118  -0.03810838143
3  7  9.061710211e-17  -0.03557399601  0.9993673121  -0.03556649328
3  8  1.053517958e-16  -0.02731540287  0.9996269576  -0.02731200618
3  9  5.794232758e-17  -0.01690221446  0.999857161  -0.01690140969
3  10  -2.842236741e-16  -0.009175536095  0.9999579051  -0.009175407347
3  11  -3.321154046e-17  -0.00402134808  0.9999919144  -0.004021337242
3  12  -8.429234922e-17  0.008234213938  0.9999660991  0.008234120889
3  13  -1.870122056e-16  0.3224987712  0.9484464256  0.3169374983
3  14  -1.267601781e-16  0.1554654883  0.9879395616  0.1548399904
3  15  -2.403262599e-16  0.003931912479  0.99999227  0.003931902348
3  16  -1.906886611e-17  -0.4252005458  0.9109560254  -0.4125034785
3  17  -4.891732506e-17  -0.01115747556  0.999937756  -0.01115724407
3  18  -1.620967586e-16  -0.0011469523  0.9999993423  -0.001146952048
3  19  -5.733619222e-17  0.1047996025  0.9945135459  0.1046078729
3  20  3.080407827e-17  0.01578437662  0.9998754293  0.01578372119
3  21  1.242935131e-16  -0.004388704012  0.9999903697  -0.004388689924
3  22  -1.836677931e-16  -0.2803659909  0.9609542303  -0.2767073676
3  23  6.01400999e-17  -0.1534872257  0.9882439424  -0.1528852847
3  24  -8.682881169e-19  0.02435039447  0.9997035438  0.02434798815
3  25  5.14872651e-17  0.4102540354  0.9170195324  0.3988422963
3  26  6.857634932e-17  0.05512103193  0.9984812205  0.05509312354
3  27  1.442826201e-16  -0.0007319873009  0.9999997321  -0.0007319872356
3  28  -6.69973468e-17  -0.006499531148  0.9999788781  -0.006499485387
3  29  -1.363930757e-16  -0.01277439135  0.9999184086  -0.01277404392
3  30  -2.90445236e-16  -0.02264849585  0.9997435338  -0.02264655962
3  31  -2.320409343e-17  -0.03306109143  0.9994535319  -0.03305506894
3  32  1.994916395e-16  -0.037777759  0.9992865053  -0.03776877383
3  33  2.914962114e-17  -0.03721510783  0.9993075978  -0.03720651816
3  34  6.640238174e-17  -0.03493977704  0.9993896681  -0.03493266846
3  35  -1.798126108e-16  -0.03028779829  0.9995413597  -0.03028316775
3  36  -1.798126108e-16  -0.03028779829  0.9995413597  -0.03028316775

4  0  3.001532864e-16  -0.03870844544  0.9992509217  -0.03869877973
4  1  -7.316826733e-17  -0.02870119529  0.999588149  -0.02869725497
4  2  -5.770808496e-17  -0.02589624873  0.9996647109  -0.02589335442
4  3  -4.823130339e-17  -0.03448290299  0.9994055236  -0.03447606963
4  4  2.795803429e-16  -0.04431307033  0.9990183366  -0.0442985692
4  5  -9.370388673e-17  -0.04458913426  0.9990060692  -0.04457436044
4  6  -1.082988455e-16  -0.03928774352  0.9992283359  -0.03927763735
4  7  9.144806792e-17  -0.03456542667  0.9994026751  -0.03455854413
4  8  1.060691831e-16  -0.03036899523  0.9995388975  -0.03036432735
4  9  3.555313717e-18  -0.02411210226  0.9997093173  -0.02410976589
4  10  -7.464279207e-17  -0.01584543733  0.9998744637  -0.01584477427
4  11  -2.35607505e-16  -0.008388583234  0.999964816  -0.008388484852
4  12  -1.297169964e-16  -0.001379627011  0.9999990483  -0.001379626574
4  13  -2.488478441e-16  0.04258987792  0.9990931882  0.04257700347
4  14  5.040765388e-17  0.2395742044  0.9714390995  0.2372890134
4  15  6.796195352e-17  0.02393196464  0.9997136442  0.02392968024
4  16  2.791023789e-17  -0.3347006637  0.9445086799  -0.3284864588
4  17  -9.848361906e-17  -0.03389705136  0.99942555  -0.03389056039
4  18  3.881157086e-16  -0.003803067328  0.9999927683  -0.00380305816
4  19  -8.614441393e-17  0.004110145063  0.9999915534  0.004110133491
4  20  -1.065863717e-16  0.0220212516  0.999757542  0.02201947182
4  21  -8.909288939e-18  -0.002046655616  0.9999979056  -0.002046654187
4  22  -2.535554568e-16  -0.008333075486  0.9999652801  -0.008332979045
4  23  1.720359563e-16  -0.2993714497  0.9555220497  -0.2949196713
4  24  2.208412361e-17  -0.05883718964  0.9982695918  -0.05880324828
4  25  -2.776691902e-16  0.1341752746  0.9910119942  0.1337730439
4  26  -1.299742958e-16  0.1613995971  0.9870033352  0.1606997706
4  27  4.08981688e-18  0.006360758618  0.9999797704  0.006360715726
4  28  -8.657466405e-18  -0.005153687612  0.9999867198  -0.005153664798
4  29  8.902690043e-17  -0.01206713381  0.999927193  -0.01206684095
4  30  1.942139763e-16  -0.02074922934  0.9997847425  -0.02074774051
4  31  6.147222857e-17  -0.02849645235  0.9995940036  -0.02849259576
4  32  1.150183774e-16  -0.03306109143  0.9994535319  -0.03305506894
4  33  1.626070266e-16  -0.03666035041  0.9993280846  -0.03665213916
4  34  2.349726819e-16  -0.04112885775  0.9991543278  -0.04111726325
4  35  2.776034797e-16  -0.04376104751  0.9990426382  -0.04374708157
4  36  2.776034797e-16  -0.04376104751  0.9990426382  -0.04374708157

5  0  -1.054134535e-17  -0.04294352906  0.9990780684  -0.04293033125
5  1  -7.112420325e-17  -0.03999340623  0.9992003703  -0.03998274569
5  2  -3.714186386e-16  -0.03416630992  0.9994163884  -0.03415966305
5  3  -9.629938191e-18  -0.0373586278  0.9993022476  -0.03734993837
5  4  3.661249916e-16  -0.04458913426  0.9990060692  -0.04457436044
5  5  2.01637144e-16  -0.04267803342  0.999089431  -0.04266507887
5  6  1.02658122e-16  -0.0345313018  0.9994038538  -0.03452443962
5  7  -1.174367539e-16  -0.02765509795  0.9996176221  -0.02765157296
5  8  -3.276204347e-18  -0.0235985688  0.9997215667  -0.02359637855
5  9  -1.165994313e-16  -0.02131773812  0.9997727856  -0.02131612353
5  10  -6.060089156e-17  -0.01874125826  0.9998243878  -0.01874016118
5  11  2.341196444e-16  -0.0139983337  0.9999020249  -0.01399787654
5  12  1.439653152e-16  -0.007166067429  0.9999743238  -0.007166006097
5  13  6.0186434e-17  0.005901672124  0.9999825852  0.005901637865
5  14  -1.752009183e-18  0.1001230673  0.9949918715  0.09995586838
5  15  -1.78661166e-16  0.06871853076  0.9976398108  0.06866445934
5  16  7.58523946e-17  -0.2394432599  0.9714701629  -0.2371618069
5  17  -7.362456134e-17  -0.08982758112  0.995968215  -0.0897068268
5  18  -1.582827364e-16  -0.005944548491  0.9999823312  -0.00594451348
5  19  7.074866572e-17  -0.0020665483  0.9999978647  -0.002066546829
5  20  1.619051461e-16  -0.02903094214  0.9995786318  -0.02902686445
5  21  -1.245605154e-16  -0.002055563977  0.9999978873  -0.00205556253
5  22  -6.771686093e-17  -0.003772360453  0.9999928847  -0.003772351506
5  23  2.897040746e-16  -0.0177680605  0.9998421522  -0.0177671256
5  24  2.046632066e-16  -0.2739606  0.9627069236  -0.2705464457
5  25  -1.040773983e-16  -0.02326308938  0.9997294265  -0.02326099121
5  26  -1.474942727e-16  0.1271994375  0.9919210533  0.1268567068
5  27  -2.698459259e-16  0.02918949005  0.9995740171  0.02918534519
5  28  1.092906149e-16  -0.002488994471  0.9999969025  -0.002488991901
5  29  9.038014246e-17  -0.01113622158  0.9999379929  -0.0111359914
5  30  3.142889984e-16  -0.01736163719  0.9998492906  -0.01736076499
5  31  1.472816049e-16  -0.02074922934  0.9997847425  -0.02074774051
5  32  4.378311208e-17  -0.02264849585  0.9997435338  -0.02264655962
5  33  -1.407617047e-18  -0.02552122974  0.9996743511  -0.02551845936
5  34  -3.129495205e-16  -0.03061220465  0.9995314831  -0.03060742372
5  35  1.660049897e-16  -0.03768765551  0.9992899044  -0.03767873447
5  36  1.660049897e-16  -0.03768765551  0.9992899044  -0.03767873447

6  0  -7.19076761e-17  -0.02952807945  0.9995640779  -0.02952378868
6  1  6.634904393e-17  -0.03632689885  0.9993402508  -0.03631890961
6  2  -1.149416656e-16  -0.03800877202  0.9992777536  -0.03799962101
6  3  1.776961261e-16  -0.03811761127  0.9992736118  -0.03810838143
6  4  -1.040009239e-16  -0.03928774352  0.9992283359  -0.03927763735
6  5  -7.186589636e-17  -0.0345313018  0.9994038538  -0.03452443962
6  6  -3.429918839e-17  -0.02635888131  0.9996526248  -0.0263558291
6  7  4.310636348e-17  -0.02005967108  0.9997988115  -0.02005832581
6  8  -7.454971522e-18  -0.01590105443  0.9998735809  -0.01590038436
6  9  -1.408326906e-16  -0.0134182179  0.9999099771  -0.01341781525
6  10  -5.823375997e-17  -0.01228612299  0.9999245265  -0.0122858139
6  11  1.627062728e-16  -0.01159965125  0.9999327248  -0.01159939113
6  12  -1.99831814e-16  -0.009355660623  0.9999562361  -0.009355524143
6  13  -1.84323418e-17  -0.001729108984  0.9999985051  -0.001729108122
6  14  -9.868443609e-17  0.03107420301  0.9995172358  0.03106920235
6  15  -2.131270926e-16  0.06826585288  0.9976707914  0.06821284284
6  16  7.534627889e-17  -0.2153362734  0.9769045959  -0.2136759474
6  17  4.561277979e-17  -0.1234688773  0.9923873964  -0.1231554115
6  18  1.505160347e-17  -0.01016474082  0.9999483395  -0.01016456578
6  19  3.237526889e-16  -8.081760081e-06  1  -8.08176008e-06
6  20  6.881050747e-17  0.005959890278  0.9999822399  0.005959854996
6  21  -8.194407132e-17  0.003464291357  0.9999939993  0.003464284428
6  22  -1.534890485e-16  0.008154419205  0.9999667529  0.008154328834
6  23  -3.299337907e-16  -0.005362567398  0.9999856215  -0.005362541696
6  24  -1.308087729e-16  -0.0324980742  0.9994719841  -0.03249235417
6  25  9.065380756e-17  -0.2440410473  0.9703694789  -0.2416258976
6  26  1.463971785e-16  -0.03608004424  0.9993491858  -0.03607221676
6  27  -1.65472197e-16  0.05849767241  0.998289499  0.05846431517
6  28  -1.833281015e-16  0.008002156395  0.9999679829  0.008002070993
6  29  -5.184194655e-16  -0.006960532161  0.9999757756  -0.006960475956
6  30  1.944174552e-16  -0.01113622158  0.9999379929  -0.0111359914
6  31  3.792957202e-16  -0.01206713381  0.999927193  -0.01206684095
6  32  -3.383921572e-17  -0.01277439135  0.9999184086  -0.01277404392
6  33  -4.765026863e-17  -0.01456353123  0.9998939537  -0.01456301643
6  34  -3.454861249e-16  -0.01781056485  0.9998413961  -0.01780962324
6  35  -7.080512656e-17  -0.022627674  0.9997440051  -0.02262574311
6  36  -7.080512656e-17  -0.022627674  0.9997440051  -0.02262574311

7  0  -2.214153035e-17  -0.01722959105  0.9998515743  -0.0172287386
7  1  -7.061122263e-17  -0.02304097939  0.9997345684  -0.02303894075
7  2  -1.240970455e-16  -0.03074239904  0.9995274897  -0.03073755685
7  3  6.825380687e-17  -0.03557399601  0.9993673121  -0.03556649328
7  4  9.875427542e-17  -0.03456542667  0.9994026751  -0.03455854413
7  5  3.401734365e-17  -0.02765509795  0.9996176221  -0.02765157296
7  6  -1.91471713e-16  -0.02005967108  0.9997988115  -0.02005832581
7  7  -1.690670178e-16  -0.0155627154  0.9998789034  -0.0155620872
7  8  2.319351664e-17  -0.01249524275  0.9999219355  -0.0124949176
7  9  -1.797537654e-16  -0.009515903745  0.9999547241  -0.009515760131
7  10  -3.346417606e-16  -0.00731427286  0.9999732508  -0.007314207643
7  11  8.12001554e-17  -0.005931567472  0.9999824083  -0.00593153269
7  12  -1.346485627e-16  -0.004394601479  0.9999903438  -0.004394587334
7  13  1.772404803e-16  0.0005528355126  0.9999998472  0.0005528354844
7  14  1.056449785e-17  0.02175078926  0.9997634609  0.02174907427
7  15  -2.149993301e-16  0.0519617956  0.9986502896  0.0519384157
7  16  -8.266939776e-18  -0.723281229  0.7496380938  -0.6618479647
7  17  4.040005583e-16  -0.1009863511  0.9949052105  -0.1008147914
7  18  4.202819789e-16  -0.0227360635  0.9997415468  -0.02273410473
7  19  1.290274905e-16  -0.0008628824485  0.9999996277  -0.0008628823414
7  20  3.676360339e-16  0.03731803143  0.9993037631  0.0373093703
7  21  3.090026906e-16  0.02599527884  0.9996621418  0.0259923512
7  22  -8.550682929e-17  0.03702971375  0.9993144785  0.03702125181
7  23  -3.329149209e-16  0.02097729311  0.9997799847  0.02097575464
7  24  4.973891485e-17  -0.01415195014  0.9998998628  -0.01415147776
7  25  -7.174652538e-17  -0.0445499501  0.9990078151  -0.04453521519
7  26  3.613547704e-16  -0.2791591888  0.9612874615  -0.2755474848
7  27  1.133312995e-16  -0.4873932164  0.8835566792  -0.4683242409
7  28  -1.216609921e-16  0.03676592027  0.9993242097  0.03675763788
7  29  5.106892223e-17  0.008002156395  0.9999679829  0.008002070993
7  30  1.125332171e-16  -0.002488994471  0.9999969025  -0.002488991901
7  31  2.085235684e-16  -0.005153687612  0.9999867198  -0.005153664798
7  32  -2.70636772e-16  -0.006499531148  0.9999788781  -0.006499485387
7  33  -1.326598683e-16  -0.0082697876  0.9999658055  -0.00826969334
7  34  -1.604429148e-16  -0.01094125702  0.999940145  -0.01094103872
7  35  -2.816626083e-18  -0.0139379737  0.999902868  -0.01393752243
7  36  -2.816626083e-18  -0.0139379737  0.999902868  -0.01393752243

8  0  -2.163363183e-16  -0.01202977745  0.9999276431  -0.0120294873
8  1  -2.068502667e-16  -0.01353775386  0.999908366  -0.01353734035
8  2  -3.091895563e-16  -0.01899760075  0.999819551  -0.01899645804
8  3  -8.175145595e-17  -0.02731540287  0.9996269576  -0.02731200618
8  4  4.177038496e-17  -0.03036899523  0.9995388975  -0.03036432735
8  5  2.84238535e-16  -0.0235985688  0.9997215667  -0.02359637855
8  6  -5.377831588e-17  -0.01590105443  0.9998735809  -0.01590038436
8  7  6.311240799e-17  -0.01249524275  0.9999219355  -0.0124949176
8  8  2.341525138e-17  -0.01174632289  0.9999310127  -0.01174605277
8  9  1.637118599e-16  -0.009652887793  0.9999534112  -0.009652737887
8  10  -6.290578161e-17  -0.006086103985  0.9999814797  -0.006086066413
8  11  7.051311373e-17  -0.002860727474  0.9999959081  -0.002860723572
8  12  1.295319405e-17  0.001131853908  0.9999993595  0.001131853667
8  13  7.144886412e-17  0.01173645075  0.9999311287  0.01173618131
8  14  -2.902630645e-16  0.04691270006  0.9988998011  0.04689549436
8  15  -3.958643045e-16  0.06437013399  0.9979289582  0.0643256901
8  16  -1.483307132e-16  -2.338770129  -0.6946791816  -0.7193197026
8  17  1.202618618e-16  -0.08247976828  0.9966004718  -0.08238628298
8  18  2.166998502e-17  -0.08529705536  0.9963644112  -0.08519366195
8  19  -1.694067922e-17  -0.07340819576  0.9973068281  -0.07334228362
8  20  1.146234573e-16  0.03652390397  0.9993330764  0.03651578406
8  21  1.768764729e-17  0.02795626081  0.9996092492  0.02795261941
8  22  -5.332299746e-17  0.02212070288  0.9997553472  0.02211889888
8  23  4.965879888e-17  0.04389873267  0.9990366054  0.0438846345
8  24  2.325898021e-16  0.009112980158  0.9999584771  0.009112854025
8  25  1.391511055e-16  -0.1070684911  0.9942736427  -0.1068640421
8  26  1.33995396e-16  -0.09077577395  0.9958827079  -0.09065115626
8  27  -2.239532507e-16  -1.869319691  -0.2941092008  -0.9557718232
8  28  -7.030969518e-17  -0.4873932164  0.8835566792  -0.4683242409
8  29  -2.45679169e-16  0.05849767241  0.998289499  0.05846431517
8  30  -9.240228997e-18  0.02918949005  0.9995740171  0.02918534519
8  31  1.538615725e-16  0.006360758618  0.9999797704  0.006360715726
8  32  -1.968443833e-16  -0.0007319873009  0.9999997321  -0.0007319872355
8  33  1.35606069e-16  -0.00423644393  0.9999910263  -0.004236431258
8  34  1.653283422e-16  -0.007760391151  0.9999698883  -0.007760313258
8  35  2.451805621e-16  -0.01099646995  0.9999395394  -0.01099624834
8  36  2.451805621e-16  -0.01099646995  0.9999395394  -0.01099624834

9  0  -2.191163437e-16  -0.0103826341  0.9999461009  -0.01038244756
9  1  -2.59233411e-16  -0.009132209558  0.9999583017  -0.009132082625
9  2  -4.616045667e-16  -0.01077487739  0.9999419516  -0.0107746689
9  3  -4.102199765e-16  -0.01690221446  0.999857161  -0.01690140969
9  4  -1.625834419e-16  -0.02411210226  0.9997093173  -0.02410976589
9  5  -5.84116751e-17  -0.02131773812  0.9997727856  -0.02131612353
9  6  -2.311683739e-17  -0.0134182179  0.9999099771  -0.01341781525
9  7  -7.680274153e-18  -0.009515903745  0.9999547241  -0.009515760131
9  8  5.610847615e-17  -0.009652887793  0.9999534112  -0.009652737887
9  9  7.426944051e-17  -0.01051865119  0.9999446795  -0.01051845722
9  10  4.032569839e-17  -0.006920092828  0.9999760563  -0.006920037597
9  11  -2.24312984e-16  0.000816228866  0.9999996669  0.0008162287753
9  12  -1.274723999e-16  0.01657162486  0.9998626938  0.0165708664
9  13  1.257920309e-17  0.0842477912  0.9964532534  0.08414816577
9  14  -1.078148849e-16  0.2014797472  0.9797715246  0.2001193636
9  15  -9.977662954e-18  0.0837572507  0.9964944116  0.083659355
9  16  2.87777031e-16  -0.2758637758  0.962190283  -0.2723781551
9  17  -7.126914125e-17  -0.1078081663  0.994194326  -0.1075994524
9  18  2.564975148e-16  -0.1612097823  0.9870338206  -0.1605124199
9  19  -2.10951975e-16  -0.4519618632  0.8995920271  -0.43673125
9  20  5.763714272e-18  -0.04131533806  0.9991466428  -0.04130358515
9  21  8.918292163e-17  0.005531739577  0.9999847  0.005531711365
9  22  -2.71660312e-16  0.004535335602  0.9999897154  0.004535320054
9  23  2.088311922e-17  0.007224770737  0.9999739015  0.007224707885
9  24  -2.678743455e-17  0.008382293113  0.9999648688  0.008382194952
9  25  3.346730892e-16  -0.1561467869  0.9878338401  -0.1555130362
9  26  2.901073041e-16  -0.4530549488  0.8991141052  -0.43771432
9  27  -2.690211094e-16  -0.09077577395  0.9958827079  -0.09065115626
9  28  -3.110040805e-16  -0.2791591888  0.9612874615  -0.2755474848
9  29  -3.666842002e-16  -0.03608004424  0.9993491858  -0.03607221677
9  30  2.824040928e-17  0.1271994375  0.9919210533  0.1268567068
9  31  1.130840205e-16  0.1613995971  0.9870033352  0.1606997706
9  32  8.688706953e-17  0.05512103193  0.9984812205  0.05509312354
9  33  -9.407122064e-18  0.009612497277  0.9999538003  0.009612349245
9  34  3.665819368e-17  -0.002661008915  0.9999964595  -0.002661005775
9  35  1.375437908e-16  -0.009229678631  0.9999574068  -0.00922954759
9  36  1.375437908e-16  -0.009229678631  0.9999574068  -0.00922954759

10  0  5.256431296e-18  -0.005600631762  0.9999843165  -0.005600602483
10  1  -3.682482386e-17  -0.006180551659  0.9999809005  -0.00618051231
10  2  1.980417175e-16  -0.006211806248  0.9999807068  -0.006211766299
10  3  5.752514208e-18  -0.009175536095  0.9999579051  -0.009175407347
10  4  2.00762521e-16  -0.01584543733  0.9998744637  -0.01584477427
10  5  -2.332886865e-16  -0.01874125826  0.9998243878  -0.01874016118
10  6  -6.111378217e-17  -0.01228612299  0.9999245265  -0.0122858139
10  7  -2.246103171e-16  -0.00731427286  0.9999732508  -0.007314207643
10  8  -2.158570631e-16  -0.006086103985  0.9999814797  -0.006086066413
10  9  -2.570184832e-16  -0.006920092828  0.9999760563  -0.006920037597
10  10  -4.015926276e-17  -0.00326055745  0.9999946844  -0.003260551672
10  11  1.637158627e-17  0.02555113448  0.9996735875  0.02554835435
10  12  -1.248593059e-16  0.2106121705  0.9779031185  0.2090585824
10  13  -2.133078931e-16  0.6275353023  0.8094771163  0.5871514269
10  14  -5.802410305e-19  0.2501776626  0.968868452  0.2475760948
10  15  -2.011978931e-16  0.03759991078  0.9992932066  0.03759105191
10  16  2.941254384e-16  -0.1874805986  0.9824769294  -0.1863842354
10  17  -1.884938641e-16  -0.126395712  0.9920226909  -0.1260594337
10  18  -1.802837249e-16  -0.04589304667  0.998947099  -0.0458769386
10  19  -6.037001028e-17  -0.1818881324  0.9835039077  -0.1808868804
10  20  -9.775934319e-18  -0.06250314578  0.9980473142  -0.06246245748
10  21  1.717561705e-16  -0.01986332277  0.9998027307  -0.01986201661
10  22  2.30478627e-16  -0.03165919515  0.9994988895  -0.03165390672
10  23  2.58514606e-16  -0.04645492803  0.9989211639  -0.04643822107
10  24  -1.437452958e-16  -0.02926477479  0.999571817  -0.02926059778
10  25  1.000654102e-16  -0.02405418872  0.999710712  -0.02405186915
10  26  -9.589764601e-17  -0.1561467869  0.9878338401  -0.1555130362
10  27  -2.108185871e-17  -0.1070684911  0.9942736427  -0.1068640421
10  28  -8.78795142e-19  -0.0445499501  0.9990078151  -0.04453521519
10  29  -3.582118354e-16  -0.2440410473  0.9703694789  -0.2416258976
10  30  2.899692688e-16  -0.02326308938  0.9997294265  -0.02326099121
10  31  2.497246504e-16  0.1341752746  0.9910119942  0.1337730439
10  32  1.69442583e-16  0.4102540354  0.9170195324  0.3988422963
10  33  -1.084059406e-16  0.4480090772  0.9013113  0.4331719526
10  34  5.068050256e-17  0.1275121954  0.9918813293  0.1271669317
10  35  3.481818397e-17  0.01168269103  0.9999317581  0.01168242528
10  36  3.481818397e-17  0.01168269103  0.9999317581  0.01168242528

11  0  -2.031934261e-16  0.1145107599  0.9934508041  0.1142606661
11  1  -5.813219861e-17  0.0125268956  0.9999215395  0.01252656798
11  2  2.407054326e-16  -0.0008536538228  0.9999996356  -0.0008536537192
11  3  7.745426593e-17  -0.00402134808  0.9999919144  -0.004021337242
11  4  -7.001884224e-17  -0.008388583234  0.999964816  -0.008388484852
11  5  -3.916615425e-17  -0.0139983337  0.9999020249  -0.01399787654
11  6  -2.139364283e-16  -0.01159965125  0.9999327248  -0.01159939113
11  7  -4.375637061e-17  -0.005931567472  0.9999824083  -0.00593153269
11  8  -1.439477843e-16  -0.002860727474  0.9999959081  -0.002860723572
11  9  1.333910156e-16  0.000816228866  0.9999996669  0.0008162287754
11  10  3.274194987e-16  0.02555113448  0.9996735875  0.02554835435
11  11  2.620919532e-16  0.2023955803  0.9795878378  0.2010165867
11  12  9.827786433e-17  0.380082813  0.9286339153  0.3709973737
11  13  -7.595860281e-17  0.1654726634  0.9863406091  0.1647185565
11  14  2.195775775e-16  0.03594601292  0.9993540116  0.03593827235
11  15  1.551337624e-16  0.008819258729  0.9999611106  0.008819144404
11  16  1.441213278e-17  -0.2613494141  0.9660421903  -0.2583843777
11  17  -5.813320229e-17  -0.1014257686  0.9948608146  -0.1012519604
11  18  8.254685071e-17  -0.01361102232  0.9999073715  -0.01361060206
11  19  -1.35408231e-16  -0.003648637992  0.9999933437  -0.003648629896
11  20  5.928222081e-17  0.01546449234  0.9998804271  0.01546387596
11  21  7.294455958e-17  -0.008614648647  0.9999628941  -0.008614542095
11  22  3.186438702e-16  -0.06586153877  0.9978319127  -0.06581393403
11  23  1.267362715e-16  -0.5002373657  0.877468738  -0.4796338331
11  24  2.971613568e-17  -0.3403855255  0.9426260277  -0.3338505233
11  25  -5.426663774e-17  -0.02926477479  0.999571817  -0.02926059778
11  26  -2.988099846e-16  0.008382293112  0.9999648688  0.008382194952
11  27  7.871770148e-17  0.009112980159  0.9999584771  0.009112854026
11  28  4.778136786e-16  -0.01415195014  0.9998998628  -0.01415147776
11  29  1.631127676e-16  -0.0324980742  0.9994719841  -0.03249235417
11  30  1.948099364e-16  -0.2739606  0.9627069236  -0.2705464457
11  31  8.338860193e-18  -0.05883718964  0.9982695918  -0.05880324828
11  32  -2.158988068e-16  0.02435039447  0.9997035438  0.02434798815
11  33  -8.855026895e-17  0.1147842549  0.9934195172  0.1145323657
11  34  -4.993208879e-17  0.2911630104  0.9579106621  0.2870664791
11  35  -1.460795185e-16  0.2566761964  0.9672391237  0.2538670472
11  36  -1.460795185e-16  0.2566761964  0.9672391237  0.2538670472

12  0  2.440760927e-17  0.1878884715  0.9824008266  0.1867849456
12  1  1.145256846e-16  0.3398784375  0.9427951981  0.333372486
12  2  -3.198698626e-17  0.1044231391  0.9945528564  0.1042334676
12  3  1.253812988e-16  0.008234213938  0.9999660991  0.008234120889
12  4  1.987545145e-16  -0.001379627011  0.9999990483  -0.001379626574
12  5  -3.099286979e-16  -0.00716606743  0.9999743238  -0.007166006097
12  6  -4.018722686e-16  -0.009355660623  0.9999562361  -0.009355524143
12  7  -2.61514698e-16  -0.004394601479  0.9999903438  -0.004394587334
12  8  -2.260886898e-17  0.001131853908  0.9999993595  0.001131853666
12  9  -1.060954876e-16  0.01657162486  0.9998626938  0.0165708664
12  10  9.291723623e-17  0.2106121705  0.9779031185  0.2090585824
12  11  1.007723836e-16  0.380082813  0.9286339153  0.3709973737
12  12  4.495815872e-17  0.06482013059  0.9978999108  0.06477474822
12  13  1.165536526e-16  0.01707642865  0.9998542013  0.01707559873
12  14  9.907830362e-17  0.007130512854  0.999974578  0.00713045243
12  15  1.597845111e-16  -0.0002248589936  0.9999999747  -0.0002248589917
12  16  1.582766873e-16  -0.4244633535  0.9112598723  -0.4118318166
12  17  9.895113186e-17  -0.0418871812  0.9991228603  -0.04187493352
12  18  -5.765308573e-17  -0.007032914608  0.9999752692  -0.007032856631
12  19  6.370555042e-17  0.004480218788  0.9999899638  0.0044802038
12  20  -3.67515601e-17  0.04560246138  0.9989603879  0.04558665732
12  21  6.979723761e-17  0.01998876751  0.9998002312  0.01998743645
12  22  -7.894055248e-17  -0.00931603785  0.999956606  -0.009315903097
12  23  1.468412772e-16  -0.2405091119  0.9712168317  -0.2381971153
12  24  8.545372793e-17  -0.5002373657  0.877468738  -0.4796338331
12  25  -9.746096981e-17  -0.04645492803  0.9989211639  -0.04643822107
12  26  -1.734924066e-16  0.007224770737  0.9999739015  0.007224707885
12  27  2.769739908e-16  0.04389873267  0.9990366054  0.0438846345
12  28  3.406240588e-16  0.02097729311  0.9997799847  0.02097575464
12  29  8.590583681e-17  -0.005362567398  0.9999856215  -0.005362541696
12  30  2.959220145e-16  -0.0177680605  0.9998421522  -0.0177671256
12  31  1.725789839e-16  -0.2993714497  0.9555220497  -0.2949196713
12  32  -4.732107901e-17  -0.1534872257  0.9882439424  -0.1528852847
12  33  -1.845830927e-17  0.004207149413  0.99999115  0.004207137002
12  34  -3.716200309e-16  0.01253503099  0.9999214375  0.01253470273
12  35  -6.432640494e-17  0.03999263159  0.9992004013  0.03998197167
12  36  -6.432640494e-17  0.03999263159  0.9992004013  0.03998197167

13  0  -2.460586135e-16  0.009910366472  0.9999508927  0.009910204248
13  1  -2.835632136e-16  0.07605246595  0.9971094049  0.07597917285
13  2  -4.467457014e-17  0.4515849972  0.8997565524  0.4363921933
13  3  4.31589475e-16  0.3224987712  0.9484464256  0.3169374983
13  4  2.372916393e-16  0.04258987792  0.9990931882  0.04257700347
13  5  -1.838039538e-16  0.005901672124  0.9999825852  0.005901637865
13  6  -9.627600038e-17  -0.001729108984  0.9999985051  -0.001729108122
13  7  2.331615027e-16  0.0005528355125  0.9999998472  0.0005528354843
13  8  -3.290370683e-17  0.01173645075  0.9999311287  0.01173618131
13  9  -1.203878114e-16  0.0842477912  0.9964532534  0.08414816577
13  10  1.544472589e-16  0.6275353023  0.8094771163  0.5871514269
13  11  1.943689182e-16  0.1654726634  0.9863406091  0.1647185565
13  12  -3.695875562e-17  0.01707642865  0.9998542013  0.01707559873
13  13  1.395607155e-16  0.004655600362  0.9999891627  0.004655583544
13  14  1.316160288e-17  0.0009300457621  0.9999995675  0.000930045628
13  15  -5.990842594e-17  -0.01273846308  0.9999188669  -0.01273811857
13  16  -9.416423223e-17  -0.6342839627  0.8054962273  -0.592600901
13  17  1.668753147e-16  -0.01415440018  0.9998998282  -0.01415392755
13  18  -1.593364876e-16  -0.004499693323  0.9999898764  -0.004499678139
13  19  1.461854787e-16  0.0004937590689  0.9999998781  0.0004937590489
13  20  -7.710770712e-17  0.02898345807  0.999580009  0.02897940036
13  21  6.876214071e-17  0.02937167183  0.9995686835  0.02936744888
13  22  -8.71831844e-17  0.01146377444  0.9999342917  0.01146352335
13  23  -1.565711799e-16  -0.00931603785  0.999956606  -0.009315903097
13  24  1.903213346e-16  -0.06586153877  0.9978319127  -0.06581393404
13  25  -5.60137027e-17  -0.03165919515  0.9994988895  -0.03165390673
13  26  6.588872377e-17  0.004535335602  0.9999897154  0.004535320054
13  27  2.464420126e-16  0.02212070288  0.9997553472  0.02211889888
13  28  -1.888001719e-16  0.03702971375  0.9993144785  0.03702125181
13  29  -1.96919044e-16  0.008154419204  0.9999667529  0.008154328833
13  30  1.2059648e-16  -0.003772360453  0.9999928847  -0.003772351506
13  31  1.794157107e-16  -0.008333075486  0.9999652801  -0.008332979045
13  32  1.765946045e-16  -0.2803659909  0.9609542303  -0.2767073676
13  33  9.377381072e-18  -0.3701473561  0.9322740492  -0.3617528122
13  34  -3.728626145e-16  -0.004225886849  0.999991071  -0.004225874271
13  35  -1.079689781e-16  0.002664647409  0.9999964498  0.002664644255
13  36  -1.079689781e-16  0.002664647409  0.9999964498  0.002664644255

14  0  2.702965109e-17  -0.001915810535  0.9999981648  -0.001915809363
14  1  -1.439771506e-16  0.00363436717  0.9999933957  0.003634359169
14  2  1.15392708e-16  0.01995953933  0.999800815  0.0199582141
14  3  -1.323934433e-17  0.1554654883  0.9879395616  0.1548399904
14  4  -3.005300602e-17  0.2395742044  0.9714390995  0.2372890134
14  5  3.405311419e-17  0.1001230673  0.9949918715  0.09995586839
14  6  -4.0392049e-16  0.03107420301  0.9995172358  0.03106920235
14  7  3.087129281e-17  0.02175078926  0.9997634609  0.02174907427
14  8  -2.37571417e-16  0.04691270006  0.9988998011  0.04689549436
14  9  -1.400754568e-16  0.2014797472  0.9797715246  0.2001193636
14  10  -7.172071734e-17  0.2501776626  0.968868452  0.2475760948
14  11  -5.489986669e-17  0.03594601292  0.9993540116  0.03593827235
14  12  -3.834569328e-16  0.007130512854  0.999974578  0.00713045243
14  13  -3.295369912e-16  0.000930045762  0.9999995675  0.000930045628
14  14  5.147632857e-17  -0.004505315526  0.9999898511  -0.004505300284
14  15  1.221742186e-16  -0.4532155307  0.8990438046  -0.4378586957
14  16  3.332031021e-17  -0.3902282875  0.9248222435  -0.3803995504
14  17  -2.69681639e-16  -0.00620662348  0.999980739  -0.006206583631
14  18  -4.128032836e-17  -0.002855620468  0.9999959227  -0.002855616586
14  19  1.009987414e-16  -0.001037469459  0.9999994618  -0.001037469272
14  20  -1.768703572e-16  -0.001689785533  0.9999985723  -0.001689784728
14  21  -2.58456552e-17  0.01545342424  0.9998805982  0.01545280918
14  22  -3.983644977e-18  0.02937167183  0.9995686835  0.02936744888
14  23  -2.532776362e-17  0.01998876751  0.9998002312  0.01998743645
14  24  1.407371835e-16  -0.008614648646  0.9999628941  -0.008614542095
14  25  3.237256375e-16  -0.01986332277  0.9998027307  -0.01986201661
14  26  -1.998392806e-16  0.005531739577  0.9999847  0.005531711365
14  27  1.770304947e-16  0.02795626081  0.9996092492  0.02795261941
14  28  -1.619608309e-16  0.02599527884  0.9996621418  0.0259923512
14  29  -9.775241779e-17  0.003464291357  0.9999939993  0.003464284427
14  30  -8.498398648e-17  -0.002055563977  0.9999978873  -0.00205556253
14  31  1.98006803e-16  -0.002046655616  0.9999979056  -0.002046654187
14  32  2.764045186e-16  -0.004388704012  0.9999903697  -0.004388689924
14  33  3.050671777e-16  -0.1408725989  0.9900938541  -0.1404071228
14  34  1.260189424e-16  -0.5136215016  0.8709708537  -0.4913346843
14  35  9.190957031e-17  -0.1945615299  0.9811325361  -0.1933363563
14  36  9.190957031e-17  -0.1945615299  0.9811325361  -0.1933363563

15  0  5.039333157e-16  -0.5159902158  0.8698045799  -0.4933963851
15  1  3.676425564e-16  -0.2657257439  0.9649021677  -0.2626096091
15  2  -2.990264252e-16  -0.0078015725  0.9999695679  -0.00780149336
15  3  -5.072224879e-16  0.003931912479  0.99999227  0.003931902348
15  4  -2.801415487e-16  0.02393196464  0.9997136442  0.02392968024
15  5  -2.380380122e-17  0.06871853076  0.9976398108  0.06866445934
15  6  -1.820993666e-17  0.06826585288  0.9976707914  0.06821284284
15  7  -2.987032516e-17  0.0519617956  0.9986502896  0.0519384157
15  8  -9.476955431e-17  0.06437013399  0.9979289582  0.0643256901
15  9  -9.772090241e-17  0.0837572507  0.9964944116  0.083659355
15  10  2.147835316e-16  0.03759991078  0.9992932066  0.03759105191
15  11  2.977477088e-16  0.008819258729  0.9999611106  0.008819144404
15  12  -1.855925493e-16  -0.0002248589936  0.9999999747  -0.0002248589917
15  13  -2.578504873e-16  -0.01273846308  0.9999188669  -0.01273811857
15  14  1.174176445e-16  -0.4532155307  0.8990438046  -0.4378586957
15  15  1.468511632e-16  -0.6473626874  0.7976770939  -0.6030847817
15  16  2.153239717e-16  -0.01222417016  0.9999252858  -0.01222386572
15  17  2.272565642e-16  -0.003270817708  0.9999946509  -0.003270811876
15  18  3.630467037e-16  0.0005992063756  0.9999998205  0.0005992063398
15  19  1.844651201e-16  0.02023250913  0.9997953298  0.02023112878
15  20  1.487673092e-16  -0.01010174109  0.9999489778  -0.01010156928
15  21  3.671720817e-17  -0.001689785533  0.9999985723  -0.001689784729
15  22  -1.295199981e-16  0.02898345807  0.999580009  0.02897940036
15  23  1.029559382e-16  0.04560246137  0.9989603879  0.04558665732
15  24  -6.608831015e-17  0.01546449234  0.9998804271  0.01546387596
15  25  4.926636201e-17  -0.06250314577  0.9980473142  -0.06246245747
15  26  -1.214802362e-16  -0.04131533806  0.9991466428  -0.04130358515
15  27  2.45268547e-17  0.03652390397  0.9993330764  0.03651578406
15  28  -1.697672979e-16  0.03731803143  0.9993037631  0.0373093703
15  29  -1.867605604e-17  0.005959890277  0.9999822399  0.005959854995
15  30  -2.194868013e-16  -0.02903094214  0.9995786318  -0.02902686445
15  31  -1.826338274e-17  0.02202125159  0.999757542  0.02201947182
15  32  6.184795563e-17  0.01578437662  0.9998754293  0.01578372119
15  33  3.208240372e-18  -0.001320231999  0.9999991285  -0.001320231615
15  34  -8.443085013e-17  -0.007377994869  0.9999727827  -0.007377927932
15  35  3.221164778e-16  -0.330273181  0.9459537858  -0.3243014571
15  36  3.221164778e-16  -0.330273181  0.9459537858  -0.3243014571

16  0  2.513398647e-16  -0.008455078246  0.999964256  -0.008454977506
16  1  2.295313695e-16  -0.2583471759  0.9668135669  -0.2554829288
16  2  4.703001938e-17  -0.4997414229  0.877706501  -0.4791985998
16  3  1.971599512e-16  -0.4252005458  0.9109560254  -0.4125034785
16  4  -7.26249216e-17  -0.3347006637  0.9445086799  -0.3284864588
16  5  -1.49974975e-16  -0.2394432599  0.9714701629  -0.2371618069
16  6  1.386878448e-16  -0.2153362734  0.9769045959  -0.2136759474
16  7  -9.920647994e-17  -0.723281229  0.7496380938  -0.6618479647
16  8  1.153153423e-16  -2.338770129  -0.6946791816  -0.7193197026
16  9  1.965217835e-17  -0.2758637758  0.962190283  -0.2723781551
16  10  -7.513185542e-17  -0.1874805986  0.9824769294  -0.1863842354
16  11  -6.262439264e-17  -0.2613494141  0.9660421903  -0.2583843777
16  12  -3.332783602e-16  -0.4244633535  0.9112598723  -0.4118318166
16  13  3.833972699e-17  -0.6342839627  0.8054962272  -0.592600901
16  14  3.01787789e-16  -0.3902282875  0.9248222435  -0.3803995504
16  15  -2.441593285e-17  -0.01222417016  0.9999252858  -0.01222386572
16  16  -1.175185562e-16  -0.003726481851  0.9999930567  -0.003726473226
16  17  -1.524034724e-16  0.0002011301537  0.9999999798  0.0002011301524
16  18  3.487426088e-16  0.06941563553  0.997591702  0.06935990206
16  19  1.787518557e-17  0.2591783773  0.9666008751  0.2562864572
16  20  1.225671559e-16  0.02023250913  0.9997953298  0.02023112878
16  21  3.068437795e-16  -0.001037469459  0.9999994618  -0.001037469273
16  22  -1.311844346e-16  0.0004937590688  0.9999998781  0.0004937590487
16  23  1.019636196e-16  0.004480218788  0.9999899638  0.0044802038
16  24  -1.800401881e-16  -0.003648637992  0.9999933437  -0.003648629896
16  25  -1.837321547e-16  -0.1818881324  0.9835039077  -0.1808868804
16  26  -2.816067201e-17  -0.4519618632  0.8995920271  -0.43673125
16  27  7.366211162e-17  -0.07340819576  0.9973068281  -0.07334228362
16  28  -3.641541577e-16  -0.0008628824483  0.9999996277  -0.0008628823412
16  29  -1.214851203e-16  -8.081759938e-06  1  -8.081759938e-06
16  30  2.421530858e-16  -0.0020665483  0.9999978647  -0.00206654683
16  31  1.267878296e-16  0.004110145063  0.9999915534  0.00411013349
16  32  -8.020580557e-17  0.1047996025  0.9945135459  0.1046078729
16  33  2.521581852e-16  0.2054905666  0.9789610035  0.20404743
16  34  2.579762781e-18  0.03393189916  0.9994243683  0.03392538815
16  35  3.560743858e-16  -0.00190007237  0.9999981949  -0.001900071226
16  36  3.560743858e-16  -0.00190007237  0.9999981949  -0.001900071226

17  0  -8.904142131e-17  0.05405529756  0.9985393681  0.05402897669
17  1  5.983920753e-17  -0.001507700432  0.9999988634  -0.001507699861
17  2  -3.42723638e-17  -0.004884310142  0.9999880718  -0.004884290722
17  3  1.306677376e-16  -0.01115747556  0.999937756  -0.01115724407
17  4  -7.732746714e-17  -0.03389705136  0.99942555  -0.03389056039
17  5  1.124665786e-16  -0.08982758112  0.995968215  -0.0897068268
17  6  2.658677472e-17  -0.1234688773  0.9923873964  -0.1231554115
17  7  7.724003331e-17  -0.1009863511  0.9949052105  -0.1008147914
17  8  -6.434607069e-18  -0.08247976828  0.9966004718  -0.08238628298
17  9  -5.070534146e-17  -0.1078081663  0.994194326  -0.1075994524
17  10  1.977523842e-17  -0.126395712  0.9920226909  -0.1260594337
17  11  1.69409667e-16  -0.1014257686  0.9948608146  -0.1012519604
17  12  -3.453089304e-16  -0.0418871812  0.9991228603  -0.04187493352
17  13  -1.427311343e-16  -0.01415440018  0.9998998282  -0.01415392755
17  14  -1.273210494e-16  -0.00620662348  0.999980739  -0.006206583631
17  15  -2.519015329e-16  -0.003270817708  0.9999946509  -0.003270811876
17  16  4.942207183e-17  0.0002011301536  0.9999999798  0.0002011301523
17  17  -1.78879379e-16  0.108184258  0.9941537884  0.107973353
17  18  -3.944256976e-16  0.9052662334  0.6174761854  0.7865895756
17  19  -5.533291257e-17  0.06941563553  0.997591702  0.06935990206
17  20  5.65525426e-17  0.0005992063757  0.9999998205  0.0005992063398
17  21  -1.049645719e-16  -0.002855620468  0.9999959227  -0.002855616586
17  22  -5.762676017e-17  -0.004499693323  0.9999898764  -0.004499678139
17  23  -1.445795268e-16  -0.007032914607  0.9999752692  -0.007032856631
17  24  -5.077721415e-17  -0.01361102232  0.9999073715  -0.01361060206
17  25  5.332696619e-17  -0.04589304667  0.998947099  -0.0458769386
17  26  9.591579176e-17  -0.1612097823  0.9870338206  -0.1605124199
17  27  1.20335558e-16  -0.08529705536  0.9963644112  -0.08519366195
17  28  4.940116004e-17  -0.0227360635  0.9997415468  -0.02273410473
17  29  -1.485799535e-16  -0.01016474082  0.9999483395  -0.01016456578
17  30  -6.724804285e-17  -0.005944548491  0.9999823312  -0.00594451348
17  31  -1.824557534e-16  -0.003803067328  0.9999927683  -0.00380305816
17  32  1.436639301e-16  -0.0011469523  0.9999993423  -0.001146952049
17  33  3.742209384e-17  0.03592662164  0.9993547083  0.03591889359
17  34  1.116466632e-16  0.4031949255  0.9198121326  0.3923590711
17  35  -1.909264352e-17  0.5898573745  0.8310200219  0.5562425039
17  36  -1.909264352e-17  0.5898573745  0.8310200219  0.5562425039

18  0  1.223468938e-16  0.5898573744  0.8310200219  0.5562425039
18  1  5.34610351e-17  0.4031949255  0.9198121326  0.3923590711
18  2  -7.926120067e-18  0.03592662164  0.9993547083  0.03591889359
18  3  9.170237057e-17  -0.0011469523  0.9999993423  -0.001146952049
18  4  2.035978917e-16  -0.003803067328  0.9999927683  -0.00380305816
18  5  -3.84975328e-17  -0.005944548491  0.9999823312  -0.00594451348
18  6  7.443959301e-17  -0.01016474082  0.9999483395  -0.01016456578
18  7  8.256866751e-17  -0.0227360635  0.9997415468  -0.02273410473
18  8  -1.586391753e-17  -0.08529705536  0.9963644112  -0.08519366195
18  9  -2.54210989e-16  -0.1612097823  0.9870338206  -0.1605124199
18  10  2.903275686e-16  -0.04589304667  0.998947099  -0.0458769386
18  11  1.637873835e-16  -0.01361102232  0.9999073715  -0.01361060206
18  12  -1.238242136e-16  -0.007032914608  0.9999752692  -0.007032856631
18  13  -1.132969933e-16  -0.004499693323  0.9999898764  -0.004499678139
18  14  1.76096981e-16  -0.002855620468  0.9999959227  -0.002855616586
18  15  -1.825141753e-16  0.0005992063756  0.9999998205  0.0005992063398
18  16  6.022178191e-17  0.06941563553  0.997591702  0.06935990206
18  17  1.391371937e-17  0.9052662334  0.6174761854  0.7865895756
18  18  -9.509459239e-17  0.108184258  0.9941537884  0.107973353
18  19  -1.57863141e-16  0.0002011301537  0.9999999798  0.0002011301523
18  20  -2.317703436e-16  -0.003270817708  0.9999946509  -0.003270811876
18  21  -1.899893918e-16  -0.00620662348  0.999980739  -0.006206583631
18  22  -1.893437907e-16  -0.01415440018  0.9998998282  -0.01415392755
18  23  -1.013358689e-16  -0.0418871812  0.9991228603  -0.04187493352
18  24  -1.586814984e-16  -0.1014257686  0.9948608146  -0.1012519604
18  25  -8.702139448e-17  -0.126395712  0.9920226909  -0.1260594337
18  26  -1.943763565e-16  -0.1078081663  0.994194326  -0.1075994524
18  27  2.337558157e-16  -0.08247976828  0.9966004718  -0.08238628298
18  28  3.505291254e-17  -0.1009863511  0.9949052105  -0.1008147914
18  29  -1.279756228e-16  -0.1234688773  0.9923873964  -0.1231554115
18  30  -4.05091503e-16  -0.08982758112  0.995968215  -0.0897068268
18  31  -3.491281008e-16  -0.03389705136  0.99942555  -0.03389056039
18  32  -9.088766833e-17  -0.01115747556  0.999937756  -0.01115724407
18  33  -1.05243275e-16  -0.004884310143  0.9999880718  -0.004884290722
18  34  8.394192404e-18  -0.001507700432  0.9999988634  -0.001507699861
18  35  1.156938395e-16  0.05405529756  0.9985393681  0.0540289767
18  36  1.156938395e-16  0.05405529756  0.9985393681  0.0540289767

19  0  2.723534925e-16  -0.00190007237  0.9999981949  -0.001900071226
19  1  6.443844539e-17  0.03393189916  0.9994243683  0.03392538815
19  2  1.311498471e-16  0.2054905666  0.9789610035  0.20404743
19  3  -2.646475108e-16  0.1047996025  0.9945135459  0.1046078729
19  4  2.753766778e-16  0.004110145063  0.9999915534  0.004110133491
19  5  -3.405003533e-17  -0.0020665483  0.9999978647  -0.002066546829
19  6  -1.032183655e-17  -8.081759956e-06  1  -8.081759956e-06
19  7  -8.51495238e-17  -0.0008628824485  0.9999996277  -0.0008628823414
19  8  1.342703508e-16  -0.07340819576  0.9973068281  -0.07334228362
19  9  -2.034005706e-16  -0.4519618632  0.8995920271  -0.43673125
19  10  -4.419553967e-17  -0.1818881324  0.9835039077  -0.1808868804
19  11  -1.810917639e-16  -0.003648637992  0.9999933437  -0.003648629896
19  12  6.728685592e-19  0.004480218788  0.9999899638  0.0044802038
19  13  3.659037064e-16  0.0004937590689  0.9999998781  0.0004937590488
19  14  7.803331151e-17  -0.001037469459  0.9999994618  -0.001037469273
19  15  -2.896433242e-17  0.02023250913  0.9997953298  0.02023112878
19  16  9.192076766e-18  0.2591783773  0.9666008751  0.2562864572
19  17  -9.60499938e-17  0.06941563553  0.997591702  0.06935990207
19  18  -1.532059544e-16  0.0002011301537  0.9999999798  0.0002011301524
19  19  -6.458804421e-17  -0.003726481851  0.9999930567  -0.003726473226
19  20  -2.38393293e-16  -0.01222417016  0.9999252858  -0.01222386572
19  21  -3.846694925e-16  -0.3902282875  0.9248222435  -0.3803995504
19  22  -3.581226306e-16  -0.6342839628  0.8054962272  -0.592600901
19  23  -3.755207375e-17  -0.4244633535  0.9112598723  -0.4118318166
19  24  -5.969198141e-17  -0.2613494141  0.9660421903  -0.2583843777
19  25  -1.140878378e-16  -0.1874805986  0.9824769294  -0.1863842354
19  26  -1.774249449e-16  -0.2758637758  0.962190283  -0.2723781551
19  27  -2.765926991e-16  -2.338770129  -0.6946791816  -0.7193197026
19  28  -2.91868971e-16  -0.723281229  0.7496380938  -0.6618479647
19  29  -4.176029781e-16  -0.2153362734  0.9769045959  -0.2136759474
19  30  -1.132440496e-16  -0.23944326  0.9714701629  -0.2371618069
19  31  -5.804956229e-17  -0.3347006637  0.9445086799  -0.3284864588
19  32  -1.821180146e-16  -0.4252005458  0.9109560254  -0.4125034785
19  33  -1.321561909e-16  -0.4997414229  0.877706501  -0.4791985998
19  34  2.49538592e-16  -0.2583471759  0.9668135669  -0.2554829288
19  35  1.20576236e-16  -0.008455078246  0.999964256  -0.008454977506
19  36  1.20576236e-16  -0.008455078246  0.999964256  -0.008454977506

20  0  -4.557692878e-17  -0.330273181  0.9459537858  -0.3243014571
20  1  -3.204600853e-16  -0.007377994868  0.9999727827  -0.007377927932
20  2  -1.979576848e-16  -0.001320231998  0.9999991285  -0.001320231615
20  3  -1.807353891e-16  0.01578437662  0.9998754293  0.01578372119
20  4  1.353807441e-16  0.0220212516  0.999757542  0.02201947183
20  5  -9.793689358e-17  -0.02903094214  0.9995786318  -0.02902686445
20  6  -1.693739145e-16  0.005959890278  0.9999822399  0.005959854995
20  7  -4.480998272e-17  0.03731803143  0.9993037631  0.0373093703
20  8  -3.09317146e-16  0.03652390397  0.9993330764  0.03651578406
20  9  -1.834604055e-16  -0.04131533806  0.9991466428  -0.04130358515
20  10  4.346155431e-17  -0.06250314578  0.9980473142  -0.06246245748
20  11  -8.668378191e-17  0.01546449234  0.9998804271  0.01546387596
20  12  -1.978621185e-16  0.04560246138  0.9989603879  0.04558665732
20  13  1.580459962e-16  0.02898345807  0.999580009  0.02897940036
20  14  -1.249857647e-16  -0.001689785534  0.9999985723  -0.00168978473
20  15  2.929149087e-16  -0.01010174109  0.9999489778  -0.01010156928
20  16  -9.617490918e-17  0.02023250913  0.9997953298  0.02023112878
20  17  2.589686777e-17  0.0005992063756  0.9999998205  0.0005992063398
20  18  1.962478526e-16  -0.003270817708  0.9999946509  -0.003270811876
20  19  1.560875086e-16  -0.01222417016  0.9999252858  -0.01222386572
20  20  1.385203549e-16  -0.6473626874  0.7976770939  -0.6030847817
20  21  1.287792748e-18  -0.4532155307  0.8990438046  -0.4378586957
20  22  1.108802108e-16  -0.01273846308  0.9999188669  -0.01273811857
20  23  -1.876926764e-16  -0.0002248589936  0.9999999747  -0.0002248589917
20  24  4.001403697e-17  0.008819258729  0.9999611106  0.008819144404
20  25  -1.302673641e-16  0.03759991078  0.9992932066  0.03759105191
20  26  -2.073157964e-16  0.0837572507  0.9964944116  0.083659355
20  27  -7.788006635e-17  0.06437013399  0.9979289582  0.0643256901
20  28  -2.026806586e-16  0.0519617956  0.9986502896  0.0519384157
20  29  3.243066507e-17  0.06826585288  0.9976707914  0.06821284284
20  30  -1.549174014e-16  0.06871853076  0.9976398108  0.06866445934
20  31  -1.165629269e-16  0.02393196464  0.9997136442  0.02392968024
20  32  7.943734425e-17  0.003931912479  0.99999227  0.003931902348
20  33  -7.016683365e-18  -0.0078015725  0.9999695679  -0.00780149336
20  34  2.601069444e-16  -0.2657257439  0.9649021677  -0.2626096091
20  35  3.392282192e-17  -0.5159902158  0.8698045799  -0.493396385
20  36  3.392282192e-17  -0.5159902158  0.8698045799  -0.493396385

21  0  -1.443421185e-16  -0.1945615299  0.9811325361  -0.1933363563
21  1  -1.266723342e-16  -0.5136215016  0.8709708537  -0.4913346843
21  2  -6.559727579e-16  -0.1408725989  0.9900938541  -0.1404071228
21  3  6.55290337e-17  -0.004388704012  0.9999903697  -0.004388689924
21  4  -2.162159706e-17  -0.002046655616  0.9999979056  -0.002046654187
21  5  -1.973975052e-16  -0.002055563977  0.9999978873  -0.002055562529
21  6  1.109451689e-16  0.003464291357  0.9999939993  0.003464284428
21  7  -3.279518147e-17  0.02599527884  0.9996621418  0.0259923512
21  8  -6.981201617e-17  0.02795626081  0.9996092492  0.02795261941
21  9  -2.252321047e-16  0.005531739577  0.9999847  0.005531711365
21  10  -1.793476708e-16  -0.01986332277  0.9998027307  -0.01986201661
21  11  -2.062490287e-16  -0.008614648647  0.9999628941  -0.008614542095
21  12  -1.736013582e-16  0.01998876751  0.9998002312  0.01998743645
21  13  2.247777156e-16  0.02937167183  0.9995686835  0.02936744888
21  14  1.883706678e-16  0.01545342424  0.9998805982  0.01545280918
21  15  -6.571056701e-17  -0.001689785534  0.9999985723  -0.00168978473
21  16  3.844631763e-16  -0.001037469459  0.9999994618  -0.001037469273
21  17  3.637336367e-17  -0.002855620468  0.9999959227  -0.002855616586
21  18  1.58445957e-16  -0.00620662348  0.999980739  -0.006206583631
21  19  4.720036086e-17  -0.3902282875  0.9248222435  -0.3803995504
21  20  2.790141558e-16  -0.4532155307  0.8990438046  -0.4378586957
21  21  1.145884921e-16  -0.004505315526  0.9999898511  -0.004505300285
21  22  9.083545841e-17  0.000930045762  0.9999995675  0.0009300456279
21  23  2.76867842e-17  0.007130512854  0.999974578  0.00713045243
21  24  7.438766506e-17  0.03594601292  0.9993540116  0.03593827235
21  25  -2.617977755e-16  0.2501776626  0.968868452  0.2475760948
21  26  -1.098705964e-17  0.2014797472  0.9797715246  0.2001193636
21  27  1.998851556e-16  0.04691270006  0.9988998011  0.04689549436
21  28  5.523605129e-17  0.02175078926  0.9997634609  0.02174907427
21  29  -7.268175941e-17  0.03107420301  0.9995172358  0.03106920235
21  30  -1.159166625e-16  0.1001230673  0.9949918715  0.09995586838
21  31  -1.618162269e-16  0.2395742044  0.9714390995  0.2372890134
21  32  9.869608538e-17  0.1554654883  0.9879395616  0.1548399904
21  33  -2.532119303e-16  0.01995953933  0.999800815  0.0199582141
21  34  -8.412894255e-17  0.00363436717  0.9999933957  0.003634359169
21  35  7.362851134e-17  -0.001915810536  0.9999981648  -0.001915809364
21  36  7.362851134e-17  -0.001915810536  0.9999981648  -0.001915809364

22  0  -1.915077776e-16  0.002664647409  0.9999964498  0.002664644255
22  1  -7.185373911e-17  -0.004225886848  0.999991071  -0.004225874271
22  2  -2.430410783e-16  -0.3701473561  0.9322740492  -0.3617528122
22  3  -4.843460295e-18  -0.2803659909  0.9609542303  -0.2767073676
22  4  -3.498612992e-17  -0.008333075486  0.9999652801  -0.008332979045
22  5  -1.421985412e-16  -0.003772360453  0.9999928847  -0.003772351506
22  6  1.041628769e-16  0.008154419203  0.9999667529  0.008154328833
22  7  5.484404479e-17  0.03702971375  0.9993144785  0.03702125181
22  8  -1.809464618e-16  0.02212070288  0.9997553472  0.02211889888
22  9  -1.155460542e-16  0.004535335602  0.9999897154  0.004535320054
22  10  -1.09062166e-16  -0.03165919515  0.9994988895  -0.03165390672
22  11  -3.488305648e-16  -0.06586153877  0.9978319127  -0.06581393403
22  12  -2.175632713e-16  -0.009316037851  0.999956606  -0.009315903097
22  13  2.697794563e-16  0.01146377444  0.9999342917  0.01146352336
22  14  1.963324227e-18  0.02937167183  0.9995686835  0.02936744888
22  15  -1.460854192e-16  0.02898345808  0.999580009  0.02897940036
22  16  3.652956846e-16  0.0004937590691  0.9999998781  0.0004937590491
22  17  1.750242853e-16  -0.004499693323  0.9999898764  -0.004499678139
22  18  1.795030219e-16  -0.01415440018  0.9998998282  -0.01415392755
22  19  4.638783205e-17  -0.6342839628  0.8054962272  -0.592600901
22  20  1.130067387e-16  -0.01273846308  0.9999188669  -0.01273811857
22  21  -2.398047935e-16  0.000930045762  0.9999995675  0.0009300456279
22  22  1.277758768e-16  0.004655600362  0.9999891627  0.004655583544
22  23  3.469745606e-16  0.01707642865  0.9998542013  0.01707559873
22  24  3.378500638e-16  0.1654726634  0.9863406091  0.1647185565
22  25  2.045647889e-16  0.6275353023  0.8094771163  0.5871514269
22  26  1.026497484e-16  0.0842477912  0.9964532534  0.08414816577
22  27  1.405881274e-16  0.01173645075  0.9999311287  0.01173618131
22  28  3.766610885e-16  0.0005528355128  0.9999998472  0.0005528354846
22  29  -1.059881823e-18  -0.001729108984  0.9999985051  -0.001729108122
22  30  2.151827152e-16  0.005901672124  0.9999825852  0.005901637865
22  31  1.06841492e-16  0.04258987792  0.9990931882  0.04257700347
22  32  -2.063554066e-16  0.3224987712  0.9484464256  0.3169374983
22  33  -5.581421382e-16  0.4515849972  0.8997565524  0.4363921933
22  34  -1.594132538e-16  0.07605246594  0.9971094049  0.07597917285
22  35  1.374210857e-16  0.009910366472  0.9999508927  0.009910204248
22  36  1.374210857e-16  0.009910366472  0.9999508927  0.009910204248

23  0  1.716224537e-16  0.03999263159  0.9992004013  0.03998197167
23  1  9.38497616e-17  0.01253503099  0.9999214375  0.01253470273
23  2  3.274438242e-17  0.004207149413  0.99999115  0.004207137002
23  3  -1.869010124e-18  -0.1534872257  0.9882439424  -0.1528852847
23  4  3.085249312e-16  -0.2993714497  0.9555220497  -0.2949196713
23  5  1.275632189e-16  -0.0177680605  0.9998421522  -0.0177671256
23  6  3.295291116e-16  -0.005362567398  0.9999856215  -0.005362541696
23  7  1.980768087e-16  0.02097729311  0.9997799847  0.02097575465
23  8  4.721796909e-17  0.04389873267  0.9990366054  0.0438846345
23  9  -1.370064055e-16  0.007224770737  0.9999739015  0.007224707885
23  10  2.116080443e-16  -0.04645492803  0.9989211639  -0.04643822107
23  11  -4.87912297e-17  -0.5002373657  0.877468738  -0.4796338331
23  12  -1.508884524e-16  -0.2405091119  0.9712168317  -0.2381971153
23  13  6.470462955e-17  -0.00931603785  0.999956606  -0.009315903097
23  14  8.712999086e-17  0.01998876751  0.9998002312  0.01998743645
23  15  3.888430587e-16  0.04560246137  0.9989603879  0.04558665732
23  16  3.445909333e-16  0.004480218788  0.9999899638  0.0044802038
23  17  -7.05023923e-18  -0.007032914607  0.9999752692  -0.007032856631
23  18  6.372876357e-17  -0.0418871812  0.9991228603  -0.04187493352
23  19  -8.044095312e-17  -0.4244633535  0.9112598723  -0.4118318166
23  20  -1.87118496e-16  -0.0002248589936  0.9999999747  -0.0002248589917
23  21  -2.024585539e-16  0.007130512854  0.999974578  0.00713045243
23  22  5.473227342e-17  0.01707642865  0.9998542013  0.01707559873
23  23  1.959967508e-16  0.06482013059  0.9978999108  0.06477474822
23  24  1.394616041e-16  0.380082813  0.9286339153  0.3709973737
23  25  2.257880915e-16  0.2106121705  0.9779031185  0.2090585824
23  26  1.396432078e-16  0.01657162486  0.9998626938  0.0165708664
23  27  7.450426042e-17  0.001131853908  0.9999993595  0.001131853666
23  28  4.038455934e-17  -0.004394601479  0.9999903438  -0.004394587334
23  29  -1.622550941e-16  -0.009355660623  0.9999562361  -0.009355524143
23  30  -2.521413902e-17  -0.00716606743  0.9999743238  -0.007166006097
23  31  -1.015082825e-16  -0.001379627011  0.9999990483  -0.001379626574
23  32  -2.353765633e-17  0.008234213938  0.9999660991  0.008234120889
23  33  -2.116660264e-16  0.1044231391  0.9945528564  0.1042334676
23  34  -1.147027533e-16  0.3398784375  0.9427951981  0.333372486
23  35  3.523048424e-16  0.1878884715  0.9824008266  0.1867849456
23  36  3.523048424e-16  0.1878884715  0.9824008266  0.1867849456

24  0  3.842652494e-16  0.2566761964  0.9672391237  0.2538670472
24  1  1.912541404e-16  0.2911630104  0.9579106621  0.2870664791
24  2  1.102560259e-16  0.1147842549  0.9934195172  0.1145323657
24  3  -2.635231393e-16  0.02435039447  0.9997035438  0.02434798815
24  4  1.109584836e-16  -0.05883718964  0.9982695918  -0.05880324828
24  5  -9.575838588e-17  -0.2739606  0.9627069236  -0.2705464457
24  6  -7.421675082e-17  -0.0324980742  0.9994719841  -0.03249235417
24  7  3.043004749e-16  -0.01415195014  0.9998998628  -0.01415147776
24  8  5.453978476e-17  0.009112980159  0.9999584771  0.009112854026
24  9  -1.364443255e-16  0.008382293112  0.9999648688  0.008382194952
24  10  2.626418642e-16  -0.02926477479  0.999571817  -0.02926059778
24  11  -7.390709517e-17  -0.3403855255  0.9426260277  -0.3338505233
24  12  2.546758654e-16  -0.5002373657  0.877468738  -0.4796338331
24  13  7.145245926e-17  -0.06586153877  0.9978319127  -0.06581393404
24  14  -2.99979499e-17  -0.008614648646  0.9999628941  -0.008614542095
24  15  2.171495804e-16  0.01546449234  0.9998804271  0.01546387596
24  16  3.779663584e-17  -0.003648637992  0.9999933437  -0.003648629897
24  17  1.993825885e-16  -0.01361102232  0.9999073715  -0.01361060206
24  18  3.573701493e-17  -0.1014257686  0.9948608146  -0.1012519604
24  19  -4.481989448e-16  -0.2613494141  0.9660421903  -0.2583843777
24  20  4.398249297e-17  0.008819258729  0.9999611106  0.008819144404
24  21  -1.769699203e-16  0.03594601292  0.9993540116  0.03593827235
24  22  -4.853011865e-17  0.1654726634  0.9863406091  0.1647185565
24  23  2.695239708e-16  0.380082813  0.9286339153  0.3709973737
24  24  3.268276345e-16  0.2023955803  0.9795878378  0.2010165867
24  25  -1.554168073e-17  0.02555113448  0.9996735875  0.02554835435
24  26  -4.466902795e-17  0.0008162288661  0.9999996669  0.0008162287754
24  27  7.977325879e-17  -0.002860727474  0.9999959081  -0.002860723572
24  28  1.824166347e-16  -0.005931567472  0.9999824083  -0.00593153269
24  29  -1.829303893e-16  -0.01159965125  0.9999327248  -0.01159939113
24  30  1.207972633e-16  -0.0139983337  0.9999020249  -0.01399787654
24  31  7.051179143e-17  -0.008388583234  0.999964816  -0.008388484852
24  32  2.277353899e-16  -0.00402134808  0.9999919144  -0.004021337242
24  33  -3.271877224e-17  -0.0008536538228  0.9999996356  -0.0008536537191
24  34  -2.301027162e-16  0.0125268956  0.9999215395  0.01252656798
24  35  6.030853333e-17  0.1145107599  0.9934508041  0.1142606661
24  36  6.030853333e-17  0.1145107599  0.9934508041  0.1142606661

25  0  1.120955522e-16  0.01168269103  0.9999317581  0.01168242528
25  1  -1.525102163e-16  0.1275121954  0.9918813293  0.1271669317
25  2  2.67580692e-17  0.4480090772  0.9013113  0.4331719526
25  3  -2.694997962e-17  0.4102540354  0.9170195324  0.3988422963
25  4  -4.23360187e-17  0.1341752746  0.9910119942  0.1337730439
25  5  3.584442944e-17  -0.02326308938  0.9997294265  -0.02326099121
25  6  3.120300228e-16  -0.2440410473  0.9703694789  -0.2416258976
25  7  1.4994467e-16  -0.0445499501  0.9990078151  -0.04453521519
25  8  1.285167948e-16  -0.1070684911  0.9942736427  -0.1068640421
25  9  1.654891435e-16  -0.1561467869  0.9878338401  -0.1555130362
25  10  5.004383765e-17  -0.02405418872  0.999710712  -0.02405186915
25  11  -3.85194326e-17  -0.02926477479  0.999571817  -0.02926059778
25  12  -3.836834102e-17  -0.04645492803  0.9989211639  -0.04643822107
25  13  -1.907304751e-16  -0.03165919515  0.9994988895  -0.03165390672
25  14  -1.279338555e-16  -0.01986332277  0.9998027307  -0.01986201661
25  15  9.373442896e-18  -0.06250314578  0.9980473142  -0.06246245748
25  16  1.720726005e-16  -0.1818881324  0.9835039077  -0.1808868804
25  17  -1.369470318e-16  -0.04589304667  0.998947099  -0.0458769386
25  18  -1.973934607e-16  -0.126395712  0.9920226909  -0.1260594337
25  19  8.441879524e-18  -0.1874805986  0.9824769294  -0.1863842354
25  20  1.51444692e-16  0.03759991078  0.9992932066  0.03759105191
25  21  -3.355145674e-16  0.2501776626  0.968868452  0.2475760948
25  22  -2.418332803e-16  0.6275353023  0.8094771163  0.5871514269
25  23  -1.513428063e-16  0.2106121705  0.9779031185  0.2090585824
25  24  -8.44287737e-17  0.02555113448  0.9996735875  0.02554835435
25  25  -3.583411821e-16  -0.00326055745  0.9999946844  -0.003260551672
25  26  -1.581850607e-16  -0.006920092828  0.9999760563  -0.006920037597
25  27  1.382845697e-16  -0.006086103985  0.9999814797  -0.006086066413
25  28  -2.464185502e-17  -0.00731427286  0.9999732508  -0.007314207643
25  29  2.024157979e-17  -0.01228612299  0.9999245265  -0.0122858139
25  30  3.89494933e-16  -0.01874125826  0.9998243878  -0.01874016118
25  31  2.286053978e-16  -0.01584543733  0.9998744637  -0.01584477427
25  32  2.086876187e-16  -0.009175536095  0.9999579051  -0.009175407347
25  33  -2.467562842e-17  -0.006211806248  0.9999807068  -0.006211766299
25  34  2.858259065e-16  -0.006180551659  0.9999809005  -0.00618051231
25  35  1.66300503e-16  -0.005600631762  0.9999843165  -0.005600602483
25  36  1.66300503e-16  -0.005600631762  0.9999843165  -0.005600602483

26  0  5.212722965e-19  -0.009229678631  0.9999574068  -0.00922954759
26  1  -4.774261402e-17  -0.002661008915  0.9999964595  -0.002661005775
26  2  -1.733799268e-16  0.009612497277  0.9999538003  0.009612349245
26  3  1.64756576e-16  0.05512103193  0.9984812205  0.05509312354
26  4  8.204785398e-17  0.1613995971  0.9870033352  0.1606997706
26  5  1.430323759e-16  0.1271994375  0.9919210533  0.1268567068
26  6  -1.80827897e-17  -0.03608004424  0.9993491858  -0.03607221676
26  7  -1.643671116e-16  -0.2791591888  0.9612874615  -0.2755474848
26  8  -8.443490079e-17  -0.09077577395  0.9958827079  -0.09065115626
26  9  -3.120224271e-16  -0.4530549488  0.8991141052  -0.43771432
26  10  -1.406527912e-16  -0.1561467869  0.9878338401  -0.1555130362
26  11  -8.51486756e-17  0.008382293112  0.9999648688  0.008382194952
26  12  1.116660252e-16  0.007224770737  0.9999739015  0.007224707885
26  13  -9.989041901e-17  0.004535335602  0.9999897154  0.004535320054
26  14  1.15025909e-16  0.005531739577  0.9999847  0.005531711365
26  15  -1.150040156e-16  -0.04131533806  0.9991466428  -0.04130358515
26  16  -4.075862349e-16  -0.4519618632  0.8995920271  -0.43673125
26  17  -2.899695186e-16  -0.1612097823  0.9870338206  -0.1605124199
26  18  1.534932885e-16  -0.1078081663  0.994194326  -0.1075994524
26  19  6.457158334e-17  -0.2758637758  0.962190283  -0.2723781551
26  20  -1.185163742e-16  0.0837572507  0.9964944116  0.08365935499
26  21  1.922448675e-16  0.2014797472  0.9797715246  0.2001193636
26  22  -7.037407567e-17  0.0842477912  0.9964532534  0.08414816577
26  23  -1.842072539e-16  0.01657162486  0.9998626938  0.0165708664
26  24  -7.577420496e-17  0.000816228866  0.9999996669  0.0008162287754
26  25  -1.471410571e-16  -0.006920092828  0.9999760563  -0.006920037597
26  26  -1.771764312e-17  -0.01051865119  0.9999446795  -0.01051845722
26  27  -9.198500857e-17  -0.009652887793  0.9999534112  -0.009652737887
26  28  -6.325313375e-17  -0.009515903745  0.9999547241  -0.009515760131
26  29  -1.050112665e-16  -0.0134182179  0.9999099771  -0.01341781525
26  30  2.011643084e-16  -0.02131773812  0.9997727856  -0.02131612353
26  31  -7.318329584e-17  -0.02411210226  0.9997093173  -0.02410976589
26  32  3.330725383e-17  -0.01690221446  0.999857161  -0.01690140969
26  33  5.541059704e-17  -0.01077487739  0.9999419516  -0.0107746689
26  34  4.597192781e-16  -0.009132209558  0.9999583017  -0.009132082625
26  35  -6.89793525e-17  -0.0103826341  0.9999461009  -0.01038244756
26  36  -6.89793525e-17  -0.0103826341  0.9999461009  -0.01038244756

27  0  9.606919478e-17  -0.01099646995  0.9999395394  -0.01099624834
27  1  -1.439206664e-16  -0.007760391151  0.9999698883  -0.007760313258
27  2  3.03616978e-17  -0.00423644393  0.9999910263  -0.004236431258
27  3  -5.167064473e-17  -0.000731987301  0.9999997321  -0.0007319872356
27  4  9.351979576e-17  0.006360758618  0.9999797704  0.006360715726
27  5  1.274198011e-16  0.02918949005  0.9995740171  0.02918534519
27  6  -5.699147233e-17  0.05849767241  0.998289499  0.05846431517
27  7  -7.565014806e-17  -0.4873932164  0.8835566792  -0.4683242409
27  8  5.590856318e-17  -1.869319691  -0.2941092008  -0.9557718232
27  9  -3.032742369e-17  -0.09077577395  0.9958827079  -0.09065115626
27  10  3.248332276e-16  -0.1070684911  0.9942736427  -0.1068640421
27  11  1.27781385e-17  0.009112980159  0.9999584771  0.009112854026
27  12  -6.921171484e-17  0.04389873267  0.9990366054  0.0438846345
27  13  -8.789523488e-17  0.02212070288  0.9997553472  0.02211889888
27  14  4.22061254e-17  0.02795626081  0.9996092492  0.02795261941
27  15  2.230793264e-17  0.03652390397  0.9993330764  0.03651578405
27  16  -1.955079295e-16  -0.07340819576  0.9973068281  -0.07334228362
27  17  -3.988510889e-17  -0.08529705536  0.9963644112  -0.08519366195
27  18  4.539827249e-16  -0.08247976828  0.9966004718  -0.08238628298
27  19  -4.497337031e-17  -2.338770129  -0.6946791816  -0.7193197026
27  20  -3.04420561e-16  0.06437013399  0.9979289582  0.0643256901
27  21  1.622635445e-16  0.04691270006  0.9988998011  0.04689549436
27  22  -1.878235345e-17  0.01173645075  0.9999311287  0.01173618131
27  23  -3.329780449e-16  0.001131853908  0.9999993595  0.001131853667
27  24  -1.726115559e-16  -0.002860727474  0.9999959081  -0.002860723572
27  25  -8.186338721e-17  -0.006086103985  0.9999814797  -0.006086066413
27  26  5.92543052e-17  -0.009652887793  0.9999534112  -0.009652737887
27  27  4.07833983e-18  -0.01174632289  0.9999310127  -0.01174605277
27  28  -3.840400425e-16  -0.01249524275  0.9999219355  -0.0124949176
27  29  -2.125712099e-17  -0.01590105443  0.9998735809  -0.01590038436
27  30  1.421379191e-16  -0.0235985688  0.9997215667  -0.02359637855
27  31  1.704735491e-16  -0.03036899523  0.9995388975  -0.03036432735
27  32  7.13433101e-17  -0.02731540287  0.9996269576  -0.02731200618
27  33  9.378065117e-17  -0.01899760075  0.999819551  -0.01899645804
27  34  1.607900106e-16  -0.01353775386  0.999908366  -0.01353734035
27  35  7.245364247e-17  -0.01202977745  0.9999276431  -0.0120294873
27  36  7.245364247e-17  -0.01202977745  0.9999276431  -0.0120294873

28  0  4.413818147e-16  -0.0139379737  0.999902868  -0.01393752243
28  1  -1.745920187e-16  -0.01094125702  0.999940145  -0.01094103872
28  2  2.30124465e-16  -0.0082697876  0.9999658055  -0.00826969334
28  3  1.714166875e-16  -0.006499531148  0.9999788781  -0.006499485387
28  4  9.388293611e-18  -0.005153687612  0.9999867198  -0.005153664798
28  5  2.350381326e-16  -0.002488994471  0.9999969025  -0.002488991901
28  6  1.357867034e-16  0.008002156395  0.9999679829  0.008002070993
28  7  1.943310128e-16  0.03676592027  0.9993242097  0.03675763788
28  8  2.149229833e-17  -0.4873932164  0.8835566792  -0.4683242409
28  9  2.584515056e-17  -0.2791591888  0.9612874615  -0.2755474848
28  10  1.890346867e-16  -0.0445499501  0.9990078151  -0.04453521519
28  11  -2.147218883e-16  -0.01415195014  0.9998998628  -0.01415147776
28  12  -1.673882249e-16  0.02097729311  0.9997799847  0.02097575464
28  13  -1.798904442e-16  0.03702971375  0.9993144785  0.03702125181
28  14  -1.012862829e-17  0.02599527884  0.9996621418  0.0259923512
28  15  -1.154955703e-16  0.03731803143  0.9993037631  0.0373093703
28  16  -7.521336444e-17  -0.0008628824484  0.9999996277  -0.0008628823413
28  17  -8.382730963e-17  -0.0227360635  0.9997415468  -0.02273410473
28  18  -2.801678538e-16  -0.1009863511  0.9949052105  -0.1008147914
28  19  1.798689487e-17  -0.723281229  0.7496380938  -0.6618479647
28  20  -1.786268618e-17  0.0519617956  0.9986502896  0.0519384157
28  21  1.396440294e-16  0.02175078926  0.9997634609  0.02174907427
28  22  -1.428681426e-16  0.0005528355126  0.9999998472  0.0005528354845
28  23  -7.173443977e-17  -0.004394601479  0.9999903438  -0.004394587334
28  24  1.967808731e-16  -0.005931567472  0.9999824083  -0.00593153269
28  25  -1.46035662e-17  -0.00731427286  0.9999732508  -0.007314207643
28  26  6.649521168e-17  -0.009515903745  0.9999547241  -0.009515760131
28  27  -9.353341127e-17  -0.01249524275  0.9999219355  -0.0124949176
28  28  -1.740194779e-16  -0.0155627154  0.9998789034  -0.0155620872
28  29  9.042844566e-17  -0.02005967108  0.9997988115  -0.02005832581
28  30  -1.46615866e-17  -0.02765509795  0.9996176221  -0.02765157296
28  31  -7.330860951e-17  -0.03456542667  0.9994026751  -0.03455854413
28  32  -6.678120227e-17  -0.03557399601  0.9993673121  -0.03556649328
28  33  1.264621489e-17  -0.03074239904  0.9995274897  -0.03073755685
28  34  -1.077111602e-16  -0.02304097939  0.9997345684  -0.02303894075
28  35  1.192707403e-16  -0.01722959105  0.9998515743  -0.0172287386
28  36  1.192707403e-16  -0.01722959105  0.9998515743  -0.0172287386

29  0  -1.836103034e-17  -0.022627674  0.9997440051  -0.02262574311
29  1  -1.979616091e-16  -0.01781056485  0.9998413961  -0.01780962324
29  2  2.882440063e-16  -0.01456353123  0.9998939537  -0.01456301643
29  3  1.719665667e-16  -0.01277439135  0.9999184086  -0.01277404392
29  4  1.584519713e-16  -0.01206713381  0.999927193  -0.01206684095
29  5  4.550038441e-17  -0.01113622158  0.9999379929  -0.0111359914
29  6  -4.663607081e-17  -0.006960532161  0.9999757756  -0.006960475956
29  7  -6.05777423e-18  0.008002156395  0.9999679829  0.008002070993
29  8  2.09867612e-16  0.05849767241  0.998289499  0.05846431517
29  9  1.548104787e-16  -0.03608004424  0.9993491858  -0.03607221676
29  10  -8.539154195e-17  -0.2440410473  0.9703694789  -0.2416258976
29  11  1.585467776e-16  -0.0324980742  0.9994719841  -0.03249235417
29  12  2.093436044e-16  -0.005362567398  0.9999856215  -0.005362541696
29  13  -2.076477151e-17  0.008154419204  0.9999667529  0.008154328833
29  14  -2.410190517e-17  0.003464291355  0.9999939993  0.003464284426
29  15  2.978396494e-16  0.005959890277  0.9999822399  0.005959854995
29  16  -1.211604119e-16  -8.081759979e-06  1  -8.081759979e-06
29  17  3.154767121e-16  -0.01016474082  0.9999483395  -0.01016456578
29  18  -8.00926935e-17  -0.1234688773  0.9923873964  -0.1231554115
29  19  2.947561579e-16  -0.2153362734  0.9769045959  -0.2136759474
29  20  1.203417099e-16  0.06826585288  0.9976707914  0.06821284284
29  21  8.853476272e-17  0.03107420301  0.9995172358  0.03106920235
29  22  1.980185843e-17  -0.001729108984  0.9999985051  -0.001729108122
29  23  -7.309506706e-17  -0.009355660623  0.9999562361  -0.009355524143
29  24  -1.840468349e-18  -0.01159965125  0.9999327248  -0.01159939113
29  25  -1.575755709e-16  -0.01228612299  0.9999245265  -0.0122858139
29  26  -5.82747924e-17  -0.0134182179  0.9999099771  -0.01341781525
29  27  9.199551469e-17  -0.01590105443  0.9998735809  -0.01590038436
29  28  -1.418019949e-16  -0.02005967108  0.9997988115  -0.02005832581
29  29  3.201253971e-17  -0.02635888131  0.9996526248  -0.0263558291
29  30  7.913293538e-17  -0.0345313018  0.9994038538  -0.03452443962
29  31  7.258420493e-17  -0.03928774352  0.9992283359  -0.03927763735
29  32  6.210261866e-17  -0.03811761127  0.9992736118  -0.03810838143
29  33  -1.730510282e-16  -0.03800877202  0.9992777536  -0.03799962101
29  34  -1.836454666e-16  -0.03632689885  0.9993402508  -0.03631890961
29  35  -8.831615779e-17  -0.02952807945  0.9995640779  -0.02952378868
29  36  -8.831615779e-17  -0.02952807945  0.9995640779  -0.02952378868

30  0  6.678059893e-17  -0.03768765551  0.9992899044  -0.03767873447
30  1  1.450142951e-16  -0.03061220465  0.9995314831  -0.03060742372
30  2  2.152043252e-16  -0.02552122974  0.9996743511  -0.02551845936
30  3  -8.610644584e-17  -0.02264849585  0.9997435338  -0.02264655962
30  4  -2.806876859e-17  -0.02074922934  0.9997847425  -0.02074774051
30  5  -9.908742736e-17  -0.01736163719  0.9998492906  -0.01736076499
30  6  -5.213210893e-17  -0.01113622158  0.9999379929  -0.0111359914
30  7  -2.304806686e-16  -0.002488994471  0.9999969025  -0.002488991901
30  8  -2.674397943e-16  0.02918949005  0.9995740171  0.02918534519
30  9  -3.961976564e-16  0.1271994375  0.9919210533  0.1268567068
30  10  -1.928243111e-16  -0.02326308938  0.9997294265  -0.02326099121
30  11  5.367881164e-17  -0.2739606  0.9627069236  -0.2705464457
30  12  1.824515526e-16  -0.0177680605  0.9998421522  -0.0177671256
30  13  3.443853785e-17  -0.003772360453  0.9999928847  -0.003772351506
30  14  -1.518480692e-20  -0.002055563977  0.9999978873  -0.002055562529
30  15  1.078316469e-16  -0.02903094214  0.9995786318  -0.02902686445
30  16  1.381492317e-16  -0.0020665483  0.9999978647  -0.00206654683
30  17  6.190176958e-17  -0.005944548491  0.9999823312  -0.00594451348
30  18  1.557273644e-16  -0.08982758112  0.995968215  -0.08970682681
30  19  -1.948997985e-18  -0.23944326  0.9714701629  -0.2371618069
30  20  1.524303676e-16  0.06871853076  0.9976398108  0.06866445934
30  21  -1.252515275e-16  0.1001230673  0.9949918715  0.09995586839
30  22  6.510462003e-18  0.005901672124  0.9999825852  0.005901637865
30  23  -9.061003428e-17  -0.00716606743  0.9999743238  -0.007166006097
30  24  -1.142726321e-16  -0.0139983337  0.9999020249  -0.01399787654
30  25  -1.434813284e-16  -0.01874125826  0.9998243878  -0.01874016118
30  26  1.409575355e-16  -0.02131773812  0.9997727856  -0.02131612353
30  27  1.898341084e-16  -0.0235985688  0.9997215667  -0.02359637855
30  28  -6.651400311e-17  -0.02765509795  0.9996176221  -0.02765157296
30  29  -1.965585908e-16  -0.0345313018  0.9994038538  -0.03452443962
30  30  2.654973094e-17  -0.04267803342  0.999089431  -0.04266507887
30  31  1.717286339e-16  -0.04458913426  0.9990060692  -0.04457436044
30  32  8.512775264e-17  -0.0373586278  0.9993022476  -0.03734993837
30  33  2.499563779e-16  -0.03416630992  0.9994163884  -0.03415966305
30  34  -2.93306729e-17  -0.03999340623  0.9992003703  -0.03998274569
30  35  -1.995144792e-16  -0.04294352906  0.9990780684  -0.04293033125
30  36  -1.995144792e-16  -0.04294352906  0.9990780684  -0.04293033125

31  0  4.381863646e-17  -0.04376104751  0.9990426382  -0.04374708157
31  1  2.003913795e-16  -0.04112885775  0.9991543278  -0.04111726325
31  2  -9.937605395e-17  -0.03666035041  0.9993280846  -0.03665213916
31  3  8.907092858e-18  -0.03306109143  0.9994535319  -0.03305506894
31  4  3.051320372e-16  -0.02849645235  0.9995940036  -0.02849259576
31  5  1.43989819e-17  -0.02074922934  0.9997847425  -0.02074774051
31  6  4.69229066e-17  -0.01206713381  0.999927193  -0.01206684095
31  7  -3.019316648e-16  -0.005153687612  0.9999867198  -0.005153664798
31  8  -1.005648368e-16  0.006360758618  0.9999797704  0.006360715726
31  9  -9.715226052e-17  0.1613995971  0.9870033352  0.1606997706
31  10  2.176842055e-16  0.1341752746  0.9910119942  0.1337730439
31  11  1.850309298e-16  -0.05883718964  0.9982695918  -0.05880324828
31  12  1.607933476e-16  -0.2993714497  0.9555220497  -0.2949196713
31  13  -1.197561414e-16  -0.008333075486  0.9999652801  -0.008332979045
31  14  -3.507386609e-17  -0.002046655616  0.9999979056  -0.002046654187
31  15  -2.817095322e-17  0.02202125159  0.999757542  0.02201947182
31  16  -3.210196587e-16  0.004110145063  0.9999915534  0.00411013349
31  17  -1.590054191e-16  -0.003803067328  0.9999927683  -0.00380305816
31  18  1.7765493e-16  -0.03389705136  0.99942555  -0.03389056039
31  19  5.981103616e-17  -0.3347006637  0.9445086799  -0.3284864588
31  20  5.379780547e-17  0.02393196464  0.9997136442  0.02392968024
31  21  1.6206031e-16  0.2395742044  0.9714390995  0.2372890134
31  22  5.24388943e-17  0.04258987792  0.9990931882  0.04257700347
31  23  -3.143973226e-17  -0.001379627011  0.9999990483  -0.001379626574
31  24  -1.382981971e-16  -0.008388583234  0.999964816  -0.008388484852
31  25  1.164105602e-16  -0.01584543733  0.9998744637  -0.01584477427
31  26  2.970202298e-16  -0.02411210226  0.9997093173  -0.02410976589
31  27  3.366203675e-17  -0.03036899523  0.9995388975  -0.03036432735
31  28  -4.49273252e-17  -0.03456542667  0.9994026751  -0.03455854413
31  29  -3.885446088e-16  -0.03928774352  0.9992283359  -0.03927763735
31  30  -2.030414058e-16  -0.04458913426  0.9990060692  -0.04457436044
31  31  -2.419728713e-17  -0.04431307033  0.9990183366  -0.0442985692
31  32  -2.422434186e-16  -0.03448290299  0.9994055236  -0.03447606963
31  33  -2.940051741e-16  -0.02589624873  0.9996647109  -0.02589335442
31  34  -2.482369785e-16  -0.02870119529  0.999588149  -0.02869725497
31  35  -2.059390664e-16  -0.03870844544  0.9992509217  -0.03869877973
31  36  -2.059390664e-16  -0.03870844544  0.9992509217  -0.03869877973

32  0  -1.84867467e-16  -0.03028779829  0.9995413597  -0.03028316775
32  1  -4.980131177e-17  -0.03493977704  0.9993896681  -0.03493266846
32  2  1.998258845e-16  -0.03721510783  0.9993075978  -0.03720651816
32  3  -4.121466081e-17  -0.037777759  0.9992865053  -0.03776877383
32  4  -4.912575586e-18  -0.03306109143  0.9994535319  -0.03305506894
32  5  -2.174385401e-16  -0.02264849585  0.9997435338  -0.02264655962
32  6  -1.196405437e-16  -0.01277439135  0.9999184086  -0.01277404392
32  7  -3.203217637e-16  -0.006499531148  0.9999788781  -0.006499485387
32  8  -8.311998589e-17  -0.0007319873009  0.9999997321  -0.0007319872356
32  9  2.81783251e-16  0.05512103193  0.9984812205  0.05509312354
32  10  4.342603456e-16  0.4102540354  0.9170195324  0.3988422963
32  11  3.481641741e-16  0.02435039447  0.9997035438  0.02434798815
32  12  1.372835843e-16  -0.1534872257  0.9882439424  -0.1528852848
32  13  -4.957221216e-17  -0.2803659909  0.9609542303  -0.2767073676
32  14  1.671708496e-16  -0.004388704012  0.9999903697  -0.004388689924
32  15  2.787997212e-16  0.01578437662  0.9998754293  0.01578372119
32  16  -1.272834655e-16  0.1047996025  0.9945135459  0.1046078729
32  17  -6.940748012e-17  -0.0011469523  0.9999993423  -0.001146952049
32  18  1.369420289e-16  -0.01115747556  0.999937756  -0.01115724407
32  19  3.535323211e-17  -0.4252005458  0.9109560254  -0.4125034785
32  20  -2.354770575e-16  0.003931912479  0.99999227  0.003931902348
32  21  6.495659119e-17  0.1554654883  0.9879395616  0.1548399904
32  22  -2.173617288e-16  0.3224987712  0.9484464256  0.3169374983
32  23  1.28092687e-16  0.008234213938  0.9999660991  0.008234120889
32  24  1.274640325e-16  -0.00402134808  0.9999919144  -0.004021337242
32  25  -2.091598207e-17  -0.009175536095  0.9999579051  -0.009175407347
32  26  -1.238114017e-16  -0.01690221446  0.999857161  -0.01690140969
32  27  -1.513079654e-16  -0.02731540287  0.9996269576  -0.02731200618
32  28  -1.414317425e-16  -0.03557399601  0.9993673121  -0.03556649328
32  29  -2.40011763e-16  -0.03811761127  0.9992736118  -0.03810838143
32  30  -1.15178937e-16  -0.0373586278  0.9993022476  -0.03734993837
32  31  -7.165666771e-17  -0.03448290299  0.9994055236  -0.03447606963
32  32  -2.176390705e-16  -0.02747177604  0.9996226745  -0.02746832068
32  33  -7.871048116e-17  -0.01947609073  0.9998103469  -0.01947485948
32  34  2.272553812e-17  -0.01735251674  0.9998494489  -0.01735164592
32  35  4.462407853e-17  -0.02266732688  0.9997431071  -0.02266538582
32  36  4.462407853e-17  -0.02266732688  0.9997431071  -0.02266538582

33  0  -2.300119665e-16  -0.01631880703  0.9998668512  -0.01631808275
33  1  -1.602933821e-17  -0.02131485444  0.9997728471  -0.02131324051
33  2  2.832533597e-16  -0.0289425126  0.9995811947  -0.02893847206
33  3  -1.138692827e-16  -0.03721510783  0.9993075978  -0.03720651816
33  4  9.330679983e-17  -0.03666035041  0.9993280846  -0.03665213916
33  5  1.567399165e-16  -0.02552122974  0.9996743511  -0.02551845936
33  6  3.107221468e-16  -0.01456353123  0.9998939537  -0.01456301643
33  7  -7.16789237e-17  -0.0082697876  0.9999658055  -0.00826969334
33  8  6.268216934e-17  -0.00423644393  0.9999910263  -0.004236431258
33  9  3.126621063e-16  0.009612497277  0.9999538003  0.009612349245
33  10  6.883438961e-17  0.4480090772  0.9013113  0.4331719526
33  11  1.530054864e-16  0.1147842549  0.9934195172  0.1145323657
33  12  -1.630494041e-16  0.004207149413  0.99999115  0.004207137002
33  13  7.746097746e-17  -0.3701473561  0.9322740492  -0.3617528122
33  14  9.228239572e-17  -0.1408725989  0.9900938541  -0.1404071228
33  15  1.325241697e-16  -0.001320231999  0.9999991285  -0.001320231615
33  16  3.198658528e-16  0.2054905666  0.9789610035  0.20404743
33  17  3.59407833e-16  0.03592662164  0.9993547083  0.03591889359
33  18  1.574346799e-16  -0.004884310143  0.9999880718  -0.004884290722
33  19  9.279294377e-17  -0.4997414229  0.877706501  -0.4791985998
33  20  1.634410812e-16  -0.0078015725  0.9999695679  -0.00780149336
33  21  3.831783745e-17  0.01995953933  0.999800815  0.0199582141
33  22  -7.154775953e-18  0.4515849972  0.8997565524  0.4363921933
33  23  1.53116456e-17  0.1044231391  0.9945528564  0.1042334676
33  24  2.10045849e-16  -0.0008536538228  0.9999996356  -0.0008536537191
33  25  -8.383789184e-17  -0.006211806248  0.9999807068  -0.006211766299
33  26  1.027545979e-16  -0.01077487739  0.9999419516  -0.0107746689
33  27  2.243321487e-16  -0.01899760075  0.999819551  -0.01899645804
33  28  -4.566058918e-17  -0.03074239904  0.9995274897  -0.03073755685
33  29  1.297375561e-16  -0.03800877202  0.9992777536  -0.03799962101
33  30  1.796714329e-17  -0.03416630992  0.9994163884  -0.03415966305
33  31  3.225582179e-16  -0.02589624873  0.9996647109  -0.02589335442
33  32  1.958159984e-16  -0.01947609073  0.9998103469  -0.01947485948
33  33  1.113413641e-16  -0.01477473634  0.9998908556  -0.01477419881
33  34  2.596287549e-16  -0.01215587623  0.9999261182  -0.01215557686
33  35  2.303015969e-16  -0.01290800909  0.9999166928  -0.01290765065
33  36  2.303015969e-16  -0.01290800909  0.9999166928  -0.01290765065

34  0  3.431104866e-16  -0.01061230367  0.99994369  -0.01061210448
34  1  1.453380486e-16  -0.01344310017  0.9999096429  -0.01344269528
34  2  2.269939518e-16  -0.02131485444  0.9997728471  -0.02131324051
34  3  2.86978227e-16  -0.03493977704  0.9993896681  -0.03493266846
34  4  4.396958911e-17  -0.04112885775  0.9991543278  -0.04111726325
34  5  1.567143433e-16  -0.03061220465  0.9995314831  -0.03060742372
34  6  2.294326966e-16  -0.01781056485  0.9998413961  -0.01780962324
34  7  -2.838192091e-16  -0.01094125702  0.999940145  -0.01094103872
34  8  -7.815667343e-17  -0.007760391151  0.9999698883  -0.007760313258
34  9  -1.350493218e-17  -0.002661008915  0.9999964595  -0.002661005775
34  10  2.538873437e-16  0.1275121954  0.9918813293  0.1271669317
34  11  -3.469657445e-16  0.2911630104  0.9579106621  0.2870664791
34  12  -2.740871838e-16  0.01253503099  0.9999214375  0.01253470273
34  13  1.391051279e-16  -0.004225886849  0.999991071  -0.004225874271
34  14  1.651502627e-16  -0.5136215016  0.8709708537  -0.4913346843
34  15  1.046383509e-16  -0.007377994869  0.9999727827  -0.007377927932
34  16  3.730677673e-16  0.03393189916  0.9994243683  0.03392538815
34  17  1.375713618e-16  0.4031949255  0.9198121326  0.3923590711
34  18  -4.010395498e-17  -0.001507700432  0.9999988634  -0.001507699861
34  19  -1.013101818e-16  -0.2583471759  0.9668135669  -0.2554829288
34  20  3.06213266e-16  -0.2657257439  0.9649021677  -0.2626096091
34  21  5.951299001e-18  0.00363436717  0.9999933957  0.003634359169
34  22  2.7274263e-16  0.07605246595  0.9971094049  0.07597917285
34  23  7.208786457e-17  0.3398784375  0.9427951981  0.333372486
34  24  -1.965609506e-16  0.0125268956  0.9999215395  0.01252656798
34  25  3.899748127e-17  -0.006180551659  0.9999809005  -0.00618051231
34  26  -1.840806798e-16  -0.009132209558  0.9999583017  -0.009132082625
34  27  2.690499221e-17  -0.01353775386  0.999908366  -0.01353734035
34  28  -2.845230098e-16  -0.02304097939  0.9997345684  -0.02303894075
34  29  -1.440124388e-16  -0.03632689885  0.9993402508  -0.03631890961
34  30  -2.829100589e-16  -0.03999340623  0.9992003703  -0.03998274569
34  31  2.63350668e-16  -0.02870119529  0.999588149  -0.02869725497
34  32  -6.904193014e-17  -0.01735251674  0.9998494489  -0.01735164592
34  33  -8.031777827e-17  -0.01215587623  0.9999261182  -0.01215557686
34  34  8.818483423e-17  -0.0101833255  0.9999481504  -0.0101831495
34  35  -8.622386752e-17  -0.009730250705  0.9999526615  -0.009730097166
34  36  -8.622386752e-17  -0.009730250705  0.9999526615  -0.009730097166

35  0  3.283151938e-16  -0.009103267359  0.9999585655  -0.009103141629
35  1  1.512043018e-16  -0.01061230367  0.99994369  -0.01061210448
35  2  4.858278311e-16  -0.01631880703  0.9998668512  -0.01631808275
35  3  1.79004905e-16  -0.03028779829  0.9995413597  -0.03028316775
35  4  -8.59874542e-17  -0.04376104751  0.9990426382  -0.04374708157
35  5  -2.621212984e-17  -0.03768765551  0.9992899044  -0.03767873447
35  6  -1.069696815e-16  -0.022627674  0.9997440051  -0.02262574311
35  7  -2.824413215e-16  -0.0139379737  0.999902868  -0.01393752243
35  8  -1.986705415e-16  -0.01099646995  0.9999395394  -0.01099624834
35  9  -1.338669762e-16  -0.009229678631  0.9999574068  -0.00922954759
35  10  2.055049783e-16  0.01168269103  0.9999317581  0.01168242528
35  11  -3.152302657e-16  0.2566761964  0.9672391237  0.2538670472
35  12  -1.456616241e-16  0.03999263159  0.9992004013  0.03998197167
35  13  -7.697042116e-17  0.002664647409  0.9999964498  0.002664644255
35  14  1.552560947e-16  -0.1945615299  0.9811325361  -0.1933363563
35  15  5.855947356e-17  -0.330273181  0.9459537858  -0.3243014571
35  16  1.819158958e-16  -0.00190007237  0.9999981949  -0.001900071226
35  17  6.470735776e-17  0.5898573744  0.8310200219  0.5562425039
35  18  1.346077966e-16  0.05405529756  0.9985393681  0.05402897669
35  19  2.687315877e-16  -0.008455078246  0.999964256  -0.008454977507
35  20  1.668296825e-16  -0.5159902158  0.8698045799  -0.493396385
35  21  -3.593998942e-18  -0.001915810535  0.9999981648  -0.001915809364
35  22  1.718803237e-16  0.009910366472  0.9999508927  0.009910204248
35  23  -8.713472917e-17  0.1878884715  0.9824008266  0.1867849456
35  24  -1.443911869e-17  0.1145107599  0.9934508041  0.1142606661
35  25  1.138223613e-16  -0.005600631762  0.9999843165  -0.005600602483
35  26  1.125593439e-16  -0.0103826341  0.9999461009  -0.01038244756
35  27  2.245691992e-17  -0.01202977745  0.9999276431  -0.0120294873
35  28  3.124335717e-18  -0.01722959105  0.9998515743  -0.0172287386
35  29  -1.966681315e-16  -0.02952807945  0.9995640779  -0.02952378868
35  30  -2.948650272e-16  -0.04294352906  0.9990780684  -0.04293033125
35  31  -2.730538423e-16  -0.03870844544  0.9992509217  -0.03869877973
35  32  -2.443852278e-16  -0.02266732688  0.9997431071  -0.02266538582
35  33  2.469009953e-18  -0.01290800909  0.9999166928  -0.01290765065
35  34  2.134243163e-16  -0.009730250706  0.9999526615  -0.009730097167
35  35  2.592526741e-16  -0.008929358809  0.9999601335  -0.008929240148
35  36  2.592526741e-16  -0.008929358809  0.9999601335  -0.008929240148

36  0  3.283151938e-16  -0.009103267359  0.9999601335  -0.008929240148
36  1  1.453380486e-16  -0.01344310017  0.9999601335  -0.008929240148
36  2  2.832533597e-16  -0.0289425126  0.9999601335  -0.008929240148
36  3  -4.121466081e-17  -0.037777759  0.9999601335  -0.008929240148
36  4  3.051320372e-16  -0.02849645235  0.9999601335  -0.008929240148
36  5  -9.908742736e-17  -0.01736163719  0.9999601335  -0.008929240148
36  6  -4.663607081e-17  -0.006960532161  0.9999601335  -0.008929240148
36  7  1.943310128e-16  0.03676592027  0.9999601335  -0.008929240148
36  8  5.590856318e-17  -1.869319691  0.9999601335  -0.008929240148
36  9  -3.120224271e-16  -0.4530549488  0.9999601335  -0.008929240148
36  10  5.004383765e-17  -0.02405418872  0.9999601335  -0.008929240148
36  11  -7.390709517e-17  -0.3403855255  0.9999601335  -0.008929240148
36  12  -1.508884524e-16  -0.2405091119  0.9999601335  -0.008929240148
36  13  2.697794563e-16  0.01146377444  0.9999601335  -0.008929240148
36  14  1.883706678e-16  0.01545342424  0.9999601335  -0.008929240148
36  15  2.929149087e-16  -0.01010174109  0.9999601335  -0.008929240148
36  16  9.192076766e-18  0.2591783773  0.9999601335  -0.008929240148
36  17  1.391371937e-17  0.9052662334  0.9999601335  -0.008929240148
36  18  -3.944256976e-16  0.9052662334  0.9999601335  -0.008929240148
36  19  1.787518557e-17  0.2591783773  0.9999601335  -0.008929240148
36  20  1.487673092e-16  -0.01010174109  0.9999601335  -0.008929240148
36  21  -2.58456552e-17  0.01545342424  0.9999601335  -0.008929240148
36  22  -8.71831844e-17  0.01146377444  0.9999601335  -0.008929240148
36  23  1.468412772e-16  -0.2405091119  0.9999601335  -0.008929240148
36  24  2.971613568e-17  -0.3403855255  0.9999601335  -0.008929240148
36  25  1.000654102e-16  -0.02405418872  0.9999601335  -0.008929240148
36  26  2.901073041e-16  -0.4530549488  0.9999601335  -0.008929240148
36  27  -2.239532507e-16  -1.869319691  0.9999601335  -0.008929240148
36  28  -1.216609921e-16  0.03676592027  0.9999601335  -0.008929240148
36  29  -5.184194655e-16  -0.006960532161  0.9999601335  -0.008929240148
36  30  3.142889984e-16  -0.01736163719  0.9999601335  -0.008929240148
36  31  6.147222857e-17  -0.02849645235  0.9999601335  -0.008929240148
36  32  1.994916395e-16  -0.037777759  0.9999601335  -0.008929240148
36  33  -8.782562525e-17  -0.0289425126  0.9999601335  -0.008929240148
36  34  -1.126634072e-17  -0.01344310017  0.9999601335  -0.008929240148
36  35  2.69365497e-16  -0.009103267359  0.9999601335  -0.008929240148
36  36  2.69365497e-16  -0.009103267359  0.9999601335  -0.008929240148

#Chern no*2pi*Iota= 2.67470187e-15  -37.69911184
