#nx  ny  tilde_F(nx,ny).real()  tilde_F(nx,ny).imag()  ArgofLog.real()  ArgofLog.imag()
#Extra momentum point for pm3d corners2color c1
0  0  9.339830186e-18  -0.1828849091  0.9833231153  -0.1818671241
0  1  1.365087387e-16  0.04279185122  0.9990845684  0.04277879275
0  2  -4.673994383e-17  0.5616323957  0.8463868765  0.5325685452
0  3  -1.716241172e-17  0.02541346009  0.9996770954  0.02541072466
0  4  1.564725171e-16  -0.06785230409  0.9976989155  -0.06780025147
0  5  -4.946588136e-16  0.006994784871  0.9999755366  0.006994727833
0  6  -3.120835425e-16  0.159407608  0.987321489  0.1587333532
0  7  3.275668719e-16  0.1167518216  0.9931922444  0.1164867619
0  8  4.684446798e-17  0.008609382254  0.9999629395  0.008609275898
0  9  -4.929446961e-16  -0.000174271092  0.9999999848  -0.0001742710911
0  10  1.29995052e-16  -0.002987540881  0.9999955373  -0.002987536437
0  11  6.090872936e-17  -0.005000478955  0.9999874976  -0.005000458115
0  12  1.19123871e-16  -0.006987952319  0.9999755844  -0.006987895448
0  13  -2.308046504e-16  -0.00956454072  0.9999542601  -0.009564394893
0  14  9.965774162e-17  -0.01346353906  0.9999093679  -0.01346313231
0  15  4.027951701e-16  -0.0192800616  0.9998141454  -0.01927886716
0  16  5.289918932e-17  -0.02658857873  0.9996465446  -0.02658544603
0  17  1.323756916e-16  -0.03285671053  0.9994602668  -0.03285079903
0  18  -1.980354306e-17  -0.03438964416  0.9994087345  -0.03438286609
0  19  -1.065098978e-16  -0.03010132657  0.9995469893  -0.03009678102
0  20  -2.512814396e-16  -0.0228720925  0.9997384451  -0.02287009836
0  21  -3.426974544e-17  -0.01614389434  0.9998696902  -0.0161431931
0  22  5.088938062e-16  -0.01131636517  0.9999359706  -0.01131612364
0  23  2.824715576e-16  -0.008162859657  0.999966684  -0.008162769005
0  24  2.500662411e-16  -0.005958143271  0.9999822503  -0.005958108019
0  25  2.732728501e-16  -0.004025569621  0.9999918974  -0.004025558749
0  26  -5.609818179e-17  -0.001759245247  0.9999984525  -0.001759244339
0  27  -1.182360707e-17  0.002449906335  0.999996999  0.002449903884
0  28  5.544909536e-17  0.03288524961  0.9994593289  0.03287932269
0  29  1.736392255e-16  0.2036564517  0.9793336031  0.2022515609
0  30  1.109508286e-16  0.05685232077  0.9983843421  0.0568216995
0  31  -2.15492801e-16  -0.03133494571  0.9995091008  -0.03132981811
0  32  -1.375017783e-16  -0.04292753667  0.9990787548  -0.0429143536
0  33  1.151451271e-16  0.2744332705  0.9625789367  0.2710014586
0  34  -1.247362079e-17  0.3849065181  0.9268335366  0.3754724962
0  35  2.715687514e-17  -0.1182843952  0.9930125535  -0.1180087647
0  36  2.715687514e-17  -0.1182843952  0.9930125535  -0.1180087647

1  0  1.942163322e-16  0.04279185122  0.9990845684  0.04277879275
1  1  -2.688294527e-17  0.1392675837  0.9903179343  0.1388178269
1  2  -5.804920522e-17  0.6933617254  0.7691017978  0.6391262978
1  3  -4.552607041e-17  0.1124831323  0.9936804399  0.1122460843
1  4  -5.132868672e-16  0.09245985189  0.9957286321  0.09232817102
1  5  -1.427522756e-16  0.02028250854  0.999794317  0.02028111793
1  6  5.289281858e-17  0.07096105535  0.9974833206  0.07090151661
1  7  4.770785141e-17  0.1665274302  0.9861663208  0.1657588239
1  8  8.343994639e-17  0.02389165768  0.9997146079  0.02388938481
1  9  -1.141647418e-16  0.002279192725  0.9999974026  0.002279190751
1  10  -3.033633148e-16  -0.002055087554  0.9999978883  -0.002055086108
1  11  -1.777815406e-16  -0.004675381143  0.9999890704  -0.00467536411
1  12  1.062283195e-17  -0.007063438722  0.999975054  -0.007063379987
1  13  -1.195897106e-16  -0.009997403382  0.9999500264  -0.009997236846
1  14  -7.795110741e-17  -0.01435820295  0.9998969228  -0.01435770961
1  15  -1.524125623e-17  -0.02090382306  0.999781523  -0.02090230071
1  16  1.431854998e-16  -0.02943484797  0.9995668261  -0.02943059771
1  17  -1.296243211e-16  -0.03780221116  0.9992855815  -0.03779320853
1  18  -1.57658887e-16  -0.04234020536  0.9991037874  -0.042327556
1  19  2.288645663e-16  -0.04059050387  0.9991763186  -0.04057935871
1  20  5.71511163e-17  -0.03362544727  0.9994347179  -0.03361911108
1  21  3.333994051e-16  -0.02489587194  0.9996901138  -0.02489330025
1  22  -7.378560358e-17  -0.01732881711  0.9998498598  -0.01732794985
1  23  9.676353436e-17  -0.011958558  0.9999284973  -0.01195827298
1  24  4.446287842e-17  -0.008410461694  0.9999646323  -0.008410362541
1  25  -2.113034668e-16  -0.005835245196  0.999982975  -0.005835212081
1  26  -3.7476346e-16  -0.003421778664  0.9999941457  -0.003421771987
1  27  3.58013696e-17  -0.0002862362672  0.999999959  -0.0002862362633
1  28  2.175391782e-16  0.00788789026  0.9999688908  0.007887808464
1  29  3.625399598e-17  0.08544695288  0.9963516297  0.08534301354
1  30  -2.320651888e-16  0.1474885854  0.9891432605  0.1469544497
1  31  -4.017024229e-16  0.02526271288  0.9996809146  0.02526002583
1  32  -1.774787126e-16  0.06098876192  0.9981407619  0.06095095969
1  33  -7.520590846e-17  0.1022549661  0.9947765148  0.1020768616
1  34  -4.166292749e-17  0.4371639801  0.9059559959  0.4233718618
1  35  1.336250919e-16  0.3849065181  0.9268335366  0.3754724962
1  36  1.336250919e-16  0.3849065181  0.9268335366  0.3754724962

2  0  8.407325936e-19  0.5616323957  0.8463868765  0.5325685452
2  1  8.862071805e-18  0.6933617254  0.7691017978  0.6391262978
2  2  -1.58746941e-16  0.4927193389  0.8810498066  0.4730235072
2  3  -3.878449663e-16  0.08148175232  0.9966821983  0.08139161894
2  4  -3.616578153e-16  1.157998165  0.4011740163  0.9160018606
2  5  -3.80402248e-17  0.8515289386  0.6588337133  0.7522886003
2  6  -1.122792739e-17  0.0539846242  0.998543184  0.05395840643
2  7  6.610844721e-17  0.1410199888  0.9900731487  0.1405530511
2  8  -1.605242527e-16  0.04646770543  0.9989205704  0.04645098468
2  9  6.891522396e-17  0.007162029556  0.9999743528  0.007161968327
2  10  -3.100564636e-16  -0.0002260471229  0.9999999745  -0.000226047121
2  11  -8.268124736e-17  -0.004410080411  0.9999902756  -0.004410066116
2  12  -1.015342006e-16  -0.008176457051  0.999966573  -0.008176365945
2  13  -2.664506775e-16  -0.01262563084  0.9999202978  -0.01262529541
2  14  3.665462877e-16  -0.01849961124  0.9998288871  -0.01849855605
2  15  -1.373747055e-17  -0.02553164589  0.9996740852  -0.02552887211
2  16  -3.11586664e-16  -0.03231314263  0.9994779758  -0.03230751969
2  17  -4.345256704e-16  -0.03735894985  0.9993022356  -0.03735026019
2  18  -2.125062779e-16  -0.04001502378  0.9991995058  -0.04000434595
2  19  2.289235084e-16  -0.04028358086  0.9991887263  -0.0402726866
2  20  -1.947819762e-16  -0.03827643251  0.9992675468  -0.03826708682
2  21  2.0840066e-16  -0.03409186113  0.9994189288  -0.03408525761
2  22  7.927604406e-17  -0.02814374319  0.999603991  -0.02814002803
2  23  1.150598059e-16  -0.02142392029  0.9997705166  -0.02142228146
2  24  2.059185464e-16  -0.01519733351  0.9998845227  -0.01519674852
2  25  -2.922455067e-16  -0.01021333324  0.9999478444  -0.01021315568
2  26  -3.694528278e-16  -0.006243382004  0.9999805102  -0.006243341443
2  27  2.334139466e-16  -0.002419683737  0.9999970726  -0.002419681376
2  28  1.455148566e-16  0.002692318349  0.9999963757  0.002692315096
2  29  -9.663275785e-17  0.01834993146  0.9998316447  0.01834890168
2  30  2.102158419e-16  0.1051954225  0.9944720621  0.1050015131
2  31  -3.237685223e-16  0.09567729871  0.9954264178  0.09553139153
2  32  -4.718192334e-16  0.10000257  0.9950039087  0.09983597376
2  33  -7.027540508e-17  1.887702967  -0.311628734  0.9502039424
2  34  -1.722644371e-17  0.1022549661  0.9947765148  0.1020768616
2  35  9.680689352e-17  0.2744332705  0.9625789367  0.2710014586
2  36  9.680689352e-17  0.2744332705  0.9625789367  0.2710014586

3  0  5.086864406e-17  0.02541346009  0.9996770954  0.02541072466
3  1  -7.824729553e-17  0.1124831323  0.9936804399  0.1122460843
3  2  1.372490557e-16  0.08148175232  0.9966821983  0.08139161894
3  3  -5.909633521e-17  -0.005320281849  0.9999858473  -0.00532025675
3  4  -3.604595354e-18  0.003345641305  0.9999944033  0.003345635064
3  5  -1.729444844e-16  0.09035304641  0.9959209396  0.09023016112
3  6  -2.008200186e-16  0.05396830693  0.9985440644  0.05394211292
3  7  -1.915252308e-16  0.1223966884  0.9925188719  0.1220913142
3  8  1.153554868e-16  0.06229757802  0.9980601334  0.06225728981
3  9  8.131908082e-17  0.01582750089  0.9998747477  0.01582684007
3  10  1.517060696e-16  0.004787013757  0.9999885423  0.004786995475
3  11  1.130707323e-16  -0.002955880644  0.9999956314  -0.00295587634
3  12  5.165675963e-17  -0.01079595335  0.9999417243  -0.01079574364
3  13  -1.061454597e-17  -0.01832014526  0.9998321908  -0.01831912048
3  14  3.172671267e-16  -0.0230510036  0.9997343374  -0.0230489623
3  15  -1.502214724e-16  -0.02387144765  0.9997150905  -0.02386918054
3  16  2.78236809e-16  -0.02233640294  0.9997505529  -0.02233454566
3  17  -5.222257518e-17  -0.02031735233  0.9997936097  -0.02031595455
3  18  -3.424370462e-16  -0.01881154536  0.9998230681  -0.01881043589
3  19  1.517088939e-16  -0.01815320363  0.9998352351  -0.01815220662
3  20  1.744990598e-16  -0.01839939673  0.9998307359  -0.0183983586
3  21  1.741152438e-16  -0.01948112763  0.9998102488  -0.01947989543
3  22  -1.314576075e-16  -0.0211256016  0.9997768628  -0.02112403028
3  23  -2.379416335e-16  -0.02262032446  0.9997441714  -0.02261839546
3  24  -4.432442743e-17  -0.02269946612  0.9997423782  -0.02269751679
3  25  9.555475428e-17  -0.02002607634  0.9997994848  -0.02002473781
3  26  1.502186063e-16  -0.01426037767  0.9998983225  -0.01425989435
3  27  3.488846913e-16  -0.006784995843  0.999976982  -0.006784943783
3  28  1.03304322e-16  0.0008907162272  0.9999996033  0.0008907161094
3  29  3.561941252e-16  0.009459334316  0.9999552608  0.009459193248
3  30  1.265344917e-16  0.03095231347  0.9995210154  0.03094737142
3  31  1.512852495e-16  0.1024341948  0.9947582037  0.1022551525
3  32  -2.117105529e-17  0.08777798899  0.9961499853  0.0876653112
3  33  6.794409763e-17  0.10000257  0.9950039087  0.09983597376
3  34  1.305351585e-16  0.06098876192  0.9981407619  0.06095095969
3  35  2.501171161e-16  -0.04292753667  0.9990787548  -0.0429143536
3  36  2.501171161e-16  -0.04292753667  0.9990787548  -0.0429143536

4  0  -4.903992343e-17  -0.06785230409  0.9976989155  -0.06780025147
4  1  -2.630769439e-16  0.09245985189  0.9957286321  0.09232817102
4  2  -1.433778911e-16  1.157998165  0.4011740163  0.9160018606
4  3  6.050059936e-17  0.003345641306  0.9999944033  0.003345635065
4  4  4.596996334e-18  -0.05516981669  0.9984785316  -0.05514183414
4  5  -3.069853334e-17  -0.0008432536956  0.9999996445  -0.0008432535956
4  6  1.646175963e-17  0.04931530499  0.9987842468  0.04929531829
4  7  1.885696454e-16  0.1302796809  0.9915255987  0.1299114584
4  8  2.013920235e-16  0.06589972308  0.997829399  0.06585203551
4  9  -1.380394329e-16  0.02470946725  0.9996947366  0.0247069529
4  10  -1.961186154e-16  0.01676715942  0.9998594345  0.01676637378
4  11  -1.980695046e-16  0.006233393409  0.9999805725  0.006233353042
4  12  8.27320088e-18  -0.01371592511  0.9999059382  -0.01371549506
4  13  -5.302601928e-17  -0.02139589273  0.9997711166  -0.02139426031
4  14  -1.896298422e-17  -0.01637575247  0.9998659204  -0.01637502058
4  15  -6.670604818e-17  -0.01105325362  0.9999389134  -0.01105302855
4  16  2.936793873e-17  -0.007502889504  0.9999718535  -0.00750281911
4  17  -5.908171406e-18  -0.005224000054  0.9999863549  -0.005223976294
4  18  -9.66460041e-17  -0.003767372213  0.9999929035  -0.003767363301
4  19  -1.871895142e-16  -0.002967752996  0.9999955962  -0.002967748639
4  20  -9.079445637e-17  -0.002812032047  0.9999960462  -0.002812028341
4  21  -1.376943768e-16  -0.003320997268  0.9999944855  -0.003320991164
4  22  -8.915775092e-17  -0.004519145008  0.9999897887  -0.004519129626
4  23  6.012316585e-17  -0.006504320989  0.999978847  -0.006504275127
4  24  -1.58078684e-16  -0.009557671394  0.9999543258  -0.009557525881
4  25  -1.829985634e-16  -0.0139987509  0.9999020191  -0.01399829369
4  26  -4.080044085e-16  -0.01878059914  0.9998236497  -0.01877949514
4  27  -1.386111909e-16  -0.01802588681  0.9998375381  -0.01802491063
4  28  -2.78209925e-16  -0.002888953349  0.999995827  -0.002888949331
4  29  -9.146032514e-17  0.01341313727  0.9999100452  0.01341273507
4  30  -1.061908492e-16  0.02064534741  0.9997868924  0.02064388083
4  31  1.404756824e-17  0.0377796207  0.999286435  0.03777063421
4  32  -2.230261496e-17  0.1024341948  0.9947582037  0.1022551525
4  33  -3.200377044e-18  0.09567729871  0.9954264178  0.09553139153
4  34  1.997148417e-16  0.02526271287  0.9996809146  0.02526002583
4  35  5.45988662e-17  -0.03133494571  0.9995091008  -0.03132981811
4  36  5.45988662e-17  -0.03133494571  0.9995091008  -0.03132981811

5  0  1.317356369e-16  0.006994784872  0.9999755366  0.006994727833
5  1  -2.419646263e-16  0.02028250854  0.999794317  0.02028111793
5  2  -2.751172021e-17  0.8515289386  0.6588337133  0.7522886003
5  3  4.895263389e-17  0.09035304641  0.9959209396  0.09023016112
5  4  -1.558150549e-16  -0.0008432536953  0.9999996445  -0.0008432535954
5  5  -8.680845124e-17  0.02148964448  0.9997691065  0.02148799051
5  6  9.278589674e-17  0.09471262467  0.9955181113  0.0945710852
5  7  -7.560260068e-17  0.1711855252  0.9853835044  0.1703506654
5  8  3.307846166e-16  0.05431849777  0.9985251131  0.05429179059
5  9  2.256274826e-16  0.02148430507  0.9997692212  0.02148265234
5  10  3.949300383e-17  0.02436390504  0.9997032147  0.02436149471
5  11  1.098922503e-16  0.05702670941  0.9983744178  0.05699580553
5  12  -5.185715756e-17  0.2076872925  0.9785104055  0.2061974449
5  13  -2.441840188e-16  0.003362189816  0.9999943478  0.003362183482
5  14  -2.867130979e-16  -0.001898847244  0.9999981972  -0.001898846103
5  15  -1.006545222e-16  -0.0004209186361  0.9999999114  -0.0004209186237
5  16  -4.824833418e-17  0.001409476998  0.9999990067  0.001409476531
5  17  7.621696178e-17  0.003509945277  0.9999938401  0.00350993807
5  18  1.355936367e-16  0.005709829099  0.999983699  0.005709798074
5  19  -1.910776965e-17  0.007530660335  0.9999716447  0.007530589157
5  20  1.527400401e-16  0.008462010974  0.9999641974  0.008461909986
5  21  -1.84958715e-16  0.008242358324  0.999966032  0.008242264999
5  22  -1.749913647e-16  0.006927451999  0.9999760053  0.006927396592
5  23  7.795537557e-17  0.004862605994  0.9999881776  0.004862586831
5  24  -5.357441123e-17  0.002543035864  0.9999967665  0.002543033123
5  25  1.211853709e-16  0.0002807223273  0.9999999606  0.0002807223236
5  26  -2.390436939e-16  -0.002120034647  0.9999977527  -0.002120033059
5  27  -2.262112167e-16  -0.005192727895  0.9999865178  -0.005192704558
5  28  -1.781000455e-16  0.009492526191  0.9999549463  0.009492383633
5  29  -1.412488421e-16  0.2428527495  0.9706559173  0.2404726394
5  30  2.010485443e-16  0.03811499589  0.9992737115  0.03810576795
5  31  5.495922608e-17  0.02064534741  0.9997868924  0.02064388083
5  32  -2.785304532e-16  0.03095231347  0.9995210154  0.03094737142
5  33  -2.824089379e-17  0.1051954225  0.9944720621  0.1050015131
5  34  -1.946674417e-16  0.1474885854  0.9891432605  0.1469544497
5  35  4.547491764e-17  0.05685232077  0.9983843421  0.0568216995
5  36  4.547491764e-17  0.05685232077  0.9983843421  0.0568216995

6  0  -2.411869751e-17  0.159407608  0.987321489  0.1587333532
6  1  -3.319034962e-16  0.07096105535  0.9974833206  0.07090151661
6  2  -2.913422832e-16  0.0539846242  0.998543184  0.05395840643
6  3  -2.678036174e-16  0.05396830693  0.9985440644  0.05394211292
6  4  3.288787622e-17  0.04931530499  0.9987842468  0.04929531829
6  5  -1.776702485e-17  0.09471262467  0.9955181113  0.0945710852
6  6  -2.202580229e-17  0.226600219  0.9744358401  0.2246659599
6  7  -6.028428045e-17  0.1580003131  0.9875438959  0.1573437439
6  8  4.89498037e-17  0.0313773308  0.9995077719  0.03137218237
6  9  -1.42752805e-16  0.01107591122  0.9999386627  0.01107568476
6  10  -6.740155872e-17  0.0112379505  0.9999368549  0.01123771396
6  11  6.327189027e-17  0.03992159642  0.9992032389  0.0399109932
6  12  1.294458589e-16  2.49954976  -0.8008740784  0.5988327902
6  13  1.961831538e-16  0.04301520482  0.9990749887  0.04300194082
6  14  -3.35778494e-18  0.006072443227  0.9999815628  0.006072405907
6  15  4.991236636e-16  0.004899786852  0.9999879961  0.004899767246
6  16  1.794273072e-16  0.007292668326  0.9999734086  0.007292603685
6  17  -5.56825226e-17  0.01182430274  0.9999300937  0.0118240272
6  18  -2.067659578e-16  0.01720002243  0.9998520833  0.01719917437
6  19  5.513710551e-17  0.02133326133  0.9997724546  0.02133164321
6  20  1.474468756e-16  0.02331686283  0.9997281743  0.02331475008
6  21  2.774922895e-16  0.02362113787  0.9997210339  0.02361894133
6  22  2.413914926e-17  0.02254968708  0.9997457666  0.02254777609
6  23  1.240354063e-17  0.01971651214  0.9998056359  0.01971523473
6  24  -4.121819778e-16  0.01501984962  0.9998872042  0.01501928489
6  25  -9.43685876e-17  0.00980882491  0.9999518939  0.009808667622
6  26  -1.245216004e-16  0.005971819427  0.9999821687  0.005971783931
6  27  -1.260859592e-16  0.004536682328  0.9999897093  0.004536666766
6  28  -2.664177482e-16  0.01068723053  0.9999428921  0.01068702708
6  29  -7.960585554e-17  2.32835974  -0.687153276  0.7265124742
6  30  1.13728906e-16  0.2428527495  0.9706559173  0.2404726394
6  31  1.082738007e-17  0.01341313727  0.9999100452  0.01341273507
6  32  1.585468648e-16  0.009459334316  0.9999552608  0.009459193248
6  33  -8.164452691e-17  0.01834993146  0.9998316447  0.01834890168
6  34  -2.168858292e-16  0.08544695288  0.9963516297  0.08534301354
6  35  2.062046417e-16  0.2036564517  0.9793336031  0.2022515609
6  36  2.062046417e-16  0.2036564517  0.9793336031  0.2022515609

7  0  -3.54385222e-16  0.1167518216  0.9931922444  0.1164867619
7  1  7.882192835e-17  0.1665274302  0.9861663208  0.1657588239
7  2  1.209491555e-16  0.1410199888  0.9900731487  0.1405530511
7  3  -3.960930381e-16  0.1223966884  0.9925188719  0.1220913142
7  4  8.015290089e-17  0.1302796809  0.9915255987  0.1299114584
7  5  4.298088144e-16  0.1711855252  0.9853835044  0.1703506654
7  6  -5.421845711e-18  0.1580003131  0.9875438959  0.1573437439
7  7  6.354394065e-17  0.05279095871  0.9986068809  0.05276644174
7  8  2.513099002e-16  0.01257844593  0.9999208924  0.01257811424
7  9  1.299517644e-16  0.00418566148  0.9999912401  0.004185649258
7  10  -1.359455105e-16  0.001933879452  0.9999981301  0.001933878246
7  11  -4.298641414e-16  0.0001619091115  0.9999999869  0.0001619091108
7  12  -2.036021224e-16  -0.004366207346  0.9999904681  -0.004366193473
7  13  7.009285016e-17  0.01601045858  0.9998718353  0.01600977458
7  14  -9.101414196e-17  0.007406333269  0.9999725732  0.007406265558
7  15  7.354801823e-19  0.007120078263  0.9999746523  0.007120018104
7  16  -2.157481694e-16  0.01169673768  0.9999315939  0.01169647097
7  17  -1.118878756e-17  0.02032220127  0.9997935112  0.02032080248
7  18  -3.01836319e-16  0.02812938683  0.9996043949  0.02812567736
7  19  -1.835001546e-16  0.02991599895  0.9995525499  0.02991153684
7  20  -1.519328918e-17  0.0281476932  0.9996038798  0.02814397648
7  21  2.883221753e-16  0.02675296789  0.9996421607  0.02674977672
7  22  1.574215832e-16  0.02708815027  0.9996331385  0.02708483765
7  23  8.87310031e-19  0.02868647613  0.9995885713  0.02868254187
7  24  -6.813675355e-17  0.02914734055  0.9995752463  0.02914321362
7  25  1.588166869e-17  0.02477949068  0.9996930041  0.02477695489
7  26  -1.650584218e-16  0.01612725153  0.9998699587  0.01612655245
7  27  -1.424741363e-16  0.009064111357  0.9999589212  0.009063987242
7  28  -8.210093371e-17  0.006432560058  0.9999793112  0.006432515697
7  29  3.083850125e-16  0.01068723053  0.9999428921  0.01068702708
7  30  -1.978955285e-16  0.009492526189  0.9999549463  0.009492383631
7  31  4.200408927e-17  -0.002888953349  0.999995827  -0.00288894933
7  32  2.234862067e-16  0.0008907162272  0.9999996033  0.0008907161094
7  33  -1.178647679e-16  0.002692318349  0.9999963757  0.002692315096
7  34  -1.056565757e-16  0.00788789026  0.9999688908  0.007887808465
7  35  -1.428089051e-16  0.03288524961  0.9994593289  0.03287932269
7  36  -1.428089051e-16  0.03288524961  0.9994593289  0.03287932269

8  0  -1.88514624e-16  0.008609382254  0.9999629395  0.008609275897
8  1  -9.62287813e-17  0.02389165768  0.9997146079  0.02388938481
8  2  1.913852025e-16  0.04646770543  0.9989205704  0.04645098468
8  3  -3.690134881e-17  0.06229757802  0.9980601334  0.06225728981
8  4  1.509388191e-16  0.06589972308  0.997829399  0.06585203551
8  5  4.909753093e-17  0.05431849777  0.9985251131  0.05429179059
8  6  -5.403623339e-17  0.0313773308  0.9995077719  0.03137218237
8  7  -1.990288553e-17  0.01257844593  0.9999208924  0.01257811424
8  8  -1.151551593e-16  0.004239224002  0.9999910145  0.004239211305
8  9  -2.080396374e-18  0.0008102724749  0.9999996717  0.0008102723862
8  10  -2.817113016e-16  -0.001298132984  0.9999991574  -0.001298132619
8  11  -1.771450766e-16  -0.004106354034  0.9999915689  -0.004106342494
8  12  -9.911655786e-17  -0.01449417785  0.9998949612  -0.01449367036
8  13  -1.247749771e-16  -0.01480650542  0.9998903857  -0.01480596442
8  14  4.452498169e-16  0.002840753567  0.9999959651  0.002840749747
8  15  -2.783980871e-17  0.006558090575  0.9999784958  0.006558043566
8  16  -1.765160973e-16  0.01298088017  0.9999157496  0.01298051562
8  17  -1.580222204e-18  0.02494941486  0.9996887795  0.02494682655
8  18  -8.35013587e-17  0.03213076624  0.9994838513  0.03212523797
8  19  -7.762760311e-17  0.02779819884  0.999613655  0.02779461885
8  20  -1.926524361e-16  0.02147718528  0.9997693741  0.02147553419
8  21  -2.051557325e-16  0.01795272581  0.9998388541  0.01795176146
8  22  4.305466098e-17  0.01730102568  0.999850341  0.01730016259
8  23  4.963452411e-17  0.01935791862  0.9998126413  0.01935670965
8  24  -2.207063369e-16  0.02426701132  0.9997055705  0.02426462964
8  25  -2.558617443e-17  0.03025584852  0.9995423267  0.03025123261
8  26  -1.219195316e-16  0.02958014947  0.9995625393  0.02957583596
8  27  -1.410227494e-16  0.01874080107  0.9998243963  0.01873970407
8  28  5.745250612e-17  0.009064111357  0.9999589212  0.009063987242
8  29  1.802966635e-16  0.004536682328  0.9999897093  0.004536666766
8  30  -2.395019146e-16  -0.005192727895  0.9999865178  -0.005192704559
8  31  -2.008274268e-16  -0.01802588681  0.9998375381  -0.01802491063
8  32  1.327518029e-16  -0.006784995843  0.999976982  -0.006784943784
8  33  2.702439373e-16  -0.002419683737  0.9999970726  -0.002419681376
8  34  3.267912127e-17  -0.0002862362672  0.999999959  -0.0002862362633
8  35  -5.406174006e-17  0.002449906334  0.999996999  0.002449903884
8  36  -5.406174006e-17  0.002449906334  0.999996999  0.002449903884

9  0  -1.718046129e-16  -0.0001742710919  0.9999999848  -0.000174271091
9  1  -2.239927187e-16  0.002279192725  0.9999974026  0.002279190751
9  2  -2.567032601e-16  0.007162029556  0.9999743528  0.007161968327
9  3  1.818866633e-16  0.01582750089  0.9998747477  0.01582684007
9  4  2.498745254e-16  0.02470946725  0.9996947366  0.0247069529
9  5  2.567720454e-16  0.02148430507  0.9997692212  0.02148265234
9  6  2.118867023e-16  0.01107591122  0.9999386627  0.01107568476
9  7  3.23095867e-16  0.00418566148  0.9999912401  0.004185649258
9  8  1.516641585e-16  0.0008102724749  0.9999996717  0.0008102723863
9  9  -5.297825937e-17  -0.001009130851  0.9999994908  -0.001009130679
9  10  1.328763266e-16  -0.002543552967  0.9999967652  -0.002543550224
9  11  -2.59074068e-16  -0.004655220768  0.9999891645  -0.004655203954
9  12  -3.698005282e-16  -0.009950613137  0.9999504931  -0.009950448929
9  13  -2.075389337e-16  -0.02132860808  0.9997725539  -0.02132699102
9  14  2.002065159e-17  -0.008897331187  0.999960419  -0.008897213798
9  15  -2.575297281e-16  0.002982670688  0.9999955518  0.002982666266
9  16  -4.417290548e-16  0.01026274947  0.9999473384  0.01026256932
9  17  4.44026873e-17  0.02362000781  0.9997210606  0.02361781159
9  18  -2.594807294e-16  0.03229438464  0.9994785817  0.03228877148
9  19  3.030074847e-16  0.02504442891  0.9996864047  0.02504181092
9  20  2.034691415e-16  0.01655925467  0.9998628987  0.0165584979
9  21  -9.96762292e-17  0.01212614996  0.9999264791  0.01212585278
9  22  -2.665064737e-16  0.01055508476  0.9999442956  0.01055488877
9  23  -7.701266382e-17  0.01109122268  0.999938493  0.01109099529
9  24  -1.45910421e-16  0.01398518746  0.9999022089  0.01398473158
9  25  -4.607062372e-16  0.02035652189  0.9997928132  0.020355116
9  26  -1.25337856e-16  0.02944673581  0.9995664762  0.0294424804
9  27  -2.484276079e-17  0.02958014947  0.9995625393  0.02957583596
9  28  2.763281489e-18  0.01612725153  0.9998699587  0.01612655245
9  29  2.299845702e-16  0.005971819426  0.9999821687  0.005971783931
9  30  3.000166969e-16  -0.002120034647  0.9999977527  -0.002120033059
9  31  -1.076670184e-16  -0.01878059914  0.9998236497  -0.01877949514
9  32  2.822957075e-17  -0.01426037767  0.9998983225  -0.01425989435
9  33  1.434523506e-16  -0.006243382004  0.9999805102  -0.006243341443
9  34  1.043228712e-16  -0.003421778664  0.9999941457  -0.003421771987
9  35  1.619787363e-16  -0.001759245247  0.9999984525  -0.001759244339
9  36  1.619787363e-16  -0.001759245247  0.9999984525  -0.001759244339

10  0  -1.404005201e-16  -0.002987540881  0.9999955373  -0.002987536437
10  1  -1.024721687e-17  -0.002055087554  0.9999978883  -0.002055086108
10  2  2.444605666e-16  -0.0002260471229  0.9999999745  -0.000226047121
10  3  -9.032065424e-17  0.004787013757  0.9999885423  0.004786995475
10  4  5.063188383e-17  0.01676715942  0.9998594345  0.01676637378
10  5  6.529450684e-17  0.02436390504  0.9997032147  0.02436149471
10  6  1.349399341e-16  0.0112379505  0.9999368549  0.01123771396
10  7  6.512442553e-17  0.001933879452  0.9999981301  0.001933878246
10  8  4.319668741e-17  -0.001298132984  0.9999991574  -0.001298132619
10  9  -6.542731762e-17  -0.002543552967  0.9999967652  -0.002543550224
10  10  6.982275759e-17  -0.00346572212  0.9999939944  -0.003465715182
10  11  1.894252566e-16  -0.004835184185  0.9999883105  -0.004835165345
10  12  5.67013741e-17  -0.007748159867  0.9999699832  -0.007748082342
10  13  7.957145528e-17  -0.01604725692  0.9998712455  -0.01604656819
10  14  2.085843668e-17  -0.02062969249  0.9997872154  -0.02062822924
10  15  1.73186018e-17  -0.004821213607  0.999988378  -0.004821194929
10  16  -1.686126025e-17  0.005005160551  0.9999874742  0.005005139653
10  17  2.461902756e-16  0.01697385579  0.9998559476  0.01697304074
10  18  2.085129989e-16  0.03062791399  0.9995310021  0.0306231257
10  19  -8.753863689e-17  0.02601716002  0.9996615728  0.02601422498
10  20  2.135819185e-16  0.01568702767  0.9998769611  0.01568638429
10  21  -1.783235874e-16  0.01008695092  0.9999491271  0.01008677986
10  22  -1.803918801e-16  0.007762716533  0.9999698703  0.00776263857
10  23  3.249014185e-16  0.007363952498  0.9999728862  0.007363885943
10  24  6.298599329e-17  0.008657653233  0.9999625228  0.008657545078
10  25  -1.905620995e-16  0.01238838991  0.9999232649  0.01238807304
10  26  -1.705155568e-16  0.02035652189  0.9997928132  0.020355116
10  27  5.335424009e-17  0.03025584852  0.9995423267  0.03025123261
10  28  -4.982022531e-17  0.02477949068  0.9996930041  0.02477695489
10  29  -6.865899563e-17  0.00980882491  0.9999518939  0.009808667621
10  30  4.219438025e-17  0.0002807223274  0.9999999606  0.0002807223237
10  31  8.960836012e-17  -0.0139987509  0.9999020191  -0.0139982937
10  32  -7.02824064e-17  -0.02002607634  0.9997994848  -0.02002473781
10  33  1.998444552e-18  -0.01021333324  0.9999478444  -0.01021315568
10  34  -1.096016186e-16  -0.005835245196  0.999982975  -0.00583521208
10  35  -2.381375109e-17  -0.004025569621  0.9999918974  -0.004025558749
10  36  -2.381375109e-17  -0.004025569621  0.9999918974  -0.004025558749

11  0  -4.885728114e-17  -0.005000478955  0.9999874976  -0.005000458115
11  1  2.069773142e-17  -0.004675381143  0.9999890704  -0.00467536411
11  2  3.521715807e-18  -0.004410080411  0.9999902756  -0.004410066116
11  3  7.713850801e-17  -0.002955880644  0.9999956314  -0.00295587634
11  4  2.725515714e-17  0.006233393409  0.9999805725  0.006233353042
11  5  -4.996562242e-17  0.05702670941  0.9983744178  0.05699580553
11  6  -9.64092839e-17  0.03992159642  0.9992032389  0.0399109932
11  7  -1.383397938e-16  0.0001619091112  0.9999999869  0.0001619091105
11  8  -8.203365104e-17  -0.004106354034  0.9999915689  -0.004106342494
11  9  -4.99284291e-17  -0.004655220768  0.9999891645  -0.004655203954
11  10  -1.484019567e-16  -0.004835184185  0.9999883105  -0.004835165345
11  11  -3.782067518e-17  -0.005415540787  0.999985336  -0.005415514316
11  12  2.402359178e-16  -0.007021042028  0.9999753526  -0.007020984345
11  13  -2.165433778e-16  -0.01150748044  0.9999337897  -0.01150722646
11  14  -1.76056868e-16  -0.02164388684  0.9997657802  -0.021642197
11  15  -1.572854782e-16  -0.01733265772  0.9998497932  -0.01733178989
11  16  1.621015939e-18  -0.002196876715  0.9999975869  -0.002196874948
11  17  4.641141547e-16  0.008154197243  0.9999667547  0.00815410688
11  18  2.071104926e-17  0.02351929883  0.999723434  0.02351713058
11  19  4.109279581e-16  0.02918821803  0.9995740542  0.02918407371
11  20  -1.661724664e-16  0.01868870528  0.9998253712  0.01868761741
11  21  -1.435676112e-16  0.01081152146  0.9999415561  0.01081131084
11  22  -1.716753335e-16  0.007301087818  0.9999733472  0.007301022953
11  23  1.048580824e-16  0.006110568274  0.9999813305  0.006110530247
11  24  -2.180492488e-17  0.006487484712  0.9999789563  0.006487439205
11  25  -1.156848996e-16  0.008657653233  0.9999625228  0.008657545078
11  26  -1.291432256e-17  0.01398518746  0.9999022089  0.01398473158
11  27  -6.949414603e-17  0.02426701132  0.9997055705  0.02426462964
11  28  -2.913200427e-16  0.02914734055  0.9995752463  0.02914321362
11  29  1.482613834e-16  0.01501984962  0.9998872042  0.01501928489
11  30  1.929025663e-17  0.002543035864  0.9999967665  0.002543033123
11  31  1.085194934e-16  -0.009557671394  0.9999543258  -0.009557525881
11  32  9.74753231e-17  -0.02269946612  0.9997423782  -0.02269751679
11  33  1.423826319e-16  -0.01519733351  0.9998845227  -0.01519674852
11  34  2.503114799e-16  -0.008410461694  0.9999646323  -0.008410362541
11  35  4.001967477e-16  -0.005958143271  0.9999822503  -0.005958108019
11  36  4.001967477e-16  -0.005958143271  0.9999822503  -0.005958108019

12  0  1.352761721e-16  -0.006987952319  0.9999755844  -0.006987895448
12  1  -1.772375854e-16  -0.007063438722  0.999975054  -0.007063379988
12  2  6.030054834e-17  -0.008176457051  0.999966573  -0.008176365945
12  3  -4.033024325e-17  -0.01079595335  0.9999417243  -0.01079574364
12  4  -1.49544993e-16  -0.01371592511  0.9999059382  -0.01371549506
12  5  -1.621049495e-16  0.2076872925  0.9785104055  0.2061974449
12  6  2.412026201e-16  2.49954976  -0.8008740784  0.5988327902
12  7  -1.816039732e-16  -0.004366207346  0.9999904681  -0.004366193473
12  8  -5.696899147e-18  -0.01449417785  0.9998949612  -0.01449367036
12  9  -1.978459935e-17  -0.009950613137  0.9999504931  -0.009950448929
12  10  8.457568719e-18  -0.007748159867  0.9999699832  -0.007748082342
12  11  -1.608890987e-16  -0.007021042028  0.9999753526  -0.007020984345
12  12  3.434970592e-18  -0.007475158884  0.9999720611  -0.007475089268
12  13  -4.307646527e-17  -0.009782891054  0.9999521479  -0.00978273501
12  14  -1.675824582e-16  -0.01677091279  0.9998593715  -0.01677012663
12  15  -3.851709459e-17  -0.02574017742  0.9996687399  -0.02573733513
12  16  -2.064276874e-16  -0.01402675265  0.9999016267  -0.0140262927
12  17  1.327249163e-16  -0.0002313987875  0.9999999732  -0.0002313987854
12  18  1.81504833e-16  0.01168703078  0.9999317074  0.01168676473
12  19  3.30004183e-16  0.02680444694  0.9996407823  0.02680123731
12  20  -2.171550432e-16  0.02516886917  0.9996832807  0.02516621196
12  21  -3.225540145e-16  0.01471040113  0.999891804  0.01470987059
12  22  4.88826461e-17  0.008881657481  0.9999605583  0.008881540712
12  23  1.236276006e-16  0.006525407346  0.9999787096  0.006525361036
12  24  1.280516361e-16  0.006110568274  0.9999813305  0.006110530247
12  25  8.209380066e-17  0.007363952498  0.9999728862  0.007363885943
12  26  2.450359076e-16  0.01109122268  0.999938493  0.01109099529
12  27  7.906205879e-17  0.01935791862  0.9998126413  0.01935670965
12  28  -2.450355799e-18  0.02868647613  0.9995885713  0.02868254187
12  29  7.740046829e-17  0.01971651214  0.9998056359  0.01971523473
12  30  -8.316359004e-17  0.004862605994  0.9999881776  0.004862586831
12  31  -1.009035705e-16  -0.006504320989  0.999978847  -0.006504275127
12  32  5.954798404e-17  -0.02262032446  0.9997441714  -0.02261839546
12  33  -1.03323652e-16  -0.02142392029  0.9997705166  -0.02142228146
12  34  -2.227533142e-16  -0.011958558  0.9999284973  -0.01195827298
12  35  -4.630788894e-17  -0.008162859657  0.999966684  -0.008162769005
12  36  -4.630788894e-17  -0.008162859657  0.999966684  -0.008162769005

13  0  3.660004153e-16  -0.00956454072  0.9999542601  -0.009564394893
13  1  -9.327167101e-17  -0.009997403382  0.9999500264  -0.009997236846
13  2  -1.500418608e-17  -0.01262563084  0.9999202978  -0.01262529541
13  3  7.746979902e-17  -0.01832014526  0.9998321908  -0.01831912048
13  4  4.065678779e-18  -0.02139589273  0.9997711166  -0.02139426031
13  5  8.55806035e-17  0.003362189816  0.9999943478  0.003362183482
13  6  1.401618598e-17  0.04301520482  0.9990749887  0.04300194082
13  7  -1.503277111e-16  0.01601045858  0.9998718353  0.01600977458
13  8  -2.051996745e-16  -0.01480650542  0.9998903857  -0.01480596442
13  9  -5.645186416e-16  -0.02132860808  0.9997725539  -0.02132699102
13  10  -9.615537021e-17  -0.01604725691  0.9998712455  -0.01604656819
13  11  -9.477105185e-17  -0.01150748044  0.9999337897  -0.01150722646
13  12  -6.368231274e-17  -0.009782891054  0.9999521479  -0.009782735009
13  13  7.312559323e-17  -0.01027852101  0.9999471765  -0.01027834003
13  14  -2.641620997e-16  -0.01393436044  0.9999029184  -0.01393390952
13  15  2.259205225e-17  -0.02384925255  0.9997156201  -0.02384699176
13  16  -2.554167217e-17  -0.0280683532  0.9996061096  -0.02806466781
13  17  -7.5533431e-17  -0.01153563038  0.9999334654  -0.01153537454
13  18  1.452551161e-16  0.001320679364  0.9999991279  0.00132067898
13  19  -1.778711228e-16  0.01452140287  0.9998945663  0.01452089251
13  20  7.009800823e-17  0.02748208976  0.9996223911  0.02747863051
13  21  -1.513136297e-16  0.02270413342  0.9997422722  0.02270218289
13  22  -7.755165175e-17  0.01352256308  0.9999085715  0.01352215096
13  23  1.288966089e-16  0.008881657481  0.9999605583  0.008881540712
13  24  -1.326916758e-16  0.007301087818  0.9999733472  0.007301022953
13  25  2.591966791e-17  0.007762716533  0.9999698703  0.00776263857
13  26  -1.155320592e-16  0.01055508476  0.9999442956  0.01055488877
13  27  -2.879182555e-17  0.01730102568  0.999850341  0.01730016259
13  28  -3.010941088e-16  0.02708815027  0.9996331385  0.02708483765
13  29  9.708233084e-17  0.02254968708  0.9997457666  0.02254777609
13  30  -3.015191023e-16  0.006927451999  0.9999760053  0.006927396591
13  31  -1.754091743e-16  -0.004519145008  0.9999897887  -0.004519129626
13  32  1.165325349e-16  -0.0211256016  0.9997768628  -0.02112403028
13  33  -2.230118999e-16  -0.02814374319  0.999603991  -0.02814002803
13  34  -2.358074281e-17  -0.01732881711  0.9998498598  -0.01732794985
13  35  -1.231947406e-16  -0.01131636517  0.9999359706  -0.01131612364
13  36  -1.231947406e-16  -0.01131636517  0.9999359706  -0.01131612364

14  0  1.728380807e-16  -0.01346353906  0.9999093679  -0.01346313231
14  1  -2.284869358e-16  -0.01435820295  0.9998969228  -0.01435770961
14  2  4.714248129e-17  -0.01849961124  0.9998288871  -0.01849855605
14  3  -2.543850841e-17  -0.0230510036  0.9997343374  -0.0230489623
14  4  7.686805832e-17  -0.01637575247  0.9998659204  -0.01637502058
14  5  1.749471233e-17  -0.001898847244  0.9999981972  -0.001898846103
14  6  8.834506881e-18  0.006072443227  0.9999815628  0.006072405907
14  7  1.866156807e-16  0.007406333269  0.9999725732  0.007406265558
14  8  -2.562498092e-16  0.002840753567  0.9999959651  0.002840749747
14  9  -1.496050433e-16  -0.008897331187  0.999960419  -0.008897213798
14  10  1.186541749e-16  -0.02062969249  0.9997872154  -0.02062822924
14  11  1.12956953e-16  -0.02164388684  0.9997657802  -0.021642197
14  12  -8.679977836e-17  -0.01677091279  0.9998593715  -0.01677012663
14  13  -7.433507209e-17  -0.01393436044  0.9999029184  -0.01393390952
14  14  -2.016103301e-16  -0.01457286878  0.9998938176  -0.01457235299
14  15  2.479612845e-17  -0.02018972168  0.9997961945  -0.02018835007
14  16  1.38932147e-16  -0.03201070087  0.9994877013  -0.03200523433
14  17  -7.111035984e-17  -0.02903882243  0.999578403  -0.02903474142
14  18  -1.427690547e-16  -0.009947632886  0.9999505227  -0.009947468825
14  19  -7.687299656e-17  0.002370262645  0.9999971909  0.002370260426
14  20  1.631573574e-16  0.0160002766  0.9998719983  0.01599959391
14  21  2.537574692e-17  0.02745118242  0.99962324  0.02744773484
14  22  1.742911563e-16  0.02270413342  0.9997422722  0.02270218289
14  23  2.039266859e-16  0.01471040113  0.999891804  0.01470987059
14  24  -3.743032436e-16  0.01081152146  0.9999415561  0.01081131084
14  25  -2.681531014e-16  0.01008695092  0.9999491271  0.01008677986
14  26  -8.327076654e-17  0.01212614996  0.9999264791  0.01212585278
14  27  3.390277671e-17  0.01795272581  0.9998388541  0.01795176146
14  28  6.231706831e-17  0.02675296789  0.9996421607  0.02674977672
14  29  1.565636967e-16  0.02362113787  0.9997210339  0.02361894133
14  30  -1.794236842e-16  0.008242358325  0.999966032  0.008242264999
14  31  -3.572980137e-16  -0.003320997268  0.9999944855  -0.003320991164
14  32  9.070128102e-17  -0.01948112763  0.9998102488  -0.01947989543
14  33  -1.364726076e-16  -0.03409186113  0.9994189288  -0.03408525761
14  34  -4.05713084e-16  -0.02489587194  0.9996901138  -0.02489330025
14  35  -1.514371215e-16  -0.01614389434  0.9998696902  -0.0161431931
14  36  -1.514371215e-16  -0.01614389434  0.9998696902  -0.0161431931

15  0  -2.379943791e-17  -0.0192800616  0.9998141454  -0.01927886716
15  1  -8.72389057e-17  -0.02090382306  0.999781523  -0.02090230071
15  2  2.136796249e-16  -0.02553164589  0.9996740852  -0.02552887211
15  3  -2.312982236e-16  -0.02387144765  0.9997150905  -0.02386918054
15  4  -1.207831379e-16  -0.01105325362  0.9999389134  -0.01105302855
15  5  -6.933283172e-17  -0.0004209186362  0.9999999114  -0.0004209186237
15  6  -2.507681566e-16  0.004899786852  0.9999879961  0.004899767246
15  7  1.626548512e-16  0.007120078263  0.9999746523  0.007120018104
15  8  1.336867983e-16  0.006558090575  0.9999784958  0.006558043566
15  9  1.112104288e-16  0.002982670688  0.9999955518  0.002982666265
15  10  -5.447787663e-17  -0.004821213607  0.999988378  -0.004821194929
15  11  1.797659107e-16  -0.01733265772  0.9998497932  -0.01733178989
15  12  2.397420681e-16  -0.02574017742  0.9996687399  -0.02573733513
15  13  1.235899171e-16  -0.02384925255  0.9997156201  -0.02384699176
15  14  -1.128184695e-16  -0.02018972168  0.9997961945  -0.02018835007
15  15  1.058210362e-16  -0.0208452033  0.9997827466  -0.02084369372
15  16  5.417158688e-17  -0.02832072861  0.999598995  -0.02831694293
15  17  -1.76999454e-16  -0.03946838888  0.9992212242  -0.03945814268
15  18  6.85459198e-17  -0.02928672282  0.9995711746  -0.0292825364
15  19  3.473341214e-16  -0.00918223998  0.9999578435  -0.00918211095
15  20  6.711379638e-17  0.002745636243  0.9999962307  0.002745632794
15  21  -7.970770214e-17  0.0160002766  0.9998719983  0.01599959391
15  22  1.617972284e-17  0.02748208976  0.9996223911  0.02747863051
15  23  1.160307442e-16  0.02516886917  0.9996832807  0.02516621196
15  24  -1.122355208e-17  0.01868870528  0.9998253712  0.01868761741
15  25  1.17571822e-16  0.01568702767  0.9998769611  0.01568638429
15  26  7.154436918e-17  0.01655925467  0.9998628987  0.0165584979
15  27  5.043961645e-17  0.02147718528  0.9997693741  0.02147553419
15  28  1.057288652e-16  0.0281476932  0.9996038798  0.02814397648
15  29  -1.895961429e-17  0.02331686283  0.9997281743  0.02331475008
15  30  -2.360225197e-16  0.008462010974  0.9999641974  0.008461909986
15  31  3.626031688e-17  -0.002812032047  0.9999960462  -0.002812028341
15  32  5.914709343e-17  -0.01839939673  0.9998307359  -0.0183983586
15  33  -5.601084284e-17  -0.03827643251  0.9992675468  -0.03826708682
15  34  3.902448666e-16  -0.03362544727  0.9994347179  -0.03361911108
15  35  3.383074646e-17  -0.0228720925  0.9997384451  -0.02287009836
15  36  3.383074646e-17  -0.0228720925  0.9997384451  -0.02287009836

16  0  -2.40871553e-16  -0.02658857873  0.9996465446  -0.02658544603
16  1  -3.055837619e-16  -0.02943484797  0.9995668261  -0.02943059771
16  2  3.686425292e-16  -0.03231314263  0.9994779758  -0.03230751969
16  3  3.151824307e-16  -0.02233640294  0.9997505529  -0.02233454566
16  4  6.33082862e-18  -0.007502889504  0.9999718535  -0.00750281911
16  5  -1.003936735e-16  0.001409476998  0.9999990067  0.001409476531
16  6  -2.440826261e-17  0.007292668326  0.9999734086  0.007292603685
16  7  -1.291705864e-16  0.01169673768  0.9999315939  0.01169647097
16  8  1.989805551e-16  0.01298088017  0.9999157496  0.01298051562
16  9  2.838941423e-16  0.01026274947  0.9999473384  0.01026256932
16  10  1.538849167e-16  0.005005160551  0.9999874742  0.005005139653
16  11  2.125861452e-16  -0.002196876715  0.9999975869  -0.002196874947
16  12  5.678621601e-16  -0.01402675265  0.9999016267  -0.0140262927
16  13  1.913331284e-16  -0.0280683532  0.9996061096  -0.02806466781
16  14  2.50696414e-16  -0.03201070087  0.9994877013  -0.03200523433
16  15  2.516067604e-16  -0.02832072861  0.999598995  -0.02831694293
16  16  -1.787560208e-17  -0.02827817577  0.999600199  -0.02827440712
16  17  -2.136150985e-16  -0.03601024033  0.9993517014  -0.0360024582
16  18  -2.444125738e-17  -0.04399527287  0.9990323641  -0.04398108149
16  19  1.284251062e-16  -0.0293090868  0.9995705195  -0.02930489079
16  20  3.278292358e-16  -0.00918223998  0.9999578435  -0.00918211095
16  21  1.590096712e-16  0.002370262645  0.9999971909  0.002370260426
16  22  1.540243453e-16  0.01452140287  0.9998945663  0.01452089251
16  23  2.11167599e-16  0.02680444694  0.9996407823  0.02680123731
16  24  -9.626081722e-17  0.02918821803  0.9995740542  0.02918407371
16  25  1.433551314e-16  0.02601716002  0.9996615728  0.02601422498
16  26  -1.584266548e-16  0.02504442891  0.9996864047  0.02504181092
16  27  -4.19465275e-16  0.02779819884  0.999613655  0.02779461885
16  28  1.974046191e-16  0.02991599895  0.9995525499  0.02991153684
16  29  -7.775050172e-17  0.02133326133  0.9997724546  0.02133164321
16  30  -2.293274109e-16  0.007530660335  0.9999716447  0.007530589157
16  31  -1.007356986e-16  -0.002967752995  0.9999955962  -0.002967748639
16  32  5.262294755e-18  -0.01815320363  0.9998352351  -0.01815220662
16  33  -2.905128594e-16  -0.04028358086  0.9991887263  -0.0402726866
16  34  -8.131279072e-17  -0.04059050387  0.9991763186  -0.04057935871
16  35  -1.734598753e-16  -0.03010132657  0.9995469893  -0.03009678102
16  36  -1.734598753e-16  -0.03010132657  0.9995469893  -0.03009678102

17  0  -7.892006182e-17  -0.03285671053  0.9994602668  -0.03285079903
17  1  1.437960056e-16  -0.03780221116  0.9992855815  -0.03779320853
17  2  3.238007082e-16  -0.03735894985  0.9993022356  -0.03735026019
17  3  -6.936514676e-17  -0.02031735233  0.9997936097  -0.02031595455
17  4  2.79388581e-16  -0.005224000054  0.9999863549  -0.005223976293
17  5  1.44462017e-16  0.003509945277  0.9999938401  0.00350993807
17  6  -1.15129781e-16  0.01182430274  0.9999300937  0.0118240272
17  7  1.265775827e-16  0.02032220127  0.9997935112  0.02032080248
17  8  1.857975512e-16  0.02494941486  0.9996887795  0.02494682655
17  9  1.482930555e-17  0.02362000781  0.9997210606  0.02361781159
17  10  3.55724222e-16  0.01697385579  0.9998559476  0.01697304074
17  11  2.344874423e-16  0.008154197243  0.9999667547  0.00815410688
17  12  -7.366939636e-17  -0.0002313987875  0.9999999732  -0.0002313987855
17  13  1.389534482e-16  -0.01153563038  0.9999334654  -0.01153537454
17  14  -7.802377414e-17  -0.02903882243  0.999578403  -0.02903474142
17  15  -3.127460867e-16  -0.03946838888  0.9992212242  -0.03945814268
17  16  1.841726106e-16  -0.03601024033  0.9993517014  -0.0360024582
17  17  1.880292419e-16  -0.03378894369  0.999429208  -0.03378251463
17  18  1.289290367e-17  -0.03929287546  0.9992281343  -0.03928276533
17  19  -1.435276465e-16  -0.04399527287  0.9990323641  -0.04398108149
17  20  -2.699993902e-16  -0.02928672282  0.9995711746  -0.0292825364
17  21  -2.36437496e-18  -0.009947632886  0.9999505227  -0.009947468825
17  22  7.301489949e-17  0.001320679364  0.9999991279  0.00132067898
17  23  -3.160755744e-16  0.01168703078  0.9999317074  0.01168676473
17  24  -2.076632449e-16  0.02351929883  0.999723434  0.02351713058
17  25  4.019424357e-17  0.03062791399  0.9995310021  0.0306231257
17  26  2.112558117e-16  0.03229438464  0.9994785817  0.03228877148
17  27  -1.060296394e-16  0.03213076624  0.9994838513  0.03212523797
17  28  -2.75966448e-16  0.02812938683  0.9996043949  0.02812567736
17  29  1.651711684e-17  0.01720002243  0.9998520833  0.01719917437
17  30  -3.542947844e-17  0.0057098291  0.999983699  0.005709798074
17  31  8.513610268e-17  -0.003767372213  0.9999929035  -0.003767363301
17  32  -4.512727879e-17  -0.01881154536  0.9998230681  -0.01881043589
17  33  -2.248488329e-17  -0.04001502378  0.9991995058  -0.04000434595
17  34  1.380097076e-17  -0.04234020536  0.9991037874  -0.042327556
17  35  -7.415234508e-17  -0.03438964416  0.9994087345  -0.03438286609
17  36  -7.415234508e-17  -0.03438964416  0.9994087345  -0.03438286609

18  0  8.814348954e-17  -0.03438964416  0.9994087345  -0.03438286609
18  1  -3.644015485e-18  -0.04234020536  0.9991037874  -0.042327556
18  2  -4.45919063e-17  -0.04001502378  0.9991995058  -0.04000434595
18  3  -3.115144752e-16  -0.01881154536  0.9998230681  -0.01881043589
18  4  4.548296629e-17  -0.003767372213  0.9999929035  -0.003767363301
18  5  1.634797528e-16  0.0057098291  0.999983699  0.005709798074
18  6  -1.122185935e-16  0.01720002243  0.9998520833  0.01719917437
18  7  2.415781734e-16  0.02812938683  0.9996043949  0.02812567736
18  8  -1.466529038e-16  0.03213076624  0.9994838513  0.03212523797
18  9  -3.771547557e-17  0.03229438464  0.9994785817  0.03228877148
18  10  -1.290485491e-16  0.03062791399  0.9995310021  0.0306231257
18  11  3.256990126e-16  0.02351929883  0.999723434  0.02351713058
18  12  -7.842141573e-18  0.01168703078  0.9999317074  0.01168676473
18  13  1.337908879e-16  0.001320679364  0.9999991279  0.00132067898
18  14  6.006498706e-17  -0.009947632887  0.9999505227  -0.009947468825
18  15  -3.414536662e-16  -0.02928672282  0.9995711746  -0.0292825364
18  16  1.019658089e-16  -0.04399527287  0.9990323641  -0.04398108149
18  17  -2.354718232e-16  -0.03929287546  0.9992281343  -0.03928276533
18  18  6.011903643e-17  -0.03378894369  0.999429208  -0.03378251463
18  19  1.816469033e-16  -0.03601024033  0.9993517014  -0.0360024582
18  20  -2.460883887e-16  -0.03946838888  0.9992212242  -0.03945814268
18  21  -2.590903896e-16  -0.02903882243  0.999578403  -0.02903474142
18  22  -8.108840921e-17  -0.01153563038  0.9999334654  -0.01153537454
18  23  -8.523008804e-17  -0.0002313987875  0.9999999732  -0.0002313987854
18  24  -1.327584132e-16  0.008154197243  0.9999667547  0.00815410688
18  25  1.564168526e-16  0.01697385579  0.9998559476  0.01697304074
18  26  -2.38539528e-17  0.02362000781  0.9997210606  0.02361781159
18  27  -2.112631693e-16  0.02494941486  0.9996887795  0.02494682655
18  28  -3.974690431e-17  0.02032220127  0.9997935112  0.02032080248
18  29  8.094376666e-17  0.01182430274  0.9999300937  0.0118240272
18  30  -2.633118521e-17  0.003509945277  0.9999938401  0.00350993807
18  31  4.508423587e-17  -0.005224000054  0.9999863549  -0.005223976294
18  32  -1.733829133e-17  -0.02031735233  0.9997936097  -0.02031595455
18  33  -4.082051171e-17  -0.03735894985  0.9993022356  -0.03735026019
18  34  1.289543252e-16  -0.03780221116  0.9992855815  -0.03779320853
18  35  -2.142600356e-16  -0.03285671053  0.9994602668  -0.03285079903
18  36  -2.142600356e-16  -0.03285671053  0.9994602668  -0.03285079903

19  0  1.254458508e-17  -0.03010132657  0.9995469893  -0.03009678102
19  1  1.213260964e-17  -0.04059050387  0.9991763186  -0.04057935871
19  2  3.138117919e-16  -0.04028358086  0.9991887263  -0.0402726866
19  3  1.544271637e-16  -0.01815320363  0.9998352351  -0.01815220662
19  4  3.262284828e-16  -0.002967752996  0.9999955962  -0.002967748639
19  5  -4.928808572e-17  0.007530660335  0.9999716447  0.007530589157
19  6  -6.304750248e-17  0.02133326133  0.9997724546  0.02133164321
19  7  2.427647701e-17  0.02991599895  0.9995525499  0.02991153684
19  8  -1.889375585e-16  0.02779819884  0.999613655  0.02779461885
19  9  1.620594783e-17  0.02504442891  0.9996864047  0.02504181092
19  10  1.99277145e-16  0.02601716002  0.9996615728  0.02601422498
19  11  5.614970425e-17  0.02918821803  0.9995740542  0.02918407371
19  12  -1.787964208e-16  0.02680444694  0.9996407823  0.02680123731
19  13  7.099898484e-17  0.01452140287  0.9998945663  0.01452089251
19  14  7.294888494e-17  0.002370262645  0.9999971909  0.002370260426
19  15  2.815770382e-16  -0.00918223998  0.9999578435  -0.00918211095
19  16  9.121763626e-17  -0.0293090868  0.9995705195  -0.02930489079
19  17  -3.252749471e-16  -0.04399527287  0.9990323641  -0.04398108149
19  18  -2.126957634e-17  -0.03601024033  0.9993517014  -0.0360024582
19  19  2.23595481e-16  -0.02827817577  0.999600199  -0.02827440712
19  20  -7.361765069e-17  -0.02832072861  0.999598995  -0.02831694293
19  21  -3.617295456e-17  -0.03201070087  0.9994877013  -0.03200523433
19  22  -1.131412457e-16  -0.0280683532  0.9996061096  -0.02806466781
19  23  -1.425124014e-16  -0.01402675265  0.9999016267  -0.0140262927
19  24  -8.318070064e-17  -0.002196876715  0.9999975869  -0.002196874948
19  25  3.114442067e-16  0.005005160551  0.9999874742  0.005005139653
19  26  5.190215207e-17  0.01026274947  0.9999473384  0.01026256932
19  27  -5.019348747e-17  0.01298088017  0.9999157496  0.01298051562
19  28  6.02754926e-17  0.01169673768  0.9999315939  0.01169647097
19  29  1.18448409e-16  0.007292668326  0.9999734086  0.007292603685
19  30  -1.986652046e-16  0.001409476998  0.9999990067  0.001409476531
19  31  -7.942686129e-17  -0.007502889504  0.9999718535  -0.00750281911
19  32  3.015103877e-16  -0.02233640294  0.9997505529  -0.02233454566
19  33  -1.112176559e-16  -0.03231314263  0.9994779758  -0.03230751969
19  34  -1.018218952e-16  -0.02943484797  0.9995668261  -0.02943059771
19  35  2.449025656e-17  -0.02658857873  0.9996465446  -0.02658544603
19  36  2.449025656e-17  -0.02658857873  0.9996465446  -0.02658544603

20  0  -1.482300924e-16  -0.0228720925  0.9997384451  -0.02287009836
20  1  1.529744888e-16  -0.03362544727  0.9994347179  -0.03361911108
20  2  -8.192016878e-17  -0.03827643251  0.9992675468  -0.03826708682
20  3  -1.681574318e-16  -0.01839939673  0.9998307359  -0.0183983586
20  4  1.453692222e-16  -0.002812032047  0.9999960462  -0.002812028341
20  5  8.258825432e-17  0.008462010974  0.9999641974  0.008461909986
20  6  2.566418939e-16  0.02331686282  0.9997281743  0.02331475008
20  7  -1.388516422e-16  0.02814769321  0.9996038798  0.02814397648
20  8  1.93212841e-16  0.02147718528  0.9997693741  0.02147553419
20  9  -6.355302065e-17  0.01655925467  0.9998628987  0.0165584979
20  10  1.16998717e-16  0.01568702767  0.9998769611  0.01568638429
20  11  -7.023243872e-17  0.01868870528  0.9998253712  0.01868761741
20  12  -6.350984588e-17  0.02516886917  0.9996832807  0.02516621196
20  13  -1.338697639e-17  0.02748208976  0.9996223911  0.02747863051
20  14  5.792227918e-17  0.0160002766  0.9998719983  0.01599959391
20  15  8.788173345e-17  0.002745636243  0.9999962307  0.002745632794
20  16  2.127448594e-16  -0.00918223998  0.9999578435  -0.00918211095
20  17  3.013648032e-16  -0.02928672282  0.9995711746  -0.0292825364
20  18  8.565810631e-18  -0.03946838888  0.9992212242  -0.03945814268
20  19  2.005190062e-16  -0.02832072861  0.999598995  -0.02831694293
20  20  -5.559549093e-17  -0.0208452033  0.9997827466  -0.02084369372
20  21  -6.244069836e-17  -0.02018972168  0.9997961945  -0.02018835007
20  22  -2.516769982e-16  -0.02384925255  0.9997156201  -0.02384699176
20  23  2.001477522e-16  -0.02574017742  0.9996687399  -0.02573733513
20  24  1.759568516e-16  -0.01733265772  0.9998497932  -0.01733178989
20  25  3.326919076e-16  -0.004821213607  0.999988378  -0.004821194929
20  26  -1.202959228e-16  0.002982670688  0.9999955518  0.002982666266
20  27  -2.627440425e-16  0.006558090575  0.9999784958  0.006558043566
20  28  1.137134678e-16  0.007120078263  0.9999746523  0.007120018104
20  29  -1.233814827e-16  0.004899786852  0.9999879961  0.004899767246
20  30  1.375798414e-17  -0.0004209186361  0.9999999114  -0.0004209186237
20  31  -5.317350719e-17  -0.01105325362  0.9999389134  -0.01105302855
20  32  -3.164480981e-16  -0.02387144765  0.9997150905  -0.02386918054
20  33  -1.309118899e-17  -0.02553164589  0.9996740852  -0.02552887211
20  34  -1.5879793e-17  -0.02090382306  0.999781523  -0.02090230071
20  35  -1.092917565e-17  -0.0192800616  0.9998141454  -0.01927886716
20  36  -1.092917565e-17  -0.0192800616  0.9998141454  -0.01927886716

21  0  3.269837687e-16  -0.01614389434  0.9998696902  -0.0161431931
21  1  1.8697595e-16  -0.02489587194  0.9996901138  -0.02489330025
21  2  4.841586753e-17  -0.03409186113  0.9994189288  -0.03408525761
21  3  -2.997446272e-17  -0.01948112763  0.9998102488  -0.01947989543
21  4  4.165419574e-17  -0.003320997268  0.9999944855  -0.003320991164
21  5  3.1794286e-16  0.008242358324  0.999966032  0.008242264998
21  6  3.010723413e-17  0.02362113787  0.9997210339  0.02361894133
21  7  -2.275101764e-16  0.02675296789  0.9996421607  0.02674977672
21  8  2.595888722e-16  0.01795272581  0.9998388541  0.01795176146
21  9  3.873316134e-17  0.01212614996  0.9999264791  0.01212585278
21  10  -1.167314235e-16  0.01008695092  0.9999491271  0.01008677986
21  11  -3.14206263e-16  0.01081152146  0.9999415561  0.01081131084
21  12  -8.408876581e-17  0.01471040113  0.999891804  0.01470987059
21  13  -9.293997512e-17  0.02270413342  0.9997422722  0.02270218289
21  14  -1.472218686e-16  0.02745118242  0.99962324  0.02744773484
21  15  1.251033732e-16  0.0160002766  0.9998719983  0.01599959391
21  16  -4.288578395e-16  0.002370262645  0.9999971909  0.002370260426
21  17  -1.344423408e-17  -0.009947632886  0.9999505227  -0.009947468825
21  18  8.795319304e-17  -0.02903882243  0.999578403  -0.02903474142
21  19  -1.607459079e-16  -0.03201070087  0.9994877013  -0.03200523433
21  20  3.090463008e-16  -0.02018972168  0.9997961945  -0.02018835007
21  21  1.246910384e-16  -0.01457286878  0.9998938176  -0.01457235299
21  22  1.337811361e-16  -0.01393436044  0.9999029184  -0.01393390952
21  23  3.04280391e-16  -0.01677091279  0.9998593715  -0.01677012663
21  24  -4.690614712e-17  -0.02164388684  0.9997657802  -0.021642197
21  25  1.695046206e-16  -0.02062969249  0.9997872154  -0.02062822924
21  26  -2.737164878e-16  -0.008897331187  0.999960419  -0.008897213798
21  27  -1.240912749e-16  0.002840753567  0.9999959651  0.002840749747
21  28  -7.004532348e-17  0.007406333269  0.9999725732  0.007406265558
21  29  -1.563678546e-16  0.006072443227  0.9999815628  0.006072405907
21  30  -2.129742203e-16  -0.001898847244  0.9999981972  -0.001898846103
21  31  -1.589345426e-16  -0.01637575247  0.9998659204  -0.01637502058
21  32  -3.699289665e-16  -0.02305100359  0.9997343374  -0.0230489623
21  33  2.434069813e-16  -0.01849961124  0.9998288871  -0.01849855605
21  34  4.275790613e-17  -0.01435820295  0.9998969228  -0.01435770961
21  35  2.556181053e-17  -0.01346353906  0.9999093679  -0.01346313231
21  36  2.556181053e-17  -0.01346353906  0.9999093679  -0.01346313231

22  0  1.142457682e-17  -0.01131636517  0.9999359706  -0.01131612364
22  1  -2.466621523e-16  -0.01732881711  0.9998498598  -0.01732794985
22  2  -2.560488017e-16  -0.02814374319  0.999603991  -0.02814002803
22  3  1.360148802e-16  -0.0211256016  0.9997768628  -0.02112403028
22  4  -1.211788789e-16  -0.004519145008  0.9999897887  -0.004519129626
22  5  -2.038995527e-16  0.006927451999  0.9999760053  0.006927396591
22  6  -1.29176214e-16  0.02254968708  0.9997457666  0.02254777609
22  7  2.860725862e-16  0.02708815027  0.9996331385  0.02708483765
22  8  -1.751752394e-17  0.01730102568  0.999850341  0.01730016259
22  9  -9.609332121e-17  0.01055508476  0.9999442956  0.01055488877
22  10  -3.053666408e-16  0.007762716533  0.9999698703  0.00776263857
22  11  -3.418877932e-16  0.007301087818  0.9999733472  0.007301022953
22  12  3.178432253e-16  0.008881657481  0.9999605583  0.008881540712
22  13  -6.527279866e-17  0.01352256308  0.9999085715  0.01352215096
22  14  -9.687534131e-17  0.02270413342  0.9997422722  0.02270218289
22  15  2.786633668e-16  0.02748208976  0.9996223911  0.02747863051
22  16  1.492909033e-16  0.01452140287  0.9998945663  0.01452089251
22  17  -2.496685711e-16  0.001320679364  0.9999991279  0.00132067898
22  18  -5.854254574e-17  -0.01153563038  0.9999334654  -0.01153537454
22  19  -1.270062861e-16  -0.0280683532  0.9996061096  -0.02806466781
22  20  1.830402819e-16  -0.02384925255  0.9997156201  -0.02384699176
22  21  1.381804235e-16  -0.01393436044  0.9999029184  -0.01393390952
22  22  -1.152186003e-16  -0.01027852101  0.9999471765  -0.01027834003
22  23  1.179991732e-16  -0.009782891054  0.9999521479  -0.009782735009
22  24  2.089958072e-17  -0.01150748044  0.9999337897  -0.01150722646
22  25  3.224966823e-16  -0.01604725691  0.9998712455  -0.01604656819
22  26  3.080596229e-17  -0.02132860808  0.9997725539  -0.02132699102
22  27  -1.393620531e-16  -0.01480650542  0.9998903857  -0.01480596442
22  28  -7.794019766e-17  0.01601045858  0.9998718353  0.01600977458
22  29  -2.369111928e-17  0.04301520482  0.9990749887  0.04300194082
22  30  1.155669798e-16  0.003362189816  0.9999943478  0.003362183482
22  31  2.044608852e-16  -0.02139589273  0.9997711166  -0.02139426031
22  32  -2.692397767e-16  -0.01832014526  0.9998321908  -0.01831912048
22  33  1.791645808e-16  -0.01262563084  0.9999202978  -0.01262529541
22  34  3.205861465e-17  -0.009997403382  0.9999500264  -0.009997236846
22  35  -1.527578564e-16  -0.00956454072  0.9999542601  -0.009564394893
22  36  -1.527578564e-16  -0.00956454072  0.9999542601  -0.009564394893

23  0  -7.4622081e-17  -0.008162859657  0.999966684  -0.008162769005
23  1  -2.734077739e-16  -0.011958558  0.9999284973  -0.01195827298
23  2  -7.520827504e-17  -0.02142392029  0.9997705166  -0.02142228146
23  3  -4.67400063e-17  -0.02262032446  0.9997441714  -0.02261839546
23  4  8.455170397e-17  -0.006504320989  0.999978847  -0.006504275127
23  5  8.967242116e-17  0.004862605994  0.9999881776  0.004862586831
23  6  -1.878729761e-17  0.01971651214  0.9998056359  0.01971523473
23  7  2.666999593e-16  0.02868647613  0.9995885713  0.02868254187
23  8  1.804167955e-16  0.01935791862  0.9998126413  0.01935670965
23  9  -1.067609514e-16  0.01109122268  0.999938493  0.01109099529
23  10  -1.520717875e-16  0.007363952498  0.9999728862  0.007363885943
23  11  -4.852006806e-17  0.006110568274  0.9999813305  0.006110530247
23  12  1.30604497e-17  0.006525407346  0.9999787096  0.006525361036
23  13  6.302124566e-17  0.008881657481  0.9999605583  0.008881540712
23  14  1.392409004e-16  0.01471040113  0.999891804  0.01470987059
23  15  2.307979224e-17  0.02516886917  0.9996832807  0.02516621196
23  16  -3.180212401e-16  0.02680444694  0.9996407823  0.02680123731
23  17  -1.860831419e-16  0.01168703078  0.9999317074  0.01168676473
23  18  1.461786712e-16  -0.0002313987875  0.9999999732  -0.0002313987855
23  19  2.287969919e-17  -0.01402675265  0.9999016267  -0.0140262927
23  20  3.240321944e-18  -0.02574017742  0.9996687399  -0.02573733513
23  21  -1.633159083e-16  -0.01677091279  0.9998593715  -0.01677012663
23  22  -2.786756966e-16  -0.009782891054  0.9999521479  -0.00978273501
23  23  -3.069028955e-17  -0.007475158884  0.9999720611  -0.007475089268
23  24  2.937951408e-17  -0.007021042029  0.9999753526  -0.007020984345
23  25  -4.466227078e-17  -0.007748159867  0.9999699832  -0.007748082342
23  26  -9.049399772e-17  -0.009950613137  0.9999504931  -0.009950448929
23  27  2.481474058e-16  -0.01449417784  0.9998949612  -0.01449367036
23  28  -5.632457694e-17  -0.004366207344  0.9999904681  -0.004366193471
23  29  -5.716075318e-17  2.49954976  -0.8008740784  0.5988327902
23  30  1.265225115e-16  0.2076872925  0.9785104055  0.2061974449
23  31  2.040396403e-16  -0.01371592511  0.9999059382  -0.01371549506
23  32  -2.40645646e-16  -0.01079595335  0.9999417243  -0.01079574364
23  33  -5.274215584e-17  -0.008176457051  0.999966573  -0.008176365945
23  34  -3.316227765e-16  -0.007063438722  0.999975054  -0.007063379988
23  35  -1.130244438e-17  -0.00698795232  0.9999755844  -0.006987895448
23  36  -1.130244438e-17  -0.00698795232  0.9999755844  -0.006987895448

24  0  -1.638732771e-17  -0.005958143271  0.9999822503  -0.005958108019
24  1  -1.266801202e-16  -0.008410461694  0.9999646323  -0.008410362541
24  2  -1.48345464e-16  -0.01519733351  0.9998845227  -0.01519674852
24  3  -2.297897297e-16  -0.02269946612  0.9997423782  -0.02269751679
24  4  -7.717517318e-17  -0.009557671394  0.9999543258  -0.009557525881
24  5  1.135726203e-16  0.002543035864  0.9999967665  0.002543033123
24  6  -4.352314198e-17  0.01501984962  0.9998872042  0.01501928489
24  7  7.64486755e-17  0.02914734055  0.9995752463  0.02914321362
24  8  -2.293885753e-17  0.02426701132  0.9997055705  0.02426462964
24  9  -7.65797493e-17  0.01398518746  0.9999022089  0.01398473158
24  10  6.848987964e-17  0.008657653233  0.9999625228  0.008657545078
24  11  1.337581428e-16  0.006487484712  0.9999789563  0.006487439205
24  12  -6.520960542e-17  0.006110568274  0.9999813305  0.006110530247
24  13  1.308340994e-16  0.007301087818  0.9999733472  0.007301022953
24  14  2.000225736e-16  0.01081152146  0.9999415561  0.01081131084
24  15  2.641150302e-16  0.01868870528  0.9998253712  0.01868761741
24  16  5.969612897e-18  0.02918821803  0.9995740542  0.02918407371
24  17  4.709274066e-17  0.02351929883  0.999723434  0.02351713058
24  18  1.118363657e-16  0.008154197243  0.9999667547  0.00815410688
24  19  1.075219467e-16  -0.002196876715  0.9999975869  -0.002196874948
24  20  1.486644303e-16  -0.01733265772  0.9998497932  -0.01733178989
24  21  -2.276402526e-16  -0.02164388684  0.9997657802  -0.021642197
24  22  -1.493326238e-16  -0.01150748044  0.9999337897  -0.01150722646
24  23  -2.865642929e-16  -0.007021042028  0.9999753526  -0.007020984345
24  24  -4.205074308e-17  -0.005415540787  0.999985336  -0.005415514316
24  25  -3.530259314e-16  -0.004835184185  0.9999883105  -0.004835165345
24  26  8.793484558e-17  -0.004655220768  0.9999891645  -0.004655203954
24  27  3.732743726e-16  -0.004106354034  0.9999915689  -0.004106342494
24  28  1.122757774e-16  0.0001619091114  0.9999999869  0.0001619091107
24  29  -1.404838802e-16  0.03992159642  0.9992032389  0.0399109932
24  30  2.193512039e-16  0.05702670941  0.9983744178  0.05699580553
24  31  -7.382291644e-17  0.006233393409  0.9999805725  0.006233353042
24  32  -3.639682529e-17  -0.002955880644  0.9999956314  -0.00295587634
24  33  8.522633478e-17  -0.004410080411  0.9999902756  -0.004410066116
24  34  -9.537416818e-17  -0.004675381143  0.9999890704  -0.00467536411
24  35  2.391100795e-16  -0.005000478955  0.9999874976  -0.005000458115
24  36  2.391100795e-16  -0.005000478955  0.9999874976  -0.005000458115

25  0  1.312020088e-16  -0.004025569621  0.9999918974  -0.004025558749
25  1  1.469800472e-16  -0.005835245196  0.999982975  -0.005835212081
25  2  3.264197028e-17  -0.01021333324  0.9999478444  -0.01021315568
25  3  2.295407013e-16  -0.02002607634  0.9997994848  -0.02002473781
25  4  -2.642764431e-17  -0.0139987509  0.9999020191  -0.0139982937
25  5  -2.209353738e-16  0.0002807223273  0.9999999606  0.0002807223236
25  6  1.33789353e-16  0.00980882491  0.9999518939  0.009808667621
25  7  -2.106540591e-17  0.02477949068  0.9996930041  0.02477695489
25  8  -2.095425382e-16  0.03025584852  0.9995423267  0.03025123261
25  9  1.924098593e-16  0.02035652189  0.9997928132  0.020355116
25  10  3.557301167e-16  0.01238838991  0.9999232649  0.01238807304
25  11  1.081726063e-17  0.008657653233  0.9999625228  0.008657545078
25  12  1.223573325e-17  0.007363952498  0.9999728862  0.007363885943
25  13  1.507158939e-16  0.007762716533  0.9999698703  0.00776263857
25  14  -2.24706129e-16  0.01008695092  0.9999491271  0.01008677986
25  15  -3.559023077e-16  0.01568702767  0.9998769611  0.01568638429
25  16  3.743202252e-17  0.02601716002  0.9996615728  0.02601422498
25  17  1.632861762e-16  0.03062791399  0.9995310021  0.0306231257
25  18  2.902082631e-16  0.01697385579  0.9998559476  0.01697304074
25  19  -1.986048061e-16  0.005005160551  0.9999874742  0.005005139653
25  20  1.962005663e-16  -0.004821213607  0.999988378  -0.004821194929
25  21  1.173696154e-16  -0.02062969249  0.9997872154  -0.02062822924
25  22  2.911163331e-17  -0.01604725692  0.9998712455  -0.01604656819
25  23  -1.112266877e-18  -0.007748159867  0.9999699832  -0.007748082342
25  24  -8.29075511e-18  -0.004835184185  0.9999883105  -0.004835165345
25  25  -3.513458221e-16  -0.00346572212  0.9999939944  -0.003465715182
25  26  -2.232625956e-16  -0.002543552967  0.9999967652  -0.002543550225
25  27  -3.175456922e-17  -0.001298132984  0.9999991574  -0.001298132619
25  28  -1.422459168e-16  0.001933879452  0.9999981301  0.001933878246
25  29  -3.394789739e-16  0.0112379505  0.9999368549  0.01123771396
25  30  -1.537393597e-16  0.02436390504  0.9997032147  0.02436149471
25  31  -1.033544674e-16  0.01676715942  0.9998594345  0.01676637378
25  32  -2.598358596e-16  0.004787013757  0.9999885423  0.004786995475
25  33  2.328519723e-16  -0.0002260471228  0.9999999745  -0.0002260471209
25  34  2.10513517e-16  -0.002055087554  0.9999978883  -0.002055086108
25  35  6.41074474e-18  -0.002987540881  0.9999955373  -0.002987536437
25  36  6.41074474e-18  -0.002987540881  0.9999955373  -0.002987536437

26  0  2.014812673e-16  -0.001759245247  0.9999984525  -0.001759244339
26  1  -9.310545758e-18  -0.003421778664  0.9999941457  -0.003421771987
26  2  -2.376122582e-16  -0.006243382004  0.9999805102  -0.006243341443
26  3  4.37128476e-17  -0.01426037767  0.9998983225  -0.01425989435
26  4  2.93553047e-17  -0.01878059914  0.9998236497  -0.01877949514
26  5  -6.739942754e-17  -0.002120034647  0.9999977527  -0.002120033059
26  6  -1.867427201e-16  0.005971819427  0.9999821687  0.005971783931
26  7  -6.809864631e-17  0.01612725153  0.9998699587  0.01612655245
26  8  2.076122911e-16  0.02958014947  0.9995625393  0.02957583596
26  9  1.600974713e-16  0.02944673581  0.9995664762  0.0294424804
26  10  -2.6207177e-17  0.02035652189  0.9997928132  0.020355116
26  11  -1.242912972e-17  0.01398518746  0.9999022089  0.01398473158
26  12  3.996343865e-16  0.01109122268  0.999938493  0.01109099529
26  13  -5.261838484e-17  0.01055508476  0.9999442956  0.01055488877
26  14  9.288401453e-17  0.01212614996  0.9999264791  0.01212585278
26  15  -4.674053642e-16  0.01655925467  0.9998628987  0.0165584979
26  16  -2.243747722e-16  0.02504442891  0.9996864047  0.02504181092
26  17  5.987053378e-17  0.03229438463  0.9994785817  0.03228877148
26  18  1.068934475e-16  0.02362000781  0.9997210606  0.02361781159
26  19  1.751382507e-17  0.01026274947  0.9999473384  0.01026256932
26  20  1.159868209e-16  0.002982670688  0.9999955518  0.002982666266
26  21  -2.853283404e-16  -0.008897331187  0.999960419  -0.008897213798
26  22  -3.900964676e-16  -0.02132860808  0.9997725539  -0.02132699102
26  23  -1.087064469e-16  -0.009950613137  0.9999504931  -0.009950448929
26  24  2.190962639e-17  -0.004655220768  0.9999891645  -0.004655203954
26  25  5.138363715e-17  -0.002543552967  0.9999967652  -0.002543550224
26  26  -8.415033922e-17  -0.001009130851  0.9999994908  -0.001009130679
26  27  -8.070308917e-17  0.0008102724749  0.9999996717  0.0008102723863
26  28  1.823352061e-16  0.00418566148  0.9999912401  0.004185649258
26  29  -4.633671858e-17  0.01107591122  0.9999386627  0.01107568476
26  30  -2.714727936e-16  0.02148430507  0.9997692212  0.02148265234
26  31  -4.459797527e-18  0.02470946725  0.9996947366  0.0247069529
26  32  -4.290258515e-16  0.01582750089  0.9998747477  0.01582684007
26  33  -2.554377267e-16  0.007162029556  0.9999743528  0.007161968327
26  34  -2.734627815e-16  0.002279192725  0.9999974026  0.002279190751
26  35  5.963826891e-17  -0.000174271092  0.9999999848  -0.0001742710911
26  36  5.963826891e-17  -0.000174271092  0.9999999848  -0.0001742710911

27  0  1.868118505e-16  0.002449906335  0.999996999  0.002449903884
27  1  2.527818116e-17  -0.0002862362672  0.999999959  -0.0002862362633
27  2  -8.614030382e-17  -0.002419683737  0.9999970726  -0.002419681376
27  3  -1.307212553e-16  -0.006784995843  0.999976982  -0.006784943783
27  4  6.339009405e-17  -0.01802588681  0.9998375381  -0.01802491063
27  5  -9.962474858e-17  -0.005192727895  0.9999865178  -0.005192704558
27  6  -2.332332057e-17  0.004536682328  0.9999897093  0.004536666766
27  7  1.033104323e-16  0.009064111357  0.9999589212  0.009063987242
27  8  3.849545677e-16  0.01874080107  0.9998243963  0.01873970407
27  9  7.79903363e-17  0.02958014947  0.9995625393  0.02957583596
27  10  -2.063700857e-16  0.03025584852  0.9995423267  0.03025123261
27  11  -7.464141984e-17  0.02426701132  0.9997055705  0.02426462964
27  12  -1.762787579e-16  0.01935791862  0.9998126413  0.01935670965
27  13  -2.398589796e-16  0.01730102568  0.999850341  0.01730016259
27  14  9.791969302e-17  0.01795272581  0.9998388541  0.01795176146
27  15  -5.493557587e-17  0.02147718528  0.9997693741  0.02147553419
27  16  3.601065119e-17  0.02779819884  0.999613655  0.02779461885
27  17  -1.812154845e-16  0.03213076624  0.9994838513  0.03212523797
27  18  3.378540582e-17  0.02494941486  0.9996887795  0.02494682655
27  19  -1.662942598e-16  0.01298088017  0.9999157496  0.01298051562
27  20  -6.513621368e-17  0.006558090575  0.9999784958  0.006558043566
27  21  1.159757025e-16  0.002840753567  0.9999959651  0.002840749746
27  22  3.3044968e-17  -0.01480650542  0.9998903857  -0.01480596442
27  23  1.55211913e-16  -0.01449417784  0.9998949612  -0.01449367036
27  24  -6.205597299e-18  -0.004106354034  0.9999915689  -0.004106342494
27  25  5.678015502e-17  -0.001298132984  0.9999991574  -0.001298132619
27  26  1.01627662e-16  0.0008102724749  0.9999996717  0.0008102723862
27  27  -1.985261328e-16  0.004239224002  0.9999910145  0.004239211305
27  28  1.987441307e-17  0.01257844593  0.9999208924  0.01257811424
27  29  1.171654346e-17  0.0313773308  0.9995077719  0.03137218237
27  30  -1.896756995e-16  0.05431849777  0.9985251131  0.05429179059
27  31  -1.781175905e-16  0.06589972308  0.997829399  0.06585203551
27  32  3.801590433e-16  0.06229757802  0.9980601334  0.06225728981
27  33  -1.48145359e-17  0.04646770543  0.9989205704  0.04645098468
27  34  -2.548653724e-16  0.02389165768  0.9997146079  0.02388938481
27  35  1.304390971e-16  0.008609382254  0.9999629395  0.008609275897
27  36  1.304390971e-16  0.008609382254  0.9999629395  0.008609275897

28  0  -6.411140937e-17  0.03288524961  0.9994593289  0.03287932269
28  1  -1.956396264e-16  0.00788789026  0.9999688908  0.007887808464
28  2  -2.042182865e-16  0.002692318349  0.9999963757  0.002692315096
28  3  -1.088759819e-16  0.0008907162272  0.9999996033  0.0008907161094
28  4  -4.4938335e-18  -0.002888953349  0.999995827  -0.002888949331
28  5  -3.57238334e-17  0.00949252619  0.9999549463  0.009492383632
28  6  1.671664482e-16  0.01068723053  0.9999428921  0.01068702708
28  7  1.298770433e-17  0.006432560058  0.9999793112  0.006432515697
28  8  2.080051283e-16  0.009064111357  0.9999589212  0.009063987242
28  9  -1.955979867e-16  0.01612725153  0.9998699587  0.01612655245
28  10  -2.233740375e-16  0.02477949068  0.9996930041  0.02477695489
28  11  2.970575614e-18  0.02914734055  0.9995752463  0.02914321362
28  12  -5.373047582e-17  0.02868647613  0.9995885713  0.02868254187
28  13  -1.418256629e-16  0.02708815027  0.9996331385  0.02708483765
28  14  6.156848037e-16  0.02675296789  0.9996421607  0.02674977672
28  15  9.228625264e-17  0.0281476932  0.9996038798  0.02814397648
28  16  -7.327342389e-17  0.02991599895  0.9995525499  0.02991153684
28  17  1.501868788e-16  0.02812938683  0.9996043949  0.02812567736
28  18  5.936621982e-17  0.02032220127  0.9997935112  0.02032080248
28  19  5.896397008e-17  0.01169673768  0.9999315939  0.01169647097
28  20  -9.976575417e-17  0.007120078263  0.9999746523  0.007120018104
28  21  2.8610922e-16  0.007406333269  0.9999725732  0.007406265558
28  22  2.329480508e-16  0.01601045858  0.9998718353  0.01600977458
28  23  -1.175410208e-16  -0.004366207345  0.9999904681  -0.004366193473
28  24  -3.489676922e-16  0.0001619091113  0.9999999869  0.0001619091106
28  25  1.819772626e-16  0.001933879452  0.9999981301  0.001933878246
28  26  3.287294275e-17  0.00418566148  0.9999912401  0.004185649258
28  27  3.331899697e-16  0.01257844593  0.9999208924  0.01257811424
28  28  1.247690187e-16  0.05279095871  0.9986068809  0.05276644174
28  29  1.054441394e-16  0.1580003131  0.9875438959  0.1573437439
28  30  -9.101137872e-17  0.1711855252  0.9853835044  0.1703506654
28  31  -2.336607197e-16  0.1302796809  0.9915255987  0.1299114584
28  32  3.712753342e-16  0.1223966884  0.9925188719  0.1220913142
28  33  2.162187208e-17  0.1410199888  0.9900731487  0.1405530511
28  34  -2.285446048e-16  0.1665274302  0.9861663208  0.1657588239
28  35  1.69526408e-16  0.1167518216  0.9931922444  0.1164867619
28  36  1.69526408e-16  0.1167518216  0.9931922444  0.1164867619

29  0  -7.317506318e-17  0.2036564517  0.9793336031  0.2022515609
29  1  -2.738585951e-16  0.08544695288  0.9963516297  0.08534301354
29  2  -6.033100765e-17  0.01834993146  0.9998316447  0.01834890168
29  3  3.781692367e-16  0.009459334316  0.9999552608  0.009459193248
29  4  1.424555182e-16  0.01341313727  0.9999100452  0.01341273507
29  5  -1.89338385e-16  0.2428527495  0.9706559173  0.2404726394
29  6  1.319970962e-16  2.32835974  -0.687153276  0.7265124742
29  7  1.27229153e-16  0.01068723053  0.9999428921  0.01068702708
29  8  4.352212921e-16  0.004536682328  0.9999897093  0.004536666766
29  9  -6.393215014e-17  0.005971819426  0.9999821687  0.005971783931
29  10  -2.219818083e-17  0.00980882491  0.9999518939  0.009808667621
29  11  -2.500455642e-16  0.01501984962  0.9998872042  0.01501928489
29  12  6.796441224e-18  0.01971651214  0.9998056359  0.01971523473
29  13  -3.078578175e-16  0.02254968708  0.9997457666  0.02254777609
29  14  3.467509242e-16  0.02362113787  0.9997210339  0.02361894133
29  15  4.158505321e-16  0.02331686282  0.9997281743  0.02331475008
29  16  3.186012049e-16  0.02133326133  0.9997724546  0.02133164321
29  17  -5.085911987e-17  0.01720002243  0.9998520833  0.01719917437
29  18  2.37761093e-16  0.01182430274  0.9999300937  0.0118240272
29  19  1.953412621e-17  0.007292668326  0.9999734086  0.007292603685
29  20  -2.037406874e-16  0.004899786852  0.9999879961  0.004899767246
29  21  4.625436367e-18  0.006072443227  0.9999815628  0.006072405907
29  22  1.433188173e-16  0.04301520482  0.9990749887  0.04300194082
29  23  -2.182760124e-16  2.49954976  -0.8008740784  0.5988327902
29  24  -2.831070261e-16  0.03992159642  0.9992032389  0.0399109932
29  25  1.700585614e-16  0.0112379505  0.9999368549  0.01123771396
29  26  1.407189261e-16  0.01107591122  0.9999386627  0.01107568476
29  27  -1.323159415e-16  0.0313773308  0.9995077719  0.03137218237
29  28  2.060090089e-16  0.1580003131  0.9875438959  0.1573437439
29  29  1.961702066e-16  0.226600219  0.9744358401  0.2246659599
29  30  -1.416663801e-16  0.09471262467  0.9955181113  0.0945710852
29  31  -1.632222839e-16  0.04931530499  0.9987842468  0.04929531829
29  32  -2.114954535e-16  0.05396830693  0.9985440644  0.05394211292
29  33  3.876480561e-17  0.0539846242  0.998543184  0.05395840643
29  34  -2.834839464e-16  0.07096105535  0.9974833206  0.07090151661
29  35  -2.292530013e-16  0.159407608  0.987321489  0.1587333532
29  36  -2.292530013e-16  0.159407608  0.987321489  0.1587333532

30  0  1.929278863e-16  0.05685232077  0.9983843421  0.0568216995
30  1  4.00489206e-17  0.1474885854  0.9891432605  0.1469544497
30  2  6.715107116e-17  0.1051954225  0.9944720621  0.1050015131
30  3  1.128375168e-16  0.03095231347  0.9995210154  0.03094737142
30  4  4.066713553e-16  0.02064534741  0.9997868924  0.02064388083
30  5  -5.391351637e-17  0.03811499589  0.9992737115  0.03810576795
30  6  1.504791928e-16  0.2428527495  0.9706559173  0.2404726394
30  7  4.051900489e-16  0.00949252619  0.9999549463  0.009492383632
30  8  5.199628762e-17  -0.005192727895  0.9999865178  -0.005192704558
30  9  -2.744520852e-17  -0.002120034647  0.9999977527  -0.002120033059
30  10  2.642915698e-16  0.0002807223274  0.9999999606  0.0002807223237
30  11  -1.985299557e-16  0.002543035864  0.9999967665  0.002543033123
30  12  -1.313051281e-17  0.004862605994  0.9999881776  0.004862586831
30  13  -2.503382167e-16  0.006927451999  0.9999760053  0.006927396591
30  14  1.462394294e-16  0.008242358325  0.999966032  0.008242264999
30  15  2.245500697e-16  0.008462010974  0.9999641974  0.008461909986
30  16  -6.864635028e-17  0.007530660335  0.9999716447  0.007530589157
30  17  -1.454854297e-16  0.0057098291  0.999983699  0.005709798074
30  18  -2.741393713e-17  0.003509945277  0.9999938401  0.00350993807
30  19  8.779868029e-17  0.001409476998  0.9999990067  0.001409476531
30  20  -9.422958345e-18  -0.000420918636  0.9999999114  -0.0004209186236
30  21  -1.034187206e-16  -0.001898847244  0.9999981972  -0.001898846103
30  22  1.141503493e-16  0.003362189816  0.9999943478  0.003362183481
30  23  2.567937804e-16  0.2076872925  0.9785104055  0.2061974449
30  24  9.385876553e-17  0.05702670941  0.9983744178  0.05699580553
30  25  2.841810486e-16  0.02436390504  0.9997032147  0.02436149471
30  26  7.514120978e-17  0.02148430507  0.9997692212  0.02148265234
30  27  1.568098627e-16  0.05431849777  0.9985251131  0.05429179059
30  28  3.771225984e-16  0.1711855252  0.9853835044  0.1703506654
30  29  8.733474076e-17  0.09471262467  0.9955181113  0.0945710852
30  30  -1.660538846e-16  0.02148964448  0.9997691065  0.02148799051
30  31  -1.898414536e-16  -0.0008432536955  0.9999996445  -0.0008432535956
30  32  -1.33555161e-16  0.09035304641  0.9959209396  0.09023016113
30  33  1.075844042e-16  0.8515289386  0.6588337133  0.7522886003
30  34  -5.317579867e-17  0.02028250854  0.999794317  0.02028111793
30  35  -1.57446873e-16  0.006994784872  0.9999755366  0.006994727833
30  36  -1.57446873e-16  0.006994784872  0.9999755366  0.006994727833

31  0  -3.423563923e-17  -0.03133494571  0.9995091008  -0.03132981811
31  1  4.289492419e-17  0.02526271288  0.9996809146  0.02526002583
31  2  3.50272975e-16  0.09567729871  0.9954264178  0.09553139153
31  3  1.729825829e-16  0.1024341948  0.9947582037  0.1022551525
31  4  -3.032677906e-16  0.0377796207  0.999286435  0.0377706342
31  5  -5.236179238e-18  0.02064534741  0.9997868924  0.02064388083
31  6  1.08753957e-16  0.01341313727  0.9999100452  0.01341273507
31  7  -3.76138845e-17  -0.00288895335  0.999995827  -0.002888949331
31  8  -1.498600016e-17  -0.01802588681  0.9998375381  -0.01802491063
31  9  -4.034149327e-17  -0.01878059914  0.9998236497  -0.01877949514
31  10  1.753171197e-16  -0.0139987509  0.9999020191  -0.0139982937
31  11  1.425115699e-17  -0.009557671394  0.9999543258  -0.009557525881
31  12  -1.548451567e-16  -0.006504320989  0.999978847  -0.006504275127
31  13  1.022877092e-17  -0.004519145008  0.9999897887  -0.004519129626
31  14  -1.042633671e-16  -0.003320997268  0.9999944855  -0.003320991163
31  15  -3.002457055e-16  -0.002812032047  0.9999960462  -0.002812028341
31  16  -8.143471249e-17  -0.002967752996  0.9999955962  -0.002967748639
31  17  -1.364661836e-16  -0.003767372213  0.9999929035  -0.003767363301
31  18  -1.610992393e-16  -0.005224000054  0.9999863549  -0.005223976294
31  19  1.054888679e-16  -0.007502889504  0.9999718535  -0.00750281911
31  20  -2.620649825e-16  -0.01105325362  0.9999389134  -0.01105302855
31  21  -2.452168073e-16  -0.01637575247  0.9998659204  -0.01637502058
31  22  -3.252929604e-16  -0.02139589273  0.9997711166  -0.02139426031
31  23  4.357366218e-17  -0.01371592511  0.9999059382  -0.01371549506
31  24  -1.190746959e-16  0.006233393409  0.9999805725  0.006233353042
31  25  -4.023431909e-17  0.01676715942  0.9998594345  0.01676637378
31  26  7.37586796e-17  0.02470946725  0.9996947366  0.0247069529
31  27  1.272844477e-16  0.06589972308  0.997829399  0.06585203551
31  28  1.161644902e-17  0.1302796809  0.9915255987  0.1299114584
31  29  -1.554768441e-16  0.04931530499  0.9987842468  0.04929531829
31  30  1.19905754e-16  -0.0008432536948  0.9999996445  -0.0008432535949
31  31  -1.671418204e-17  -0.05516981669  0.9984785316  -0.05514183414
31  32  2.040266975e-16  0.003345641309  0.9999944033  0.003345635068
31  33  5.013180921e-17  1.157998165  0.4011740164  0.9160018606
31  34  7.985724231e-18  0.09245985189  0.9957286321  0.09232817102
31  35  2.616454164e-16  -0.06785230409  0.9976989155  -0.06780025147
31  36  2.616454164e-16  -0.06785230409  0.9976989155  -0.06780025147

32  0  -2.516466838e-17  -0.04292753667  0.9990787548  -0.0429143536
32  1  -1.628592957e-17  0.06098876192  0.9981407619  0.06095095968
32  2  -2.673511791e-17  0.1000025699  0.9950039087  0.09983597376
32  3  1.377235722e-16  0.08777798899  0.9961499853  0.0876653112
32  4  5.041714856e-18  0.1024341948  0.9947582037  0.1022551525
32  5  1.54474247e-16  0.03095231347  0.9995210154  0.03094737142
32  6  -9.681498392e-17  0.009459334316  0.9999552608  0.009459193248
32  7  -2.19271004e-17  0.0008907162272  0.9999996033  0.0008907161094
32  8  9.611846398e-17  -0.006784995843  0.999976982  -0.006784943784
32  9  -2.195245087e-16  -0.01426037767  0.9998983225  -0.01425989435
32  10  -2.021743088e-16  -0.02002607634  0.9997994848  -0.02002473781
32  11  1.257783366e-16  -0.02269946612  0.9997423782  -0.02269751679
32  12  1.25489549e-16  -0.02262032446  0.9997441714  -0.02261839546
32  13  3.585427538e-17  -0.0211256016  0.9997768628  -0.02112403028
32  14  -2.00555087e-16  -0.01948112763  0.9998102488  -0.01947989543
32  15  -2.706830758e-16  -0.01839939673  0.9998307359  -0.0183983586
32  16  9.969912258e-17  -0.01815320363  0.9998352351  -0.01815220662
32  17  -1.235566497e-16  -0.01881154536  0.9998230681  -0.01881043589
32  18  -1.342340569e-17  -0.02031735233  0.9997936097  -0.02031595455
32  19  -3.723460995e-17  -0.02233640294  0.9997505529  -0.02233454566
32  20  -2.235366324e-16  -0.02387144765  0.9997150905  -0.02386918054
32  21  1.700827772e-16  -0.0230510036  0.9997343374  -0.0230489623
32  22  2.10173296e-16  -0.01832014526  0.9998321908  -0.01831912048
32  23  1.509756474e-16  -0.01079595335  0.9999417243  -0.01079574364
32  24  -1.470356564e-16  -0.002955880644  0.9999956314  -0.00295587634
32  25  2.462085902e-16  0.004787013757  0.9999885423  0.004786995475
32  26  1.623464089e-16  0.01582750089  0.9998747477  0.01582684007
32  27  1.927096778e-16  0.06229757802  0.9980601334  0.06225728981
32  28  4.659201278e-17  0.1223966884  0.9925188719  0.1220913142
32  29  -1.924171976e-16  0.05396830693  0.9985440644  0.05394211292
32  30  1.8840816e-16  0.09035304641  0.9959209396  0.09023016112
32  31  -1.119714781e-16  0.003345641307  0.9999944033  0.003345635066
32  32  -7.315135718e-17  -0.005320281849  0.9999858473  -0.00532025675
32  33  -9.3091453e-17  0.08148175232  0.9966821983  0.08139161894
32  34  -6.513777257e-17  0.1124831323  0.9936804399  0.1122460843
32  35  2.32834733e-16  0.02541346009  0.9996770954  0.02541072466
32  36  2.32834733e-16  0.02541346009  0.9996770954  0.02541072466

33  0  -2.935506304e-17  0.2744332705  0.9625789367  0.2710014586
33  1  1.213681621e-16  0.1022549661  0.9947765148  0.1020768616
33  2  5.432033341e-17  1.887702967  -0.311628734  0.9502039424
33  3  3.838156743e-16  0.10000257  0.9950039087  0.09983597376
33  4  -1.168814869e-16  0.09567729871  0.9954264178  0.09553139153
33  5  -6.924516883e-17  0.1051954225  0.9944720621  0.1050015131
33  6  -3.164958942e-16  0.01834993146  0.9998316447  0.01834890168
33  7  7.802129147e-17  0.002692318349  0.9999963757  0.002692315096
33  8  -9.736462882e-17  -0.002419683737  0.9999970726  -0.002419681376
33  9  -2.100577673e-16  -0.006243382004  0.9999805102  -0.006243341443
33  10  -9.236205117e-17  -0.01021333324  0.9999478444  -0.01021315568
33  11  5.042492224e-17  -0.01519733351  0.9998845227  -0.01519674852
33  12  6.224815836e-17  -0.02142392029  0.9997705166  -0.02142228145
33  13  2.560715061e-16  -0.02814374319  0.999603991  -0.02814002803
33  14  6.960818515e-17  -0.03409186113  0.9994189288  -0.03408525761
33  15  1.829337668e-16  -0.03827643251  0.9992675468  -0.03826708682
33  16  4.400707437e-16  -0.04028358086  0.9991887263  -0.0402726866
33  17  1.00156737e-16  -0.04001502378  0.9991995058  -0.04000434595
33  18  7.252698195e-17  -0.03735894985  0.9993022356  -0.03735026019
33  19  2.789999488e-16  -0.03231314263  0.9994779758  -0.03230751969
33  20  3.012346632e-16  -0.02553164589  0.9996740852  -0.02552887211
33  21  2.571767672e-17  -0.01849961124  0.9998288871  -0.01849855605
33  22  -2.40316303e-16  -0.01262563084  0.9999202978  -0.01262529541
33  23  -8.35158472e-17  -0.008176457051  0.999966573  -0.008176365945
33  24  5.7931124e-17  -0.004410080411  0.9999902756  -0.004410066116
33  25  1.246232015e-16  -0.0002260471228  0.9999999745  -0.0002260471209
33  26  -8.069248555e-18  0.007162029556  0.9999743528  0.007161968327
33  27  -5.328411108e-17  0.04646770543  0.9989205704  0.04645098468
33  28  -2.606870369e-16  0.1410199888  0.9900731487  0.1405530511
33  29  -7.010227042e-17  0.0539846242  0.998543184  0.05395840643
33  30  2.474726987e-16  0.8515289386  0.6588337133  0.7522886003
33  31  -1.131977625e-16  1.157998165  0.4011740163  0.9160018606
33  32  -1.504969208e-16  0.08148175232  0.9966821983  0.08139161894
33  33  -1.558428789e-16  0.4927193389  0.8810498066  0.4730235072
33  34  6.569494401e-17  0.6933617254  0.7691017978  0.6391262978
33  35  1.176232777e-17  0.5616323957  0.8463868765  0.5325685452
33  36  1.176232777e-17  0.5616323957  0.8463868765  0.5325685452

34  0  -2.64400456e-17  0.3849065181  0.9268335366  0.3754724962
34  1  -9.768843592e-17  0.4371639801  0.9059559959  0.4233718618
34  2  3.470974576e-17  0.1022549661  0.9947765148  0.1020768616
34  3  -1.338422575e-16  0.06098876192  0.9981407619  0.06095095969
34  4  -2.400238331e-16  0.02526271288  0.9996809146  0.02526002583
34  5  1.36995894e-16  0.1474885854  0.9891432605  0.1469544497
34  6  7.279722277e-18  0.08544695288  0.9963516297  0.08534301354
34  7  1.118493742e-17  0.00788789026  0.9999688908  0.007887808465
34  8  -7.069247653e-17  -0.0002862362672  0.999999959  -0.0002862362633
34  9  -2.252399477e-16  -0.003421778664  0.9999941457  -0.003421771987
34  10  -1.103304371e-16  -0.005835245196  0.999982975  -0.00583521208
34  11  -5.162073462e-17  -0.008410461694  0.9999646323  -0.008410362541
34  12  -3.737316453e-17  -0.011958558  0.9999284973  -0.01195827298
34  13  -6.326505716e-17  -0.01732881711  0.9998498598  -0.01732794985
34  14  2.126118628e-16  -0.02489587194  0.9996901138  -0.02489330025
34  15  -3.483543469e-17  -0.03362544727  0.9994347179  -0.03361911108
34  16  1.835113701e-16  -0.04059050387  0.9991763186  -0.04057935871
34  17  -2.583770159e-16  -0.04234020536  0.9991037874  -0.042327556
34  18  -1.324451303e-16  -0.03780221116  0.9992855815  -0.03779320853
34  19  1.076499306e-16  -0.02943484797  0.9995668261  -0.02943059771
34  20  -1.463282475e-17  -0.02090382306  0.999781523  -0.02090230071
34  21  -9.497968742e-17  -0.01435820295  0.9998969228  -0.01435770961
34  22  1.450212611e-16  -0.009997403382  0.9999500264  -0.009997236846
34  23  1.000135483e-16  -0.007063438722  0.999975054  -0.007063379988
34  24  6.865185333e-17  -0.004675381143  0.9999890704  -0.00467536411
34  25  -2.065157111e-16  -0.002055087554  0.9999978883  -0.002055086108
34  26  -6.476584677e-17  0.002279192725  0.9999974026  0.002279190751
34  27  5.53215246e-17  0.02389165768  0.9997146079  0.02388938481
34  28  4.606857422e-17  0.1665274302  0.9861663208  0.1657588239
34  29  -1.372072589e-16  0.07096105535  0.9974833206  0.07090151661
34  30  1.905660718e-16  0.02028250854  0.999794317  0.02028111793
34  31  2.287473214e-17  0.09245985189  0.9957286321  0.09232817102
34  32  -1.016923169e-16  0.1124831323  0.9936804399  0.1122460843
34  33  7.14781905e-17  0.6933617254  0.7691017978  0.6391262978
34  34  2.503980702e-16  0.1392675837  0.9903179343  0.138817827
34  35  1.847860386e-17  0.04279185122  0.9990845684  0.04277879275
34  36  1.847860386e-17  0.04279185122  0.9990845684  0.04277879275

35  0  -1.95752311e-16  -0.1182843952  0.9930125535  -0.1180087647
35  1  -2.350696163e-16  0.3849065181  0.9268335366  0.3754724962
35  2  -2.101170199e-16  0.2744332705  0.9625789367  0.2710014586
35  3  -4.668648232e-16  -0.04292753667  0.9990787548  -0.0429143536
35  4  5.161551762e-17  -0.03133494571  0.9995091008  -0.03132981811
35  5  2.741023266e-16  0.05685232077  0.9983843421  0.0568216995
35  6  1.950014597e-16  0.2036564517  0.9793336031  0.2022515609
35  7  1.339907572e-16  0.03288524961  0.9994593289  0.03287932269
35  8  -5.609062568e-17  0.002449906335  0.999996999  0.002449903884
35  9  3.228857948e-18  -0.001759245247  0.9999984525  -0.001759244339
35  10  5.677273771e-17  -0.004025569621  0.9999918974  -0.004025558749
35  11  -2.109090046e-16  -0.005958143271  0.9999822503  -0.005958108019
35  12  1.802100268e-16  -0.008162859657  0.999966684  -0.008162769005
35  13  2.207848186e-16  -0.01131636517  0.9999359706  -0.01131612364
35  14  -8.557310367e-17  -0.01614389434  0.9998696902  -0.0161431931
35  15  -1.031232064e-16  -0.0228720925  0.9997384451  -0.02287009836
35  16  -4.477672667e-17  -0.03010132657  0.9995469893  -0.03009678102
35  17  -4.201143421e-16  -0.03438964416  0.9994087345  -0.03438286609
35  18  -3.487635198e-16  -0.03285671053  0.9994602668  -0.03285079903
35  19  2.096405421e-16  -0.02658857873  0.9996465446  -0.02658544603
35  20  2.535220086e-16  -0.0192800616  0.9998141454  -0.01927886716
35  21  3.289846302e-16  -0.01346353906  0.9999093679  -0.01346313231
35  22  5.337772866e-17  -0.00956454072  0.9999542601  -0.009564394893
35  23  -1.535071084e-16  -0.006987952319  0.9999755844  -0.006987895448
35  24  -1.384350489e-16  -0.005000478955  0.9999874976  -0.005000458115
35  25  -1.200251944e-16  -0.002987540881  0.9999955373  -0.002987536437
35  26  -1.563044642e-16  -0.000174271092  0.9999999848  -0.0001742710911
35  27  -3.195951719e-16  0.008609382254  0.9999629395  0.008609275898
35  28  -2.326451246e-16  0.1167518216  0.9931922444  0.1164867619
35  29  -2.01239135e-16  0.159407608  0.987321489  0.1587333532
35  30  -2.326123204e-16  0.006994784871  0.9999755366  0.006994727832
35  31  -4.11568082e-16  -0.06785230409  0.9976989155  -0.06780025147
35  32  -1.743149215e-16  0.02541346009  0.9996770954  0.02541072465
35  33  -1.998531984e-16  0.5616323957  0.8463868765  0.5325685452
35  34  8.714665583e-17  0.04279185122  0.9990845684  0.04277879275
35  35  -3.845070577e-17  -0.1828849091  0.9833231153  -0.1818671241
35  36  -3.845070577e-17  -0.1828849091  0.9833231153  -0.1818671241

36  0  -1.95752311e-16  -0.1182843952  0.9833231153  -0.1818671241
36  1  -9.768843592e-17  0.4371639801  0.9833231153  -0.1818671241
36  2  5.432033341e-17  1.887702967  0.9833231153  -0.1818671241
36  3  1.377235722e-16  0.08777798899  0.9833231153  -0.1818671241
36  4  -3.032677906e-16  0.0377796207  0.9833231153  -0.1818671241
36  5  -5.391351637e-17  0.03811499589  0.9833231153  -0.1818671241
36  6  1.319970962e-16  2.32835974  0.9833231153  -0.1818671241
36  7  1.298770433e-17  0.006432560058  0.9833231153  -0.1818671241
36  8  3.849545677e-16  0.01874080107  0.9833231153  -0.1818671241
36  9  1.600974713e-16  0.02944673581  0.9833231153  -0.1818671241
36  10  3.557301167e-16  0.01238838991  0.9833231153  -0.1818671241
36  11  1.337581428e-16  0.006487484712  0.9833231153  -0.1818671241
36  12  1.30604497e-17  0.006525407346  0.9833231153  -0.1818671241
36  13  -6.527279866e-17  0.01352256308  0.9833231153  -0.1818671241
36  14  -1.472218686e-16  0.02745118242  0.9833231153  -0.1818671241
36  15  8.788173345e-17  0.002745636243  0.9833231153  -0.1818671241
36  16  9.121763626e-17  -0.0293090868  0.9833231153  -0.1818671241
36  17  -2.354718232e-16  -0.03929287546  0.9833231153  -0.1818671241
36  18  1.289290367e-17  -0.03929287546  0.9833231153  -0.1818671241
36  19  1.284251062e-16  -0.0293090868  0.9833231153  -0.1818671241
36  20  6.711379638e-17  0.002745636243  0.9833231153  -0.1818671241
36  21  2.537574692e-17  0.02745118242  0.9833231153  -0.1818671241
36  22  -7.755165175e-17  0.01352256308  0.9833231153  -0.1818671241
36  23  1.236276006e-16  0.006525407346  0.9833231153  -0.1818671241
36  24  -2.180492488e-17  0.006487484712  0.9833231153  -0.1818671241
36  25  -1.905620995e-16  0.01238838991  0.9833231153  -0.1818671241
36  26  -1.25337856e-16  0.02944673581  0.9833231153  -0.1818671241
36  27  -1.410227494e-16  0.01874080107  0.9833231153  -0.1818671241
36  28  -8.210093371e-17  0.006432560058  0.9833231153  -0.1818671241
36  29  -7.960585554e-17  2.32835974  0.9833231153  -0.1818671241
36  30  2.010485443e-16  0.03811499589  0.9833231153  -0.1818671241
36  31  1.404756824e-17  0.0377796207  0.9833231153  -0.1818671241
36  32  -2.117105529e-17  0.08777798899  0.9833231153  -0.1818671241
36  33  -7.027540508e-17  1.887702967  0.9833231153  -0.1818671241
36  34  -4.166292749e-17  0.4371639801  0.9833231153  -0.1818671241
36  35  2.715687514e-17  -0.1182843952  0.9833231153  -0.1818671241
36  36  2.715687514e-17  -0.1182843952  0.9833231153  -0.1818671241

#Chern no*2pi*Iota= -1.145201201e-14  50.26548246
