#nx  ny  tilde_F(nx,ny).real()  tilde_F(nx,ny).imag()  ArgofLog.real()  ArgofLog.imag()
#Extra momentum point for pm3d corners2color c1
0  0  6.778380249e-17  0.02381624861  0.9997164066  0.02381399719
0  1  2.385200353e-16  0.03140970654  0.9995067557  0.03140454215
0  2  1.842644363e-17  0.0657797246  0.9978372939  0.06573229702
0  3  -1.105994775e-16  0.1399930795  0.9902169619  0.1395362618
0  4  5.058270382e-17  0.129830066  0.9915839086  0.1294656407
0  5  -8.086855983e-18  0.06434614025  0.9979305013  0.06430174604
0  6  1.255643578e-16  0.03009970012  0.9995470382  0.03009515531
0  7  -1.06754295e-16  0.01642783762  0.9998650661  0.01642709873
0  8  3.344486328e-19  0.01072083219  0.9999425324  0.01072062682
0  9  2.521414273e-16  0.009005478434  0.999959451  0.009005356712
0  10  -2.875343799e-16  0.007146312229  0.9999744652  0.007146251402
0  11  -2.154403107e-16  -0.03282099234  0.9994614396  -0.0328151001
0  12  -1.021769583e-16  -0.1471422286  0.9891940998  -0.1466118444
0  13  -4.053766985e-16  -0.1641504179  0.9865575452  -0.1634142284
0  14  2.013181939e-16  -0.08327742853  0.9965344385  -0.08318120527
0  15  9.897947594e-17  -0.04875068256  0.9988119208  -0.04873137447
0  16  -1.01406872e-16  -0.04108058167  0.9991563116  -0.04106902795
0  17  2.899299948e-16  -0.04008529812  0.999196692  -0.04007456393
0  18  7.304278805e-17  -0.04005135353  0.9991980517  -0.04004064659
0  19  1.803054947e-16  -0.04021124398  0.9991916369  -0.0402004083
0  20  -1.470267037e-16  -0.04337178603  0.9990595915  -0.04335818944
0  21  -4.957887502e-16  -0.06141460517  0.9981147158  -0.06137600566
0  22  2.159840345e-17  -0.127956054  0.9918247875  -0.1276071743
0  23  4.530003632e-17  -0.1827064579  0.9833555541  -0.181691646
0  24  -2.189544387e-16  -0.07767307412  0.9969849631  -0.07759499602
0  25  1.412599826e-17  -0.0007996086995  0.9999996803  -0.0007996086143
0  26  -1.601816341e-16  0.01001345506  0.9999498658  0.01001328772
0  27  2.269775279e-16  0.009746174675  0.9999525064  0.009746020381
0  28  -8.947865177e-17  0.01324186303  0.9999123278  0.01324147605
0  29  1.021731421e-16  0.02227245659  0.9997519791  0.02227061521
0  30  -1.421970788e-17  0.04466357582  0.9990027483  0.04464872789
0  31  9.537693519e-17  0.09664779583  0.9953332361  0.09649740485
0  32  -3.508530846e-16  0.149089693  0.9889067028  0.1485379855
0  33  -1.210479435e-16  0.1003923461  0.9949649194  0.1002237949
0  34  1.388917356e-16  0.04266525785  0.9990899759  0.04265231493
0  35  1.709035052e-16  0.0260157546  0.9996616093  0.02601282003
0  36  1.709035052e-16  0.0260157546  0.9996616093  0.02601282003

1  0  2.871553071e-16  0.03140970654  0.9995067557  0.03140454215
1  1  5.224972002e-16  0.03460415249  0.9994013361  0.0345972468
1  2  1.813778653e-16  0.05853963356  0.9982870449  0.05850620449
1  3  9.257921749e-17  0.1125305514  0.9936751161  0.1122932036
1  4  -1.304652461e-17  0.1094281892  0.9940187079  0.1092099281
1  5  -1.653532201e-16  0.05311540403  0.9985897085  0.05309043228
1  6  -1.28908021e-16  0.02124352917  0.9997743647  0.02124193138
1  7  -6.889590213e-17  0.008877693122  0.9999605935  0.008877576509
1  8  4.239811722e-16  0.004414142218  0.9999902577  0.004414127883
1  9  2.101109536e-16  0.004657835658  0.9999891523  0.004657818816
1  10  -1.76317333e-16  0.01279715666  0.9999181175  0.01279680737
1  11  -1.204819305e-16  0.01870031334  0.9998251542  0.01869922344
1  12  1.102052112e-16  -0.01811657758  0.9998358993  -0.01811558659
1  13  1.415140503e-16  -0.06631239843  0.9978021385  -0.06626380948
1  14  2.205476657e-16  -0.06642753913  0.9977945022  -0.06637869668
1  15  -2.44723418e-16  -0.04371530013  0.9990446384  -0.04370137794
1  16  -1.951988266e-16  -0.031234458  0.999512244  -0.03122937957
1  17  -6.279983933e-17  -0.02701398598  0.9996351445  -0.0270107005
1  18  -4.04772447e-17  -0.02594544541  0.9996634358  -0.02594253458
1  19  5.475237908e-17  -0.02627234433  0.9996549018  -0.02626932208
1  20  1.971364869e-16  -0.02863891073  0.9995899344  -0.02863499601
1  21  -3.00591249e-16  -0.03683663457  0.9993216079  -0.0368283043
1  22  -1.950246019e-16  -0.0579871024  0.998319219  -0.05795461089
1  23  -3.018975427e-16  -0.07553241311  0.9971487832  -0.07546061303
1  24  -4.172599172e-16  -0.04159605111  0.999135009  -0.04158405702
1  25  8.742354008e-17  0.008552068681  0.9999634313  0.008551964435
1  26  -5.243860006e-17  0.02060084573  0.9997878101  0.02059938861
1  27  2.643376244e-16  0.008444626055  0.9999643444  0.008444525689
1  28  -4.301003328e-17  0.004296057719  0.999990772  0.004296044504
1  29  6.103686928e-17  0.00653039838  0.999978677  0.006530351964
1  30  8.160053151e-17  0.01464225129  0.9998928042  0.01464172809
1  31  7.392702178e-17  0.03601063186  0.9993516873  0.03600284947
1  32  2.012995357e-16  0.08249258075  0.9965994161  0.08239905188
1  33  1.758524532e-17  0.1185812701  0.9929774759  0.11830356
1  34  -7.733214273e-17  0.08154464334  0.9966770775  0.08145430113
1  35  1.393565015e-16  0.04266525785  0.9990899759  0.04265231493
1  36  1.393565015e-16  0.04266525785  0.9990899759  0.04265231493

2  0  3.580626404e-17  0.0657797246  0.9978372939  0.06573229702
2  1  -3.306199325e-17  0.05853963356  0.9982870449  0.05850620449
2  2  -1.596841212e-16  0.08083308599  0.9967347846  0.08074508768
2  3  -2.057939423e-16  0.1241381631  0.992304748  0.1238195746
2  4  -8.695608282e-17  0.102962429  0.9947040502  0.1027806035
2  5  -2.282577266e-16  0.04292101492  0.9990790346  0.04290783786
2  6  -3.536148121e-16  0.01265184773  0.9999199664  0.0126515102
2  7  -1.53557853e-16  0.001743206625  0.9999984806  0.001743205742
2  8  3.450852374e-17  -0.001720130099  0.9999985206  -0.00172012925
2  9  -1.714746951e-16  -0.0009085574608  0.9999995873  -0.0009085573358
2  10  -4.019719604e-17  0.009175079499  0.9999579093  0.00917495077
2  11  -1.800031358e-16  0.03368601115  0.99943268  0.03367964066
2  12  1.735068219e-16  0.02312680502  0.9997325874  0.02312474352
2  13  -1.99954908e-16  -0.009025497425  0.9999592705  -0.00902537489
2  14  -1.427854424e-16  -0.02682038098  0.9996403551  -0.02681716563
2  15  -1.012899292e-16  -0.02860308799  0.9995909596  -0.02859918794
2  16  -1.0686418e-17  -0.02272069311  0.9997418962  -0.02271873831
2  17  -2.274281283e-16  -0.01799312449  0.9998381281  -0.01799215362
2  18  -1.596582868e-16  -0.01587528965  0.9998739902  -0.01587462283
2  19  -1.098586401e-16  -0.01554503903  0.9998791783  -0.01554441297
2  20  -2.196442736e-16  -0.0168075427  0.9998587566  -0.01680675137
2  21  -4.696994604e-17  -0.02045288694  0.999790847  -0.020451461
2  22  3.563305888e-17  -0.02687070844  0.9996390042  -0.02686747496
2  23  -3.129690487e-16  -0.03000643164  0.9995498408  -0.03000192895
2  24  -7.562045844e-17  -0.01891403143  0.999821135  -0.01891290373
2  25  1.018432614e-16  0.006941313923  0.9999759092  0.006941258182
2  26  7.352340086e-17  0.03485192178  0.9993927332  0.03484486669
2  27  -3.242566423e-17  0.02296399698  0.999736339  0.02296197871
2  28  -2.499185166e-17  0.002841174637  0.9999959639  0.002841170815
2  29  1.557221688e-16  -0.001642592287  0.9999986509  -0.001642591548
2  30  2.867468527e-17  -0.0001316596441  0.9999999913  -0.0001316596437
2  31  -9.372329502e-17  0.00672832061  0.9999773649  0.006728269844
2  32  -1.181548857e-16  0.02615409509  0.9996580012  0.02615111347
2  33  -3.232686578e-16  0.07151805479  0.9974436738  0.07145710324
2  34  -5.078326662e-17  0.1185812701  0.9929774759  0.11830356
2  35  -1.423621395e-16  0.1003923461  0.9949649194  0.1002237949
2  36  -1.423621395e-16  0.1003923461  0.9949649194  0.1002237949

3  0  2.465718615e-16  0.1399930795  0.9902169619  0.1395362618
3  1  -9.698022766e-18  0.1125305514  0.9936751161  0.1122932036
3  2  -1.63324376e-16  0.1241381631  0.992304748  0.1238195746
3  3  -2.20406521e-16  0.1600345528  0.9872217779  0.159352318
3  4  -4.11462324e-16  0.1240816958  0.9923117382  0.1237635417
3  5  -4.226902675e-17  0.04742978065  0.9988754188  0.04741199977
3  6  -1.611527913e-16  0.0110882109  0.9999385264  0.01108798369
3  7  1.183486147e-16  -0.001225801195  0.9999992487  -0.001225800888
3  8  1.19668145e-16  -0.005081787572  0.9999870877  -0.0050817657
3  9  9.091822721e-18  -0.004930132263  0.9999878469  -0.004930112291
3  10  -2.117337384e-17  0.002916598968  0.9999957467  0.002916594833
3  11  6.616141897e-18  0.034472828  0.9994058709  0.03446600063
3  12  -3.095017355e-16  0.03803723462  0.9992766716  0.03802806304
3  13  -1.426505996e-17  0.007421796588  0.9999724586  0.007421728452
3  14  -3.430478779e-17  -0.006642234517  0.9999779404  -0.006642185676
3  15  2.658697974e-17  -0.01263814843  0.9999201397  -0.012637812
3  16  1.760802992e-16  -0.01373759126  0.9999056408  -0.01373715917
3  17  -4.071751059e-16  -0.01221374307  0.9999254132  -0.01221343941
3  18  4.900871346e-17  -0.01060916926  0.9999437233  -0.01060897024
3  19  -7.132722011e-17  -0.009903523084  0.9999509605  -0.009903361196
3  20  -1.612061744e-16  -0.01019827943  0.999947998  -0.01019810266
3  21  3.480060101e-17  -0.01150925316  0.9999337693  -0.01150899907
3  22  1.889723034e-16  -0.01340101025  0.9999102078  -0.01340060914
3  23  -1.458464974e-16  -0.01380627852  0.9999046949  -0.01380583991
3  24  1.786035697e-16  -0.01001212661  0.9999498791  -0.01001195934
3  25  3.0850969e-16  -0.0004647745053  0.999999892  -0.0004647744886
3  26  2.458413332e-16  0.02129745473  0.9997732178  0.02129584474
3  27  -1.596343842e-16  0.04470526726  0.999000886  0.04469037771
3  28  -6.201989838e-18  0.01705290442  0.9998546027  0.01705207793
3  29  -2.234902765e-16  -0.002465313464  0.9999969611  -0.002465310966
3  30  1.981826649e-17  -0.005341156693  0.9999857361  -0.005341131298
3  31  8.327573982e-17  -0.003435271839  0.9999940995  -0.003435265083
3  32  -3.105186959e-16  0.004031984012  0.9999918716  0.004031973087
3  33  -1.110886953e-16  0.02615409509  0.9996580012  0.02615111347
3  34  7.647356783e-17  0.08249258075  0.9965994161  0.08239905188
3  35  -8.010403244e-17  0.149089693  0.9889067028  0.1485379855
3  36  -8.010403244e-17  0.149089693  0.9889067028  0.1485379855

4  0  4.223736987e-16  0.129830066  0.9915839086  0.1294656407
4  1  2.405495171e-16  0.1094281892  0.9940187079  0.1092099281
4  2  -4.963426482e-17  0.102962429  0.9947040502  0.1027806035
4  3  -9.718806504e-17  0.1240816958  0.9923117382  0.1237635417
4  4  1.167025685e-16  0.1215152987  0.9926260964  0.121216471
4  5  2.632316502e-16  0.06152224891  0.9981081033  0.0614834461
4  6  2.516930063e-16  0.01682276112  0.9998585007  0.01682196764
4  7  3.356944779e-16  -9.310142609e-05  0.9999999957  -9.310142596e-05
4  8  -1.546147532e-17  -0.005702528357  0.9999837406  -0.005702497451
4  9  1.554729507e-16  -0.006724590691  0.99997739  -0.00672454001
4  10  4.300664697e-18  -0.002004408936  0.9999979912  -0.002004407594
4  11  1.552585871e-17  0.02612401419  0.9996587873  0.02612104284
4  12  1.000370412e-16  0.04134168152  0.9991455544  0.04132990611
4  13  -4.269404766e-17  0.01147342524  0.999934181  0.01147317351
4  14  1.621374249e-16  3.984751738e-05  0.9999999992  3.984751736e-05
4  15  1.125216658e-16  -0.004372784302  0.9999904394  -0.004372770367
4  16  1.572834644e-17  -0.006570719371  0.9999784129  -0.00657067209
4  17  7.246013195e-17  -0.00726269018  0.9999736268  -0.007262626333
4  18  3.419374822e-17  -0.007043457892  0.999975195  -0.007043399654
4  19  -3.134972676e-16  -0.006681329599  0.99997768  -0.00668127989
4  20  -1.225516335e-16  -0.00661018007  0.9999781528  -0.006610131932
4  21  3.228228722e-16  -0.006901020897  0.999976188  -0.006900966122
4  22  1.854456759e-16  -0.007291156098  0.9999734196  -0.007291091497
4  23  9.288362392e-17  -0.007092102243  0.9999748511  -0.00709204279
4  24  3.302141814e-16  -0.005574045575  0.999984465  -0.005574016711
4  25  1.508122182e-16  -0.00233859111  0.9999972655  -0.002338588978
4  26  -3.823826056e-17  0.004654673378  0.999989167  0.00465465657
4  27  2.469184964e-17  0.02541270025  0.9996771147  0.02540996506
4  28  -8.640929415e-18  0.04236601457  0.9991026946  0.04235334206
4  29  1.796411166e-17  0.008365410303  0.9999650102  0.008365312735
4  30  1.611891399e-16  -0.005516866254  0.9999847821  -0.005516838269
4  31  -1.28373172e-16  -0.006575167116  0.9999783837  -0.006575119739
4  32  2.413753436e-16  -0.003435271839  0.9999940995  -0.003435265083
4  33  -1.421231171e-16  0.00672832061  0.9999773649  0.006728269845
4  34  1.223325458e-16  0.03601063186  0.9993516873  0.03600284947
4  35  1.934532161e-16  0.09664779583  0.9953332361  0.09649740485
4  36  1.934532161e-16  0.09664779583  0.9953332361  0.09649740485

5  0  -3.020126898e-17  0.06434614025  0.9979305013  0.06430174604
5  1  -1.351478247e-16  0.05311540403  0.9985897085  0.05309043228
5  2  1.468997705e-16  0.04292101492  0.9990790346  0.04290783786
5  3  1.715033956e-16  0.04742978065  0.9988754188  0.04741199977
5  4  3.148468124e-16  0.06152224891  0.9981081033  0.0614834461
5  5  2.348221244e-16  0.05691198759  0.9983809499  0.05688126982
5  6  9.457262235e-17  0.02707258178  0.99963356  0.02706927488
5  7  4.541992916e-16  0.005236369253  0.9999862902  0.005236345323
5  8  -3.034617632e-16  -0.003614483428  0.9999934678  -0.003614475558
5  9  -2.622173535e-16  -0.006111321053  0.9999813259  -0.006111283012
5  10  -3.641870954e-17  -0.003200764975  0.9999948776  -0.00320075951
5  11  4.581714652e-17  0.0182120078  0.999834166  0.01821100107
5  12  2.263724592e-16  0.03517888906  0.9993812867  0.03517163355
5  13  -2.829380627e-16  0.01017204041  0.9999482652  0.01017186499
5  14  1.446421438e-16  0.001636999434  0.9999986601  0.001636998703
5  15  2.195862098e-18  -0.001119701418  0.9999993731  -0.001119701184
5  16  -2.065531861e-16  -0.002663509756  0.9999964529  -0.002663506606
5  17  -1.78448783e-17  -0.00368742418  0.9999932015  -0.003687415824
5  18  -1.829168721e-16  -0.004252420322  0.9999909585  -0.004252407506
5  19  -3.08391566e-17  -0.004466331169  0.999990026  -0.00446631632
5  20  -4.188604151e-17  -0.004517349227  0.9999897968  -0.004517333863
5  21  2.681516228e-16  -0.004514286039  0.9999898106  -0.004514270707
5  22  9.078941581e-17  -0.004407602153  0.9999902865  -0.004407587882
5  23  1.234109294e-16  -0.004018953591  0.999991924  -0.004018942772
5  24  1.066787686e-16  -0.003192923007  0.9999949026  -0.003192917582
5  25  -5.448605963e-17  -0.00190104878  0.999998193  -0.001901047635
5  26  -1.799389007e-16  0.0001013171661  0.9999999949  0.0001013171659
5  27  -5.883920089e-17  0.004862662012  0.9999881773  0.004862642849
5  28  3.236292869e-18  0.02220870358  0.9997533969  0.02220687798
5  29  -3.690885228e-16  0.03317663382  0.999449706  0.03317054797
5  30  2.168580245e-17  0.004301284655  0.9999907495  0.004301271392
5  31  7.135062905e-17  -0.005516866254  0.9999847821  -0.005516838269
5  32  -7.10694479e-18  -0.005341156693  0.9999857361  -0.005341131298
5  33  -8.297889469e-17  -0.0001316596441  0.9999999913  -0.0001316596437
5  34  2.238453952e-17  0.01464225129  0.9998928042  0.01464172809
5  35  1.284542573e-16  0.04466357582  0.9990027483  0.04464872789
5  36  1.284542573e-16  0.04466357582  0.9990027483  0.04464872789

6  0  -1.386006512e-17  0.03009970012  0.9995470382  0.03009515531
6  1  -1.780835023e-16  0.02124352917  0.9997743647  0.02124193138
6  2  -6.152128433e-17  0.01265184773  0.9999199664  0.0126515102
6  3  7.933723249e-17  0.0110882109  0.9999385264  0.01108798369
6  4  1.990518239e-16  0.01682276112  0.9998585007  0.01682196764
6  5  5.302953463e-17  0.02707258178  0.99963356  0.02706927488
6  6  2.730443754e-17  0.02778423618  0.9996140429  0.02778066158
6  7  1.770724958e-16  0.01348078009  0.9999091357  0.01348037178
6  8  -7.750377841e-17  0.001300604056  0.9999991542  0.001300603689
6  9  -8.503247054e-17  -0.003125921185  0.9999951143  -0.003125916095
6  10  -1.325813819e-16  -0.0001340449366  0.999999991  -0.0001340449362
6  11  -5.59411798e-17  0.02107977741  0.9997778297  0.02107821629
6  12  5.411689279e-17  0.03277705059  0.9994628806  0.03277118198
6  13  1.326136001e-16  0.007952231415  0.9999683812  0.007952147602
6  14  -6.656538097e-17  0.001427297872  0.9999989814  0.001427297387
6  15  1.572746292e-16  -1.692010559e-05  0.9999999999  -1.692010559e-05
6  16  -1.965834285e-16  -0.0007530070995  0.9999997165  -0.0007530070283
6  17  -1.551285935e-16  -0.001422055738  0.9999989889  -0.001422055259
6  18  -1.042253039e-17  -0.002057734872  0.9999978829  -0.00205773342
6  19  2.091557043e-16  -0.002565037402  0.9999967103  -0.002565034589
6  20  2.762868776e-17  -0.002864182399  0.9999958982  -0.002864178483
6  21  6.361765674e-17  -0.002924041277  0.999995725  -0.00292403711
6  22  1.713677215e-16  -0.002738097644  0.9999962514  -0.002738094223
6  23  -5.391961793e-17  -0.00231787264  0.9999973137  -0.002317870565
6  24  -1.194317516e-16  -0.001721822954  0.9999985177  -0.001721822103
6  25  -6.376951836e-17  -0.001056669386  0.9999994417  -0.00105666919
6  26  -9.790697941e-17  -0.0003863664589  0.9999999254  -0.0003863664493
6  27  -6.626796695e-17  0.0005136089059  0.9999998681  0.0005136088833
6  28  1.951702649e-18  0.003427489896  0.9999941262  0.003427483185
6  29  -3.586489174e-16  0.01874197223  0.9998243744  0.01874087502
6  30  -5.976428802e-17  0.03317663382  0.999449706  0.03317054796
6  31  1.109833756e-16  0.008365410303  0.9999650102  0.008365312735
6  32  -7.562199786e-17  -0.002465313464  0.9999969611  -0.002465310966
6  33  -2.040521102e-16  -0.001642592287  0.9999986509  -0.001642591548
6  34  -1.980844357e-17  0.00653039838  0.999978677  0.006530351964
6  35  2.747921855e-16  0.02227245659  0.9997519791  0.02227061521
6  36  2.747921855e-16  0.02227245659  0.9997519791  0.02227061521

7  0  9.919109675e-18  0.01642783762  0.9998650661  0.01642709873
7  1  -1.147399567e-16  0.008877693122  0.9999605935  0.008877576509
7  2  -3.612868648e-16  0.001743206624  0.9999984806  0.001743205742
7  3  -2.902272315e-17  -0.001225801195  0.9999992487  -0.001225800888
7  4  -1.220128577e-18  -9.310142605e-05  0.9999999957  -9.310142591e-05
7  5  -1.832384618e-16  0.005236369253  0.9999862902  0.005236345323
7  6  1.999158242e-16  0.01348078009  0.9999091357  0.01348037178
7  7  1.23957298e-16  0.01609499825  0.9998704783  0.01609430336
7  8  -1.098282369e-16  0.00817854933  0.9999665559  0.008178458155
7  9  -1.433954121e-16  0.001916554383  0.9999981634  0.00191655321
7  10  6.670070111e-17  0.006005723345  0.9999819657  0.006005687242
7  11  1.513153422e-17  0.0317608644  0.9994956661  0.03175552486
7  12  -1.459683176e-16  0.03932403303  0.9992269098  0.03931389884
7  13  -9.95079044e-17  0.0090171243  0.999959346  0.009017002106
7  14  2.897227299e-16  0.001294992347  0.9999991615  0.001294991985
7  15  2.579707854e-16  0.0002429513506  0.9999999705  0.0002429513482
7  16  5.072891767e-17  0.0001405221712  0.9999999901  0.0001405221707
7  17  1.575505536e-16  5.347193489e-05  0.9999999986  5.347193487e-05
7  18  -2.709819653e-16  -0.0001768390494  0.9999999844  -0.0001768390484
7  19  -7.087672762e-17  -0.0005049579757  0.9999998725  -0.0005049579543
7  20  9.225499668e-17  -0.0008049655492  0.999999676  -0.0008049654623
7  21  4.047594612e-18  -0.0009516559968  0.9999995472  -0.0009516558532
7  22  3.014396215e-16  -0.0008825614679  0.9999996105  -0.0008825613533
7  23  1.205433499e-16  -0.0006243894265  0.9999998051  -0.0006243893859
7  24  3.145875694e-16  -0.0002830477554  0.9999999599  -0.0002830477517
7  25  -2.959477034e-17  3.460495398e-06  1  3.460495398e-06
7  26  3.536546984e-16  0.0001383566127  0.9999999904  0.0001383566123
7  27  2.572035314e-16  0.0001506541226  0.9999999887  0.000150654122
7  28  -9.492070426e-19  0.000433385893  0.9999999061  0.0004333858795
7  29  -4.255193467e-17  0.003427489896  0.9999941262  0.003427483185
7  30  -1.337222947e-16  0.02220870358  0.9997533969  0.02220687798
7  31  2.071035984e-16  0.04236601457  0.9991026946  0.04235334206
7  32  1.860126446e-16  0.01705290442  0.9998546027  0.01705207793
7  33  -5.969528006e-17  0.002841174637  0.9999959639  0.002841170815
7  34  -1.082073138e-16  0.004296057719  0.999990772  0.004296044504
7  35  1.232494234e-16  0.01324186303  0.9999123278  0.01324147605
7  36  1.232494234e-16  0.01324186303  0.9999123278  0.01324147605

8  0  2.904128323e-17  0.01072083219  0.9999425324  0.01072062682
8  1  -2.579492384e-17  0.004414142218  0.9999902577  0.004414127883
8  2  -9.31773303e-17  -0.001720130099  0.9999985206  -0.00172012925
8  3  -8.654406702e-17  -0.005081787572  0.9999870877  -0.0050817657
8  4  7.451848707e-17  -0.005702528357  0.9999837406  -0.005702497451
8  5  -8.957557972e-17  -0.003614483428  0.9999934678  -0.003614475558
8  6  2.299145049e-16  0.001300604056  0.9999991542  0.001300603689
8  7  3.641728518e-16  0.00817854933  0.9999665559  0.008178458155
8  8  -1.584581919e-16  0.01105293657  0.9999389169  0.01105271152
8  9  1.126161678e-16  0.007565669755  0.9999713805  0.00756559758
8  10  8.406123258e-17  0.01203724964  0.9999275532  0.01203695895
8  11  1.703213989e-16  0.03721456441  0.999307618  0.03720597512
8  12  1.318807095e-17  0.04096897061  0.9991608891  0.04095751079
8  13  -1.011769363e-16  0.01135838859  0.9999354942  0.01135814436
8  14  4.752456895e-17  0.001707553878  0.9999985421  0.001707553048
8  15  -2.71301562e-17  0.0001908688384  0.9999999818  0.0001908688372
8  16  1.182979746e-16  0.0003203513842  0.9999999487  0.0003203513788
8  17  -2.532439787e-16  0.0007988674391  0.9999996809  0.0007988673541
8  18  -7.541231359e-17  0.001354876315  0.9999990822  0.0013548759
8  19  1.480295499e-16  0.001936318961  0.9999981253  0.001936317751
8  20  7.573139606e-17  0.002511626085  0.9999968459  0.002511623444
8  21  1.372887282e-16  0.002971826947  0.9999955841  0.002971822572
8  22  8.891879809e-17  0.003137451573  0.9999950782  0.003137446426
8  23  -3.207633306e-17  0.002914959788  0.9999957515  0.00291495566
8  24  2.032885723e-17  0.002404410353  0.9999971094  0.002404408036
8  25  -1.209728508e-16  0.001780667858  0.9999984146  0.001780666917
8  26  -3.582179925e-18  0.001150597751  0.9999993381  0.001150597497
8  27  -2.601727543e-17  0.0005651229708  0.9999998403  0.0005651229408
8  28  1.47424146e-16  0.0001506541226  0.9999999887  0.0001506541221
8  29  3.009787445e-17  0.0005136089059  0.9999998681  0.0005136088833
8  30  4.995485904e-17  0.004862662012  0.9999881773  0.004862642849
8  31  5.83767345e-17  0.02541270025  0.9996771147  0.02540996506
8  32  -1.166200993e-16  0.04470526726  0.999000886  0.04469037771
8  33  8.165462396e-17  0.02296399698  0.999736339  0.02296197871
8  34  8.573641332e-18  0.008444626055  0.9999643444  0.008444525689
8  35  1.222797908e-16  0.009746174675  0.9999525064  0.009746020381
8  36  1.222797908e-16  0.009746174675  0.9999525064  0.009746020381

9  0  2.445309063e-17  0.009005478434  0.999959451  0.009005356712
9  1  -1.789246993e-16  0.004657835658  0.9999891523  0.004657818816
9  2  6.645686323e-17  -0.0009085574608  0.9999995873  -0.0009085573358
9  3  -1.182260792e-16  -0.004930132263  0.9999878469  -0.004930112291
9  4  1.529201861e-16  -0.006724590691  0.99997739  -0.00672454001
9  5  -1.600275331e-16  -0.006111321053  0.9999813259  -0.006111283012
9  6  6.331736205e-17  -0.003125921185  0.9999951143  -0.003125916095
9  7  7.966354595e-17  0.001916554383  0.9999981634  0.00191655321
9  8  1.051164578e-16  0.007565669756  0.9999713805  0.00756559758
9  9  4.02599276e-16  0.009571544088  0.9999541931  0.00957139794
9  10  1.52507694e-16  0.01292617698  0.9999164581  0.01292581702
9  11  1.307513188e-16  0.03056295288  0.9995329893  0.03055819499
9  12  1.431215991e-16  0.03171244241  0.9994972026  0.03170712725
9  13  -2.39127525e-16  0.0102899157  0.9999470593  0.01028973411
9  14  -2.283974519e-16  0.00131397415  0.9999991367  0.001313973772
9  15  -3.362440317e-16  -0.0003586574016  0.9999999357  -0.0003586573939
9  16  -1.605763359e-18  -0.0001887094664  0.9999999822  -0.0001887094653
9  17  -4.990393596e-17  0.000551930294  0.9999998477  0.000551930266
9  18  2.436060195e-17  0.001770541457  0.9999984326  0.001770540532
9  19  -1.159839967e-16  0.003788338423  0.9999928243  0.003788329361
9  20  -5.20877576e-17  0.007109284732  0.9999747291  0.007109224846
9  21  6.420853775e-17  0.01178766347  0.9999305263  0.01178739049
9  22  2.105156954e-16  0.01568346942  0.9998770169  0.01568282648
9  23  2.674493443e-16  0.01487589842  0.9998893559  0.01487534978
9  24  3.168109563e-16  0.01017810195  0.9999482036  0.01017792622
9  25  -1.868575907e-16  0.005709473212  0.999983701  0.005709442193
9  26  -2.652226115e-17  0.002836184971  0.999995978  0.002836181169
9  27  1.570412729e-18  0.001150597751  0.9999993381  0.001150597497
9  28  2.418168414e-16  0.0001383566127  0.9999999904  0.0001383566123
9  29  2.43160713e-16  -0.0003863664589  0.9999999254  -0.0003863664493
9  30  2.681904391e-16  0.0001013171661  0.9999999949  0.0001013171659
9  31  -3.579578266e-16  0.004654673378  0.999989167  0.00465465657
9  32  7.408843245e-17  0.02129745473  0.9997732178  0.02129584474
9  33  3.155640865e-18  0.03485192178  0.9993927332  0.03484486669
9  34  -3.697822927e-16  0.02060084573  0.9997878101  0.02059938861
9  35  -3.069028824e-16  0.01001345506  0.9999498658  0.01001328772
9  36  -3.069028824e-16  0.01001345506  0.9999498658  0.01001328772

10  0  -9.872052693e-17  0.007146312229  0.9999744652  0.007146251402
10  1  -3.917958799e-17  0.01279715666  0.9999181175  0.01279680737
10  2  -3.574071534e-17  0.009175079499  0.9999579093  0.00917495077
10  3  -5.624132439e-17  0.002916598968  0.9999957467  0.002916594833
10  4  6.082974407e-17  -0.002004408936  0.9999979912  -0.002004407594
10  5  -2.299610437e-16  -0.003200764975  0.9999948776  -0.00320075951
10  6  -1.329497109e-16  -0.0001340449366  0.999999991  -0.0001340449362
10  7  -2.200630536e-17  0.006005723345  0.9999819657  0.006005687242
10  8  -1.35222697e-16  0.01203724964  0.9999275532  0.01203695895
10  9  1.37466835e-16  0.01292617698  0.9999164581  0.01292581702
10  10  8.336732e-18  0.003837258431  0.9999926377  0.003837249014
10  11  2.278887543e-16  0.003079723665  0.9999952577  0.003079718797
10  12  -1.492354677e-16  0.00868959146  0.9999622457  0.008689482103
10  13  -1.115488092e-16  0.001651293173  0.9999986366  0.001651292422
10  14  -2.981086167e-17  -0.002211481257  0.9999975547  -0.002211479454
10  15  -2.081486113e-16  -0.002285483062  0.9999973883  -0.002285481072
10  16  6.924790892e-17  -0.001506645404  0.999998865  -0.001506644834
10  17  -1.768718582e-16  -0.000577256431  0.9999998334  -0.000577256399
10  18  -1.526070027e-16  0.0007061974187  0.9999997506  0.00070619736
10  19  -6.855478584e-17  0.003148486452  0.9999950435  0.00314848125
10  20  -2.458747311e-17  0.008837771172  0.9999609472  0.008837656125
10  21  2.355322429e-17  0.0234976963  0.9997239418  0.02349553401
10  22  2.182115889e-17  0.05779421572  0.9983303791  0.05776204733
10  23  1.226208867e-16  0.08263634234  0.99658756  0.08254232375
10  24  -3.058321639e-17  0.04470307109  0.9990009841  0.04468818374
10  25  -1.574104489e-16  0.01604758816  0.9998712402  0.01604689939
10  26  6.567515309e-17  0.005709473212  0.999983701  0.005709442193
10  27  2.291341885e-16  0.001780667858  0.9999984146  0.001780666917
10  28  8.144962617e-17  3.460495404e-06  1  3.460495404e-06
10  29  -2.04213934e-16  -0.001056669386  0.9999994417  -0.00105666919
10  30  -1.758615793e-16  -0.00190104878  0.999998193  -0.001901047635
10  31  -7.678757423e-17  -0.00233859111  0.9999972655  -0.002338588978
10  32  1.965198932e-16  -0.0004647745053  0.999999892  -0.0004647744886
10  33  1.257567117e-16  0.006941313923  0.9999759092  0.006941258182
10  34  1.084317041e-16  0.00855206868  0.9999634313  0.008551964434
10  35  -4.063670321e-17  -0.0007996086994  0.9999996803  -0.0007996086142
10  36  -4.063670321e-17  -0.0007996086994  0.9999996803  -0.0007996086142

11  0  -8.290076619e-17  -0.03282099234  0.9994614396  -0.0328151001
11  1  9.270422e-17  0.01870031334  0.9998251542  0.01869922344
11  2  -9.552935793e-17  0.03368601115  0.99943268  0.03367964066
11  3  -1.308965545e-16  0.034472828  0.9994058709  0.03446600063
11  4  2.044099217e-16  0.02612401419  0.9996587873  0.02612104284
11  5  -1.011860399e-16  0.0182120078  0.999834166  0.01821100107
11  6  -3.653452496e-16  0.02107977741  0.9997778297  0.02107821629
11  7  8.363839389e-17  0.0317608644  0.9994956661  0.03175552486
11  8  -1.312575965e-16  0.03721456441  0.999307618  0.03720597512
11  9  -2.452717538e-16  0.03056295288  0.9995329893  0.03055819499
11  10  -2.839935469e-16  0.003079723665  0.9999952577  0.003079718797
11  11  -1.976401701e-16  -0.06020550886  0.9981881957  -0.06016914426
11  12  -2.061188161e-16  -0.06844100436  0.9976588285  -0.06838758532
11  13  1.491090262e-16  -0.03075669342  0.9995270502  -0.03075184448
11  14  -9.675607713e-17  -0.01441470085  0.99989611  -0.01441420166
11  15  -2.871181259e-16  -0.007615566542  0.9999710017  -0.007615492929
11  16  4.271708719e-16  -0.00424920531  0.9999909721  -0.004249192523
11  17  -5.542535566e-17  -0.002401445007  0.9999971165  -0.002401442699
11  18  5.795243418e-17  -0.001057323192  0.999999441  -0.001057322995
11  19  1.082465398e-16  0.0007556398151  0.9999997145  0.0007556397432
11  20  1.475579637e-16  0.005016389364  0.9999874179  0.005016368325
11  21  2.320388202e-16  0.01935669654  0.999812665  0.01935548779
11  22  2.578571478e-16  0.09267197142  0.9957090251  0.09253938243
11  23  1.599898898e-16  0.4695178217  0.8917865565  0.4524563379
11  24  1.758745016e-16  0.3086813533  0.9527350063  0.3038025801
11  25  -6.020484468e-17  0.04470307109  0.9990009841  0.04468818374
11  26  -7.82954751e-17  0.01017810195  0.9999482036  0.01017792622
11  27  2.306815548e-16  0.002404410353  0.9999971094  0.002404408036
11  28  4.207861893e-16  -0.0002830477554  0.9999999599  -0.0002830477516
11  29  1.398414349e-16  -0.001721822954  0.9999985177  -0.001721822103
11  30  5.843689032e-17  -0.003192923007  0.9999949026  -0.003192917582
11  31  1.178166118e-16  -0.005574045575  0.999984465  -0.005574016711
11  32  1.581907563e-16  -0.01001212661  0.9999498791  -0.01001195934
11  33  -2.08713767e-17  -0.01891403143  0.999821135  -0.01891290373
11  34  -8.280336992e-17  -0.04159605111  0.999135009  -0.04158405702
11  35  -2.37554409e-16  -0.07767307412  0.9969849631  -0.07759499602
11  36  -2.37554409e-16  -0.07767307412  0.9969849631  -0.07759499602

12  0  1.373354576e-16  -0.1471422286  0.9891940998  -0.1466118444
12  1  1.258434821e-16  -0.01811657758  0.9998358993  -0.01811558659
12  2  -9.771922519e-17  0.02312680502  0.9997325874  0.02312474352
12  3  -1.149250806e-16  0.03803723462  0.9992766716  0.03802806304
12  4  1.017796191e-16  0.04134168152  0.9991455544  0.04132990611
12  5  4.164183399e-16  0.03517888906  0.9993812867  0.03517163355
12  6  8.762394386e-17  0.03277705059  0.9994628806  0.03277118198
12  7  1.997157121e-16  0.03932403303  0.9992269098  0.03931389884
12  8  1.647982466e-16  0.04096897061  0.9991608891  0.04095751079
12  9  2.007775327e-16  0.03171244241  0.9994972026  0.03170712725
12  10  1.160945926e-16  0.00868959146  0.9999622457  0.008689482103
12  11  -5.510266953e-17  -0.06844100436  0.9976588285  -0.06838758531
12  12  -9.247363427e-17  -0.1991438179  0.9802363157  -0.1978301426
12  13  -1.374187019e-16  -0.128721581  0.9917268101  -0.1283664054
12  14  1.57000006e-17  -0.04788305765  0.9988538254  -0.04786476214
12  15  2.62089846e-16  -0.02022677334  0.9997954458  -0.02022539416
12  16  2.892846384e-16  -0.009780370424  0.9999521726  -0.009780214501
12  17  -7.934837761e-17  -0.005265089355  0.9999861394  -0.005265065029
12  18  -3.632176964e-16  -0.003068886337  0.999995291  -0.003068881519
12  19  -4.360161617e-19  -0.00153937118  0.9999988152  -0.001539370572
12  20  -6.061730261e-17  0.0007434240961  0.9999997237  0.0007434240277
12  21  -3.3927106e-16  0.007029284584  0.9999752947  0.007029226697
12  22  -1.699282534e-16  0.03553607612  0.9993686601  0.03552859736
12  23  2.747480409e-16  0.2783505664  0.9615099611  0.2747700762
12  24  2.559053972e-16  0.4695178217  0.8917865565  0.4524563379
12  25  -1.679088346e-16  0.08263634234  0.99658756  0.08254232375
12  26  -5.836266877e-17  0.01487589842  0.9998893559  0.01487534978
12  27  -3.231482148e-16  0.002914959788  0.9999957515  0.00291495566
12  28  -1.805845768e-17  -0.0006243894265  0.9999998051  -0.0006243893859
12  29  3.127397123e-16  -0.00231787264  0.9999973137  -0.002317870565
12  30  -7.561114936e-17  -0.004018953591  0.999991924  -0.004018942772
12  31  -2.866052135e-17  -0.007092102243  0.9999748511  -0.00709204279
12  32  5.607281781e-17  -0.01380627852  0.9999046949  -0.01380583991
12  33  1.865613993e-17  -0.03000643164  0.9995498408  -0.03000192895
12  34  1.283119549e-16  -0.07553241311  0.9971487832  -0.07546061303
12  35  -3.723455949e-16  -0.1827064579  0.9833555541  -0.181691646
12  36  -3.723455949e-16  -0.1827064579  0.9833555541  -0.181691646

13  0  1.52028455e-16  -0.1641504179  0.9865575452  -0.1634142284
13  1  -3.020833299e-17  -0.06631239843  0.9978021385  -0.06626380948
13  2  -1.782037632e-16  -0.009025497425  0.9999592705  -0.00902537489
13  3  3.563063286e-17  0.007421796588  0.9999724586  0.007421728452
13  4  1.518564466e-16  0.01147342524  0.999934181  0.01147317351
13  5  -1.266490331e-16  0.01017204041  0.9999482652  0.01017186499
13  6  -2.850154061e-16  0.007952231415  0.9999683812  0.007952147602
13  7  1.744052507e-16  0.0090171243  0.999959346  0.009017002106
13  8  4.75232689e-16  0.01135838859  0.9999354942  0.01135814436
13  9  2.23271315e-16  0.0102899157  0.9999470593  0.01028973411
13  10  -1.497537634e-17  0.001651293173  0.9999986366  0.001651292422
13  11  1.044852032e-16  -0.03075669342  0.9995270502  -0.03075184448
13  12  -2.104518665e-16  -0.128721581  0.9917268101  -0.1283664054
13  13  1.768142858e-16  -0.1620317379  0.9869015531  -0.1613236635
13  14  -3.453962772e-16  -0.08342234308  0.9965223739  -0.08332561673
13  15  -2.339789354e-17  -0.03803927727  0.9992765939  -0.03803010421
13  16  1.361829532e-17  -0.01842570653  0.9998302515  -0.01842466394
13  17  7.940364538e-17  -0.009614377345  0.9999537822  -0.009614229226
13  18  5.636718027e-17  -0.005527022004  0.9999847261  -0.005526993865
13  19  3.311323505e-17  -0.003471232929  0.9999939753  -0.003471225958
13  20  1.928717653e-16  -0.001893007545  0.9999982083  -0.001893006414
13  21  7.391273767e-17  0.000722695336  0.9999997389  0.0007226952731
13  22  -2.386992582e-16  0.008002480207  0.9999679803  0.008002394795
13  23  2.506933139e-17  0.03553607612  0.9993686601  0.03552859736
13  24  -2.939127392e-16  0.09267197142  0.9957090251  0.09253938243
13  25  -3.765058567e-16  0.05779421572  0.9983303791  0.05776204733
13  26  -1.281272862e-16  0.01568346942  0.9998770169  0.01568282648
13  27  1.658989603e-16  0.003137451573  0.9999950782  0.003137446426
13  28  2.860852235e-16  -0.0008825614679  0.9999996105  -0.0008825613533
13  29  9.154988499e-17  -0.002738097644  0.9999962514  -0.002738094223
13  30  1.589168818e-16  -0.004407602153  0.9999902865  -0.004407587882
13  31  -6.937671447e-17  -0.007291156098  0.9999734196  -0.007291091497
13  32  2.563794176e-16  -0.01340101025  0.9999102078  -0.01340060914
13  33  -1.097495437e-16  -0.02687070844  0.9996390042  -0.02686747496
13  34  6.746681061e-17  -0.0579871024  0.998319219  -0.05795461089
13  35  2.075324971e-16  -0.127956054  0.9918247875  -0.1276071743
13  36  2.075324971e-16  -0.127956054  0.9918247875  -0.1276071743

14  0  6.579208751e-18  -0.08327742853  0.9965344385  -0.08318120527
14  1  6.564672944e-17  -0.06642753913  0.9977945022  -0.06637869668
14  2  3.747004058e-17  -0.02682038098  0.9996403551  -0.02681716563
14  3  1.83794158e-16  -0.006642234517  0.9999779404  -0.006642185676
14  4  1.621871254e-16  3.984751738e-05  0.9999999992  3.984751737e-05
14  5  1.980962417e-17  0.001636999434  0.9999986601  0.001636998703
14  6  5.29394689e-17  0.001427297872  0.9999989814  0.001427297387
14  7  2.938348622e-16  0.001294992347  0.9999991615  0.001294991985
14  8  -1.354321542e-16  0.001707553878  0.9999985421  0.001707553048
14  9  -3.09424893e-16  0.00131397415  0.9999991367  0.001313973772
14  10  -2.002668529e-16  -0.002211481257  0.9999975547  -0.002211479454
14  11  7.343708966e-17  -0.01441470085  0.99989611  -0.01441420166
14  12  2.781891291e-16  -0.04788305765  0.9988538254  -0.04786476214
14  13  1.998368436e-16  -0.08342234308  0.9965223739  -0.08332561673
14  14  1.791953273e-17  -0.07267448692  0.9973603716  -0.07261053111
14  15  2.714533394e-16  -0.04728771745  0.9988821442  -0.04727009586
14  16  -9.530194616e-17  -0.02701059637  0.999635236  -0.02700731213
14  17  1.00613404e-16  -0.01497063319  0.9998879422  -0.01497007399
14  18  1.947330183e-16  -0.008662189223  0.9999624835  -0.008662080898
14  19  1.328965255e-16  -0.005443314025  0.9999851852  -0.005443287144
14  20  3.616051773e-16  -0.003645272555  0.999993356  -0.003645264482
14  21  1.270592751e-16  -0.002021960952  0.9999979558  -0.002021959574
14  22  -3.971103412e-16  0.0007226953359  0.9999997389  0.000722695273
14  23  -5.92122024e-17  0.007029284584  0.9999752947  0.007029226697
14  24  4.055312293e-17  0.01935669654  0.999812665  0.01935548779
14  25  -1.059320387e-16  0.0234976963  0.9997239418  0.02349553401
14  26  -6.118724323e-17  0.01178766347  0.9999305263  0.01178739049
14  27  1.283160015e-16  0.002971826947  0.9999955841  0.002971822572
14  28  -9.599313852e-17  -0.0009516559969  0.9999995472  -0.0009516558532
14  29  4.234402867e-17  -0.002924041277  0.999995725  -0.00292403711
14  30  2.692166404e-16  -0.004514286039  0.9999898106  -0.004514270707
14  31  -9.016826021e-17  -0.006901020897  0.999976188  -0.006900966122
14  32  -2.10538598e-16  -0.01150925316  0.9999337693  -0.01150899907
14  33  -4.267292174e-18  -0.02045288694  0.999790847  -0.020451461
14  34  4.412199609e-17  -0.03683663457  0.9993216079  -0.0368283043
14  35  -3.604609044e-17  -0.06141460517  0.9981147158  -0.06137600566
14  36  -3.604609044e-17  -0.06141460517  0.9981147158  -0.06137600566

15  0  8.379542695e-17  -0.04875068256  0.9988119208  -0.04873137447
15  1  4.106597751e-17  -0.04371530013  0.9990446384  -0.04370137794
15  2  1.05081373e-17  -0.02860308799  0.9995909596  -0.02859918794
15  3  2.80910612e-16  -0.01263814843  0.9999201397  -0.012637812
15  4  2.244228304e-16  -0.004372784302  0.9999904394  -0.004372770367
15  5  3.698762812e-17  -0.001119701418  0.9999993731  -0.001119701184
15  6  4.668866919e-17  -1.692010562e-05  0.9999999999  -1.692010562e-05
15  7  1.483017731e-16  0.0002429513506  0.9999999705  0.0002429513482
15  8  -2.492477657e-16  0.0001908688384  0.9999999818  0.0001908688372
15  9  -1.097508572e-16  -0.0003586574016  0.9999999357  -0.0003586573939
15  10  -2.291464005e-16  -0.002285483062  0.9999973883  -0.002285481072
15  11  -3.753155962e-16  -0.007615566542  0.9999710017  -0.007615492929
15  12  -1.964066773e-16  -0.02022677334  0.9997954458  -0.02022539416
15  13  7.548595853e-17  -0.03803927727  0.9992765939  -0.03803010421
15  14  2.518807039e-16  -0.04728771745  0.9988821442  -0.04727009586
15  15  1.519981539e-16  -0.04734664169  0.9988793571  -0.04732895414
15  16  -8.189127289e-17  -0.03630664436  0.9993409862  -0.03629866848
15  17  -8.2769686e-17  -0.02195528665  0.9997589924  -0.02195352282
15  18  -2.367584938e-16  -0.01288496751  0.99991699  -0.01288461098
15  19  -1.40442197e-17  -0.0080316081  0.9999677468  -0.008031521752
15  20  2.300550022e-16  -0.005375227683  0.9999855535  -0.005375201798
15  21  2.534608167e-16  -0.003645272555  0.999993356  -0.003645264482
15  22  -4.622872063e-17  -0.001893007545  0.9999982083  -0.001893006414
15  23  3.998729673e-17  0.0007434240961  0.9999997237  0.0007434240276
15  24  1.961699533e-16  0.005016389364  0.9999874179  0.005016368325
15  25  7.456170521e-17  0.008837771172  0.9999609472  0.008837656125
15  26  8.273551859e-17  0.007109284732  0.9999747291  0.007109224846
15  27  1.060559222e-16  0.002511626085  0.9999968459  0.002511623444
15  28  -1.204113644e-16  -0.0008049655492  0.999999676  -0.0008049654623
15  29  -2.662796181e-17  -0.002864182399  0.9999958982  -0.002864178483
15  30  1.025022004e-16  -0.004517349227  0.9999897968  -0.004517333863
15  31  2.011933755e-16  -0.00661018007  0.9999781528  -0.006610131932
15  32  -3.27689844e-16  -0.01019827943  0.999947998  -0.01019810266
15  33  -6.963887202e-17  -0.0168075427  0.9998587566  -0.01680675137
15  34  -2.934309456e-16  -0.02863891073  0.9995899344  -0.02863499601
15  35  -6.544920721e-17  -0.04337178603  0.9990595915  -0.04335818945
15  36  -6.544920721e-17  -0.04337178603  0.9990595915  -0.04335818945

16  0  1.292848761e-16  -0.04108058167  0.9991563116  -0.04106902795
16  1  2.187248044e-16  -0.031234458  0.999512244  -0.03122937957
16  2  -1.137197083e-16  -0.02272069311  0.9997418962  -0.02271873831
16  3  1.296808891e-16  -0.01373759126  0.9999056408  -0.01373715917
16  4  1.623081622e-17  -0.006570719371  0.9999784129  -0.00657067209
16  5  1.721071152e-16  -0.002663509756  0.9999964529  -0.002663506606
16  6  2.509274848e-17  -0.0007530070995  0.9999997165  -0.0007530070283
16  7  2.739563394e-16  0.0001405221712  0.9999999901  0.0001405221707
16  8  -1.056860855e-16  0.0003203513842  0.9999999487  0.0003203513788
16  9  -2.228272208e-16  -0.0001887094664  0.9999999822  -0.0001887094653
16  10  1.73574011e-16  -0.001506645404  0.999998865  -0.001506644834
16  11  7.92831778e-17  -0.00424920531  0.9999909721  -0.004249192523
16  12  9.49466808e-17  -0.009780370424  0.9999521726  -0.009780214501
16  13  3.368831047e-17  -0.01842570653  0.9998302515  -0.01842466394
16  14  -3.530590181e-17  -0.02701059637  0.999635236  -0.02700731213
16  15  -3.884945134e-17  -0.03630664436  0.9993409862  -0.03629866848
16  16  1.122154016e-16  -0.04276423297  0.9990857495  -0.04275119977
16  17  5.791118332e-18  -0.03381238191  0.9994284159  -0.03380593946
16  18  3.539379183e-17  -0.02028139195  0.9997943396  -0.02028000157
16  19  -2.846295911e-16  -0.01225996054  0.9999248476  -0.01225965341
16  20  -3.744589484e-16  -0.0080316081  0.9999677468  -0.008031521752
16  21  6.381447859e-17  -0.005443314025  0.9999851852  -0.005443287144
16  22  7.21513791e-17  -0.003471232929  0.9999939753  -0.003471225958
16  23  -1.060252944e-16  -0.00153937118  0.9999988152  -0.001539370572
16  24  -2.163084239e-16  0.0007556398151  0.9999997145  0.0007556397432
16  25  1.649189113e-17  0.003148486452  0.9999950435  0.003148481251
16  26  1.763236728e-16  0.003788338423  0.9999928243  0.003788329361
16  27  -1.828735526e-16  0.001936318961  0.9999981253  0.001936317751
16  28  -6.356068951e-17  -0.0005049579757  0.9999998725  -0.0005049579543
16  29  2.989430707e-17  -0.002565037402  0.9999967103  -0.002565034589
16  30  -4.786375373e-17  -0.004466331169  0.999990026  -0.00446631632
16  31  3.809344139e-18  -0.006681329599  0.99997768  -0.00668127989
16  32  4.951403815e-17  -0.009903523084  0.9999509605  -0.009903361196
16  33  1.982096529e-16  -0.01554503903  0.9998791783  -0.01554441297
16  34  -2.843687925e-16  -0.02627234433  0.9996549018  -0.02626932208
16  35  5.736340271e-17  -0.04021124398  0.9991916369  -0.0402004083
16  36  5.736340271e-17  -0.04021124398  0.9991916369  -0.0402004083

17  0  3.255735875e-16  -0.04008529812  0.999196692  -0.04007456393
17  1  4.44100427e-16  -0.02701398598  0.9996351445  -0.0270107005
17  2  -1.180314666e-17  -0.01799312449  0.9998381281  -0.01799215362
17  3  3.114031013e-17  -0.01221374307  0.9999254132  -0.01221343941
17  4  -2.431109826e-16  -0.00726269018  0.9999736268  -0.007262626333
17  5  -2.090547902e-16  -0.00368742418  0.9999932015  -0.003687415824
17  6  5.981119367e-17  -0.001422055738  0.9999989889  -0.001422055259
17  7  4.550066683e-17  5.347193487e-05  0.9999999986  5.347193485e-05
17  8  -2.327986435e-17  0.0007988674391  0.9999996809  0.0007988673541
17  9  -1.569341488e-16  0.000551930294  0.9999998477  0.000551930266
17  10  2.677129609e-16  -0.000577256431  0.9999998334  -0.000577256399
17  11  -9.267137029e-17  -0.002401445007  0.9999971165  -0.002401442699
17  12  -2.029732773e-16  -0.005265089355  0.9999861394  -0.005265065029
17  13  8.904250844e-17  -0.009614377345  0.9999537822  -0.009614229226
17  14  1.46830288e-16  -0.01497063319  0.9998879422  -0.01497007399
17  15  1.314107449e-16  -0.02195528665  0.9997589924  -0.02195352282
17  16  -1.13183602e-16  -0.03381238191  0.9994284159  -0.03380593946
17  17  -3.480877002e-16  -0.04251234126  0.9990964865  -0.042499537
17  18  1.206603268e-16  -0.03345153841  0.9994405495  -0.03344530001
17  19  -8.139904946e-17  -0.02028139195  0.9997943396  -0.02028000157
17  20  2.199783381e-16  -0.01288496751  0.99991699  -0.01288461098
17  21  6.66449871e-17  -0.008662189223  0.9999624835  -0.008662080898
17  22  -2.556589935e-16  -0.005527022004  0.9999847261  -0.005526993865
17  23  -4.306622764e-17  -0.003068886337  0.999995291  -0.003068881519
17  24  -1.846688337e-16  -0.001057323192  0.999999441  -0.001057322995
17  25  -2.526531484e-16  0.0007061974187  0.9999997506  0.00070619736
17  26  -8.424510394e-17  0.001770541457  0.9999984326  0.001770540532
17  27  -5.652502128e-17  0.001354876315  0.9999990822  0.0013548759
17  28  -4.90723413e-17  -0.0001768390494  0.9999999844  -0.0001768390484
17  29  -1.109071431e-16  -0.002057734872  0.9999978829  -0.00205773342
17  30  -1.794940596e-16  -0.004252420322  0.9999909585  -0.004252407506
17  31  1.311033386e-16  -0.007043457892  0.999975195  -0.007043399654
17  32  1.712088149e-16  -0.01060916926  0.9999437233  -0.01060897024
17  33  1.129960888e-16  -0.01587528965  0.9998739902  -0.01587462283
17  34  6.184539241e-17  -0.02594544541  0.9996634358  -0.02594253458
17  35  5.084889477e-17  -0.04005135353  0.9991980517  -0.04004064659
17  36  5.084889477e-17  -0.04005135353  0.9991980517  -0.04004064659

18  0  3.4719973e-16  -0.04005135353  0.9991980517  -0.04004064659
18  1  1.547495146e-16  -0.02594544541  0.9996634358  -0.02594253458
18  2  4.207184314e-17  -0.01587528965  0.9998739902  -0.01587462283
18  3  -9.580712509e-17  -0.01060916926  0.9999437233  -0.01060897024
18  4  1.624583804e-16  -0.007043457892  0.999975195  -0.007043399654
18  5  4.232498211e-18  -0.004252420322  0.9999909585  -0.004252407506
18  6  2.124497513e-16  -0.002057734872  0.9999978829  -0.00205773342
18  7  -4.766550853e-17  -0.0001768390494  0.9999999844  -0.0001768390484
18  8  3.739614159e-17  0.001354876315  0.9999990822  0.0013548759
18  9  1.1901141e-16  0.001770541457  0.9999984326  0.001770540532
18  10  -3.387460115e-17  0.0007061974187  0.9999997506  0.00070619736
18  11  -4.824233314e-16  -0.001057323192  0.999999441  -0.001057322995
18  12  -1.300649879e-16  -0.003068886337  0.999995291  -0.003068881519
18  13  1.251439137e-16  -0.005527022004  0.9999847261  -0.005526993865
18  14  8.434226482e-17  -0.008662189223  0.9999624835  -0.008662080898
18  15  2.175365449e-16  -0.01288496751  0.99991699  -0.01288461098
18  16  -4.642343141e-17  -0.02028139195  0.9997943396  -0.02028000157
18  17  -1.591635914e-16  -0.03345153841  0.9994405495  -0.03344530001
18  18  -2.660494294e-17  -0.04251234126  0.9990964865  -0.042499537
18  19  -3.802517882e-16  -0.03381238191  0.9994284159  -0.03380593946
18  20  -2.296390443e-17  -0.02195528665  0.9997589924  -0.02195352282
18  21  -9.472199056e-17  -0.01497063319  0.9998879422  -0.01497007399
18  22  -3.103462554e-16  -0.009614377345  0.9999537822  -0.009614229226
18  23  1.708006184e-16  -0.005265089355  0.9999861394  -0.005265065029
18  24  -3.761460025e-17  -0.002401445007  0.9999971165  -0.002401442699
18  25  -1.678609382e-16  -0.0005772564311  0.9999998334  -0.000577256399
18  26  2.936771182e-16  0.000551930294  0.9999998477  0.000551930266
18  27  1.757213553e-16  0.000798867439  0.9999996809  0.0007988673541
18  28  -6.575075026e-17  5.347193487e-05  0.9999999986  5.347193484e-05
18  29  -2.126492499e-16  -0.001422055738  0.9999989889  -0.001422055259
18  30  7.831355402e-17  -0.00368742418  0.9999932015  -0.003687415824
18  31  2.617422255e-16  -0.00726269018  0.9999736268  -0.007262626333
18  32  1.946687024e-18  -0.01221374307  0.9999254132  -0.01221343941
18  33  -1.187462066e-16  -0.01799312449  0.9998381281  -0.01799215362
18  34  1.468844372e-16  -0.02701398598  0.9996351445  -0.0270107005
18  35  2.296674421e-16  -0.04008529812  0.999196692  -0.04007456393
18  36  2.296674421e-16  -0.04008529812  0.999196692  -0.04007456393

19  0  9.276028891e-17  -0.04021124398  0.9991916369  -0.0402004083
19  1  4.242392169e-17  -0.02627234433  0.9996549018  -0.02626932208
19  2  -4.200259444e-17  -0.01554503903  0.9998791783  -0.01554441297
19  3  2.548858758e-16  -0.009903523084  0.9999509605  -0.009903361196
19  4  -8.550026973e-17  -0.006681329599  0.99997768  -0.00668127989
19  5  -7.959358328e-17  -0.004466331169  0.999990026  -0.00446631632
19  6  1.06979623e-16  -0.002565037402  0.9999967103  -0.002565034589
19  7  3.767009089e-17  -0.0005049579757  0.9999998725  -0.0005049579543
19  8  -7.939277896e-17  0.001936318961  0.9999981253  0.001936317751
19  9  2.99884773e-16  0.003788338423  0.9999928243  0.003788329361
19  10  5.132181935e-17  0.003148486452  0.9999950435  0.00314848125
19  11  -1.147975066e-16  0.0007556398151  0.9999997145  0.0007556397432
19  12  8.91790353e-17  -0.00153937118  0.9999988152  -0.001539370572
19  13  1.303092356e-16  -0.003471232929  0.9999939753  -0.003471225958
19  14  3.927857594e-17  -0.005443314025  0.9999851852  -0.005443287144
19  15  1.510473866e-16  -0.0080316081  0.9999677468  -0.008031521752
19  16  -2.626826309e-16  -0.01225996054  0.9999248476  -0.01225965341
19  17  -1.584317662e-16  -0.02028139195  0.9997943396  -0.02028000157
19  18  -6.428884538e-17  -0.03381238191  0.9994284159  -0.03380593946
19  19  -3.293037627e-16  -0.04276423297  0.9990857495  -0.04275119977
19  20  -3.000338751e-16  -0.03630664436  0.9993409862  -0.03629866848
19  21  9.864291664e-17  -0.02701059637  0.999635236  -0.02700731213
19  22  -1.270504427e-16  -0.01842570653  0.9998302515  -0.01842466394
19  23  -1.350797386e-16  -0.009780370425  0.9999521726  -0.009780214501
19  24  5.752310948e-17  -0.00424920531  0.9999909721  -0.004249192523
19  25  2.514751873e-16  -0.001506645404  0.999998865  -0.001506644834
19  26  2.146809247e-16  -0.0001887094664  0.9999999822  -0.0001887094652
19  27  2.219252912e-16  0.0003203513842  0.9999999487  0.0003203513787
19  28  2.730341684e-16  0.0001405221712  0.9999999901  0.0001405221707
19  29  -6.97345238e-17  -0.0007530070995  0.9999997165  -0.0007530070283
19  30  7.729373612e-17  -0.002663509756  0.9999964529  -0.002663506606
19  31  2.297577544e-17  -0.006570719371  0.9999784129  -0.00657067209
19  32  -1.519699841e-16  -0.01373759126  0.9999056408  -0.01373715917
19  33  -1.020167468e-17  -0.02272069311  0.9997418962  -0.02271873831
19  34  8.729809298e-17  -0.031234458  0.999512244  -0.03122937957
19  35  1.964750606e-16  -0.04108058167  0.9991563116  -0.04106902795
19  36  1.964750606e-16  -0.04108058167  0.9991563116  -0.04106902795

20  0  -1.31282316e-16  -0.04337178603  0.9990595915  -0.04335818945
20  1  -3.926533037e-18  -0.02863891073  0.9995899344  -0.02863499601
20  2  7.526476116e-18  -0.0168075427  0.9998587566  -0.01680675137
20  3  1.730923315e-16  -0.01019827943  0.999947998  -0.01019810266
20  4  1.259751086e-16  -0.00661018007  0.9999781528  -0.006610131932
20  5  5.70205563e-16  -0.004517349227  0.9999897968  -0.004517333863
20  6  2.071017799e-16  -0.002864182399  0.9999958982  -0.002864178483
20  7  5.320069167e-17  -0.0008049655492  0.999999676  -0.0008049654623
20  8  -1.866754985e-16  0.002511626085  0.9999968459  0.002511623444
20  9  -2.330840607e-16  0.007109284732  0.9999747291  0.007109224846
20  10  -1.137090637e-17  0.008837771172  0.9999609472  0.008837656125
20  11  1.699314741e-16  0.005016389364  0.9999874179  0.005016368325
20  12  -5.54568277e-17  0.0007434240961  0.9999997237  0.0007434240277
20  13  -2.520835834e-16  -0.001893007545  0.9999982083  -0.001893006414
20  14  -3.085068752e-16  -0.003645272555  0.999993356  -0.003645264482
20  15  -2.051508788e-16  -0.005375227683  0.9999855535  -0.005375201798
20  16  1.056726832e-16  -0.0080316081  0.9999677468  -0.008031521752
20  17  -4.391771234e-16  -0.01288496751  0.99991699  -0.01288461098
20  18  -1.233873087e-16  -0.02195528665  0.9997589924  -0.02195352282
20  19  1.630616676e-17  -0.03630664436  0.9993409862  -0.03629866848
20  20  1.622738951e-16  -0.04734664169  0.9988793571  -0.04732895414
20  21  -3.176056038e-17  -0.04728771745  0.9988821442  -0.04727009586
20  22  3.52298603e-17  -0.03803927727  0.9992765939  -0.03803010421
20  23  -3.606394724e-16  -0.02022677334  0.9997954458  -0.02022539416
20  24  -1.287030493e-16  -0.007615566542  0.9999710017  -0.007615492929
20  25  -1.160350029e-16  -0.002285483062  0.9999973883  -0.002285481072
20  26  -2.243998479e-16  -0.0003586574016  0.9999999357  -0.0003586573939
20  27  -4.697247516e-16  0.0001908688384  0.9999999818  0.0001908688372
20  28  -6.950932576e-17  0.0002429513506  0.9999999705  0.0002429513482
20  29  1.579248869e-16  -1.692010563e-05  0.9999999999  -1.692010563e-05
20  30  6.052542924e-17  -0.001119701418  0.9999993731  -0.001119701184
20  31  1.532080495e-16  -0.004372784302  0.9999904394  -0.004372770366
20  32  -9.791033713e-17  -0.01263814843  0.9999201397  -0.012637812
20  33  -2.303897245e-17  -0.02860308799  0.9995909596  -0.02859918794
20  34  -7.246672882e-17  -0.04371530013  0.9990446384  -0.04370137794
20  35  -1.917298001e-16  -0.04875068256  0.9988119208  -0.04873137447
20  36  -1.917298001e-16  -0.04875068256  0.9988119208  -0.04873137447

21  0  5.251634891e-17  -0.06141460517  0.9981147158  -0.06137600566
21  1  4.024196998e-16  -0.03683663457  0.9993216079  -0.0368283043
21  2  3.911497394e-16  -0.02045288694  0.999790847  -0.020451461
21  3  1.992514444e-16  -0.01150925316  0.9999337693  -0.01150899907
21  4  -1.300086399e-16  -0.006901020897  0.999976188  -0.006900966122
21  5  2.943316168e-16  -0.004514286039  0.9999898106  -0.004514270707
21  6  2.083707039e-17  -0.002924041277  0.999995725  -0.00292403711
21  7  1.469842675e-16  -0.0009516559969  0.9999995472  -0.0009516558532
21  8  2.290066118e-16  0.002971826947  0.9999955841  0.002971822572
21  9  1.43659572e-16  0.01178766347  0.9999305263  0.01178739049
21  10  2.65072786e-16  0.0234976963  0.9997239418  0.02349553401
21  11  4.991391129e-17  0.01935669654  0.999812665  0.01935548779
21  12  1.235396611e-16  0.007029284584  0.9999752947  0.007029226697
21  13  -3.152048944e-17  0.000722695336  0.9999997389  0.0007226952731
21  14  -3.395081297e-19  -0.002021960952  0.9999979558  -0.002021959574
21  15  -1.134675167e-16  -0.003645272555  0.999993356  -0.003645264482
21  16  2.581746425e-17  -0.005443314025  0.9999851852  -0.005443287144
21  17  -1.509961606e-16  -0.008662189223  0.9999624835  -0.008662080898
21  18  -5.436139564e-17  -0.01497063319  0.9998879422  -0.01497007399
21  19  2.601014927e-16  -0.02701059637  0.999635236  -0.02700731213
21  20  2.328293909e-17  -0.04728771745  0.9988821442  -0.04727009586
21  21  6.907012955e-17  -0.07267448692  0.9973603716  -0.07261053111
21  22  -7.827461533e-17  -0.08342234308  0.9965223739  -0.08332561673
21  23  -1.067437875e-16  -0.04788305765  0.9988538254  -0.04786476214
21  24  -1.300038165e-17  -0.01441470085  0.99989611  -0.01441420166
21  25  7.243497571e-17  -0.002211481257  0.9999975547  -0.002211479454
21  26  3.325615651e-17  0.00131397415  0.9999991367  0.001313973772
21  27  -3.260770919e-16  0.001707553878  0.9999985421  0.001707553048
21  28  -7.611066158e-17  0.001294992347  0.9999991615  0.001294991985
21  29  -2.085817163e-16  0.001427297872  0.9999989814  0.001427297387
21  30  -8.966487119e-17  0.001636999434  0.9999986601  0.001636998703
21  31  -5.892561301e-17  3.98475174e-05  0.9999999992  3.984751739e-05
21  32  -5.648163504e-17  -0.006642234517  0.9999779404  -0.006642185676
21  33  -2.09267132e-16  -0.02682038098  0.9996403551  -0.02681716563
21  34  1.414650693e-16  -0.06642753913  0.9977945022  -0.06637869668
21  35  -3.31469449e-16  -0.08327742853  0.9965344385  -0.08318120527
21  36  -3.31469449e-16  -0.08327742853  0.9965344385  -0.08318120527

22  0  2.853672268e-17  -0.127956054  0.9918247875  -0.1276071743
22  1  -9.080800687e-17  -0.0579871024  0.998319219  -0.05795461089
22  2  3.05639423e-16  -0.02687070844  0.9996390042  -0.02686747496
22  3  -1.87326113e-17  -0.01340101025  0.9999102078  -0.01340060914
22  4  -6.684710895e-17  -0.007291156098  0.9999734196  -0.007291091497
22  5  -4.945476207e-18  -0.004407602153  0.9999902865  -0.004407587882
22  6  -1.026028487e-16  -0.002738097644  0.9999962514  -0.002738094223
22  7  8.312308778e-17  -0.0008825614679  0.9999996105  -0.0008825613533
22  8  -5.382244223e-17  0.003137451573  0.9999950782  0.003137446426
22  9  -1.838533085e-16  0.01568346942  0.9998770169  0.01568282648
22  10  1.350780677e-16  0.05779421572  0.9983303791  0.05776204733
22  11  5.229252883e-17  0.09267197142  0.9957090251  0.09253938243
22  12  1.062828933e-16  0.03553607612  0.9993686601  0.03552859736
22  13  -3.964677772e-17  0.008002480207  0.9999679803  0.008002394795
22  14  -3.380735201e-17  0.000722695336  0.9999997389  0.0007226952731
22  15  1.667331986e-16  -0.001893007545  0.9999982083  -0.001893006414
22  16  1.582043771e-16  -0.003471232929  0.9999939753  -0.003471225958
22  17  2.522398702e-16  -0.005527022004  0.9999847261  -0.005526993865
22  18  -9.271361536e-17  -0.009614377345  0.9999537822  -0.009614229226
22  19  3.092553055e-16  -0.01842570653  0.9998302515  -0.01842466394
22  20  -2.312023816e-16  -0.03803927727  0.9992765939  -0.03803010421
22  21  -1.344737065e-16  -0.08342234308  0.9965223739  -0.08332561673
22  22  9.750789499e-17  -0.1620317379  0.9869015531  -0.1613236635
22  23  2.145155568e-16  -0.128721581  0.9917268101  -0.1283664054
22  24  2.781687644e-16  -0.03075669342  0.9995270502  -0.03075184448
22  25  -1.249675954e-18  0.001651293173  0.9999986366  0.001651292422
22  26  1.43286167e-16  0.0102899157  0.9999470593  0.01028973411
22  27  -2.128824148e-16  0.01135838859  0.9999354942  0.01135814436
22  28  2.941814576e-16  0.0090171243  0.999959346  0.009017002106
22  29  5.702294426e-17  0.007952231415  0.9999683812  0.007952147602
22  30  -9.586459631e-17  0.01017204041  0.9999482652  0.01017186499
22  31  9.927329278e-17  0.01147342524  0.999934181  0.01147317351
22  32  -1.657692317e-16  0.007421796588  0.9999724586  0.007421728452
22  33  -1.542149155e-16  -0.009025497425  0.9999592705  -0.00902537489
22  34  1.91859745e-16  -0.06631239843  0.9978021385  -0.06626380949
22  35  5.009219862e-17  -0.1641504179  0.9865575452  -0.1634142284
22  36  5.009219862e-17  -0.1641504179  0.9865575452  -0.1634142284

23  0  -3.092854021e-17  -0.1827064579  0.9833555541  -0.181691646
23  1  -2.016468631e-18  -0.07553241311  0.9971487832  -0.07546061303
23  2  5.990677834e-17  -0.03000643164  0.9995498408  -0.03000192895
23  3  -2.475006851e-16  -0.01380627852  0.9999046949  -0.01380583991
23  4  9.354923996e-18  -0.007092102243  0.9999748511  -0.00709204279
23  5  -2.03403407e-16  -0.004018953591  0.999991924  -0.004018942772
23  6  -2.703997552e-16  -0.00231787264  0.9999973137  -0.002317870565
23  7  -1.171975775e-16  -0.0006243894265  0.9999998051  -0.0006243893859
23  8  5.640804426e-17  0.002914959788  0.9999957515  0.00291495566
23  9  -1.583375721e-17  0.01487589842  0.9998893559  0.01487534978
23  10  2.198992039e-16  0.08263634234  0.99658756  0.08254232375
23  11  1.057385437e-16  0.4695178217  0.8917865565  0.4524563379
23  12  2.637662684e-16  0.2783505664  0.9615099611  0.2747700762
23  13  8.219345595e-17  0.03553607612  0.9993686601  0.03552859736
23  14  -8.398097491e-17  0.007029284584  0.9999752947  0.007029226697
23  15  3.129064234e-17  0.0007434240961  0.9999997237  0.0007434240276
23  16  -9.18619206e-17  -0.00153937118  0.9999988152  -0.001539370572
23  17  2.084078596e-16  -0.003068886337  0.999995291  -0.003068881519
23  18  -2.832056146e-17  -0.005265089355  0.9999861394  -0.005265065029
23  19  -8.635164998e-17  -0.009780370424  0.9999521726  -0.009780214501
23  20  -1.57186711e-16  -0.02022677334  0.9997954458  -0.02022539416
23  21  -2.751900962e-16  -0.04788305765  0.9988538254  -0.04786476214
23  22  2.434751648e-19  -0.128721581  0.9917268101  -0.1283664054
23  23  2.340106439e-16  -0.1991438179  0.9802363157  -0.1978301426
23  24  -9.293610513e-17  -0.06844100436  0.9976588285  -0.06838758532
23  25  9.711861484e-17  0.00868959146  0.9999622457  0.008689482104
23  26  1.769824203e-16  0.03171244241  0.9994972026  0.03170712725
23  27  1.631054101e-16  0.04096897061  0.9991608891  0.04095751079
23  28  1.775723754e-16  0.03932403303  0.9992269098  0.03931389884
23  29  -1.005407738e-16  0.03277705059  0.9994628806  0.03277118198
23  30  -4.208565552e-16  0.03517888906  0.9993812867  0.03517163355
23  31  9.209555756e-17  0.04134168152  0.9991455544  0.04132990611
23  32  -1.526761771e-16  0.03803723462  0.9992766716  0.03802806304
23  33  -7.259554497e-17  0.02312680502  0.9997325874  0.02312474352
23  34  -9.372220736e-18  -0.01811657758  0.9998358993  -0.01811558659
23  35  1.624332946e-16  -0.1471422286  0.9891940998  -0.1466118444
23  36  1.624332946e-16  -0.1471422286  0.9891940998  -0.1466118444

24  0  6.778530968e-17  -0.07767307412  0.9969849631  -0.07759499602
24  1  -1.071530343e-16  -0.04159605111  0.999135009  -0.04158405702
24  2  -1.220753328e-16  -0.01891403143  0.999821135  -0.01891290373
24  3  -7.816707588e-17  -0.01001212661  0.9999498791  -0.01001195934
24  4  2.434282804e-16  -0.005574045575  0.999984465  -0.005574016711
24  5  -4.343879307e-17  -0.003192923007  0.9999949026  -0.003192917582
24  6  1.139496204e-16  -0.001721822954  0.9999985177  -0.001721822103
24  7  4.295324202e-16  -0.0002830477555  0.9999999599  -0.0002830477517
24  8  1.688855154e-16  0.002404410353  0.9999971094  0.002404408036
24  9  -8.049810258e-17  0.01017810195  0.9999482036  0.01017792622
24  10  5.633867515e-17  0.04470307109  0.9990009841  0.04468818374
24  11  1.020121715e-16  0.3086813533  0.9527350063  0.3038025801
24  12  1.884619253e-16  0.4695178217  0.8917865565  0.4524563379
24  13  -3.878560585e-17  0.09267197142  0.9957090251  0.09253938243
24  14  -2.674748082e-16  0.01935669654  0.999812665  0.01935548779
24  15  1.654231942e-16  0.005016389364  0.9999874179  0.005016368325
24  16  2.200323667e-16  0.0007556398151  0.9999997145  0.0007556397432
24  17  -1.701991217e-16  -0.001057323192  0.999999441  -0.001057322995
24  18  -3.816628457e-17  -0.002401445007  0.9999971165  -0.002401442699
24  19  -2.70424471e-16  -0.00424920531  0.9999909721  -0.004249192523
24  20  -3.365882112e-16  -0.007615566542  0.9999710017  -0.007615492929
24  21  -3.76745637e-16  -0.01441470085  0.99989611  -0.01441420166
24  22  -1.478130239e-17  -0.03075669342  0.9995270502  -0.03075184448
24  23  5.965609916e-17  -0.06844100436  0.9976588285  -0.06838758531
24  24  -3.924101164e-16  -0.06020550886  0.9981881957  -0.06016914426
24  25  2.241227677e-17  0.003079723665  0.9999952577  0.003079718797
24  26  2.228957682e-16  0.03056295288  0.9995329893  0.03055819499
24  27  1.504992481e-16  0.03721456441  0.999307618  0.03720597512
24  28  -6.578322914e-17  0.0317608644  0.9994956661  0.03175552486
24  29  -2.121203904e-16  0.02107977741  0.9997778297  0.02107821629
24  30  -2.908508913e-16  0.0182120078  0.999834166  0.01821100107
24  31  1.476745719e-16  0.02612401419  0.9996587873  0.02612104284
24  32  2.50821127e-17  0.034472828  0.9994058709  0.03446600063
24  33  8.693667431e-17  0.03368601115  0.99943268  0.03367964066
24  34  -3.096588408e-16  0.01870031334  0.9998251542  0.01869922344
24  35  7.620374036e-17  -0.03282099234  0.9994614396  -0.0328151001
24  36  7.620374036e-17  -0.03282099234  0.9994614396  -0.0328151001

25  0  -2.151932664e-17  -0.0007996086991  0.9999996803  -0.0007996086139
25  1  -1.045940163e-16  0.00855206868  0.9999634313  0.008551964434
25  2  7.275181037e-17  0.006941313923  0.9999759092  0.006941258182
25  3  1.009325526e-16  -0.0004647745053  0.999999892  -0.0004647744886
25  4  2.00402605e-16  -0.00233859111  0.9999972655  -0.002338588979
25  5  -1.375907036e-16  -0.00190104878  0.999998193  -0.001901047635
25  6  2.71416461e-17  -0.001056669386  0.9999994417  -0.00105666919
25  7  1.924624469e-16  3.460495402e-06  1  3.460495402e-06
25  8  1.937481672e-16  0.001780667858  0.9999984146  0.001780666917
25  9  1.08438343e-16  0.005709473212  0.999983701  0.005709442193
25  10  8.650129564e-17  0.01604758816  0.9998712402  0.01604689939
25  11  -2.818150649e-17  0.04470307109  0.9990009841  0.04468818374
25  12  -9.266190939e-18  0.08263634234  0.99658756  0.08254232375
25  13  -2.115154247e-17  0.05779421572  0.9983303791  0.05776204733
25  14  1.05332652e-16  0.0234976963  0.9997239418  0.02349553401
25  15  -2.700975366e-17  0.008837771172  0.9999609472  0.008837656125
25  16  1.858002748e-17  0.003148486452  0.9999950435  0.00314848125
25  17  -1.535359789e-16  0.0007061974187  0.9999997506  0.00070619736
25  18  -1.775092367e-16  -0.000577256431  0.9999998334  -0.000577256399
25  19  -2.892373055e-16  -0.001506645404  0.999998865  -0.001506644834
25  20  -5.798419247e-17  -0.002285483062  0.9999973883  -0.002285481072
25  21  8.169262563e-17  -0.002211481257  0.9999975547  -0.002211479454
25  22  -2.496267263e-17  0.001651293172  0.9999986366  0.001651292422
25  23  1.323283435e-16  0.00868959146  0.9999622457  0.008689482103
25  24  9.05820727e-17  0.003079723665  0.9999952577  0.003079718797
25  25  2.289554315e-17  0.003837258431  0.9999926377  0.003837249014
25  26  3.412401083e-17  0.01292617698  0.9999164581  0.01292581702
25  27  -3.61405766e-17  0.01203724964  0.9999275532  0.01203695895
25  28  -3.648899796e-17  0.006005723345  0.9999819657  0.006005687242
25  29  -1.280088943e-16  -0.0001340449367  0.999999991  -0.0001340449363
25  30  8.680221523e-17  -0.003200764975  0.9999948776  -0.00320075951
25  31  4.405392038e-16  -0.002004408936  0.9999979912  -0.002004407594
25  32  1.578963411e-16  0.002916598968  0.9999957467  0.002916594833
25  33  2.918544052e-16  0.009175079498  0.9999579093  0.009174950769
25  34  -1.401487036e-16  0.01279715666  0.9999181175  0.01279680737
25  35  -1.700244306e-16  0.007146312229  0.9999744652  0.007146251402
25  36  -1.700244306e-16  0.007146312229  0.9999744652  0.007146251402

26  0  -6.830695201e-17  0.01001345506  0.9999498658  0.01001328772
26  1  1.934750132e-16  0.02060084573  0.9997878101  0.02059938861
26  2  -4.423012896e-17  0.03485192178  0.9993927332  0.03484486669
26  3  -3.487028815e-16  0.02129745473  0.9997732178  0.02129584474
26  4  -1.996845069e-16  0.004654673378  0.999989167  0.00465465657
26  5  -6.837526647e-17  0.0001013171661  0.9999999949  0.0001013171659
26  6  -2.159527075e-16  -0.0003863664589  0.9999999254  -0.0003863664493
26  7  -9.168016155e-17  0.0001383566127  0.9999999904  0.0001383566123
26  8  -2.390674897e-16  0.001150597751  0.9999993381  0.001150597497
26  9  -4.394253627e-17  0.002836184971  0.999995978  0.002836181169
26  10  1.086158201e-17  0.005709473212  0.999983701  0.005709442193
26  11  1.12267499e-16  0.01017810195  0.9999482036  0.01017792622
26  12  -1.433500306e-16  0.01487589842  0.9998893559  0.01487534978
26  13  -9.955024044e-17  0.01568346942  0.9998770169  0.01568282648
26  14  8.305198242e-17  0.01178766347  0.9999305263  0.01178739049
26  15  2.200726542e-16  0.007109284732  0.9999747291  0.007109224846
26  16  3.088529428e-17  0.003788338423  0.9999928243  0.003788329361
26  17  -9.183452895e-17  0.001770541457  0.9999984326  0.001770540532
26  18  -2.669913284e-16  0.000551930294  0.9999998477  0.000551930266
26  19  -1.136608807e-16  -0.0001887094664  0.9999999822  -0.0001887094653
26  20  2.172230459e-16  -0.0003586574016  0.9999999357  -0.0003586573939
26  21  2.088961504e-16  0.00131397415  0.9999991367  0.001313973772
26  22  2.371363072e-16  0.0102899157  0.9999470593  0.01028973411
26  23  3.81615032e-16  0.03171244241  0.9994972026  0.03170712725
26  24  -2.679784722e-17  0.03056295288  0.9995329893  0.03055819499
26  25  -2.480529446e-16  0.01292617698  0.9999164581  0.01292581702
26  26  2.692275531e-16  0.009571544088  0.9999541931  0.00957139794
26  27  -3.374086839e-16  0.007565669756  0.9999713805  0.00756559758
26  28  -2.039313648e-16  0.001916554383  0.9999981634  0.00191655321
26  29  -1.045869193e-16  -0.003125921185  0.9999951143  -0.003125916095
26  30  1.201060074e-16  -0.006111321053  0.9999813259  -0.006111283012
26  31  1.078339639e-16  -0.006724590691  0.99997739  -0.00672454001
26  32  1.298029394e-16  -0.004930132263  0.9999878469  -0.00493011229
26  33  1.214563002e-16  -0.0009085574608  0.9999995873  -0.0009085573358
26  34  -1.460925709e-17  0.004657835658  0.9999891523  0.004657818816
26  35  -6.495794569e-17  0.009005478434  0.999959451  0.009005356712
26  36  -6.495794569e-17  0.009005478434  0.999959451  0.009005356712

27  0  2.392299502e-16  0.009746174675  0.9999525064  0.009746020381
27  1  -1.016835774e-16  0.008444626055  0.9999643444  0.008444525689
27  2  -4.99806455e-17  0.02296399698  0.999736339  0.02296197871
27  3  -1.176910586e-16  0.04470526726  0.999000886  0.04469037771
27  4  1.040418859e-16  0.02541270025  0.9996771147  0.02540996506
27  5  2.272557917e-16  0.004862662012  0.9999881773  0.004862642849
27  6  -1.86801353e-16  0.0005136089059  0.9999998681  0.0005136088833
27  7  2.571521121e-16  0.0001506541226  0.9999999887  0.000150654122
27  8  7.681041385e-17  0.0005651229708  0.9999998403  0.0005651229407
27  9  -2.434027332e-16  0.001150597751  0.9999993381  0.001150597497
27  10  -3.313191943e-16  0.001780667858  0.9999984146  0.001780666917
27  11  -6.503740747e-17  0.002404410353  0.9999971094  0.002404408036
27  12  -7.430435053e-17  0.002914959788  0.9999957515  0.00291495566
27  13  2.556691116e-17  0.003137451573  0.9999950782  0.003137446426
27  14  1.294373333e-16  0.002971826947  0.9999955841  0.002971822572
27  15  2.208379415e-16  0.002511626085  0.9999968459  0.002511623444
27  16  -1.343720759e-16  0.001936318961  0.9999981253  0.001936317751
27  17  2.981153057e-16  0.001354876315  0.9999990822  0.0013548759
27  18  -1.246180635e-16  0.0007988674391  0.9999996809  0.0007988673541
27  19  -3.21409352e-16  0.0003203513843  0.9999999487  0.0003203513788
27  20  -2.868568586e-17  0.0001908688383  0.9999999818  0.0001908688372
27  21  -2.78794724e-17  0.001707553878  0.9999985421  0.001707553048
27  22  1.930839736e-16  0.01135838859  0.9999354942  0.01135814436
27  23  8.400234747e-18  0.04096897061  0.9991608891  0.0409575108
27  24  -2.855369012e-16  0.03721456441  0.999307618  0.03720597512
27  25  3.18415465e-16  0.01203724964  0.9999275532  0.01203695895
27  26  -1.176160257e-16  0.007565669756  0.9999713805  0.00756559758
27  27  -1.919336925e-16  0.01105293657  0.9999389169  0.01105271152
27  28  -4.986416219e-16  0.00817854933  0.9999665559  0.008178458155
27  29  -2.323326851e-16  0.001300604056  0.9999991542  0.001300603689
27  30  1.464779234e-16  -0.003614483428  0.9999934678  -0.003614475558
27  31  1.138297252e-16  -0.005702528357  0.9999837406  -0.005702497451
27  32  -4.359009238e-17  -0.005081787572  0.9999870877  -0.0050817657
27  33  -1.565550515e-16  -0.001720130098  0.9999985206  -0.00172012925
27  34  -2.186842125e-16  0.004414142218  0.9999902577  0.004414127883
27  35  4.129479806e-17  0.01072083219  0.9999425324  0.01072062682
27  36  4.129479806e-17  0.01072083219  0.9999425324  0.01072062682

28  0  -2.321826742e-17  0.01324186303  0.9999123278  0.01324147605
28  1  -1.677193191e-16  0.004296057719  0.999990772  0.004296044504
28  2  8.673559754e-20  0.002841174637  0.9999959639  0.002841170815
28  3  1.538906147e-16  0.01705290442  0.9998546027  0.01705207793
28  4  1.667140412e-16  0.04236601457  0.9991026946  0.04235334206
28  5  1.379286376e-16  0.02220870358  0.9997533969  0.02220687798
28  6  -3.874579146e-16  0.003427489896  0.9999941262  0.003427483185
28  7  -2.138781596e-16  0.000433385893  0.9999999061  0.0004333858795
28  8  2.574432485e-16  0.0001506541226  0.9999999887  0.000150654122
28  9  2.417280375e-16  0.0001383566127  0.9999999904  0.0001383566123
28  10  -2.955544467e-17  3.460495409e-06  1  3.460495409e-06
28  11  9.479511152e-17  -0.0002830477555  0.9999999599  -0.0002830477517
28  12  6.911236186e-18  -0.0006243894265  0.9999998051  -0.0006243893859
28  13  -1.312296872e-16  -0.0008825614679  0.9999996105  -0.0008825613533
28  14  1.295759514e-16  -0.0009516559969  0.9999995472  -0.0009516558532
28  15  -5.745851278e-17  -0.0008049655492  0.999999676  -0.0008049654623
28  16  -2.78592311e-16  -0.0005049579757  0.9999998725  -0.0005049579543
28  17  6.239937286e-17  -0.0001768390494  0.9999999844  -0.0001768390484
28  18  4.403739327e-17  5.347193485e-05  0.9999999986  5.347193482e-05
28  19  4.93090352e-17  0.0001405221711  0.9999999901  0.0001405221707
28  20  2.998200821e-17  0.0002429513505  0.9999999705  0.0002429513481
28  21  1.003642023e-16  0.001294992347  0.9999991615  0.001294991985
28  22  5.282440923e-19  0.0090171243  0.999959346  0.009017002106
28  23  2.237601014e-17  0.03932403303  0.9992269098  0.03931389884
28  24  -4.840793896e-17  0.0317608644  0.9994956661  0.03175552486
28  25  3.830594535e-17  0.006005723345  0.9999819657  0.006005687242
28  26  3.673515066e-17  0.001916554383  0.9999981634  0.00191655321
28  27  7.986120068e-17  0.00817854933  0.9999665559  0.008178458155
28  28  -3.399119452e-16  0.01609499825  0.9998704783  0.01609430336
28  29  -1.663513827e-17  0.01348078009  0.9999091357  0.01348037178
28  30  2.298460697e-16  0.005236369253  0.9999862902  0.005236345323
28  31  4.550130253e-18  -9.310142611e-05  0.9999999957  -9.310142598e-05
28  32  -3.21856709e-17  -0.001225801195  0.9999992487  -0.001225800888
28  33  2.829798647e-17  0.001743206625  0.9999984806  0.001743205742
28  34  -4.955356519e-17  0.008877693122  0.9999605935  0.008877576509
28  35  -1.576368247e-16  0.01642783762  0.9998650661  0.01642709873
28  36  -1.576368247e-16  0.01642783762  0.9998650661  0.01642709873

29  0  -1.285745571e-16  0.02227245659  0.9997519791  0.02227061521
29  1  -3.719645146e-17  0.00653039838  0.999978677  0.006530351964
29  2  6.898230126e-17  -0.001642592287  0.9999986509  -0.001642591548
29  3  -4.19198219e-17  -0.002465313464  0.9999969611  -0.002465310966
29  4  3.059235395e-16  0.008365410303  0.9999650102  0.008365312735
29  5  4.838366492e-16  0.03317663382  0.999449706  0.03317054796
29  6  4.585992672e-17  0.01874197223  0.9998243744  0.01874087502
29  7  5.576962454e-17  0.003427489896  0.9999941262  0.003427483185
29  8  4.456632633e-17  0.0005136089059  0.9999998681  0.0005136088833
29  9  -2.04551943e-16  -0.0003863664589  0.9999999254  -0.0003863664493
29  10  4.613721537e-18  -0.001056669386  0.9999994417  -0.00105666919
29  11  1.078085843e-16  -0.001721822954  0.9999985177  -0.001721822103
29  12  4.752368188e-17  -0.00231787264  0.9999973137  -0.002317870565
29  13  -6.344598602e-17  -0.002738097644  0.9999962514  -0.002738094223
29  14  1.152415167e-17  -0.002924041277  0.999995725  -0.00292403711
29  15  1.852947804e-16  -0.002864182399  0.9999958982  -0.002864178483
29  16  1.523435572e-16  -0.002565037402  0.9999967103  -0.002565034589
29  17  -2.080702445e-16  -0.002057734872  0.9999978829  -0.00205773342
29  18  1.681666945e-16  -0.001422055738  0.9999989889  -0.001422055259
29  19  3.897390442e-18  -0.0007530070994  0.9999997165  -0.0007530070283
29  20  4.633186987e-17  -1.69201056e-05  0.9999999999  -1.692010559e-05
29  21  2.831846016e-17  0.001427297872  0.9999989814  0.001427297387
29  22  -1.922671236e-17  0.007952231416  0.9999683812  0.007952147602
29  23  1.070212455e-16  0.03277705059  0.9994628806  0.03277118198
29  24  -1.207226005e-16  0.02107977741  0.9997778297  0.02107821629
29  25  -2.31517427e-17  -0.0001340449366  0.999999991  -0.0001340449362
29  26  -2.927728309e-16  -0.003125921185  0.9999951143  -0.003125916095
29  27  -1.05498556e-16  0.001300604056  0.9999991542  0.001300603689
29  28  -1.836705001e-17  0.01348078009  0.9999091357  0.01348037178
29  29  1.471614203e-16  0.02778423618  0.9996140429  0.02778066158
29  30  -1.045128634e-16  0.02707258178  0.99963356  0.02706927488
29  31  -4.171566728e-16  0.01682276112  0.9998585007  0.01682196764
29  32  -4.252362668e-16  0.0110882109  0.9999385264  0.01108798369
29  33  -8.10705864e-17  0.01265184773  0.9999199664  0.0126515102
29  34  -4.664445891e-17  0.02124352917  0.9997743647  0.02124193138
29  35  3.154650767e-17  0.03009970012  0.9995470382  0.03009515531
29  36  3.154650767e-17  0.03009970012  0.9995470382  0.03009515531

30  0  4.778043415e-17  0.04466357582  0.9990027483  0.04464872789
30  1  -1.333084533e-16  0.01464225129  0.9998928042  0.01464172809
30  2  1.419653868e-16  -0.0001316596441  0.9999999913  -0.0001316596437
30  3  -2.076085573e-16  -0.005341156693  0.9999857361  -0.005341131298
30  4  -1.70654137e-16  -0.005516866254  0.9999847821  -0.005516838269
30  5  -6.021120404e-18  0.004301284655  0.9999907495  0.004301271392
30  6  -2.172235849e-16  0.03317663382  0.999449706  0.03317054797
30  7  -2.18807692e-16  0.02220870358  0.9997533969  0.02220687798
30  8  1.430859849e-16  0.004862662012  0.9999881773  0.004862642849
30  9  4.317571327e-17  0.0001013171661  0.9999999949  0.0001013171659
30  10  1.885370476e-16  -0.00190104878  0.999998193  -0.001901047635
30  11  1.001055015e-16  -0.003192923007  0.9999949026  -0.003192917582
30  12  2.064337697e-16  -0.004018953591  0.999991924  -0.004018942772
30  13  9.026184553e-17  -0.004407602153  0.9999902865  -0.004407587882
30  14  -2.700705727e-16  -0.004514286039  0.9999898106  -0.004514270707
30  15  4.408239682e-17  -0.004517349227  0.9999897968  -0.004517333863
30  16  2.863750096e-16  -0.004466331169  0.999990026  -0.00446631632
30  17  -4.109088192e-16  -0.004252420322  0.9999909585  -0.004252407506
30  18  -7.505968556e-17  -0.00368742418  0.9999932015  -0.003687415824
30  19  -6.514079706e-17  -0.002663509756  0.9999964529  -0.002663506606
30  20  -3.488572006e-16  -0.001119701418  0.9999993731  -0.001119701184
30  21  -2.217025344e-17  0.001636999434  0.9999986601  0.001636998703
30  22  8.804937167e-17  0.01017204041  0.9999482652  0.01017186499
30  23  -7.213304951e-17  0.03517888906  0.9993812867  0.03517163355
30  24  2.689757758e-17  0.0182120078  0.999834166  0.01821100107
30  25  2.910206886e-16  -0.003200764975  0.9999948776  -0.00320075951
30  26  2.111057918e-16  -0.006111321053  0.9999813259  -0.006111283012
30  27  8.009956924e-17  -0.003614483428  0.9999934678  -0.003614475558
30  28  5.278372371e-16  0.005236369252  0.9999862902  0.005236345323
30  29  9.423456837e-17  0.02707258178  0.99963356  0.02706927488
30  30  -4.514369424e-16  0.05691198759  0.9983809499  0.05688126982
30  31  -3.196277804e-16  0.06152224891  0.9981081033  0.0614834461
30  32  2.774101616e-17  0.04742978065  0.9988754188  0.04741199977
30  33  -2.934412718e-17  0.04292101492  0.9990790346  0.04290783786
30  34  6.496766712e-18  0.05311540403  0.9985897085  0.05309043228
30  35  3.770450581e-16  0.06434614025  0.9979305013  0.06430174604
30  36  3.770450581e-16  0.06434614025  0.9979305013  0.06430174604

31  0  -2.089313142e-16  0.09664779583  0.9953332361  0.09649740485
31  1  -3.247419483e-16  0.03601063186  0.9993516873  0.03600284947
31  2  1.294834527e-16  0.00672832061  0.9999773649  0.006728269844
31  3  3.710358715e-17  -0.003435271839  0.9999940995  -0.003435265083
31  4  2.271318842e-18  -0.006575167116  0.9999783837  -0.006575119739
31  5  3.128066201e-16  -0.005516866254  0.9999847821  -0.005516838269
31  6  7.700773003e-17  0.008365410303  0.9999650102  0.008365312735
31  7  2.207752611e-16  0.04236601457  0.9991026946  0.04235334206
31  8  6.006616855e-17  0.02541270025  0.9996771147  0.02540996506
31  9  2.775055145e-16  0.004654673378  0.999989167  0.00465465657
31  10  2.875570922e-17  -0.00233859111  0.9999972655  -0.002338588978
31  11  -6.263650987e-17  -0.005574045575  0.999984465  -0.005574016711
31  12  9.234774843e-17  -0.007092102243  0.9999748511  -0.00709204279
31  13  -1.022362901e-16  -0.007291156098  0.9999734196  -0.007291091497
31  14  -1.281134195e-16  -0.006901020897  0.999976188  -0.006900966122
31  15  -2.463237443e-16  -0.00661018007  0.9999781528  -0.006610131932
31  16  -6.900745344e-17  -0.006681329599  0.99997768  -0.00668127989
31  17  -1.701604046e-16  -0.007043457892  0.999975195  -0.007043399654
31  18  -1.476883958e-16  -0.00726269018  0.9999736268  -0.007262626333
31  19  -1.977969357e-16  -0.006570719371  0.9999784129  -0.00657067209
31  20  -3.530298948e-17  -0.004372784302  0.9999904394  -0.004372770367
31  21  -5.942773283e-17  3.984751739e-05  0.9999999992  3.984751738e-05
31  22  -8.602865525e-17  0.01147342524  0.999934181  0.01147317352
31  23  -1.838397088e-16  0.04134168152  0.9991455544  0.04132990611
31  24  -4.939619732e-18  0.02612401419  0.9996587873  0.02612104284
31  25  3.328104142e-16  -0.002004408936  0.9999979912  -0.002004407594
31  26  5.201221934e-17  -0.006724590691  0.99997739  -0.00672454001
31  27  -1.425673692e-16  -0.005702528357  0.9999837406  -0.005702497451
31  28  1.163192324e-16  -9.310142612e-05  0.9999999957  -9.310142598e-05
31  29  3.761966435e-17  0.01682276112  0.9998585007  0.01682196764
31  30  -3.669392568e-17  0.06152224891  0.9981081033  0.0614834461
31  31  3.510524704e-16  0.1215152987  0.9926260964  0.121216471
31  32  -1.163517717e-16  0.1240816958  0.9923117382  0.1237635417
31  33  9.663487339e-17  0.102962429  0.9947040502  0.1027806035
31  34  9.552728032e-17  0.1094281892  0.9940187079  0.1092099281
31  35  3.05781514e-16  0.129830066  0.9915839086  0.1294656407
31  36  3.05781514e-16  0.129830066  0.9915839086  0.1294656407

32  0  4.617576724e-18  0.149089693  0.9889067028  0.1485379855
32  1  2.491964063e-17  0.08249258075  0.9965994161  0.08239905188
32  2  -3.453402418e-18  0.02615409509  0.9996580012  0.02615111347
32  3  1.001969715e-16  0.004031984012  0.9999918716  0.004031973087
32  4  -8.8807528e-17  -0.003435271839  0.9999940995  -0.003435265083
32  5  2.931595561e-17  -0.005341156693  0.9999857361  -0.005341131298
32  6  -3.096741356e-16  -0.002465313464  0.9999969611  -0.002465310966
32  7  -2.641663901e-17  0.01705290442  0.9998546027  0.01705207793
32  8  -1.500432802e-16  0.04470526726  0.999000886  0.04469037771
32  9  4.044571342e-16  0.02129745473  0.9997732178  0.02129584474
32  10  2.093173786e-17  -0.0004647745054  0.999999892  -0.0004647744887
32  11  2.593263211e-16  -0.01001212661  0.9999498791  -0.01001195934
32  12  2.674627651e-16  -0.01380627852  0.9999046949  -0.01380583991
32  13  2.93314168e-16  -0.01340101025  0.9999102078  -0.01340060914
32  14  2.351285225e-16  -0.01150925316  0.9999337693  -0.01150899907
32  15  9.027600607e-17  -0.01019827943  0.999947998  -0.01019810266
32  16  1.821841645e-16  -0.009903523084  0.9999509605  -0.009903361196
32  17  -6.71135425e-17  -0.01060916926  0.9999437233  -0.01060897024
32  18  1.047740351e-16  -0.01221374307  0.9999254132  -0.01221343941
32  19  5.926629626e-17  -0.01373759126  0.9999056408  -0.01373715917
32  20  4.586426436e-17  -0.01263814843  0.9999201397  -0.012637812
32  21  -8.717891797e-17  -0.006642234517  0.9999779404  -0.006642185676
32  22  -1.136292476e-16  0.007421796588  0.9999724586  0.007421728452
32  23  -1.273979867e-17  0.03803723462  0.9992766716  0.03802806304
32  24  2.051736321e-16  0.034472828  0.9994058709  0.03446600063
32  25  1.2365286e-16  0.002916598968  0.9999957467  0.002916594833
32  26  -1.778839175e-16  -0.004930132263  0.9999878469  -0.004930112291
32  27  -3.380304478e-16  -0.005081787572  0.9999870877  -0.0050817657
32  28  -8.217639655e-17  -0.001225801195  0.9999992487  -0.001225800888
32  29  3.972667017e-17  0.0110882109  0.9999385264  0.01108798369
32  30  -8.835271598e-17  0.04742978065  0.9988754188  0.04741199977
32  31  1.019948036e-16  0.1240816958  0.9923117382  0.1237635417
32  32  3.002450069e-17  0.1600345528  0.9872217779  0.159352318
32  33  -2.8292563e-16  0.1241381631  0.992304748  0.1238195746
32  34  -9.463311248e-17  0.1125305514  0.9936751161  0.1122932036
32  35  4.43168931e-17  0.1399930795  0.9902169619  0.1395362618
32  36  4.43168931e-17  0.1399930795  0.9902169619  0.1395362618

33  0  -1.485758468e-16  0.1003923461  0.9949649194  0.1002237949
33  1  -1.821266348e-16  0.1185812701  0.9929774759  0.11830356
33  2  -9.975366174e-17  0.07151805479  0.9974436738  0.07145710324
33  3  3.363397011e-16  0.02615409509  0.9996580012  0.02615111347
33  4  2.932644842e-16  0.00672832061  0.9999773649  0.006728269845
33  5  1.380023102e-16  -0.0001316596441  0.9999999913  -0.0001316596437
33  6  -3.803185997e-16  -0.001642592286  0.9999986509  -0.001642591548
33  7  -2.619882525e-16  0.002841174637  0.9999959639  0.002841170815
33  8  3.73444757e-17  0.02296399698  0.999736339  0.02296197871
33  9  -2.183210421e-16  0.03485192178  0.9993927332  0.03484486669
33  10  -3.370328662e-16  0.006941313923  0.9999759092  0.006941258182
33  11  -3.43880638e-16  -0.01891403143  0.999821135  -0.01891290373
33  12  -1.422500684e-16  -0.03000643164  0.9995498408  -0.03000192895
33  13  6.668923733e-17  -0.02687070844  0.9996390042  -0.02686747496
33  14  1.71655619e-16  -0.02045288694  0.999790847  -0.020451461
33  15  1.207913219e-16  -0.0168075427  0.9998587566  -0.01680675137
33  16  2.633691727e-16  -0.01554503903  0.9998791783  -0.01554441297
33  17  1.450138065e-16  -0.01587528965  0.9998739902  -0.01587462283
33  18  7.777879322e-17  -0.01799312449  0.9998381281  -0.01799215362
33  19  4.541599704e-18  -0.02272069311  0.9997418962  -0.02271873831
33  20  1.550691389e-16  -0.02860308799  0.9995909596  -0.02859918794
33  21  -2.557604827e-16  -0.02682038098  0.9996403551  -0.02681716563
33  22  -3.155993794e-16  -0.009025497425  0.9999592705  -0.00902537489
33  23  2.303278423e-16  0.02312680502  0.9997325874  0.02312474352
33  24  5.153053807e-16  0.03368601115  0.99943268  0.03367964066
33  25  2.97439501e-16  0.009175079499  0.9999579093  0.00917495077
33  26  -1.037088827e-16  -0.0009085574608  0.9999995873  -0.0009085573358
33  27  -3.180212876e-17  -0.001720130099  0.9999985206  -0.00172012925
33  28  2.143863373e-16  0.001743206624  0.9999984806  0.001743205741
33  29  1.500843135e-16  0.01265184773  0.9999199664  0.0126515102
33  30  2.649603046e-16  0.04292101492  0.9990790346  0.04290783786
33  31  2.190307716e-16  0.102962429  0.9947040502  0.1027806035
33  32  9.965911602e-17  0.1241381631  0.992304748  0.1238195746
33  33  -2.042648655e-16  0.08083308599  0.9967347846  0.08074508768
33  34  -9.017620771e-17  0.05853963356  0.9982870449  0.05850620449
33  35  -8.234395286e-17  0.0657797246  0.9978372939  0.06573229702
33  36  -8.234395286e-17  0.0657797246  0.9978372939  0.06573229702

34  0  7.068613967e-17  0.04266525785  0.9990899759  0.04265231493
34  1  1.20827111e-16  0.08154464334  0.9966770775  0.08145430113
34  2  -2.329597165e-17  0.1185812701  0.9929774759  0.11830356
34  3  -1.868865296e-16  0.08249258075  0.9965994161  0.08239905188
34  4  -1.81305368e-16  0.03601063186  0.9993516873  0.03600284947
34  5  -1.1641289e-16  0.01464225129  0.9998928042  0.01464172809
34  6  -3.601637095e-16  0.00653039838  0.999978677  0.006530351964
34  7  7.712344872e-17  0.004296057719  0.999990772  0.004296044504
34  8  6.696422432e-17  0.008444626055  0.9999643444  0.008444525689
34  9  -3.996872898e-16  0.02060084573  0.9997878101  0.02059938861
34  10  -2.180528773e-16  0.008552068681  0.9999634313  0.008551964434
34  11  -1.084907294e-16  -0.04159605111  0.999135009  -0.04158405702
34  12  -1.037766872e-18  -0.07553241311  0.9971487832  -0.07546061303
34  13  7.107667866e-17  -0.0579871024  0.998319219  -0.05795461089
34  14  7.429683957e-17  -0.03683663457  0.9993216079  -0.0368283043
34  15  -9.203111503e-17  -0.02863891073  0.9995899344  -0.02863499601
34  16  2.852870746e-16  -0.02627234433  0.9996549018  -0.02626932208
34  17  -3.518052607e-17  -0.02594544541  0.9996634358  -0.02594253458
34  18  -2.311745475e-16  -0.02701398598  0.9996351445  -0.0270107005
34  19  -1.680734443e-16  -0.031234458  0.999512244  -0.03122937957
34  20  1.476849485e-16  -0.04371530013  0.9990446384  -0.04370137794
34  21  1.589921254e-16  -0.06642753913  0.9977945022  -0.06637869668
34  22  -1.701268025e-16  -0.06631239843  0.9978021385  -0.06626380948
34  23  1.160414971e-17  -0.01811657758  0.9998358993  -0.01811558659
34  24  1.393492212e-16  0.01870031334  0.9998251542  0.01869922344
34  25  1.325548777e-17  0.01279715666  0.9999181175  0.01279680737
34  26  2.874590512e-16  0.004657835658  0.9999891523  0.004657818816
34  27  1.249293522e-16  0.004414142218  0.9999902577  0.004414127883
34  28  -2.296870833e-16  0.008877693122  0.9999605935  0.008877576509
34  29  8.959075333e-17  0.02124352917  0.9997743647  0.02124193138
34  30  2.745978521e-16  0.05311540403  0.9985897085  0.05309043228
34  31  2.004915805e-16  0.1094281892  0.9940187079  0.1092099281
34  32  4.031140298e-17  0.1125305514  0.9936751161  0.1122932036
34  33  2.277385251e-16  0.05853963356  0.9982870449  0.05850620449
34  34  5.07687807e-18  0.03460415249  0.9994013361  0.0345972468
34  35  -2.12922538e-16  0.03140970654  0.9995067557  0.03140454215
34  36  -2.12922538e-16  0.03140970654  0.9995067557  0.03140454215

35  0  2.61885457e-16  0.0260157546  0.9996616093  0.02601282003
35  1  3.555044463e-16  0.04266525785  0.9990899759  0.04265231493
35  2  2.384758103e-16  0.1003923461  0.9949649194  0.1002237949
35  3  9.493405203e-17  0.149089693  0.9889067028  0.1485379855
35  4  1.840336364e-16  0.09664779583  0.9953332361  0.09649740485
35  5  -2.483486201e-17  0.04466357582  0.9990027483  0.04464872789
35  6  -9.94870161e-17  0.02227245659  0.9997519791  0.02227061521
35  7  -2.906649881e-17  0.01324186303  0.9999123278  0.01324147605
35  8  -2.335674665e-16  0.009746174675  0.9999525064  0.009746020381
35  9  -1.786853852e-16  0.01001345506  0.9999498658  0.01001328772
35  10  2.115084074e-16  -0.0007996086996  0.9999996803  -0.0007996086144
35  11  1.564918626e-16  -0.07767307412  0.9969849631  -0.07759499602
35  12  1.638888347e-16  -0.1827064579  0.9833555541  -0.181691646
35  13  1.599121475e-16  -0.127956054  0.9918247875  -0.1276071743
35  14  -2.133245314e-16  -0.06141460517  0.9981147158  -0.06137600566
35  15  -9.072126883e-17  -0.04337178603  0.9990595915  -0.04335818945
35  16  -9.265113823e-17  -0.04021124398  0.9991916369  -0.0402004083
35  17  -8.766630232e-17  -0.04005135353  0.9991980517  -0.04004064659
35  18  4.226818464e-17  -0.04008529812  0.999196692  -0.04007456393
35  19  -7.567445669e-17  -0.04108058167  0.9991563116  -0.04106902795
35  20  2.477618843e-16  -0.04875068256  0.9988119208  -0.04873137447
35  21  9.347792581e-17  -0.08327742853  0.9965344385  -0.08318120527
35  22  -4.258448261e-17  -0.1641504179  0.9865575452  -0.1634142284
35  23  -7.119410463e-17  -0.1471422286  0.9891940998  -0.1466118444
35  24  -6.139349007e-18  -0.03282099234  0.9994614396  -0.0328151001
35  25  3.878016223e-17  0.007146312228  0.9999744652  0.007146251402
35  26  4.110627506e-16  0.009005478434  0.999959451  0.009005356712
35  27  -9.727332978e-17  0.01072083219  0.9999425324  0.01072062682
35  28  2.784527349e-16  0.01642783762  0.9998650661  0.01642709873
35  29  4.047988553e-16  0.03009970012  0.9995470382  0.03009515531
35  30  7.12069452e-17  0.06434614025  0.9979305013  0.06430174604
35  31  1.821440498e-16  0.129830066  0.9915839086  0.1294656407
35  32  -3.061140041e-16  0.1399930795  0.9902169619  0.1395362618
35  33  -1.984446561e-16  0.0657797246  0.9978372939  0.06573229702
35  34  3.973602765e-16  0.03140970654  0.9995067557  0.03140454215
35  35  3.279005995e-16  0.02381624861  0.9997164066  0.02381399719
35  36  3.279005995e-16  0.02381624861  0.9997164066  0.02381399719

36  0  2.61885457e-16  0.0260157546  0.9997164066  0.02381399719
36  1  1.20827111e-16  0.08154464334  0.9997164066  0.02381399719
36  2  -9.975366174e-17  0.07151805479  0.9997164066  0.02381399719
36  3  1.001969715e-16  0.004031984012  0.9997164066  0.02381399719
36  4  2.271318842e-18  -0.006575167116  0.9997164066  0.02381399719
36  5  -6.021120404e-18  0.004301284655  0.9997164066  0.02381399719
36  6  4.585992672e-17  0.01874197223  0.9997164066  0.02381399719
36  7  -2.138781596e-16  0.000433385893  0.9997164066  0.02381399719
36  8  7.681041385e-17  0.0005651229708  0.9997164066  0.02381399719
36  9  -4.394253627e-17  0.002836184971  0.9997164066  0.02381399719
36  10  8.650129564e-17  0.01604758816  0.9997164066  0.02381399719
36  11  1.020121715e-16  0.3086813533  0.9997164066  0.02381399719
36  12  2.637662684e-16  0.2783505664  0.9997164066  0.02381399719
36  13  -3.964677772e-17  0.008002480207  0.9997164066  0.02381399719
36  14  -3.395081297e-19  -0.002021960952  0.9997164066  0.02381399719
36  15  -2.051508788e-16  -0.005375227683  0.9997164066  0.02381399719
36  16  -2.626826309e-16  -0.01225996054  0.9997164066  0.02381399719
36  17  -1.591635914e-16  -0.03345153841  0.9997164066  0.02381399719
36  18  1.206603268e-16  -0.03345153841  0.9997164066  0.02381399719
36  19  -2.846295911e-16  -0.01225996054  0.9997164066  0.02381399719
36  20  2.300550022e-16  -0.005375227683  0.9997164066  0.02381399719
36  21  1.270592751e-16  -0.002021960952  0.9997164066  0.02381399719
36  22  -2.386992582e-16  0.008002480207  0.9997164066  0.02381399719
36  23  2.747480409e-16  0.2783505664  0.9997164066  0.02381399719
36  24  1.758745016e-16  0.3086813533  0.9997164066  0.02381399719
36  25  -1.574104489e-16  0.01604758816  0.9997164066  0.02381399719
36  26  -2.652226115e-17  0.002836184971  0.9997164066  0.02381399719
36  27  -2.601727543e-17  0.0005651229708  0.9997164066  0.02381399719
36  28  -9.492070426e-19  0.000433385893  0.9997164066  0.02381399719
36  29  -3.586489174e-16  0.01874197223  0.9997164066  0.02381399719
36  30  2.168580245e-17  0.004301284655  0.9997164066  0.02381399719
36  31  -1.28373172e-16  -0.006575167116  0.9997164066  0.02381399719
36  32  -3.105186959e-16  0.004031984012  0.9997164066  0.02381399719
36  33  -3.232686578e-16  0.07151805479  0.9997164066  0.02381399719
36  34  -7.733214273e-17  0.08154464334  0.9997164066  0.02381399719
36  35  1.709035052e-16  0.0260157546  0.9997164066  0.02381399719
36  36  1.709035052e-16  0.0260157546  0.9997164066  0.02381399719

#Chern no*2pi*Iota= 7.105799146e-15  6.283185307
