#nx  ny  tilde_F(nx,ny).real()  tilde_F(nx,ny).imag()  ArgofLog.real()  ArgofLog.imag()
#Extra momentum point for pm3d corners2color c1
0  0  -4.633374445e-17  -0.005915516758  0.9999825034  -0.005915482258
0  1  1.876561273e-16  -0.005443362739  0.9999851849  -0.005443335857
0  2  2.264494715e-16  -0.004475852633  0.9999899834  -0.004475837688
0  3  1.201489312e-16  -0.003145944029  0.9999950515  -0.00314593884
0  4  3.763353218e-16  -0.001499196976  0.9999988762  -0.001499196415
0  5  4.483270794e-16  0.0004559100843  0.9999998961  0.0004559100685
0  6  2.697861185e-16  0.002681368539  0.9999964051  0.002681365326
0  7  4.310015927e-16  0.005090583167  0.999987043  0.00509056118
0  8  9.54760367e-17  0.007485528976  0.9999719836  0.00748545907
0  9  -2.882096782e-16  0.008260334898  0.9999658836  0.008260240961
0  10  2.73567578e-17  -1.207881436  0.3550007697  -0.9348660083
0  11  -1.02110176e-16  -0.1328838052  0.9911839315  -0.132493071
0  12  1.817819158e-17  -0.2077795906  0.9784913697  -0.2062877587
0  13  -7.917951824e-17  -0.01697443363  0.9998559378  -0.0169736185
0  14  3.763794267e-17  -0.04717768456  0.9988873394  -0.04716018568
0  15  -1.955203644e-16  -0.2848166874  0.9597131762  -0.2809815285
0  16  1.124891142e-17  -0.09306212018  0.9956728452  -0.09292785002
0  17  2.938072331e-16  -0.06807144801  0.9976840335  -0.06801888949
0  18  3.195170961e-16  -0.5822738939  0.8352143402  -0.5499245457
0  19  -1.767232767e-16  -0.03023484846  0.9995429618  -0.03023024216
0  20  -2.545915893e-16  -0.2445067344  0.9702568516  -0.2420777599
0  21  3.362807392e-16  -0.1513461079  0.9885690223  -0.1507689892
0  22  -1.037598151e-16  -0.01394268712  0.9999028023  -0.01394223538
0  23  4.333351744e-17  -0.0494590497  0.9987771505  -0.04943888773
0  24  -4.281676448e-16  -0.2757933854  0.9622094534  -0.2723104256
0  25  -1.16169564e-16  -1.172742149  0.3876253849  -0.9218169889
0  26  -4.184578244e-19  -0.05763238025  0.998339714  -0.05760048131
0  27  -9.737431618e-17  0.008310974646  0.999965464  0.00831087897
0  28  2.345615526e-16  0.006251295692  0.9999804607  0.006251254976
0  29  2.191341721e-17  0.003838863516  0.9999926316  0.003838854087
0  30  2.16052939e-16  0.00153078585  0.9999988283  0.001530785252
0  31  7.71586699e-17  -0.0005542351737  0.9999998464  -0.0005542351453
0  32  -1.07189094e-16  -0.002361097397  0.9999972126  -0.002361095203
0  33  -9.037790477e-18  -0.003867232603  0.9999925223  -0.003867222964
0  34  -2.021866147e-17  -0.005038766344  0.9999873054  -0.005038745022
0  35  -7.816886536e-17  -0.005769599398  0.9999833559  -0.005769567388
0  36  -7.816886536e-17  -0.005769599398  0.9999833559  -0.005769567388

1  0  -2.706535864e-16  -0.005443362738  0.9999851849  -0.005443335857
1  1  6.554739998e-17  -0.005263043438  0.9999861502  -0.005263019141
1  2  1.001524606e-16  -0.004537722211  0.9999897046  -0.004537706638
1  3  -2.419136758e-16  -0.003316126465  0.9999945017  -0.003316120387
1  4  6.831668065e-17  -0.001660111273  0.999998622  -0.00166011051
1  5  -7.711632264e-17  0.00027774461  0.9999999614  0.0002777446065
1  6  -3.361827598e-17  0.002280845051  0.9999973989  0.002280843073
1  7  9.996857824e-17  0.004188316061  0.999991229  0.004188303816
1  8  2.198469146e-16  0.005981720808  0.9999821096  0.005981685136
1  9  3.469981477e-17  0.008503409866  0.9999638462  0.008503307389
1  10  -4.215114823e-17  0.150745402  0.9886594118  0.1501751228
1  11  -4.989485949e-17  0.02279678636  0.9997401645  0.02279481185
1  12  6.684338255e-17  -0.3464948923  0.9405688337  -0.3396031053
1  13  -1.331146878e-16  -0.08397416979  0.9964762408  -0.08387551168
1  14  -2.127966271e-16  -0.00883056641  0.9999610108  -0.008830451644
1  15  -2.479694946e-16  -0.06085482899  0.9981489163  -0.06081727523
1  16  3.242657091e-17  -0.1420558218  0.9899270281  -0.141578526
1  17  2.63962538e-16  -0.03747442203  0.999297916  -0.03746565156
1  18  9.094775114e-17  -0.4263141352  0.9104961012  -0.4135176534
1  19  9.500841183e-18  -0.048484392  0.9988248621  -0.04846539856
1  20  -6.333285489e-17  -0.0921854875  0.9957539262  -0.09205497507
1  21  9.729011615e-17  -0.1276825015  0.9918596576  -0.1273358534
1  22  -2.779820069e-16  -0.01407469711  0.9999009531  -0.01407423242
1  23  -1.618778242e-16  -0.01591484547  0.9998733615  -0.01591417366
1  24  -1.749598827e-16  -0.296552377  0.9563496518  -0.2922248168
1  25  2.638155627e-17  -0.1248334073  0.9922184234  -0.1245094388
1  26  4.885209673e-17  0.1593298048  0.987333836  0.1586565359
1  27  -6.357521169e-17  0.02136070364  0.9997718688  0.02135907927
1  28  -1.293056868e-16  0.006928910543  0.9999759952  0.0069288551
1  29  -1.408162238e-16  0.005052336376  0.999987237  0.005052314881
1  30  2.184177617e-16  0.003236279503  0.9999947633  0.003236273854
1  31  -1.199263283e-16  0.001293522926  0.9999991634  0.001293522565
1  32  -2.778919124e-16  -0.0006994128224  0.9999997554  -0.0006994127654
1  33  8.565352404e-17  -0.002557039062  0.9999967308  -0.002557036275
1  34  1.819146365e-16  -0.00405559025  0.9999917761  -0.004055579133
1  35  -3.156565707e-16  -0.005038766343  0.9999873054  -0.005038745022
1  36  -3.156565707e-16  -0.005038766343  0.9999873054  -0.005038745022

2  0  -4.892728306e-17  -0.004475852633  0.9999899834  -0.004475837688
2  1  -3.814043728e-18  -0.004537722211  0.9999897046  -0.004537706638
2  2  5.352419693e-17  -0.004137216017  0.9999914417  -0.004137204214
2  3  -2.990466457e-16  -0.003189638397  0.9999949131  -0.003189632988
2  4  -3.358019456e-16  -0.001608203419  0.9999987068  -0.001608202726
2  5  -1.40328113e-16  0.0004088816399  0.9999999164  0.0004088816285
2  6  -1.092510648e-16  0.002432355525  0.9999970418  0.002432353126
2  7  -1.762183853e-16  0.004196280716  0.9999911956  0.004196268401
2  8  9.133880271e-17  0.005831277676  0.9999829981  0.005831244629
2  9  -1.480892102e-16  0.008932862619  0.9999601022  0.008932743819
2  10  -2.176290075e-16  0.1311308882  0.991414658  0.1307554051
2  11  -2.945301245e-18  0.1243162294  0.9922826842  0.1239962687
2  12  1.360335338e-16  -0.09229795159  0.995743567  -0.09216696104
2  13  -1.738931414e-16  -0.4647883543  0.8939164524  -0.4482336179
2  14  1.057312898e-16  -0.02297167228  0.9997361627  -0.02296965199
2  15  -3.757597909e-17  -0.004384751688  0.999990387  -0.004384737638
2  16  6.713038498e-18  -0.03173797691  0.9994963927  -0.0317326489
2  17  1.083309831e-16  -0.05961041347  0.9982238254  -0.05957511645
2  18  2.285071969e-16  -0.06224490605  0.9980634112  -0.06220471993
2  19  1.112247949e-16  -0.2276678764  0.9741954185  -0.2257061952
2  20  -7.033876802e-17  -0.04277905794  0.9990851156  -0.04276601118
2  21  -6.822998867e-17  -0.05942034298  0.9982351308  -0.05938538249
2  22  -3.100928401e-16  -0.008532266225  0.9999636004  -0.008532162701
2  23  5.581076501e-17  -0.006742995302  0.9999772661  -0.006742944204
2  24  -3.897550429e-17  -0.1142287929  0.9934829824  -0.1139805412
2  25  -8.892970344e-17  -0.4541083925  0.898652499  -0.438661243
2  26  3.892421929e-17  0.02368954112  0.9997194159  0.02368732544
2  27  8.422507032e-17  0.2011990127  0.9798276664  0.1998442999
2  28  -1.821345656e-16  0.02835964726  0.9995978922  0.02835584595
2  29  -9.16114904e-17  0.007098574863  0.9999748052  0.007098515247
2  30  2.415293237e-16  0.005050651837  0.9999872455  0.005050630364
2  31  3.867016931e-16  0.003382019341  0.999994281  0.003382012893
2  32  8.423232518e-17  0.00147321868  0.9999989148  0.001473218147
2  33  -1.480158151e-16  -0.0006349538875  0.9999997984  -0.0006349538449
2  34  4.872636683e-17  -0.002557039062  0.9999967308  -0.002557036275
2  35  1.411243793e-16  -0.003867232603  0.9999925223  -0.003867222964
2  36  1.411243793e-16  -0.003867232603  0.9999925223  -0.003867222964

3  0  -4.754177767e-17  -0.003145944029  0.9999950515  -0.00314593884
3  1  -4.341358309e-16  -0.003316126465  0.9999945017  -0.003316120387
3  2  -1.049786817e-16  -0.003189638397  0.9999949131  -0.003189632988
3  3  -3.63800218e-17  -0.002694638868  0.9999963695  -0.002694635607
3  4  -2.846190721e-16  -0.001507863975  0.9999988632  -0.001507863404
3  5  1.121394228e-16  0.0003963305583  0.9999999215  0.0003963305479
3  6  -1.349386261e-16  0.002513912551  0.9999968401  0.002513909903
3  7  1.703029221e-17  0.004442025506  0.9999901342  0.004442010898
3  8  2.262249844e-17  0.006454527283  0.9999791696  0.006454482466
3  9  1.620024448e-17  0.01091704636  0.9999404096  0.01091682951
3  10  3.32283504e-19  0.1683694073  0.985859324  0.1675750376
3  11  -4.821524076e-17  0.2005033872  0.9799664461  0.1991626586
3  12  5.929531323e-17  0.006158732884  0.9999810351  0.006158693951
3  13  2.311536464e-16  -0.3083043412  0.9528494759  -0.3034433658
3  14  -1.103491233e-17  -0.1643878831  0.9865187122  -0.1636484969
3  15  2.201153955e-16  -0.009439433671  0.9999554489  -0.009439293492
3  16  1.569648989e-16  -0.001274897641  0.9999991873  -0.001274897296
3  17  8.571104329e-18  -0.01085086093  0.99994113  -0.010850648
3  18  1.121706476e-16  -0.0325483702  0.9994703486  -0.03254262357
3  19  -8.590982652e-17  -0.1396882682  0.9902594481  -0.139234426
3  20  2.726819991e-18  -0.06080507533  0.9981519409  -0.06076761359
3  21  -7.522985908e-17  -0.02645627168  0.9996500533  -0.02645318552
3  22  -1.960234693e-16  -0.002410561634  0.9999970946  -0.0024105593
3  23  -1.442102619e-16  -0.00354452045  0.9999937182  -0.003544513028
3  24  1.106294566e-16  -0.0263958338  0.9996516502  -0.02639276873
3  25  -1.12616084e-16  -0.4034331373  0.919718642  -0.3925781701
3  26  -2.139246702e-16  -0.05031441311  0.9987344969  -0.05029318697
3  27  -5.860500563e-17  0.05470125357  0.9985042595  0.05467397789
3  28  2.542002252e-16  0.281629652  0.9606037988  0.2779214669
3  29  7.620655439e-17  0.04510610807  0.998982892  0.04509081444
3  30  2.132311804e-17  0.008394130067  0.9999647695  0.00839403149
3  31  2.394379877e-16  0.005492128073  0.9999849183  0.005492100463
3  32  1.973943508e-16  0.003552834037  0.9999936887  0.003552826563
3  33  -3.639045145e-16  0.00147321868  0.9999989148  0.001473218147
3  34  1.63108805e-17  -0.0006994128224  0.9999997554  -0.0006994127653
3  35  -1.573796499e-16  -0.002361097397  0.9999972126  -0.002361095203
3  36  -1.573796499e-16  -0.002361097397  0.9999972126  -0.002361095203

4  0  1.389780966e-16  -0.001499196976  0.9999988762  -0.001499196415
4  1  7.529739505e-17  -0.001660111273  0.999998622  -0.00166011051
4  2  -2.004082073e-16  -0.001608203419  0.9999987068  -0.001608202726
4  3  5.790592206e-17  -0.001507863975  0.9999988632  -0.001507863404
4  4  -9.64378505e-17  -0.0009708380269  0.9999995287  -0.0009708378744
4  5  3.015464097e-16  0.00041425526  0.9999999142  0.0004142552482
4  6  -2.644001061e-16  0.002371245719  0.9999971886  0.002371243497
4  7  1.3441385e-16  0.004352767837  0.9999905267  0.004352754092
4  8  -2.99639465e-17  0.006682189928  0.9999776743  0.0066821402
4  9  3.441268979e-16  0.01263979246  0.9999201189  0.0126394559
4  10  1.575667867e-16  0.3833142251  0.9274302236  0.3739962303
4  11  -2.808760664e-16  0.3610550382  0.9355246401  0.3532614439
4  12  -8.295447932e-17  0.02101745238  0.9997791415  0.02101590507
4  13  -1.734889537e-16  -0.03366321548  0.9994334475  -0.03365685791
4  14  1.546413524e-16  -0.2388325491  0.971614819  -0.2365684753
4  15  1.821253258e-16  -0.03115219716  0.9995148095  -0.03114715875
4  16  -8.712087091e-17  -0.005861399287  0.999982822  -0.005861365724
4  17  -5.311638891e-17  0.0007785058236  0.999999697  0.000778505745
4  18  -1.911609961e-16  -0.0004600282876  0.9999998942  -0.0004600282714
4  19  -1.389395791e-16  -0.02417608081  0.9997077728  -0.0241737258
4  20  2.511974631e-16  -0.1331428846  0.9911495721  -0.1327498618
4  21  2.364828004e-16  -0.02105634363  0.9997783234  -0.0210547877
4  22  -2.815365277e-17  0.001785000588  0.9999984069  0.00178499964
4  23  -2.842339738e-16  -0.002434780993  0.9999970359  -0.002434778588
4  24  -1.700633819e-16  -0.01092517825  0.9999403208  -0.01092496091
4  25  1.283565132e-16  -0.1316474035  0.9913469886  -0.1312674685
4  26  1.492689637e-17  -0.1609507156  0.9870753709  -0.1602567068
4  27  -2.095466099e-16  0.004583102416  0.9999894976  0.004583086372
4  28  8.397990715e-17  0.07170524223  0.9974302804  0.07164381091
4  29  6.003120821e-17  0.597814369  0.8265677427  0.5628372471
4  30  -1.280461729e-16  0.09444373362  0.9955435046  0.09430339587
4  31  -9.577194366e-17  0.009156507846  0.9999580795  0.009156379897
4  32  1.57199311e-17  0.005492128073  0.9999849183  0.005492100463
4  33  -1.824401668e-16  0.003382019341  0.999994281  0.003382012893
4  34  -4.752901091e-17  0.001293522926  0.9999991634  0.001293522565
4  35  5.600688611e-17  -0.0005542351736  0.9999998464  -0.0005542351452
4  36  5.600688611e-17  -0.0005542351736  0.9999998464  -0.0005542351452

5  0  3.317638979e-16  0.0004559100843  0.9999998961  0.0004559100685
5  1  4.718626894e-16  0.00027774461  0.9999999614  0.0002777446065
5  2  -2.643929513e-16  0.0004088816398  0.9999999164  0.0004088816284
5  3  -3.217138963e-16  0.0003963305583  0.9999999215  0.0003963305479
5  4  -2.558071441e-16  0.00041425526  0.9999999142  0.0004142552482
5  5  -9.091394557e-18  0.001049452489  0.9999994493  0.001049452296
5  6  -1.687314521e-16  0.00247645315  0.9999969336  0.002476450619
5  7  -1.474506808e-16  0.004140941547  0.9999914263  0.004140929712
5  8  3.164031857e-17  0.006169538168  0.9999809685  0.006169499029
5  9  7.41918103e-17  0.01210507732  0.9999267344  0.01210478169
5  10  7.072943278e-17  0.7597972656  0.7249756639  0.6887744818
5  11  -1.381877898e-17  0.6275159207  0.8094884961  0.5871357379
5  12  1.582672537e-16  0.02783826805  0.9996125404  0.02783467255
5  13  -7.875899006e-17  0.001591882283  0.999998733  0.00159188161
5  14  8.250227406e-17  -0.09483309724  0.9955067108  -0.09469101713
5  15  -3.072532015e-17  -0.0775353172  0.9969956429  -0.07745765371
5  16  5.550824408e-18  -0.01227637365  0.9999246463  -0.01227606529
5  17  -5.09537987e-17  -0.004683731718  0.9999890313  -0.004683714593
5  18  9.5222502e-17  0.003455973361  0.9999940281  0.003455966482
5  19  1.395676634e-16  0.007097304389  0.9999748142  0.007097244805
5  20  8.835625753e-17  0.02461517761  0.9996970618  0.02461269194
5  21  1.625373916e-17  -0.05700883379  0.9983754365  -0.05697795895
5  22  1.285956528e-16  0.004865797261  0.999988162  0.004865778061
5  23  -1.906867624e-16  -0.001048482865  0.9999994503  -0.001048482673
5  24  -3.599919517e-16  -0.007312694655  0.9999732624  -0.00731262948
5  25  -5.059975723e-17  -0.02708761854  0.9996331529  -0.02708430612
5  26  4.131657483e-16  -0.1276113907  0.9918687101  -0.1272653211
5  27  -2.076469629e-18  -0.02632993429  0.9996533873  -0.02632689213
5  28  -2.75552803e-16  0.01506993415  0.9998864507  0.01506936376
5  29  4.316360144e-17  0.08651250666  0.9962601265  0.08640463114
5  30  9.657777918e-17  1.228946037  0.3352308899  0.9421360042
5  31  -1.073993466e-16  0.09444373362  0.9955435046  0.09430339587
5  32  -1.444630144e-16  0.008394130067  0.9999647695  0.00839403149
5  33  1.96794627e-17  0.005050651837  0.9999872455  0.005050630364
5  34  -1.461983075e-16  0.003236279503  0.9999947633  0.003236273854
5  35  1.833570735e-16  0.00153078585  0.9999988283  0.001530785252
5  36  1.833570735e-16  0.00153078585  0.9999988283  0.001530785252

6  0  8.433974246e-17  0.002681368539  0.9999964051  0.002681365326
6  1  8.369503063e-18  0.002280845051  0.9999973989  0.002280843073
6  2  1.879410078e-16  0.002432355525  0.9999970418  0.002432353126
6  3  -3.19344368e-17  0.002513912551  0.9999968401  0.002513909904
6  4  -1.419591737e-16  0.002371245719  0.9999971886  0.002371243497
6  5  -1.683877755e-16  0.00247645315  0.9999969336  0.002476450619
6  6  -1.85268698e-16  0.003350617868  0.9999943867  0.003350611598
6  7  -2.437931981e-16  0.004585984685  0.9999894844  0.004585968611
6  8  -1.130254288e-16  0.0057855877  0.9999832635  0.005785555423
6  9  3.312390682e-17  0.009959751646  0.9999504021  0.009959586984
6  10  2.777090815e-16  0.3351646305  0.9443561714  0.3289246441
6  11  1.830583171e-16  0.3728672936  0.9312866569  0.364287198
6  12  3.838490787e-16  0.02916273497  0.9995747976  0.0291586015
6  13  -7.64921229e-17  0.007383121351  0.9999727449  0.007383054275
6  14  -5.83398081e-17  -0.02840929174  0.9995964832  -0.02840547043
6  15  -1.356503392e-16  -0.07538200794  0.9971601216  -0.07531063584
6  16  5.489453128e-17  -0.02026091405  0.9997947547  -0.02025952788
6  17  4.065769158e-17  -0.007777240897  0.9999697574  -0.007777162496
6  18  -2.090295683e-16  -0.001846035043  0.9999982961  -0.001846033994
6  19  3.222271304e-17  0.007248080479  0.9999737328  0.007248017017
6  20  -1.685237552e-16  0.03192661585  0.9994903889  0.03192119228
6  21  3.280310163e-16  -0.02307200743  0.999733853  -0.02306996055
6  22  3.244066871e-17  -0.0001585123708  0.9999999874  -0.0001585123702
6  23  -2.202274086e-16  0.003266948701  0.9999946635  0.003266942889
6  24  -2.311303166e-16  -0.004519059908  0.9999897891  -0.004519044527
6  25  -6.36583631e-17  -0.01051744749  0.9999446922  -0.01051725359
6  26  -3.747983804e-16  -0.04638244177  0.9989245274  -0.0463658129
6  27  1.517276649e-16  -0.06160362625  0.9981030966  -0.06156466928
6  28  -9.728370974e-17  -0.005805164886  0.9999831501  -0.005805132281
6  29  1.073674025e-16  0.01793306104  0.999839207  0.01793209986
6  30  1.674552247e-16  0.08651250666  0.9962601265  0.08640463114
6  31  -1.729279537e-16  0.5978143691  0.8265677427  0.5628372471
6  32  -1.708250175e-16  0.04510610807  0.998982892  0.04509081444
6  33  -3.860903457e-17  0.007098574863  0.9999748052  0.007098515247
6  34  -4.247385708e-17  0.005052336376  0.999987237  0.005052314881
6  35  -1.062561458e-16  0.003838863516  0.9999926316  0.003838854087
6  36  -1.062561458e-16  0.003838863516  0.9999926316  0.003838854087

7  0  1.16484607e-16  0.005090583167  0.999987043  0.00509056118
7  1  1.610610545e-16  0.004188316061  0.999991229  0.004188303816
7  2  9.799564589e-17  0.004196280716  0.9999911956  0.004196268401
7  3  -1.44110482e-16  0.004442025506  0.9999901342  0.004442010898
7  4  -2.037066543e-16  0.004352767837  0.9999905267  0.004352754092
7  5  -6.18392893e-17  0.004140941546  0.9999914263  0.004140929712
7  6  -3.305578089e-16  0.004585984686  0.9999894844  0.004585968611
7  7  1.896626109e-16  0.005854057169  0.9999828651  0.005854023733
7  8  3.164746491e-16  0.006676081643  0.999977715  0.006676032051
7  9  1.66917743e-16  0.008567065191  0.9999633029  0.008566960395
7  10  6.90409953e-17  0.1526498355  0.9883716205  0.1520576855
7  11  -5.671120384e-17  0.2116655443  0.9776823591  0.2100885638
7  12  1.431520991e-16  0.02484325899  0.9996914221  0.02484070358
7  13  7.94343627e-19  0.005844461394  0.9999829212  0.005844428122
7  14  -1.569189952e-17  -0.01965214763  0.9998069028  -0.01965088269
7  15  -2.79375006e-16  -0.05518650254  0.9984776114  -0.0551584946
7  16  -6.660603391e-17  -0.02381910839  0.9997163384  -0.02381685616
7  17  1.286380389e-16  -0.004621568017  0.9999893206  -0.004621551565
7  18  1.603761171e-16  0.002160682029  0.9999976657  0.002160680348
7  19  6.325436883e-17  0.002158127078  0.9999976712  0.002158125403
7  20  1.132061885e-17  -0.005875516779  0.9999827392  -0.005875482973
7  21  -1.688275305e-16  0.05180130904  0.9986586122  0.05177814509
7  22  -5.775709779e-17  0.002977616333  0.9999955669  0.002977611933
7  23  7.801794225e-17  -0.005176088649  0.9999866041  -0.005176065537
7  24  3.264545117e-16  0.005571019547  0.9999844819  0.005570990729
7  25  2.967568747e-16  0.001399750099  0.9999990203  0.001399749642
7  26  -2.715016925e-16  -0.009487305609  0.9999549959  -0.009487163286
7  27  3.628564114e-16  -0.04151068814  0.9991385551  -0.04149876773
7  28  5.906692402e-17  -0.03964152768  0.9992143775  -0.03963114604
7  29  2.084081829e-16  -0.005805164886  0.9999831501  -0.005805132281
7  30  3.411508267e-16  0.01506993415  0.9998864507  0.01506936376
7  31  4.31052272e-17  0.07170524223  0.9974302804  0.07164381091
7  32  9.97226271e-18  0.281629652  0.9606037988  0.2779214669
7  33  -1.231259619e-16  0.02835964726  0.9995978922  0.02835584595
7  34  -1.160964186e-16  0.006928910543  0.9999759952  0.0069288551
7  35  -1.774958102e-16  0.006251295692  0.9999804607  0.006251254976
7  36  -1.774958102e-16  0.006251295692  0.9999804607  0.006251254976

8  0  -9.967413556e-17  0.007485528976  0.9999719836  0.00748545907
8  1  2.256432789e-18  0.005981720808  0.9999821096  0.005981685136
8  2  -1.66064707e-17  0.005831277676  0.9999829981  0.005831244629
8  3  1.167268268e-16  0.006454527283  0.9999791696  0.006454482467
8  4  -1.798364758e-16  0.006682189928  0.9999776743  0.0066821402
8  5  -8.974601643e-17  0.006169538168  0.9999809685  0.006169499029
8  6  -3.775771775e-16  0.0057855877  0.9999832635  0.005785555423
8  7  -2.899974249e-17  0.006676081643  0.999977715  0.006676032051
8  8  -7.223073745e-17  0.008322523739  0.999965368  0.008322427663
8  9  1.825481171e-16  0.009076026636  0.9999588132  0.009075902031
8  10  2.392576013e-16  0.1241955999  0.9922976346  0.1238765693
8  11  1.441347326e-17  0.1415916952  0.9899926319  0.1411190592
8  12  -1.741266216e-17  0.01517562082  0.9998848525  0.01517503834
8  13  -1.108814621e-16  -0.005069142846  0.9999871519  -0.005069121137
8  14  2.355159103e-16  -0.04468148204  0.9990019486  -0.04466661625
8  15  -7.157750293e-17  -0.068391457  0.9976622157  -0.06833815386
8  16  1.770033382e-16  -0.02264206275  0.9997436794  -0.02264012818
8  17  1.842842253e-16  0.008944081482  0.999960002  0.008943962233
8  18  1.168140075e-17  0.0645889469  0.997914859  0.0645440483
8  19  -3.772425262e-18  0.070175593  0.9975387034  0.07011800923
8  20  2.036482457e-16  -0.015123372  0.999885644  -0.01512279551
8  21  -6.188913703e-17  0.05367916664  0.9985596194  0.05365339136
8  22  -6.406071382e-17  0.08061367752  0.9967524768  0.08052639368
8  23  -3.242345672e-17  0.003070656239  0.9999952855  0.003070651414
8  24  3.066982545e-16  -9.491700105e-05  0.9999999955  -9.491700091e-05
8  25  2.181926546e-16  0.09432000524  0.995555165  0.09418021817
8  26  -6.631898207e-17  0.05068059002  0.9987160138  0.0506588971
8  27  -2.378241461e-17  -0.003204485374  0.9999948656  -0.00320447989
8  28  1.134598036e-16  -0.04151068814  0.9991385551  -0.04149876773
8  29  1.248136771e-16  -0.06160362625  0.9981030966  -0.06156466928
8  30  4.146916314e-17  -0.02632993429  0.9996533873  -0.02632689213
8  31  -5.57943156e-17  0.004583102416  0.9999894976  0.004583086372
8  32  -2.830420006e-16  0.05470125357  0.9985042595  0.05467397789
8  33  -1.854389863e-16  0.2011990126  0.9798276664  0.1998442999
8  34  -1.130798373e-16  0.02136070364  0.9997718688  0.02135907926
8  35  -8.396550622e-17  0.008310974646  0.999965464  0.00831087897
8  36  -8.396550622e-17  0.008310974646  0.999965464  0.00831087897

9  0  2.997740376e-16  0.008260334898  0.9999658836  0.008260240961
9  1  -3.381575779e-17  0.008503409866  0.9999638462  0.008503307389
9  2  -6.388218294e-17  0.008932862619  0.9999601022  0.008932743819
9  3  1.326928388e-16  0.01091704636  0.9999404096  0.01091682951
9  4  -5.853062347e-17  0.01263979246  0.9999201189  0.0126394559
9  5  -2.206007835e-16  0.01210507732  0.9999267344  0.01210478169
9  6  -3.188293298e-16  0.009959751646  0.9999504021  0.009959586984
9  7  -2.807196946e-16  0.008567065191  0.9999633029  0.008566960395
9  8  -8.882017273e-17  0.009076026636  0.9999588132  0.009075902031
9  9  2.503066934e-16  0.008221244243  0.9999662058  0.008221151633
9  10  2.635052194e-16  0.07256800981  0.9973680973  0.07250433466
9  11  2.049712082e-17  0.05589721947  0.9984381572  0.05586811555
9  12  2.206940935e-16  -0.007577513817  0.9999712908  -0.007577441302
9  13  3.342070624e-16  -0.07954384307  0.9968380562  -0.07945998767
9  14  2.664013721e-16  -0.2008598059  0.9798953985  -0.1995119243
9  15  -2.377152324e-16  -0.09123815719  0.9958406859  -0.09111162603
9  16  2.492002898e-16  -0.02170031108  0.9997645575  -0.02169860799
9  17  3.120017972e-16  0.003838306879  0.9999926337  0.003838297455
9  18  2.773590886e-16  0.1471549268  0.989192238  0.1466244054
9  19  -2.57885419e-16  0.4572429288  0.8972730869  0.4414759422
9  20  1.183113812e-16  0.04830282626  0.9988336453  0.04828404539
9  21  7.194049115e-17  0.05621649495  0.9984202689  0.05618688952
9  22  -3.958864808e-17  0.1033233511  0.9946668897  0.1031396074
9  23  1.165983989e-16  0.07418245261  0.9972497434  0.0741144332
9  24  -9.017997011e-17  0.02907271407  0.9995774184  0.02906861876
9  25  -2.194996678e-16  0.1568843507  0.9877188706  0.1562415843
9  26  -9.167364053e-17  0.4493267905  0.9007397212  0.434359246
9  27  -2.191706883e-17  0.05068059002  0.9987160138  0.0506588971
9  28  -2.08008253e-16  -0.009487305609  0.9999549959  -0.009487163286
9  29  -8.058552358e-17  -0.04638244177  0.9989245274  -0.0463658129
9  30  -2.416407453e-17  -0.1276113907  0.9918687101  -0.1272653211
9  31  -2.660093123e-16  -0.1609507156  0.9870753709  -0.1602567068
9  32  5.886828297e-17  -0.05031441311  0.9987344969  -0.05029318697
9  33  1.76192386e-17  0.02368954112  0.9997194159  0.02368732544
9  34  -2.332373804e-16  0.1593298047  0.987333836  0.1586565358
9  35  -3.12592192e-16  -0.05763238027  0.998339714  -0.05760048132
9  36  -3.12592192e-16  -0.05763238027  0.998339714  -0.05760048132

10  0  1.909197149e-16  -1.207881436  0.3550007697  -0.9348660083
10  1  5.919100972e-17  0.150745402  0.9886594118  0.1501751228
10  2  -4.267408122e-16  0.1311308882  0.991414658  0.1307554051
10  3  3.207713596e-16  0.1683694073  0.985859324  0.1675750376
10  4  -2.989800163e-17  0.3833142251  0.9274302236  0.3739962303
10  5  1.290978275e-16  0.7597972656  0.7249756639  0.6887744818
10  6  1.842939099e-17  0.3351646305  0.9443561714  0.3289246441
10  7  -1.163377073e-16  0.1526498355  0.9883716205  0.1520576855
10  8  1.095607701e-17  0.1241955999  0.9922976346  0.1238765693
10  9  1.676432156e-17  0.07256800982  0.9973680973  0.07250433466
10  10  3.052318677e-16  -2.292276868  -0.6604970279  -0.7508286596
10  11  -1.617464817e-17  -0.02882572187  0.9995845676  -0.02882173005
10  12  -6.660328892e-18  -0.2077204669  0.9785035645  -0.2062299063
10  13  -9.890647276e-17  -0.6273778828  0.8095695354  -0.5870239922
10  14  1.417628648e-16  -0.2525544728  0.9682772745  -0.2498782098
10  15  2.08292515e-16  -0.04359858672  0.9990497322  -0.04358477573
10  16  1.325441355e-16  -0.01466893081  0.9998924132  -0.01466840474
10  17  -1.040955291e-16  -0.007091106932  0.9999748582  -0.007091047504
10  18  -1.485012969e-16  0.02376798187  0.9997175548  0.02376574411
10  19  1.557107176e-16  0.1848021235  0.9829726301  0.1837520299
10  20  -1.607004376e-17  0.07125129957  0.9974626999  0.0711910274
10  21  -2.908779798e-16  0.06503124885  0.9978862134  0.06498542166
10  22  -2.593198495e-17  0.08869087946  0.9960695414  0.08857465037
10  23  4.737980089e-16  0.09779943923  0.9952214455  0.09764360957
10  24  1.323959231e-16  0.06940264864  0.9975926027  0.06934694645
10  25  -2.430829163e-16  0.05516298521  0.9984789083  0.05513501306
10  26  1.617471688e-16  0.1568843507  0.9877188706  0.1562415843
10  27  1.772803839e-17  0.09432000524  0.995555165  0.09418021817
10  28  -7.871157381e-17  0.0013997501  0.9999990203  0.001399749642
10  29  -2.439182678e-16  -0.01051744749  0.9999446922  -0.01051725359
10  30  -1.732979018e-17  -0.02708761854  0.9996331529  -0.02708430612
10  31  2.362057461e-16  -0.1316474035  0.9913469886  -0.1312674685
10  32  2.301106277e-16  -0.4034331373  0.919718642  -0.3925781701
10  33  -1.018033569e-16  -0.4541083925  0.898652499  -0.438661243
10  34  -1.934470313e-16  -0.1248334073  0.9922184234  -0.1245094388
10  35  -2.266366391e-16  -1.172742149  0.387625385  -0.9218169889
10  36  -2.266366391e-16  -1.172742149  0.387625385  -0.9218169889

11  0  6.796026396e-18  -0.1328838052  0.9911839315  -0.132493071
11  1  2.664583772e-16  0.02279678636  0.9997401645  0.02279481185
11  2  -1.361638036e-16  0.1243162294  0.9922826842  0.1239962687
11  3  3.695589713e-16  0.2005033872  0.9799664461  0.1991626586
11  4  -3.189676065e-16  0.3610550382  0.9355246401  0.3532614439
11  5  -9.159293112e-17  0.6275159207  0.8094884961  0.5871357379
11  6  -1.326243493e-16  0.3728672936  0.9312866569  0.364287198
11  7  1.155042574e-17  0.2116655443  0.9776823591  0.2100885638
11  8  4.072200352e-17  0.1415916952  0.9899926319  0.1411190592
11  9  9.157373247e-17  0.05589721947  0.9984381572  0.05586811555
11  10  6.231090599e-16  -0.02882572187  0.9995845676  -0.02882173005
11  11  -2.05851748e-16  -0.2125601792  0.9774940154  -0.2109631483
11  12  -1.665402309e-16  -0.3933967871  0.9236123074  -0.3833279349
11  13  -4.375230656e-17  -0.1684579133  0.9858444888  -0.1676622913
11  14  2.525521158e-16  -0.03777306715  0.9992866825  -0.03776408532
11  15  3.652319769e-16  -0.01406721722  0.9999010583  -0.01406675327
11  16  2.265117583e-16  -0.008560322916  0.9999633607  -0.008560218368
11  17  -8.051705142e-17  -0.006965045219  0.9999757442  -0.006964988905
11  18  -1.201304707e-16  -0.003071994014  0.9999952814  -0.003071989182
11  19  -1.669393229e-16  0.003033907145  0.9999953977  0.003033902491
11  20  2.211385439e-16  0.005950089001  0.9999822983  0.005950053892
11  21  -1.361009871e-16  0.06188945102  0.9980854591  0.06184994934
11  22  -1.289250418e-16  0.08617812994  0.9962889625  0.08607150012
11  23  2.140664833e-16  0.1213442466  0.9926468162  0.1210466783
11  24  2.067283146e-16  0.09514672989  0.9954769637  0.09500323589
11  25  -1.117143598e-16  0.06940264864  0.9975926027  0.06934694645
11  26  1.223235344e-16  0.02907271407  0.9995774184  0.02906861876
11  27  2.230281861e-16  -9.491700251e-05  0.9999999955  -9.491700236e-05
11  28  3.223634595e-16  0.005571019546  0.9999844819  0.005570990729
11  29  6.598321285e-16  -0.004519059909  0.9999897891  -0.004519044527
11  30  8.843344276e-17  -0.007312694655  0.9999732624  -0.00731262948
11  31  -2.648368692e-17  -0.01092517825  0.9999403208  -0.01092496091
11  32  -5.406586095e-18  -0.0263958338  0.9996516502  -0.02639276873
11  33  -4.906136368e-16  -0.1142287929  0.9934829824  -0.1139805412
11  34  -1.526054586e-16  -0.296552377  0.9563496518  -0.2922248168
11  35  1.673049508e-17  -0.2757933854  0.9622094534  -0.2723104255
11  36  1.673049508e-17  -0.2757933854  0.9622094534  -0.2723104255

12  0  4.362656322e-17  -0.2077795906  0.9784913697  -0.2062877587
12  1  1.550185849e-16  -0.3464948923  0.9405688337  -0.3396031053
12  2  8.180662428e-17  -0.09229795159  0.995743567  -0.09216696104
12  3  4.788242306e-16  0.006158732884  0.9999810351  0.006158693951
12  4  1.381252928e-16  0.02101745238  0.9997791415  0.02101590507
12  5  2.23342256e-17  0.02783826805  0.9996125404  0.02783467255
12  6  7.938176386e-17  0.02916273497  0.9995747976  0.0291586015
12  7  -1.276807555e-16  0.02484325899  0.9996914221  0.02484070358
12  8  -6.043039919e-17  0.01517562082  0.9998848525  0.01517503834
12  9  -9.758539011e-17  -0.007577513817  0.9999712908  -0.007577441302
12  10  -3.092680794e-17  -0.2077204669  0.9785035645  -0.2062299063
12  11  -2.057594943e-16  -0.3933967871  0.9236123074  -0.3833279349
12  12  -1.644892173e-16  -0.07653258944  0.9970728106  -0.07645789973
12  13  6.054872665e-17  -0.02249803906  0.9997469298  -0.02249614117
12  14  2.667672847e-16  -0.009141468359  0.9999582171  -0.00914134104
12  15  2.885422837e-16  -0.00458799004  0.9999894752  -0.004587973944
12  16  2.009030276e-16  -0.003108525036  0.9999951685  -0.00310852003
12  17  -1.170997021e-16  -0.002504741685  0.9999968631  -0.002504739066
12  18  2.088975367e-16  -0.0006567715002  0.9999997843  -0.000656771453
12  19  -2.58976089e-17  -0.001371902739  0.9999990589  -0.001371902308
12  20  4.715011607e-17  -0.01932876358  0.9998132053  -0.01932756006
12  21  -5.294656098e-17  0.05128789812  0.998685064  0.05126541604
12  22  5.576899499e-17  0.09914363949  0.9950892938  0.09898129787
12  23  1.792841787e-16  0.1214842064  0.9926298648  0.1211856078
12  24  -1.193140196e-16  0.1213442466  0.9926468162  0.1210466783
12  25  -2.932586152e-17  0.09779943923  0.9952214455  0.09764360957
12  26  -3.675660551e-16  0.07418245261  0.9972497434  0.0741144332
12  27  -1.284631798e-16  0.003070656239  0.9999952855  0.003070651414
12  28  1.313977415e-16  -0.00517608865  0.9999866041  -0.005176065537
12  29  3.802712046e-16  0.003266948701  0.9999946635  0.003266942889
12  30  -9.613137686e-17  -0.001048482865  0.9999994503  -0.001048482673
12  31  -2.758599596e-16  -0.002434780994  0.9999970359  -0.002434778588
12  32  -2.27905925e-16  -0.003544520451  0.9999937182  -0.003544513029
12  33  -3.53949609e-16  -0.006742995302  0.9999772661  -0.006742944204
12  34  -9.44194782e-17  -0.01591484547  0.9998733615  -0.01591417366
12  35  1.117533391e-16  -0.0494590497  0.9987771505  -0.04943888773
12  36  1.117533391e-16  -0.0494590497  0.9987771505  -0.04943888773

13  0  -1.952117114e-17  -0.01697443363  0.9998559378  -0.0169736185
13  1  -2.596986191e-16  -0.08397416979  0.9964762408  -0.08387551168
13  2  -1.711384354e-16  -0.4647883543  0.8939164524  -0.4482336179
13  3  7.43468897e-18  -0.3083043412  0.9528494759  -0.3034433658
13  4  1.053669824e-16  -0.03366321548  0.9994334475  -0.03365685791
13  5  3.897907747e-17  0.001591882283  0.999998733  0.00159188161
13  6  6.081162925e-17  0.007383121351  0.9999727449  0.007383054275
13  7  -2.158688854e-16  0.005844461394  0.9999829212  0.005844428122
13  8  -2.621221831e-16  -0.005069142846  0.9999871519  -0.005069121137
13  9  1.915553363e-17  -0.07954384307  0.9968380562  -0.07945998767
13  10  -2.340656915e-17  -0.6273778828  0.8095695354  -0.5870239922
13  11  1.086299959e-16  -0.1684579133  0.9858444888  -0.1676622913
13  12  7.611021314e-17  -0.02249803906  0.9997469298  -0.02249614117
13  13  -9.459868352e-17  -0.01156335729  0.9999331451  -0.0115630996
13  14  1.044862611e-16  -0.01238201349  0.9999233439  -0.0123816971
13  15  -3.976132907e-17  -0.01202735545  0.9999276722  -0.01202706547
13  16  2.857640396e-16  -0.006465881767  0.9999790963  -0.006465836713
13  17  2.33824751e-16  -0.001030902212  0.9999994686  -0.00103090203
13  18  7.648188332e-17  0.003006209305  0.9999954814  0.003006204777
13  19  -3.267045886e-16  0.004734184179  0.9999887938  0.004734166494
13  20  -1.631491914e-17  -0.009477923717  0.9999550848  -0.009477781815
13  21  1.708018987e-16  0.04013287994  0.9991947841  0.04012210748
13  22  -1.496328471e-18  0.1073633075  0.9942420942  0.1071571656
13  23  -1.928567476e-17  0.09914363949  0.9950892938  0.09898129787
13  24  1.8211254e-16  0.08617812994  0.9962889625  0.08607150012
13  25  5.949263925e-17  0.08869087946  0.9960695414  0.08857465037
13  26  -1.902092662e-16  0.1033233511  0.9946668897  0.1031396074
13  27  -2.030231343e-16  0.08061367752  0.9967524768  0.08052639368
13  28  -1.117617063e-16  0.002977616335  0.9999955669  0.002977611935
13  29  1.583039134e-16  -0.0001585123695  0.9999999874  -0.0001585123689
13  30  -2.87541912e-16  0.004865797261  0.999988162  0.004865778061
13  31  -1.901526232e-16  0.001785000588  0.9999984069  0.00178499964
13  32  2.203930514e-16  -0.002410561634  0.9999970946  -0.0024105593
13  33  5.673025629e-18  -0.008532266225  0.9999636004  -0.008532162701
13  34  -1.707014116e-16  -0.01407469711  0.9999009531  -0.01407423242
13  35  -2.434366907e-16  -0.01394268712  0.9999028023  -0.01394223538
13  36  -2.434366907e-16  -0.01394268712  0.9999028023  -0.01394223538

14  0  -5.113563139e-17  -0.04717768456  0.9988873394  -0.04716018568
14  1  1.30786618e-16  -0.00883056641  0.9999610108  -0.008830451644
14  2  -6.656279056e-17  -0.02297167228  0.9997361627  -0.02296965199
14  3  -3.274433524e-17  -0.1643878831  0.9865187122  -0.1636484969
14  4  -8.114962057e-17  -0.2388325491  0.971614819  -0.2365684753
14  5  6.866636087e-17  -0.09483309724  0.9955067108  -0.09469101713
14  6  -3.971109423e-17  -0.02840929174  0.9995964832  -0.02840547043
14  7  -1.45524906e-16  -0.01965214763  0.9998069028  -0.01965088269
14  8  2.555092888e-17  -0.04468148204  0.9990019486  -0.04466661625
14  9  6.630875176e-17  -0.2008598059  0.9798953985  -0.1995119243
14  10  -4.920126742e-17  -0.2525544728  0.9682772745  -0.2498782098
14  11  -1.665277441e-17  -0.03777306715  0.9992866825  -0.03776408532
14  12  1.552146321e-16  -0.009141468359  0.9999582171  -0.00914134104
14  13  1.462779561e-16  -0.01238201349  0.9999233439  -0.0123816971
14  14  1.84265183e-16  -0.07803335218  0.9969569426  -0.07795418278
14  15  -7.487095995e-17  -0.1633305687  0.9866911886  -0.1626053452
14  16  2.776484838e-16  -0.1020607387  0.9947963221  -0.1018836468
14  17  -1.547104374e-16  -0.04258854714  0.9990932449  -0.0425756739
14  18  1.211037366e-16  -0.01888134184  0.9998217528  -0.01888021998
14  19  -8.814258093e-17  -0.01535859891  0.999882059  -0.0153579951
14  20  -3.932307461e-17  -0.02728682578  0.9996277377  -0.02728343974
14  21  8.489106505e-17  -0.01565285429  0.9998774966  -0.01565221511
14  22  1.275485765e-17  0.04013287994  0.9991947841  0.04012210748
14  23  -4.425027812e-18  0.05128789812  0.998685064  0.05126541605
14  24  2.4787546e-16  0.06188945102  0.9980854591  0.06184994934
14  25  -9.011595833e-17  0.06503124885  0.9978862134  0.06498542166
14  26  1.734892739e-17  0.05621649495  0.9984202689  0.05618688952
14  27  1.585733817e-16  0.05367916665  0.9985596194  0.05365339136
14  28  1.431021884e-16  0.05180130904  0.9986586122  0.05177814509
14  29  8.140816078e-17  -0.02307200743  0.999733853  -0.02306996054
14  30  -2.336899658e-16  -0.05700883379  0.9983754365  -0.05697795895
14  31  -1.495281048e-16  -0.02105634363  0.9997783234  -0.0210547877
14  32  3.18605317e-16  -0.02645627169  0.9996500533  -0.02645318552
14  33  5.363394339e-17  -0.05942034298  0.9982351308  -0.05938538249
14  34  -1.832403862e-16  -0.1276825015  0.9918596576  -0.1273358534
14  35  5.954352584e-17  -0.1513461079  0.9885690223  -0.1507689892
14  36  5.954352584e-17  -0.1513461079  0.9885690223  -0.1507689892

15  0  4.750628853e-17  -0.2848166874  0.9597131762  -0.2809815285
15  1  -7.149580634e-19  -0.06085482899  0.9981489163  -0.06081727523
15  2  -3.739086941e-17  -0.004384751688  0.999990387  -0.004384737638
15  3  -3.924111688e-16  -0.009439433671  0.9999554489  -0.009439293492
15  4  1.023106989e-16  -0.03115219716  0.9995148095  -0.03114715875
15  5  1.275881871e-16  -0.0775353172  0.9969956429  -0.07745765371
15  6  -4.564792392e-16  -0.07538200794  0.9971601216  -0.07531063584
15  7  3.025493606e-16  -0.05518650254  0.9984776114  -0.0551584946
15  8  -2.696199086e-17  -0.068391457  0.9976622157  -0.06833815386
15  9  -1.72319717e-16  -0.09123815719  0.9958406859  -0.09111162603
15  10  -4.202668644e-17  -0.04359858672  0.9990497322  -0.04358477573
15  11  1.741858865e-16  -0.01406721722  0.9999010583  -0.01406675327
15  12  -1.464155704e-16  -0.00458799004  0.9999894752  -0.004587973944
15  13  -3.150566269e-17  -0.01202735545  0.9999276722  -0.01202706547
15  14  1.830473496e-16  -0.1633305687  0.9866911886  -0.1626053452
15  15  -3.466184917e-16  -0.3449745112  0.9410840725  -0.3381726903
15  16  2.718126273e-16  -0.137393936  0.9905762915  -0.1369620774
15  17  8.752911468e-18  -0.05238047481  0.9986284566  -0.05235652526
15  18  9.604386486e-17  -0.03184929012  0.9994928542  -0.03184390586
15  19  9.587209258e-17  -0.05025778416  0.9987373434  -0.0502366296
15  20  2.840758091e-17  -0.04270139128  0.9990884341  -0.04268841544
15  21  7.878197178e-17  -0.02728682578  0.9996277377  -0.02728343974
15  22  1.92126305e-17  -0.009477923716  0.9999550848  -0.009477781815
15  23  1.398516005e-16  -0.01932876358  0.9998132053  -0.01932756006
15  24  5.838236722e-17  0.005950089001  0.9999822983  0.005950053892
15  25  1.628374001e-16  0.07125129957  0.9974626999  0.0711910274
15  26  2.328574968e-16  0.04830282626  0.9988336453  0.04828404539
15  27  1.167942958e-16  -0.015123372  0.999885644  -0.01512279551
15  28  -1.134186851e-16  -0.005875516779  0.9999827392  -0.005875482973
15  29  -1.321207633e-16  0.03192661585  0.9994903889  0.03192119228
15  30  -4.302396452e-16  0.02461517762  0.9996970618  0.02461269194
15  31  -2.764410192e-16  -0.1331428846  0.9911495721  -0.1327498618
15  32  7.597385128e-17  -0.06080507533  0.9981519409  -0.06076761359
15  33  -1.587124177e-16  -0.04277905794  0.9990851156  -0.04276601118
15  34  3.065280487e-17  -0.0921854875  0.9957539262  -0.09205497507
15  35  3.325530894e-16  -0.2445067344  0.9702568516  -0.2420777599
15  36  3.325530894e-16  -0.2445067344  0.9702568516  -0.2420777599

16  0  -4.752610457e-17  -0.09306212018  0.9956728452  -0.09292785002
16  1  -1.527735166e-16  -0.1420558218  0.9899270281  -0.141578526
16  2  -1.936983402e-17  -0.03173797691  0.9994963927  -0.0317326489
16  3  -5.899303817e-17  -0.001274897641  0.9999991873  -0.001274897296
16  4  2.576004927e-16  -0.005861399287  0.999982822  -0.005861365724
16  5  -7.515856864e-17  -0.01227637365  0.9999246463  -0.01227606529
16  6  4.88315919e-17  -0.02026091405  0.9997947547  -0.02025952788
16  7  1.704673733e-16  -0.02381910839  0.9997163384  -0.02381685616
16  8  6.095331023e-17  -0.02264206275  0.9997436794  -0.02264012818
16  9  -7.480886411e-17  -0.02170031108  0.9997645575  -0.02169860799
16  10  1.013285701e-17  -0.01466893081  0.9998924132  -0.01466840474
16  11  2.537111727e-16  -0.008560322916  0.9999633607  -0.008560218368
16  12  2.216099307e-16  -0.003108525036  0.9999951685  -0.00310852003
16  13  3.414183639e-16  -0.006465881767  0.9999790963  -0.006465836713
16  14  1.798729881e-16  -0.1020607387  0.9947963221  -0.1018836468
16  15  3.633687324e-17  -0.137393936  0.9905762915  -0.1369620774
16  16  -1.276036829e-16  -0.04208528278  0.9991145452  -0.0420728605
16  17  -1.390077008e-16  -0.01985559881  0.9998028841  -0.01985429418
16  18  1.030560369e-16  -0.08285629289  0.9965693807  -0.08276152173
16  19  -1.860290886e-18  -0.2761554533  0.9621107955  -0.2726587928
16  20  1.285240363e-17  -0.05025778416  0.9987373434  -0.05023662961
16  21  -1.903174613e-16  -0.01535859891  0.999882059  -0.0153579951
16  22  -1.787403443e-16  0.004734184179  0.9999887938  0.004734166495
16  23  -5.358737095e-17  -0.001371902738  0.9999990589  -0.001371902308
16  24  1.873711061e-16  0.003033907145  0.9999953977  0.003033902491
16  25  4.210551376e-16  0.1848021235  0.9829726301  0.1837520299
16  26  1.942192164e-16  0.4572429288  0.8972730869  0.4414759422
16  27  -1.979713381e-16  0.070175593  0.9975387034  0.07011800923
16  28  6.434937e-17  0.002158127078  0.9999976712  0.002158125403
16  29  -1.50205056e-17  0.007248080479  0.9999737328  0.007248017017
16  30  1.681565744e-16  0.007097304389  0.9999748142  0.007097244806
16  31  2.775178673e-17  -0.02417608081  0.9997077728  -0.0241737258
16  32  1.855365387e-16  -0.1396882682  0.9902594481  -0.139234426
16  33  -2.153703206e-16  -0.2276678764  0.9741954185  -0.2257061952
16  34  -7.140167123e-17  -0.048484392  0.9988248621  -0.04846539856
16  35  -8.43406859e-17  -0.03023484846  0.9995429618  -0.03023024216
16  36  -8.43406859e-17  -0.03023484846  0.9995429618  -0.03023024216

17  0  -1.746840651e-16  -0.06807144801  0.9976840335  -0.06801888949
17  1  -1.942557128e-16  -0.03747442203  0.999297916  -0.03746565156
17  2  -2.38125213e-16  -0.05961041347  0.9982238254  -0.05957511645
17  3  1.750840954e-16  -0.01085086093  0.99994113  -0.010850648
17  4  -4.985089879e-17  0.0007785058236  0.999999697  0.000778505745
17  5  -1.910279308e-16  -0.004683731718  0.9999890313  -0.004683714593
17  6  1.923952986e-16  -0.007777240897  0.9999697574  -0.007777162496
17  7  9.528684467e-17  -0.004621568017  0.9999893206  -0.004621551565
17  8  1.692802046e-16  0.008944081481  0.999960002  0.008943962232
17  9  -2.680413684e-16  0.003838306879  0.9999926337  0.003838297454
17  10  -9.330109896e-17  -0.007091106932  0.9999748582  -0.007091047504
17  11  3.164331369e-16  -0.006965045219  0.9999757442  -0.006964988905
17  12  -3.061909056e-16  -0.002504741685  0.9999968631  -0.002504739066
17  13  3.813037429e-17  -0.001030902213  0.9999994686  -0.00103090203
17  14  9.036854176e-17  -0.04258854714  0.9990932449  -0.0425756739
17  15  -9.190909475e-17  -0.05238047481  0.9986284566  -0.05235652526
17  16  6.18125879e-17  -0.01985559881  0.9998028841  -0.01985429418
17  17  1.643179437e-18  -0.1177584819  0.9930744786  -0.1174865099
17  18  -2.13461572e-16  -0.9118877879  0.6122542411  -0.790660954
17  19  -1.138455061e-16  -0.08285629289  0.9965693807  -0.08276152173
17  20  -1.093074256e-16  -0.03184929012  0.9994928542  -0.03184390586
17  21  -7.874365923e-17  -0.01888134184  0.9998217528  -0.01888021998
17  22  1.516290823e-16  0.003006209305  0.9999954814  0.003006204777
17  23  1.473863892e-16  -0.0006567715001  0.9999997843  -0.0006567714529
17  24  -3.408597943e-16  -0.003071994014  0.9999952814  -0.003071989182
17  25  2.301106787e-16  0.02376798187  0.9997175548  0.02376574411
17  26  1.71610242e-16  0.1471549268  0.989192238  0.1466244054
17  27  1.86337261e-16  0.0645889469  0.997914859  0.0645440483
17  28  2.813762816e-17  0.002160682029  0.9999976657  0.002160680348
17  29  8.803103089e-18  -0.001846035042  0.9999982961  -0.001846033994
17  30  1.49249861e-16  0.003455973361  0.9999940281  0.003455966481
17  31  -4.434112222e-20  -0.000460028288  0.9999998942  -0.0004600282718
17  32  8.320342956e-17  -0.0325483702  0.9994703486  -0.03254262357
17  33  -1.204885246e-17  -0.06224490605  0.9980634112  -0.06220471993
17  34  -2.275882417e-16  -0.4263141352  0.9104961012  -0.4135176534
17  35  -2.144348156e-16  -0.5822738939  0.8352143402  -0.5499245457
17  36  -2.144348156e-16  -0.5822738939  0.8352143402  -0.5499245457

18  0  -1.725552964e-17  -0.5822738939  0.8352143402  -0.5499245457
18  1  -1.576570851e-16  -0.4263141352  0.9104961012  -0.4135176534
18  2  -2.856696433e-17  -0.06224490605  0.9980634112  -0.06220471993
18  3  -8.963418666e-17  -0.0325483702  0.9994703486  -0.03254262357
18  4  6.185810914e-17  -0.0004600282879  0.9999998942  -0.0004600282717
18  5  -4.544760815e-17  0.003455973361  0.9999940281  0.003455966482
18  6  -3.722394195e-17  -0.001846035043  0.9999982961  -0.001846033994
18  7  -1.471132777e-16  0.002160682029  0.9999976657  0.002160680348
18  8  9.316808676e-17  0.0645889469  0.997914859  0.0645440483
18  9  -1.022921796e-16  0.1471549268  0.989192238  0.1466244054
18  10  6.983296548e-18  0.02376798187  0.9997175548  0.02376574411
18  11  7.963027896e-17  -0.003071994014  0.9999952814  -0.003071989182
18  12  -5.205696964e-17  -0.0006567715002  0.9999997843  -0.0006567714529
18  13  6.555138166e-17  0.003006209305  0.9999954814  0.003006204777
18  14  -2.481020358e-17  -0.01888134184  0.9998217528  -0.01888021998
18  15  -2.044852392e-16  -0.03184929012  0.9994928542  -0.03184390586
18  16  -1.321244665e-16  -0.08285629289  0.9965693807  -0.08276152173
18  17  -4.436743627e-17  -0.9118877879  0.6122542411  -0.790660954
18  18  6.691565731e-17  -0.1177584819  0.9930744786  -0.1174865099
18  19  1.683022461e-16  -0.01985559881  0.9998028841  -0.01985429418
18  20  1.519809975e-16  -0.05238047481  0.9986284566  -0.05235652526
18  21  1.595484228e-16  -0.04258854714  0.9990932449  -0.0425756739
18  22  7.848497134e-17  -0.001030902213  0.9999994686  -0.00103090203
18  23  4.336861846e-17  -0.002504741685  0.9999968631  -0.002504739066
18  24  2.699501693e-16  -0.006965045219  0.9999757442  -0.006964988905
18  25  4.354348498e-17  -0.007091106932  0.9999748582  -0.007091047504
18  26  6.510720492e-17  0.003838306879  0.9999926337  0.003838297454
18  27  -6.67652215e-17  0.008944081481  0.999960002  0.008943962232
18  28  1.523691851e-16  -0.004621568017  0.9999893206  -0.004621551565
18  29  1.439277171e-17  -0.007777240897  0.9999697574  -0.007777162496
18  30  1.627016501e-16  -0.004683731718  0.9999890313  -0.004683714593
18  31  -3.73619235e-16  0.0007785058235  0.999999697  0.0007785057449
18  32  -1.386620245e-16  -0.01085086093  0.99994113  -0.010850648
18  33  7.170535761e-17  -0.05961041347  0.9982238254  -0.05957511646
18  34  -3.324746537e-16  -0.03747442203  0.999297916  -0.03746565156
18  35  -8.16736371e-17  -0.06807144801  0.9976840335  -0.06801888949
18  36  -8.16736371e-17  -0.06807144801  0.9976840335  -0.06801888949

19  0  1.8565095e-16  -0.03023484846  0.9995429618  -0.03023024216
19  1  7.508720072e-17  -0.048484392  0.9988248621  -0.04846539856
19  2  1.467113908e-16  -0.2276678764  0.9741954185  -0.2257061952
19  3  -1.831981636e-16  -0.1396882682  0.9902594481  -0.139234426
19  4  5.477304535e-17  -0.02417608081  0.9997077728  -0.0241737258
19  5  9.649062589e-17  0.007097304389  0.9999748142  0.007097244805
19  6  1.705546005e-17  0.007248080479  0.9999737328  0.007248017017
19  7  -1.02603507e-16  0.002158127078  0.9999976712  0.002158125403
19  8  -2.205346454e-16  0.070175593  0.9975387034  0.07011800923
19  9  -1.719947339e-16  0.4572429288  0.8972730869  0.4414759422
19  10  2.463066537e-16  0.1848021235  0.9829726301  0.1837520299
19  11  -7.849044175e-17  0.003033907145  0.9999953977  0.003033902491
19  12  1.852624657e-16  -0.001371902739  0.9999990589  -0.001371902308
19  13  1.181911073e-16  0.004734184179  0.9999887938  0.004734166495
19  14  -2.193295617e-16  -0.01535859891  0.999882059  -0.0153579951
19  15  -9.426514671e-17  -0.05025778416  0.9987373434  -0.05023662961
19  16  -5.650423289e-17  -0.2761554533  0.9621107954  -0.2726587928
19  17  -2.156012158e-16  -0.08285629289  0.9965693807  -0.08276152173
19  18  1.607194186e-17  -0.01985559881  0.9998028841  -0.01985429418
19  19  2.9836211e-16  -0.04208528277  0.9991145452  -0.0420728605
19  20  2.954333638e-16  -0.137393936  0.9905762915  -0.1369620774
19  21  2.145004584e-16  -0.1020607387  0.9947963221  -0.1018836468
19  22  -1.307227899e-16  -0.006465881767  0.9999790963  -0.006465836713
19  23  -5.791101467e-18  -0.003108525036  0.9999951685  -0.00310852003
19  24  6.303491952e-17  -0.008560322916  0.9999633607  -0.008560218368
19  25  -1.259338141e-16  -0.01466893081  0.9998924132  -0.01466840474
19  26  -2.566638743e-17  -0.02170031108  0.9997645575  -0.02169860799
19  27  9.962420067e-17  -0.02264206275  0.9997436794  -0.02264012818
19  28  1.52888071e-16  -0.02381910839  0.9997163384  -0.02381685616
19  29  1.954732458e-16  -0.02026091405  0.9997947547  -0.02025952788
19  30  2.980675728e-16  -0.01227637365  0.9999246463  -0.01227606529
19  31  -2.890759208e-17  -0.005861399287  0.999982822  -0.005861365724
19  32  -4.308761214e-17  -0.001274897641  0.9999991873  -0.001274897296
19  33  1.364150111e-16  -0.03173797691  0.9994963927  -0.0317326489
19  34  -4.833675153e-17  -0.1420558218  0.9899270281  -0.141578526
19  35  -1.352244875e-16  -0.09306212018  0.9956728452  -0.09292785002
19  36  -1.352244875e-16  -0.09306212018  0.9956728452  -0.09292785002

20  0  8.546853762e-17  -0.2445067344  0.9702568516  -0.2420777599
20  1  2.389361893e-16  -0.0921854875  0.9957539262  -0.09205497507
20  2  -3.886278872e-18  -0.04277905794  0.9990851156  -0.04276601118
20  3  -8.07303817e-17  -0.06080507533  0.9981519409  -0.06076761359
20  4  -5.247110129e-17  -0.1331428846  0.9911495721  -0.1327498618
20  5  -6.951976779e-18  0.02461517761  0.9996970618  0.02461269194
20  6  1.628409579e-16  0.03192661585  0.9994903889  0.03192119228
20  7  1.518661277e-16  -0.005875516779  0.9999827392  -0.005875482974
20  8  -1.319073978e-16  -0.015123372  0.999885644  -0.01512279551
20  9  -7.444371212e-17  0.04830282626  0.9988336453  0.04828404539
20  10  -1.737469869e-16  0.07125129957  0.9974626999  0.0711910274
20  11  -2.16679809e-16  0.005950089001  0.9999822983  0.005950053892
20  12  2.964187154e-16  -0.01932876358  0.9998132053  -0.01932756006
20  13  1.375377745e-16  -0.009477923717  0.9999550848  -0.009477781815
20  14  -1.701220369e-16  -0.02728682578  0.9996277377  -0.02728343974
20  15  -1.993748051e-17  -0.04270139128  0.9990884341  -0.04268841544
20  16  1.035283316e-16  -0.05025778416  0.9987373434  -0.0502366296
20  17  -1.03120504e-16  -0.03184929012  0.9994928542  -0.03184390586
20  18  4.151664892e-17  -0.05238047481  0.9986284566  -0.05235652526
20  19  -4.135034621e-17  -0.137393936  0.9905762915  -0.1369620774
20  20  2.278471969e-16  -0.3449745112  0.9410840725  -0.3381726903
20  21  3.0934965e-16  -0.1633305687  0.9866911886  -0.1626053452
20  22  -2.366987916e-17  -0.01202735545  0.9999276722  -0.01202706547
20  23  -1.384458348e-16  -0.00458799004  0.9999894752  -0.004587973944
20  24  -4.52155341e-17  -0.01406721722  0.9999010583  -0.01406675327
20  25  3.207764344e-16  -0.04359858672  0.9990497322  -0.04358477573
20  26  1.182017421e-16  -0.09123815719  0.9958406859  -0.09111162603
20  27  5.638239714e-17  -0.068391457  0.9976622157  -0.06833815386
20  28  1.505014006e-16  -0.05518650254  0.9984776114  -0.0551584946
20  29  6.576271797e-17  -0.07538200794  0.9971601216  -0.07531063584
20  30  1.534534786e-16  -0.0775353172  0.9969956429  -0.07745765371
20  31  2.139583234e-16  -0.03115219716  0.9995148095  -0.03114715875
20  32  1.254355456e-16  -0.009439433671  0.9999554489  -0.009439293492
20  33  1.457090131e-16  -0.004384751688  0.999990387  -0.004384737638
20  34  5.800769684e-16  -0.06085482899  0.9981489163  -0.06081727523
20  35  2.806905587e-16  -0.2848166874  0.9597131762  -0.2809815285
20  36  2.806905587e-16  -0.2848166874  0.9597131762  -0.2809815285

21  0  -2.38689577e-17  -0.1513461079  0.9885690223  -0.1507689892
21  1  -3.239217294e-17  -0.1276825015  0.9918596576  -0.1273358534
21  2  6.209064676e-17  -0.05942034298  0.9982351308  -0.05938538249
21  3  2.898707911e-16  -0.02645627169  0.9996500533  -0.02645318552
21  4  1.655561543e-16  -0.02105634363  0.9997783234  -0.0210547877
21  5  1.156718045e-16  -0.05700883379  0.9983754365  -0.05697795895
21  6  6.18237089e-17  -0.02307200743  0.999733853  -0.02306996055
21  7  1.318811303e-16  0.05180130904  0.9986586122  0.05177814509
21  8  -5.526496274e-17  0.05367916664  0.9985596194  0.05365339136
21  9  2.54797122e-17  0.05621649495  0.9984202689  0.05618688952
21  10  7.18671201e-17  0.06503124885  0.9978862134  0.06498542166
21  11  -2.039133361e-16  0.06188945102  0.9980854591  0.06184994934
21  12  -6.035286924e-17  0.05128789812  0.998685064  0.05126541604
21  13  -1.817419821e-16  0.04013287994  0.9991947841  0.04012210748
21  14  1.354043293e-16  -0.01565285429  0.9998774966  -0.01565221511
21  15  4.305562433e-16  -0.02728682578  0.9996277377  -0.02728343974
21  16  -1.241348525e-16  -0.01535859891  0.999882059  -0.0153579951
21  17  -3.367263493e-17  -0.01888134184  0.9998217528  -0.01888021998
21  18  4.383026216e-17  -0.04258854714  0.9990932449  -0.0425756739
21  19  -3.064730566e-16  -0.1020607387  0.9947963221  -0.1018836468
21  20  2.405308241e-17  -0.1633305687  0.9866911886  -0.1626053452
21  21  2.315998624e-16  -0.07803335218  0.9969569426  -0.07795418279
21  22  2.864775436e-17  -0.01238201349  0.9999233439  -0.0123816971
21  23  9.179760777e-17  -0.009141468359  0.9999582171  -0.00914134104
21  24  5.637882805e-17  -0.03777306715  0.9992866825  -0.03776408532
21  25  3.054234331e-17  -0.2525544728  0.9682772745  -0.2498782098
21  26  -5.258518787e-17  -0.2008598059  0.9798953985  -0.1995119243
21  27  2.246108046e-16  -0.04468148204  0.9990019486  -0.04466661625
21  28  1.257389197e-16  -0.01965214763  0.9998069028  -0.01965088269
21  29  -1.413333552e-16  -0.02840929174  0.9995964832  -0.02840547043
21  30  7.004583287e-17  -0.09483309724  0.9955067108  -0.09469101713
21  31  -9.963217542e-18  -0.2388325491  0.971614819  -0.2365684753
21  32  1.931450967e-16  -0.1643878831  0.9865187122  -0.1636484969
21  33  2.752759854e-16  -0.02297167228  0.9997361627  -0.02296965199
21  34  -7.050283986e-17  -0.00883056641  0.9999610108  -0.008830451644
21  35  -3.7983597e-17  -0.04717768456  0.9988873394  -0.04716018568
21  36  -3.7983597e-17  -0.04717768456  0.9988873394  -0.04716018568

22  0  1.067042117e-16  -0.01394268712  0.9999028023  -0.01394223538
22  1  7.599664606e-17  -0.01407469711  0.9999009531  -0.01407423242
22  2  -1.706679576e-16  -0.008532266225  0.9999636004  -0.008532162701
22  3  -8.696268507e-17  -0.002410561634  0.9999970946  -0.0024105593
22  4  1.228139786e-16  0.001785000588  0.9999984069  0.00178499964
22  5  1.231416073e-16  0.004865797262  0.999988162  0.004865778061
22  6  3.520678736e-16  -0.0001585123693  0.9999999874  -0.0001585123687
22  7  2.038295964e-16  0.002977616333  0.9999955669  0.002977611933
22  8  2.330877579e-16  0.08061367752  0.9967524768  0.08052639368
22  9  -1.037267784e-16  0.1033233511  0.9946668897  0.1031396074
22  10  -1.489856584e-16  0.08869087946  0.9960695414  0.08857465037
22  11  -3.583936656e-17  0.08617812994  0.9962889625  0.08607150012
22  12  -2.339344177e-16  0.09914363949  0.9950892938  0.09898129787
22  13  -2.67778639e-16  0.1073633075  0.9942420942  0.1071571656
22  14  6.081132402e-17  0.04013287994  0.9991947841  0.04012210748
22  15  2.268634372e-17  -0.009477923718  0.9999550848  -0.009477781816
22  16  -2.402161027e-16  0.004734184178  0.9999887938  0.004734166494
22  17  -2.769217617e-16  0.003006209305  0.9999954814  0.003006204777
22  18  -2.429057528e-16  -0.001030902213  0.9999994686  -0.00103090203
22  19  -1.6107546e-16  -0.006465881767  0.9999790963  -0.006465836713
22  20  3.001560151e-17  -0.01202735545  0.9999276722  -0.01202706547
22  21  8.776558869e-17  -0.01238201349  0.9999233439  -0.0123816971
22  22  -7.555594914e-17  -0.01156335729  0.9999331451  -0.0115630996
22  23  -1.760618136e-16  -0.02249803906  0.9997469298  -0.02249614117
22  24  5.166073701e-17  -0.1684579133  0.9858444888  -0.1676622913
22  25  -7.526727805e-18  -0.6273778828  0.8095695354  -0.5870239922
22  26  -2.673534403e-16  -0.07954384307  0.9968380562  -0.07945998767
22  27  4.712911707e-18  -0.005069142846  0.9999871519  -0.005069121137
22  28  8.783798103e-17  0.005844461394  0.9999829212  0.005844428122
22  29  6.276848042e-17  0.007383121351  0.9999727449  0.007383054275
22  30  -4.217528722e-17  0.001591882283  0.999998733  0.00159188161
22  31  1.751644017e-16  -0.03366321548  0.9994334475  -0.03365685791
22  32  -1.061312237e-16  -0.3083043411  0.9528494759  -0.3034433658
22  33  1.643585399e-16  -0.4647883543  0.8939164524  -0.4482336179
22  34  1.326200942e-16  -0.08397416979  0.9964762408  -0.08387551168
22  35  1.528305993e-16  -0.01697443363  0.9998559378  -0.0169736185
22  36  1.528305993e-16  -0.01697443363  0.9998559378  -0.0169736185

23  0  3.778273771e-17  -0.0494590497  0.9987771505  -0.04943888773
23  1  -6.050605616e-17  -0.01591484547  0.9998733615  -0.01591417366
23  2  -2.999140581e-17  -0.006742995302  0.9999772661  -0.006742944204
23  3  -9.538918717e-17  -0.00354452045  0.9999937182  -0.003544513028
23  4  -5.932127385e-18  -0.002434780993  0.9999970359  -0.002434778588
23  5  -7.359873127e-17  -0.001048482865  0.9999994503  -0.001048482673
23  6  3.517754513e-16  0.003266948701  0.9999946635  0.003266942889
23  7  3.55850693e-16  -0.00517608865  0.9999866041  -0.005176065537
23  8  1.361217025e-16  0.003070656239  0.9999952855  0.003070651414
23  9  5.419914528e-18  0.07418245261  0.9972497434  0.0741144332
23  10  -8.152162244e-17  0.09779943923  0.9952214455  0.09764360957
23  11  -3.115423272e-17  0.1213442466  0.9926468162  0.1210466783
23  12  -3.468521491e-16  0.1214842064  0.9926298648  0.1211856078
23  13  -4.781811225e-18  0.09914363949  0.9950892938  0.09898129787
23  14  5.899729751e-17  0.05128789812  0.998685064  0.05126541605
23  15  4.245032519e-17  -0.01932876358  0.9998132053  -0.01932756006
23  16  -1.630472415e-16  -0.001371902739  0.9999990589  -0.001371902308
23  17  -5.166583444e-16  -0.0006567715001  0.9999997843  -0.0006567714529
23  18  4.045853485e-17  -0.002504741685  0.9999968631  -0.002504739066
23  19  4.701150133e-17  -0.003108525036  0.9999951685  -0.00310852003
23  20  -1.788570402e-17  -0.00458799004  0.9999894752  -0.004587973944
23  21  8.314055708e-17  -0.009141468359  0.9999582171  -0.00914134104
23  22  1.042079138e-16  -0.02249803906  0.9997469298  -0.02249614117
23  23  -2.677825468e-16  -0.07653258944  0.9970728106  -0.07645789973
23  24  7.203948774e-17  -0.3933967871  0.9236123074  -0.3833279349
23  25  -9.486288704e-17  -0.2077204669  0.9785035645  -0.2062299063
23  26  -1.319132261e-16  -0.007577513817  0.9999712908  -0.007577441302
23  27  -1.114218244e-16  0.01517562082  0.9998848525  0.01517503834
23  28  5.017162609e-17  0.02484325899  0.9996914221  0.02484070358
23  29  -5.600632214e-17  0.02916273497  0.9995747976  0.0291586015
23  30  -2.994410727e-16  0.02783826805  0.9996125404  0.02783467255
23  31  2.487592921e-17  0.02101745238  0.9997791415  0.02101590507
23  32  5.106161135e-17  0.006158732884  0.9999810351  0.00615869395
23  33  1.58167291e-16  -0.09229795159  0.995743567  -0.09216696104
23  34  3.41163442e-16  -0.3464948923  0.9405688337  -0.3396031053
23  35  1.499255438e-16  -0.2077795906  0.9784913697  -0.2062877587
23  36  1.499255438e-16  -0.2077795906  0.9784913697  -0.2062877587

24  0  4.689630001e-17  -0.2757933854  0.9622094534  -0.2723104256
24  1  -9.934577117e-17  -0.296552377  0.9563496518  -0.2922248168
24  2  -1.015895089e-16  -0.1142287929  0.9934829824  -0.1139805412
24  3  -3.207933033e-17  -0.0263958338  0.9996516502  -0.02639276873
24  4  2.955620897e-16  -0.01092517825  0.9999403208  -0.01092496091
24  5  -3.288810326e-16  -0.007312694655  0.9999732624  -0.00731262948
24  6  1.750805228e-16  -0.004519059908  0.9999897891  -0.004519044527
24  7  1.662582553e-16  0.005571019546  0.9999844819  0.005570990729
24  8  -7.552687054e-17  -9.49170017e-05  0.9999999955  -9.491700156e-05
24  9  -4.222339488e-16  0.02907271407  0.9995774184  0.02906861876
24  10  -2.713730798e-17  0.06940264864  0.9975926027  0.06934694645
24  11  -7.439004899e-17  0.0951467299  0.9954769637  0.09500323589
24  12  -1.967901761e-16  0.1213442466  0.9926468162  0.1210466783
24  13  -2.722293599e-16  0.08617812994  0.9962889625  0.08607150012
24  14  1.812435604e-16  0.06188945102  0.9980854591  0.06184994934
24  15  8.2205824e-18  0.005950089001  0.9999822983  0.005950053892
24  16  -2.228580713e-16  0.003033907146  0.9999953977  0.003033902491
24  17  -3.182154086e-16  -0.003071994014  0.9999952814  -0.003071989182
24  18  -1.044626778e-16  -0.006965045219  0.9999757442  -0.006964988905
24  19  -2.416718757e-16  -0.008560322916  0.9999633607  -0.008560218368
24  20  1.504687182e-17  -0.01406721722  0.9999010583  -0.01406675327
24  21  6.522681821e-17  -0.03777306715  0.9992866825  -0.03776408532
24  22  -1.280007881e-16  -0.1684579133  0.9858444888  -0.1676622913
24  23  2.687508392e-17  -0.3933967871  0.9236123074  -0.3833279349
24  24  1.102951372e-16  -0.2125601792  0.9774940154  -0.2109631483
24  25  2.484586758e-16  -0.02882572187  0.9995845676  -0.02882173005
24  26  -1.023192087e-16  0.05589721947  0.9984381572  0.05586811554
24  27  4.87759898e-17  0.1415916952  0.9899926319  0.1411190592
24  28  3.337331242e-17  0.2116655443  0.9776823591  0.2100885638
24  29  -1.508838624e-17  0.3728672935  0.9312866569  0.364287198
24  30  6.165384908e-17  0.6275159207  0.8094884961  0.5871357379
24  31  -1.441812226e-16  0.3610550382  0.9355246401  0.3532614439
24  32  -5.999825301e-17  0.2005033872  0.9799664461  0.1991626586
24  33  -1.271999517e-16  0.1243162294  0.9922826842  0.1239962687
24  34  3.911903879e-17  0.02279678635  0.9997401645  0.02279481185
24  35  1.008874497e-16  -0.1328838052  0.9911839315  -0.132493071
24  36  1.008874497e-16  -0.1328838052  0.9911839315  -0.132493071

25  0  1.329201559e-16  -1.172742149  0.3876253849  -0.9218169889
25  1  -2.678571499e-17  -0.1248334073  0.9922184234  -0.1245094388
25  2  1.233189391e-16  -0.4541083925  0.898652499  -0.438661243
25  3  -1.030532758e-16  -0.4034331374  0.919718642  -0.3925781701
25  4  2.07597686e-16  -0.1316474035  0.9913469886  -0.1312674685
25  5  -1.596311082e-16  -0.02708761854  0.9996331529  -0.02708430612
25  6  2.643489275e-17  -0.01051744749  0.9999446922  -0.01051725359
25  7  1.10009248e-17  0.001399750099  0.9999990203  0.001399749642
25  8  1.170513772e-16  0.09432000524  0.995555165  0.09418021817
25  9  -3.600941512e-17  0.1568843507  0.9877188706  0.1562415843
25  10  -3.047306751e-16  0.05516298521  0.9984789083  0.05513501306
25  11  -4.187533463e-16  0.06940264864  0.9975926027  0.06934694645
25  12  -2.972634316e-16  0.09779943923  0.9952214455  0.09764360957
25  13  1.470337843e-16  0.08869087946  0.9960695414  0.08857465037
25  14  4.931509762e-16  0.06503124885  0.9978862134  0.06498542166
25  15  3.043667753e-16  0.07125129957  0.9974626999  0.0711910274
25  16  -9.323872953e-17  0.1848021235  0.9829726301  0.1837520299
25  17  1.309630836e-16  0.02376798187  0.9997175548  0.02376574411
25  18  8.027488429e-17  -0.007091106932  0.9999748582  -0.007091047504
25  19  4.315999951e-17  -0.01466893081  0.9998924132  -0.01466840474
25  20  8.031532811e-19  -0.04359858672  0.9990497322  -0.04358477573
25  21  -1.115862216e-16  -0.2525544728  0.9682772745  -0.2498782098
25  22  7.151016657e-17  -0.6273778828  0.8095695354  -0.5870239922
25  23  1.611853043e-16  -0.2077204669  0.9785035645  -0.2062299063
25  24  2.007481297e-16  -0.02882572187  0.9995845676  -0.02882173005
25  25  2.408572771e-16  -2.292276868  -0.6604970279  -0.7508286596
25  26  2.184019858e-16  0.07256800981  0.9973680973  0.07250433466
25  27  9.523583303e-18  0.1241955999  0.9922976346  0.1238765693
25  28  -6.874785933e-17  0.1526498355  0.9883716205  0.1520576855
25  29  -1.186871487e-16  0.3351646305  0.9443561714  0.3289246442
25  30  -1.362024536e-16  0.7597972656  0.7249756639  0.6887744818
25  31  -1.986667068e-17  0.3833142251  0.9274302236  0.3739962303
25  32  1.52446153e-17  0.1683694073  0.985859324  0.1675750376
25  33  -2.542829623e-16  0.1311308882  0.991414658  0.1307554052
25  34  5.558349938e-17  0.150745402  0.9886594118  0.1501751228
25  35  -1.222328496e-16  -1.207881436  0.3550007697  -0.9348660083
25  36  -1.222328496e-16  -1.207881436  0.3550007697  -0.9348660083

26  0  -1.402369493e-16  -0.05763238026  0.998339714  -0.05760048131
26  1  -2.795700219e-16  0.1593298048  0.987333836  0.1586565359
26  2  1.099443824e-16  0.02368954112  0.9997194159  0.02368732544
26  3  7.954337646e-18  -0.05031441311  0.9987344969  -0.05029318697
26  4  1.605686024e-16  -0.1609507156  0.9870753709  -0.1602567068
26  5  -2.652620737e-17  -0.1276113907  0.9918687101  -0.1272653211
26  6  -1.179541805e-16  -0.04638244177  0.9989245274  -0.0463658129
26  7  8.506751102e-17  -0.009487305609  0.9999549959  -0.009487163286
26  8  1.864323906e-16  0.05068059002  0.9987160138  0.0506588971
26  9  7.842188767e-17  0.4493267905  0.9007397212  0.434359246
26  10  1.067856127e-16  0.1568843507  0.9877188706  0.1562415843
26  11  -4.539605792e-17  0.02907271407  0.9995774184  0.02906861876
26  12  -2.012146866e-16  0.07418245261  0.9972497434  0.0741144332
26  13  2.785673788e-17  0.1033233511  0.9946668897  0.1031396074
26  14  4.86797912e-16  0.05621649495  0.9984202689  0.05618688952
26  15  -1.792987584e-19  0.04830282626  0.9988336453  0.04828404539
26  16  -1.421837705e-16  0.4572429288  0.8972730869  0.4414759422
26  17  2.580184728e-17  0.1471549268  0.989192238  0.1466244054
26  18  -3.31177768e-16  0.003838306879  0.9999926337  0.003838297455
26  19  -1.804875992e-17  -0.02170031108  0.9997645575  -0.02169860799
26  20  1.081098696e-16  -0.09123815719  0.9958406859  -0.09111162603
26  21  -4.201247235e-17  -0.2008598059  0.9798953985  -0.1995119243
26  22  7.817087282e-17  -0.07954384307  0.9968380562  -0.07945998767
26  23  -1.267420523e-16  -0.007577513817  0.9999712908  -0.007577441302
26  24  -1.358779784e-16  0.05589721947  0.9984381572  0.05586811554
26  25  1.482300869e-16  0.07256800981  0.9973680973  0.07250433465
26  26  -6.948366e-17  0.008221244243  0.9999662058  0.008221151633
26  27  -2.337075509e-16  0.009076026636  0.9999588132  0.009075902031
26  28  4.502115356e-17  0.008567065191  0.9999633029  0.008566960395
26  29  1.996210987e-16  0.009959751646  0.9999504021  0.009959586984
26  30  -2.201737102e-16  0.01210507732  0.9999267344  0.01210478169
26  31  2.215563263e-17  0.01263979246  0.9999201189  0.0126394559
26  32  -1.469800016e-16  0.01091704636  0.9999404096  0.01091682951
26  33  -3.757261475e-16  0.008932862619  0.9999601022  0.008932743819
26  34  -1.302151013e-16  0.008503409866  0.9999638462  0.008503307389
26  35  -8.664771072e-17  0.008260334898  0.9999658836  0.00826024096
26  36  -8.664771072e-17  0.008260334898  0.9999658836  0.00826024096

27  0  1.418608002e-16  0.008310974646  0.999965464  0.00831087897
27  1  -3.665338187e-17  0.02136070364  0.9997718688  0.02135907927
27  2  2.398068553e-17  0.2011990127  0.9798276664  0.1998442999
27  3  2.381402764e-16  0.05470125357  0.9985042595  0.05467397789
27  4  6.304615195e-17  0.004583102416  0.9999894976  0.004583086372
27  5  -1.945375035e-16  -0.02632993429  0.9996533873  -0.02632689213
27  6  -3.224461921e-16  -0.06160362625  0.9981030966  -0.06156466928
27  7  -1.162403807e-16  -0.04151068814  0.9991385551  -0.04149876773
27  8  2.285208395e-16  -0.003204485374  0.9999948656  -0.00320447989
27  9  -1.30049449e-16  0.05068059002  0.9987160138  0.0506588971
27  10  -9.445594008e-17  0.09432000524  0.995555165  0.09418021817
27  11  1.0146798e-16  -9.49170024e-05  0.9999999955  -9.491700225e-05
27  12  2.155801336e-16  0.003070656239  0.9999952855  0.003070651414
27  13  -2.77795682e-16  0.08061367752  0.9967524768  0.08052639368
27  14  1.119608388e-16  0.05367916664  0.9985596194  0.05365339136
27  15  -1.182699152e-18  -0.015123372  0.999885644  -0.01512279551
27  16  -1.252409982e-16  0.070175593  0.9975387034  0.07011800923
27  17  -3.213012293e-16  0.0645889469  0.997914859  0.0645440483
27  18  -1.408459131e-16  0.008944081481  0.999960002  0.008943962232
27  19  -1.080136391e-16  -0.02264206275  0.9997436794  -0.02264012818
27  20  2.306549471e-16  -0.068391457  0.9976622157  -0.06833815386
27  21  1.980022085e-16  -0.04468148204  0.9990019486  -0.04466661625
27  22  -3.124731389e-17  -0.005069142846  0.9999871519  -0.005069121137
27  23  -2.998543173e-16  0.01517562082  0.9998848525  0.01517503834
27  24  -1.744588536e-16  0.1415916952  0.9899926319  0.1411190592
27  25  9.205607802e-17  0.1241955999  0.9922976346  0.1238765693
27  26  2.908680777e-16  0.009076026636  0.9999588132  0.009075902031
27  27  2.456543347e-16  0.008322523739  0.999965368  0.008322427663
27  28  3.829425964e-16  0.006676081643  0.999977715  0.006676032051
27  29  1.267566356e-16  0.0057855877  0.9999832635  0.005785555423
27  30  2.174272985e-16  0.006169538168  0.9999809685  0.006169499029
27  31  3.754094823e-16  0.006682189928  0.9999776743  0.0066821402
27  32  2.087571418e-16  0.006454527283  0.9999791696  0.006454482467
27  33  -1.406083587e-16  0.005831277676  0.9999829981  0.005831244629
27  34  6.258860409e-17  0.005981720808  0.9999821096  0.005981685136
27  35  -3.719790852e-17  0.007485528976  0.9999719836  0.00748545907
27  36  -3.719790852e-17  0.007485528976  0.9999719836  0.00748545907

28  0  6.893558202e-17  0.006251295692  0.9999804607  0.006251254976
28  1  -7.978473864e-17  0.006928910543  0.9999759952  0.0069288551
28  2  -2.346075141e-17  0.02835964726  0.9995978922  0.02835584594
28  3  1.243046533e-16  0.281629652  0.9606037988  0.2779214669
28  4  2.243856972e-17  0.07170524223  0.9974302804  0.07164381092
28  5  -3.085097557e-16  0.01506993415  0.9998864507  0.01506936376
28  6  -4.2573659e-16  -0.005805164886  0.9999831501  -0.005805132281
28  7  -3.2979841e-16  -0.03964152768  0.9992143775  -0.03963114604
28  8  -1.224969756e-16  -0.04151068814  0.9991385551  -0.04149876773
28  9  -9.504325311e-17  -0.009487305609  0.9999549959  -0.009487163286
28  10  8.179305603e-17  0.001399750099  0.9999990203  0.001399749642
28  11  2.744126881e-16  0.005571019546  0.9999844819  0.005570990729
28  12  3.636992305e-17  -0.005176088649  0.9999866041  -0.005176065536
28  13  -3.561067505e-16  0.002977616333  0.9999955669  0.002977611933
28  14  2.100959878e-16  0.05180130904  0.9986586122  0.05177814509
28  15  3.02034632e-16  -0.005875516779  0.9999827392  -0.005875482973
28  16  1.739170127e-16  0.002158127078  0.9999976712  0.002158125403
28  17  -7.678323846e-17  0.002160682029  0.9999976657  0.002160680348
28  18  -7.67289642e-17  -0.004621568017  0.9999893206  -0.004621551565
28  19  1.06205596e-16  -0.02381910839  0.9997163384  -0.02381685616
28  20  1.222994442e-16  -0.05518650254  0.9984776114  -0.0551584946
28  21  1.523963846e-16  -0.01965214763  0.9998069028  -0.01965088269
28  22  1.34241743e-16  0.005844461394  0.9999829212  0.005844428122
28  23  8.855351185e-17  0.02484325899  0.9996914221  0.02484070358
28  24  -5.55370647e-17  0.2116655443  0.9776823591  0.2100885638
28  25  -5.613613173e-17  0.1526498355  0.9883716205  0.1520576855
28  26  7.590721278e-17  0.008567065191  0.9999633029  0.008566960395
28  27  1.475373986e-16  0.006676081643  0.999977715  0.006676032051
28  28  1.225764736e-16  0.005854057169  0.9999828651  0.005854023733
28  29  -1.940964409e-16  0.004585984685  0.9999894844  0.004585968611
28  30  -6.253194554e-18  0.004140941547  0.9999914263  0.004140929712
28  31  -8.79526751e-19  0.004352767837  0.9999905267  0.004352754092
28  32  3.721629256e-16  0.004442025506  0.9999901342  0.004442010898
28  33  1.504070761e-16  0.004196280716  0.9999911956  0.004196268401
28  34  -4.237805687e-17  0.004188316061  0.999991229  0.004188303816
28  35  -4.974699591e-17  0.005090583167  0.999987043  0.00509056118
28  36  -4.974699591e-17  0.005090583167  0.999987043  0.00509056118

29  0  3.844622697e-16  0.003838863516  0.9999926316  0.003838854087
29  1  6.625600449e-17  0.005052336376  0.999987237  0.005052314881
29  2  9.20111292e-17  0.007098574863  0.9999748052  0.007098515247
29  3  -3.829541869e-17  0.04510610807  0.998982892  0.04509081444
29  4  -3.573742627e-16  0.597814369  0.8265677427  0.5628372471
29  5  -2.161330691e-16  0.08651250666  0.9962601265  0.08640463114
29  6  -3.035799789e-16  0.01793306104  0.999839207  0.01793209986
29  7  -5.605968673e-17  -0.005805164886  0.9999831501  -0.005805132281
29  8  -2.729600861e-16  -0.06160362625  0.9981030966  -0.06156466928
29  9  2.401744641e-16  -0.04638244177  0.9989245274  -0.0463658129
29  10  -4.878413986e-17  -0.01051744749  0.9999446922  -0.01051725359
29  11  -2.365068716e-16  -0.004519059909  0.9999897891  -0.004519044527
29  12  3.00329869e-18  0.003266948701  0.9999946635  0.003266942889
29  13  -2.650455669e-16  -0.0001585123697  0.9999999874  -0.000158512369
29  14  1.081385549e-16  -0.02307200743  0.999733853  -0.02306996054
29  15  7.781720839e-17  0.03192661585  0.9994903889  0.03192119228
29  16  6.108427577e-17  0.007248080479  0.9999737328  0.007248017016
29  17  7.000657887e-17  -0.001846035043  0.9999982961  -0.001846033994
29  18  -6.583990828e-17  -0.007777240897  0.9999697574  -0.007777162496
29  19  -2.847077105e-16  -0.02026091405  0.9997947547  -0.02025952788
29  20  2.361736518e-18  -0.07538200794  0.9971601216  -0.07531063584
29  21  -1.011332058e-16  -0.02840929174  0.9995964832  -0.02840547043
29  22  -3.913018881e-16  0.007383121351  0.9999727449  0.007383054275
29  23  1.918480746e-16  0.02916273497  0.9995747976  0.0291586015
29  24  4.170947735e-17  0.3728672935  0.9312866569  0.364287198
29  25  -1.194934486e-16  0.3351646305  0.9443561714  0.3289246441
29  26  7.853257085e-17  0.009959751646  0.9999504021  0.009959586984
29  27  -6.931020822e-17  0.0057855877  0.9999832635  0.005785555423
29  28  2.384496316e-16  0.004585984686  0.9999894844  0.004585968611
29  29  -1.005775909e-17  0.003350617868  0.9999943867  0.003350611598
29  30  8.672951494e-17  0.00247645315  0.9999969336  0.002476450619
29  31  -8.748076402e-17  0.002371245719  0.9999971886  0.002371243497
29  32  -7.009147026e-17  0.002513912551  0.9999968401  0.002513909903
29  33  -8.963057551e-17  0.002432355525  0.9999970418  0.002432353126
29  34  3.344718717e-16  0.002280845051  0.9999973989  0.002280843073
29  35  1.462020919e-16  0.002681368539  0.9999964051  0.002681365326
29  36  1.462020919e-16  0.002681368539  0.9999964051  0.002681365326

30  0  -3.596125585e-17  0.001530785849  0.9999988283  0.001530785252
30  1  -7.717114589e-17  0.003236279503  0.9999947633  0.003236273854
30  2  -1.098013727e-16  0.005050651837  0.9999872455  0.005050630364
30  3  9.885046512e-17  0.008394130067  0.9999647695  0.00839403149
30  4  3.032191256e-16  0.09444373362  0.9955435046  0.09430339587
30  5  2.102086473e-16  1.228946037  0.3352308899  0.9421360042
30  6  1.651409414e-16  0.08651250666  0.9962601265  0.08640463114
30  7  -9.474861835e-17  0.01506993415  0.9998864507  0.01506936376
30  8  -2.271195747e-16  -0.02632993429  0.9996533873  -0.02632689213
30  9  1.122051209e-16  -0.1276113907  0.9918687101  -0.1272653211
30  10  2.109233031e-16  -0.02708761854  0.9996331529  -0.02708430612
30  11  5.71702426e-17  -0.007312694655  0.9999732624  -0.00731262948
30  12  -4.625084088e-17  -0.001048482865  0.9999994503  -0.001048482673
30  13  6.5960849e-17  0.004865797261  0.999988162  0.004865778061
30  14  -3.205188709e-17  -0.05700883379  0.9983754365  -0.05697795896
30  15  1.865685566e-16  0.02461517762  0.9996970618  0.02461269194
30  16  -2.050497946e-16  0.007097304389  0.9999748142  0.007097244805
30  17  -8.950983351e-17  0.003455973361  0.9999940281  0.003455966481
30  18  1.751780277e-16  -0.004683731718  0.9999890313  -0.004683714593
30  19  -1.176438431e-16  -0.01227637365  0.9999246463  -0.01227606529
30  20  7.416210744e-17  -0.0775353172  0.9969956429  -0.07745765371
30  21  7.590983045e-17  -0.09483309724  0.9955067108  -0.09469101713
30  22  -1.327734293e-16  0.001591882283  0.999998733  0.00159188161
30  23  2.403321665e-17  0.02783826805  0.9996125404  0.02783467255
30  24  -9.726547893e-17  0.6275159207  0.8094884961  0.5871357379
30  25  1.1279149e-16  0.7597972656  0.7249756639  0.6887744818
30  26  -7.408071083e-17  0.01210507732  0.9999267344  0.01210478169
30  27  -2.097285494e-16  0.006169538168  0.9999809685  0.006169499029
30  28  -2.513748638e-16  0.004140941547  0.9999914263  0.004140929712
30  29  -1.892001427e-16  0.00247645315  0.9999969336  0.002476450619
30  30  1.894955349e-16  0.001049452489  0.9999994493  0.001049452296
30  31  -2.583481784e-16  0.00041425526  0.9999999142  0.0004142552481
30  32  2.173810155e-16  0.0003963305582  0.9999999215  0.0003963305479
30  33  -2.433790669e-17  0.0004088816399  0.9999999164  0.0004088816285
30  34  2.565017626e-16  0.00027774461  0.9999999614  0.0002777446065
30  35  2.151232104e-16  0.0004559100843  0.9999998961  0.0004559100685
30  36  2.151232104e-16  0.0004559100843  0.9999998961  0.0004559100685

31  0  1.756071813e-16  -0.0005542351736  0.9999998464  -0.0005542351453
31  1  8.952921633e-17  0.001293522926  0.9999991634  0.001293522565
31  2  -1.074932936e-17  0.003382019341  0.999994281  0.003382012893
31  3  1.64972087e-16  0.005492128073  0.9999849183  0.005492100463
31  4  6.65654486e-17  0.009156507846  0.9999580795  0.009156379897
31  5  -3.298946884e-18  0.09444373362  0.9955435046  0.09430339587
31  6  1.182489232e-16  0.5978143691  0.8265677427  0.5628372471
31  7  -6.763552113e-17  0.07170524223  0.9974302804  0.07164381091
31  8  1.491824505e-16  0.004583102416  0.9999894976  0.004583086372
31  9  7.778230153e-18  -0.1609507156  0.9870753709  -0.1602567068
31  10  -9.112822239e-17  -0.1316474035  0.9913469886  -0.1312674685
31  11  -1.245596618e-16  -0.01092517825  0.9999403208  -0.01092496091
31  12  1.234570576e-16  -0.002434780994  0.9999970359  -0.002434778588
31  13  3.733083098e-16  0.001785000588  0.9999984069  0.00178499964
31  14  2.35019821e-16  -0.02105634363  0.9997783234  -0.0210547877
31  15  1.923084602e-16  -0.1331428846  0.9911495721  -0.1327498618
31  16  -2.036460563e-16  -0.02417608081  0.9997077728  -0.0241737258
31  17  4.693041663e-17  -0.0004600282881  0.9999998942  -0.0004600282719
31  18  -1.002758503e-17  0.0007785058237  0.999999697  0.0007785057451
31  19  -2.339852779e-16  -0.005861399287  0.999982822  -0.005861365724
31  20  -1.618539523e-16  -0.03115219716  0.9995148095  -0.03114715875
31  21  1.031830332e-16  -0.2388325491  0.971614819  -0.2365684753
31  22  2.333627408e-16  -0.03366321548  0.9994334475  -0.03365685791
31  23  2.470676998e-17  0.02101745238  0.9997791415  0.02101590507
31  24  -4.857665194e-17  0.3610550382  0.9355246401  0.3532614439
31  25  -1.6038491e-17  0.3833142251  0.9274302236  0.3739962303
31  26  1.750915037e-16  0.01263979246  0.9999201189  0.0126394559
31  27  -2.076990277e-18  0.006682189928  0.9999776743  0.0066821402
31  28  -9.879254578e-17  0.004352767837  0.9999905267  0.004352754092
31  29  3.957177512e-16  0.002371245719  0.9999971886  0.002371243497
31  30  3.998117905e-16  0.00041425526  0.9999999142  0.0004142552481
31  31  -6.305155326e-17  -0.000970838027  0.9999995287  -0.0009708378745
31  32  -3.408676449e-16  -0.001507863975  0.9999988632  -0.001507863404
31  33  -1.957213651e-16  -0.001608203419  0.9999987068  -0.001608202726
31  34  1.926321377e-16  -0.001660111273  0.999998622  -0.00166011051
31  35  -2.254007588e-16  -0.001499196976  0.9999988762  -0.001499196415
31  36  -2.254007588e-16  -0.001499196976  0.9999988762  -0.001499196415

32  0  2.050801771e-16  -0.002361097397  0.9999972126  -0.002361095203
32  1  -2.239928177e-16  -0.0006994128225  0.9999997554  -0.0006994127655
32  2  8.096051872e-17  0.00147321868  0.9999989148  0.001473218147
32  3  2.954618915e-16  0.003552834037  0.9999936887  0.003552826563
32  4  2.846837342e-16  0.005492128073  0.9999849183  0.005492100463
32  5  2.008265314e-16  0.008394130067  0.9999647695  0.00839403149
32  6  2.22265086e-16  0.04510610807  0.998982892  0.04509081444
32  7  -1.865900806e-16  0.281629652  0.9606037988  0.2779214669
32  8  3.934666105e-16  0.05470125357  0.9985042595  0.05467397789
32  9  -6.945576772e-17  -0.05031441311  0.9987344969  -0.05029318697
32  10  -1.465755566e-16  -0.4034331373  0.919718642  -0.3925781701
32  11  -1.472138644e-16  -0.0263958338  0.9996516502  -0.02639276873
32  12  8.021956026e-17  -0.003544520451  0.9999937182  -0.003544513029
32  13  7.128967901e-17  -0.002410561634  0.9999970946  -0.0024105593
32  14  1.797253621e-16  -0.02645627169  0.9996500533  -0.02645318552
32  15  6.91736953e-17  -0.06080507533  0.9981519409  -0.06076761359
32  16  -6.328389845e-17  -0.1396882682  0.9902594481  -0.139234426
32  17  3.577547066e-16  -0.0325483702  0.9994703486  -0.03254262357
32  18  -1.183043241e-16  -0.01085086093  0.99994113  -0.010850648
32  19  9.337696052e-17  -0.001274897641  0.9999991873  -0.001274897296
32  20  -2.952457732e-17  -0.009439433671  0.9999554489  -0.009439293492
32  21  -1.013145861e-16  -0.1643878831  0.9865187122  -0.1636484969
32  22  3.320348156e-17  -0.3083043412  0.9528494759  -0.3034433658
32  23  -2.565332994e-16  0.006158732884  0.9999810351  0.00615869395
32  24  1.183677663e-16  0.2005033872  0.9799664461  0.1991626586
32  25  7.052884492e-17  0.1683694073  0.985859324  0.1675750376
32  26  -9.053853028e-17  0.01091704636  0.9999404096  0.01091682951
32  27  -5.421812758e-17  0.006454527283  0.9999791696  0.006454482466
32  28  7.336823068e-17  0.004442025506  0.9999901342  0.004442010898
32  29  1.368333748e-17  0.002513912551  0.9999968401  0.002513909903
32  30  -9.220004911e-17  0.0003963305583  0.9999999215  0.0003963305479
32  31  -2.164383841e-17  -0.001507863975  0.9999988632  -0.001507863404
32  32  -4.288685292e-17  -0.002694638868  0.9999963695  -0.002694635607
32  33  -9.558146987e-19  -0.003189638397  0.9999949131  -0.003189632988
32  34  2.471810583e-16  -0.003316126465  0.9999945017  -0.003316120387
32  35  2.660953726e-16  -0.003145944029  0.9999950515  -0.00314593884
32  36  2.660953726e-16  -0.003145944029  0.9999950515  -0.00314593884

33  0  5.208281945e-16  -0.003867232603  0.9999925223  -0.003867222964
33  1  -8.122957521e-17  -0.002557039062  0.9999967308  -0.002557036275
33  2  -2.328126609e-16  -0.0006349538876  0.9999997984  -0.0006349538449
33  3  1.34619271e-17  0.00147321868  0.9999989148  0.001473218147
33  4  -9.070872563e-17  0.003382019341  0.999994281  0.003382012893
33  5  2.209345135e-17  0.005050651837  0.9999872455  0.005050630364
33  6  -6.991991401e-17  0.007098574863  0.9999748052  0.007098515247
33  7  -7.738006139e-17  0.02835964726  0.9995978922  0.02835584595
33  8  -1.158319803e-16  0.2011990127  0.9798276664  0.1998442999
33  9  -4.142024278e-17  0.02368954112  0.9997194159  0.02368732544
33  10  1.532334522e-16  -0.4541083925  0.898652499  -0.438661243
33  11  5.770241774e-17  -0.1142287929  0.9934829824  -0.1139805412
33  12  -3.780872019e-17  -0.006742995302  0.9999772661  -0.006742944204
33  13  -1.530410972e-16  -0.008532266225  0.9999636004  -0.008532162701
33  14  1.376127945e-16  -0.05942034298  0.9982351308  -0.05938538249
33  15  2.820691337e-17  -0.04277905794  0.9990851156  -0.04276601118
33  16  -4.40054557e-17  -0.2276678764  0.9741954185  -0.2257061952
33  17  -9.696159676e-18  -0.06224490605  0.9980634112  -0.06220471993
33  18  -1.312340582e-16  -0.05961041347  0.9982238254  -0.05957511646
33  19  2.567352079e-17  -0.03173797691  0.9994963927  -0.0317326489
33  20  -1.065752824e-16  -0.004384751688  0.999990387  -0.004384737638
33  21  -3.137035916e-16  -0.02297167228  0.9997361627  -0.02296965199
33  22  9.470143799e-17  -0.4647883543  0.8939164524  -0.4482336179
33  23  -2.025983208e-16  -0.09229795159  0.995743567  -0.09216696104
33  24  8.388517582e-17  0.1243162294  0.9922826842  0.1239962687
33  25  1.442077712e-17  0.1311308882  0.991414658  0.1307554051
33  26  -2.24319194e-17  0.008932862619  0.9999601022  0.008932743819
33  27  1.46189046e-16  0.005831277676  0.9999829981  0.005831244629
33  28  3.204132682e-16  0.004196280716  0.9999911956  0.004196268401
33  29  -7.487980243e-17  0.002432355525  0.9999970418  0.002432353126
33  30  -3.614676369e-16  0.0004088816399  0.9999999164  0.0004088816285
33  31  1.62163057e-16  -0.001608203419  0.9999987068  -0.001608202726
33  32  -9.196475708e-17  -0.003189638397  0.9999949131  -0.003189632988
33  33  -1.117725223e-16  -0.004137216017  0.9999914417  -0.004137204214
33  34  3.950832279e-17  -0.004537722211  0.9999897046  -0.004537706638
33  35  3.491082912e-16  -0.004475852633  0.9999899834  -0.004475837688
33  36  3.491082912e-16  -0.004475852633  0.9999899834  -0.004475837688

34  0  7.746072613e-17  -0.005038766343  0.9999873054  -0.005038745022
34  1  -1.054622395e-16  -0.00405559025  0.9999917761  -0.004055579133
34  2  1.321490645e-16  -0.002557039062  0.9999967308  -0.002557036275
34  3  1.58056028e-16  -0.0006994128224  0.9999997554  -0.0006994127654
34  4  -9.093060131e-17  0.001293522926  0.9999991634  0.001293522565
34  5  6.040806246e-17  0.003236279503  0.9999947633  0.003236273854
34  6  -2.342548815e-16  0.005052336376  0.999987237  0.005052314881
34  7  1.25938676e-16  0.006928910543  0.9999759952  0.0069288551
34  8  2.614469946e-16  0.02136070364  0.9997718688  0.02135907926
34  9  -4.878904233e-17  0.1593298047  0.987333836  0.1586565358
34  10  -3.386370344e-16  -0.1248334073  0.9922184234  -0.1245094388
34  11  4.530156535e-17  -0.296552377  0.9563496518  -0.2922248168
34  12  -1.840109022e-17  -0.01591484547  0.9998733615  -0.01591417366
34  13  -1.183298584e-16  -0.01407469711  0.9999009531  -0.01407423242
34  14  -1.83064889e-16  -0.1276825015  0.9918596576  -0.1273358534
34  15  5.27569111e-17  -0.0921854875  0.9957539262  -0.09205497507
34  16  -2.342178831e-16  -0.048484392  0.9988248621  -0.04846539856
34  17  -2.194826635e-16  -0.4263141352  0.9104961012  -0.4135176534
34  18  -3.825498936e-17  -0.03747442203  0.999297916  -0.03746565156
34  19  -3.534364031e-16  -0.1420558218  0.9899270281  -0.141578526
34  20  -2.039518764e-17  -0.06085482899  0.9981489163  -0.06081727523
34  21  -3.042867478e-16  -0.00883056641  0.9999610108  -0.008830451644
34  22  -4.504476355e-16  -0.08397416979  0.9964762408  -0.08387551168
34  23  -3.005669274e-17  -0.3464948923  0.9405688337  -0.3396031053
34  24  -3.276708037e-16  0.02279678635  0.9997401645  0.02279481185
34  25  -2.758787107e-16  0.150745402  0.9886594118  0.1501751228
34  26  1.064652887e-17  0.008503409866  0.9999638462  0.008503307389
34  27  8.563356751e-17  0.005981720808  0.9999821096  0.005981685136
34  28  3.569402543e-16  0.004188316061  0.999991229  0.004188303816
34  29  4.622655827e-17  0.002280845051  0.9999973989  0.002280843073
34  30  1.566112048e-16  0.0002777446101  0.9999999614  0.0002777446065
34  31  2.626454699e-16  -0.001660111273  0.999998622  -0.00166011051
34  32  -3.427392865e-16  -0.003316126465  0.9999945017  -0.003316120388
34  33  -1.397072051e-16  -0.004537722211  0.9999897046  -0.004537706638
34  34  -1.129586804e-16  -0.005263043438  0.9999861502  -0.005263019141
34  35  5.908320806e-19  -0.005443362739  0.9999851849  -0.005443335857
34  36  5.908320806e-19  -0.005443362739  0.9999851849  -0.005443335857

35  0  1.156177843e-16  -0.005769599398  0.9999833559  -0.005769567388
35  1  1.561158284e-16  -0.005038766343  0.9999873054  -0.005038745022
35  2  3.48354818e-16  -0.003867232603  0.9999925223  -0.003867222964
35  3  -1.388336534e-16  -0.002361097397  0.9999972126  -0.002361095203
35  4  -5.626103055e-16  -0.0005542351737  0.9999998464  -0.0005542351453
35  5  -2.744354234e-16  0.00153078585  0.9999988283  0.001530785252
35  6  -1.86634504e-16  0.003838863516  0.9999926316  0.003838854087
35  7  -6.685270111e-17  0.006251295692  0.9999804607  0.006251254976
35  8  2.416954661e-17  0.008310974646  0.999965464  0.00831087897
35  9  -2.298827845e-16  -0.05763238027  0.998339714  -0.05760048133
35  10  -1.845328475e-16  -1.172742149  0.3876253849  -0.9218169889
35  11  1.301222169e-16  -0.2757933854  0.9622094534  -0.2723104256
35  12  2.936936046e-17  -0.0494590497  0.9987771505  -0.04943888773
35  13  -9.470264077e-17  -0.01394268712  0.9999028023  -0.01394223538
35  14  -3.291206594e-16  -0.1513461079  0.9885690223  -0.1507689892
35  15  -1.052794628e-16  -0.2445067344  0.9702568516  -0.2420777599
35  16  -7.141200201e-18  -0.03023484846  0.9995429618  -0.03023024216
35  17  -3.201435569e-16  -0.5822738939  0.8352143402  -0.5499245457
35  18  -4.853796268e-16  -0.06807144801  0.9976840335  -0.06801888949
35  19  -2.864460852e-16  -0.09306212018  0.9956728452  -0.09292785002
35  20  9.17087903e-17  -0.2848166874  0.9597131762  -0.2809815285
35  21  -6.977805727e-17  -0.04717768456  0.9988873394  -0.04716018568
35  22  -1.447794609e-16  -0.01697443363  0.9998559378  -0.0169736185
35  23  -3.973768287e-17  -0.2077795906  0.9784913697  -0.2062877587
35  24  -2.919686085e-16  -0.1328838052  0.9911839315  -0.132493071
35  25  -1.177910058e-16  -1.207881436  0.3550007697  -0.9348660083
35  26  2.889811481e-16  0.008260334898  0.9999658836  0.00826024096
35  27  -7.542634197e-17  0.007485528976  0.9999719836  0.00748545907
35  28  -5.677734841e-17  0.005090583167  0.999987043  0.00509056118
35  29  -1.676220451e-16  0.002681368539  0.9999964051  0.002681365326
35  30  1.249674419e-16  0.0004559100843  0.9999998961  0.0004559100685
35  31  1.251632248e-16  -0.001499196976  0.9999988762  -0.001499196415
35  32  -4.034034584e-17  -0.003145944029  0.9999950515  -0.00314593884
35  33  3.898722938e-17  -0.004475852633  0.9999899834  -0.004475837688
35  34  -1.222657585e-17  -0.005443362738  0.9999851849  -0.005443335857
35  35  3.471138335e-16  -0.005915516758  0.9999825034  -0.005915482258
35  36  3.471138335e-16  -0.005915516758  0.9999825034  -0.005915482258

36  0  1.156177843e-16  -0.005769599398  0.9999825034  -0.005915482258
36  1  -1.054622395e-16  -0.00405559025  0.9999825034  -0.005915482258
36  2  -2.328126609e-16  -0.0006349538876  0.9999825034  -0.005915482258
36  3  2.954618915e-16  0.003552834037  0.9999825034  -0.005915482258
36  4  6.65654486e-17  0.009156507846  0.9999825034  -0.005915482258
36  5  2.102086473e-16  1.228946037  0.9999825034  -0.005915482258
36  6  -3.035799789e-16  0.01793306104  0.9999825034  -0.005915482258
36  7  -3.2979841e-16  -0.03964152768  0.9999825034  -0.005915482258
36  8  2.285208395e-16  -0.003204485374  0.9999825034  -0.005915482258
36  9  7.842188767e-17  0.4493267905  0.9999825034  -0.005915482258
36  10  -3.047306751e-16  0.05516298521  0.9999825034  -0.005915482258
36  11  -7.439004899e-17  0.0951467299  0.9999825034  -0.005915482258
36  12  -3.468521491e-16  0.1214842064  0.9999825034  -0.005915482258
36  13  -2.67778639e-16  0.1073633075  0.9999825034  -0.005915482258
36  14  1.354043293e-16  -0.01565285429  0.9999825034  -0.005915482258
36  15  -1.993748051e-17  -0.04270139128  0.9999825034  -0.005915482258
36  16  -5.650423289e-17  -0.2761554533  0.9999825034  -0.005915482258
36  17  -4.436743627e-17  -0.9118877879  0.9999825034  -0.005915482258
36  18  -2.13461572e-16  -0.9118877879  0.9999825034  -0.005915482258
36  19  -1.860290886e-18  -0.2761554533  0.9999825034  -0.005915482258
36  20  2.840758091e-17  -0.04270139128  0.9999825034  -0.005915482258
36  21  8.489106505e-17  -0.01565285429  0.9999825034  -0.005915482258
36  22  -1.496328471e-18  0.1073633075  0.9999825034  -0.005915482258
36  23  1.792841787e-16  0.1214842064  0.9999825034  -0.005915482258
36  24  2.067283146e-16  0.09514672989  0.9999825034  -0.005915482258
36  25  -2.430829163e-16  0.05516298521  0.9999825034  -0.005915482258
36  26  -9.167364053e-17  0.4493267905  0.9999825034  -0.005915482258
36  27  -2.378241461e-17  -0.003204485374  0.9999825034  -0.005915482258
36  28  5.906692402e-17  -0.03964152768  0.9999825034  -0.005915482258
36  29  1.073674025e-16  0.01793306104  0.9999825034  -0.005915482258
36  30  9.657777918e-17  1.228946037  0.9999825034  -0.005915482258
36  31  -9.577194366e-17  0.009156507846  0.9999825034  -0.005915482258
36  32  1.973943508e-16  0.003552834037  0.9999825034  -0.005915482258
36  33  -1.480158151e-16  -0.0006349538875  0.9999825034  -0.005915482258
36  34  1.819146365e-16  -0.00405559025  0.9999825034  -0.005915482258
36  35  -7.816886536e-17  -0.005769599398  0.9999825034  -0.005915482258
36  36  -7.816886536e-17  -0.005769599398  0.9999825034  -0.005915482258

#Chern no*2pi*Iota= 3.580165716e-15  -25.13274123
