#nx  ny  tilde_F(nx,ny).real()  tilde_F(nx,ny).imag()  ArgofLog.real()  ArgofLog.imag()
#Extra momentum point for pm3d corners2color c1
0  0  9.80967896e-17  0.0008975537378  0.9999995972  0.0008975536173
0  1  1.18482963e-16  0.000412511861  0.9999999149  0.0004125118493
0  2  -3.672531989e-17  -0.000587536785  0.9999998274  -0.0005875367512
0  3  3.600316131e-16  -0.001857918626  0.9999982741  -0.001857917557
0  4  -7.166431627e-17  -0.003123619403  0.9999951215  -0.003123614324
0  5  9.936055133e-17  -0.004105158756  0.9999915738  -0.004105147225
0  6  -3.891732885e-16  -0.004510589441  0.9999898273  -0.004510574146
0  7  -1.117757473e-16  -0.004115946764  0.9999915295  -0.004115935142
0  8  2.942823174e-16  -0.00299245596  0.9999955226  -0.002992451494
0  9  1.135447225e-16  -0.001579278646  0.9999987529  -0.001579277989
0  10  -1.192447852e-16  -0.0003212033598  0.9999999484  -0.0003212033543
0  11  -7.332461142e-17  0.0006910449862  0.9999997612  0.0006910449312
0  12  -2.37045128e-16  0.001716881492  0.9999985262  0.001716880648
0  13  -1.882161083e-16  0.003276579536  0.999994632  0.003276573673
0  14  -1.583750696e-16  0.006088589003  0.9999814646  0.006088551385
0  15  1.272104113e-16  0.01027984914  0.9999471628  0.01027966809
0  16  4.578122131e-16  0.01366698052  0.9999066083  0.01366655505
0  17  -4.49553105e-17  0.0145857623  0.9998936297  0.01458524513
0  18  -3.463374023e-16  0.01461610373  0.9998931867  0.01461558333
0  19  5.35711634e-17  0.01426728341  0.999898224  0.01426679938
0  20  1.673448264e-16  0.01220028373  0.9999255775  0.01219998107
0  21  1.046423972e-16  0.008042427958  0.9999676599  0.00804234126
0  22  3.326438947e-16  0.004464770862  0.9999900329  0.004464756028
0  23  2.68188186e-17  0.002378872566  0.9999971705  0.002378870323
0  24  -1.916836999e-16  0.001170818674  0.9999993146  0.001170818406
0  25  -6.778367401e-17  0.0002026807573  0.9999999795  0.0002026807559
0  26  -6.536773187e-17  -0.0009183548598  0.9999995783  -0.0009183547307
0  27  -3.267530463e-16  -0.00229170503  0.999997374  -0.002291703024
0  28  2.474146507e-17  -0.003627724165  0.9999934198  -0.003627716208
0  29  3.078739651e-16  -0.004420122248  0.9999902313  -0.004420107855
0  30  -1.107936006e-16  -0.004394369806  0.9999903448  -0.004394355663
0  31  -1.935263897e-16  -0.00366017113  0.9999933016  -0.003660162957
0  32  -1.278304854e-16  -0.002498331004  0.9999968792  -0.002498328405
0  33  -2.244965691e-16  -0.00119578556  0.999999285  -0.001195785275
0  34  -2.036515407e-16  -2.886086107e-05  0.9999999996  -2.886086107e-05
0  35  -2.974724519e-16  0.0007353039065  0.9999997297  0.0007353038402
0  36  -2.974724519e-16  0.0007353039065  0.9999997297  0.0007353038402

1  0  -2.146869616e-16  0.000412511861  0.9999999149  0.0004125118493
1  1  2.480404794e-16  0.0002519696468  0.9999999683  0.0002519696441
1  2  3.305297092e-16  -0.0004682832819  0.9999998904  -0.0004682832648
1  3  4.895963951e-16  -0.001572645589  0.9999987634  -0.00157264494
1  4  2.779938528e-16  -0.002827192061  0.9999960035  -0.002827188295
1  5  1.621979149e-18  -0.003988392238  0.9999920464  -0.003988381664
1  6  -4.078788092e-16  -0.004789136759  0.9999885321  -0.004789118452
1  7  -1.78415662e-16  -0.004926422626  0.9999878652  -0.004926402699
1  8  -3.681029341e-17  -0.004203224017  0.9999911665  -0.004203211641
1  9  7.987320105e-17  -0.002808806741  0.9999960553  -0.002808803048
1  10  9.605512488e-17  -0.001278766624  0.9999991824  -0.001278766275
1  11  3.811172452e-16  -3.383595119e-06  1  -3.383595119e-06
1  12  -2.934730146e-16  0.001061026157  0.9999994371  0.001061025958
1  13  -5.021655373e-16  0.002305855422  0.9999973415  0.002305853379
1  14  -9.314588149e-17  0.004383994917  0.9999903903  0.004383980874
1  15  -9.91532271e-17  0.007944040032  0.9999684463  0.007943956477
1  16  9.845850246e-17  0.01216634463  0.9999259909  0.01216604449
1  17  2.276307196e-16  0.01434216236  0.999897153  0.01434167067
1  18  1.062527279e-16  0.01458920555  0.9998935794  0.01458868802
1  19  -1.283822283e-16  0.01437970398  0.9998966138  0.01437920843
1  20  -1.539851027e-16  0.01334979815  0.9999108928  0.01334940162
1  21  -2.374799379e-16  0.009963577817  0.999950364  0.009963412966
1  22  -3.143250349e-17  0.005883778744  0.9999826906  0.005883744796
1  23  -3.242942491e-16  0.003154770279  0.9999950237  0.003154765046
1  24  7.926234277e-17  0.001607256437  0.9999987084  0.001607255745
1  25  -8.688855533e-17  0.000525601939  0.9999998619  0.0005256019148
1  26  -1.095086471e-16  -0.0006106575199  0.9999998135  -0.000610657482
1  27  2.994435841e-16  -0.002036006296  0.9999979273  -0.002036004889
1  28  2.915384901e-16  -0.003571939277  0.9999936206  -0.003571931682
1  29  3.913223607e-17  -0.00468209569  0.999989039  -0.004682078584
1  30  3.617813993e-17  -0.00495596538  0.9999877192  -0.004955945092
1  31  -9.279632691e-17  -0.004434075204  0.9999901695  -0.004434060674
1  32  1.439101876e-16  -0.003406629141  0.9999941974  -0.003406622552
1  33  -2.69489515e-17  -0.002164802818  0.9999976568  -0.002164801127
1  34  -3.243758863e-17  -0.0009588560317  0.9999995403  -0.0009588558848
1  35  -2.02740747e-16  -2.886086111e-05  0.9999999996  -2.88608611e-05
1  36  -2.02740747e-16  -2.886086111e-05  0.9999999996  -2.88608611e-05

2  0  -1.3477505e-16  -0.000587536785  0.9999998274  -0.0005875367512
2  1  1.137686008e-16  -0.0004682832819  0.9999998904  -0.0004682832648
2  2  3.112434558e-16  -0.000865382201  0.9999996256  -0.000865382093
2  3  4.463194692e-16  -0.001690321613  0.9999985714  -0.001690320808
2  4  1.740144028e-17  -0.002783602138  0.9999961258  -0.002783598543
2  5  -3.091761318e-17  -0.003970105274  0.9999921191  -0.003970094845
2  6  7.592472259e-17  -0.005063480542  0.9999871806  -0.005063458905
2  7  6.058749277e-17  -0.005804073081  0.9999831564  -0.005804040493
2  8  -1.516742498e-16  -0.005819689588  0.9999830657  -0.005819656737
2  9  1.134661553e-16  -0.004835645383  0.9999883083  -0.004835626538
2  10  1.601705551e-16  -0.003099625553  0.9999951962  -0.003099620589
2  11  1.486458393e-16  -0.001293612623  0.9999991633  -0.001293612262
2  12  -8.376204737e-17  0.0001633789833  0.9999999867  0.0001633789825
2  13  -2.945026042e-17  0.001419046698  0.9999989932  0.001419046222
2  14  3.288877717e-16  0.003016808883  0.9999954494  0.003016804307
2  15  -1.767574454e-16  0.005725448569  0.9999836097  0.005725417288
2  16  -3.020231196e-17  0.009843300692  0.9999515551  0.009843141739
2  17  -9.609825568e-17  0.013471049  0.9999092668  0.01347064158
2  18  1.202405757e-16  0.01455907039  0.9998940186  0.01455855606
2  19  -1.024728151e-16  0.01441794002  0.9998960633  0.0144174405
2  20  1.576597671e-17  0.01386647717  0.9999038619  0.0138660328
2  21  -1.275066496e-16  0.01155003486  0.9999332991  0.01154977806
2  22  -1.336260529e-16  0.00745954365  0.9999721777  0.00745947447
2  23  -2.192585291e-17  0.004095209783  0.9999916146  0.004095198337
2  24  3.438751307e-16  0.002088128469  0.9999978199  0.002088126952
2  25  2.671309911e-16  0.0007661865683  0.9999997065  0.0007661864934
2  26  3.425931348e-16  -0.0005333595678  0.9999998578  -0.0005333595425
2  27  2.968354058e-16  -0.002178829836  0.9999976264  -0.002178828112
2  28  9.028165258e-17  -0.004044058843  0.9999918228  -0.00404404782
2  29  -1.421519513e-16  -0.00547943903  0.9999849879  -0.005479411611
2  30  3.297383355e-17  -0.0059338945  0.9999823945  -0.005933859677
2  31  1.066993583e-16  -0.005476232696  0.9999850055  -0.005476205324
2  32  1.049831411e-16  -0.004498038902  0.9999898838  -0.004498023734
2  33  -5.09736533e-17  -0.003323958802  0.9999944757  -0.003323952681
2  34  5.795642354e-16  -0.002164802818  0.9999976568  -0.002164801127
2  35  -2.032551556e-16  -0.00119578556  0.999999285  -0.001195785275
2  36  -2.032551556e-16  -0.00119578556  0.999999285  -0.001195785275

3  0  -7.559974856e-17  -0.001857918626  0.9999982741  -0.001857917557
3  1  -3.044075321e-16  -0.001572645588  0.9999987634  -0.00157264494
3  2  -1.461555455e-16  -0.001690321613  0.9999985714  -0.001690320808
3  3  -9.023455624e-17  -0.002189648333  0.9999976027  -0.002189646583
3  4  -6.192573585e-17  -0.002993123235  0.9999955206  -0.002993118766
3  5  8.763359426e-17  -0.004009185691  0.9999919632  -0.00400917495
3  6  -2.071664112e-16  -0.005158822929  0.9999866933  -0.005158800046
3  7  9.452737148e-17  -0.006339357633  0.9999799063  -0.006339315172
3  8  -1.725267522e-16  -0.007294471761  0.9999733955  -0.007294407072
3  9  -1.167526056e-16  -0.007477083767  0.9999720467  -0.007477014098
3  10  1.337845397e-16  -0.006315297268  0.9999800586  -0.00631525529
3  11  1.024357495e-16  -0.004026686105  0.9999918929  -0.004026675223
3  12  3.237081221e-16  -0.001634444819  0.9999986643  -0.001634444092
3  13  -5.512117651e-17  0.0002341782403  0.9999999726  0.0002341782382
3  14  -1.776697671e-16  0.001831631364  0.9999983226  0.00183163034
3  15  -2.381750964e-16  0.00391257279  0.9999923459  0.003912562808
3  16  1.816454525e-17  0.007303324706  0.9999733308  0.007303259781
3  17  9.210472257e-17  0.01164504658  0.9999321972  0.01164478339
3  18  -2.256367763e-16  0.01434894358  0.9998970557  0.01434845119
3  19  3.545112355e-17  0.01465659219  0.9998925941  0.01465606745
3  20  1.487682059e-16  0.01422720943  0.999898795  0.01422672947
3  21  3.740135902e-17  0.01275538995  0.9999186511  0.01275504407
3  22  -3.112093079e-16  0.009100577062  0.99995859  0.009100451443
3  23  9.285024848e-17  0.005231775556  0.9999863143  0.005231751689
3  24  1.639961977e-16  0.002672051026  0.9999964301  0.002672047846
3  25  -5.942761183e-17  0.0009853252119  0.9999995146  0.0009853250524
3  26  5.404763685e-17  -0.0006531533248  0.9999997867  -0.0006531532783
3  27  2.079286036e-16  -0.002795120546  0.9999960937  -0.002795116907
3  28  1.388377928e-17  -0.005291875222  0.9999859981  -0.005291850523
3  29  -3.614969332e-16  -0.007137664819  0.999974527  -0.007137604213
3  30  1.195120984e-16  -0.007553640738  0.9999714714  -0.007553568906
3  31  -1.79504474e-16  -0.006846351536  0.9999765638  -0.006846298052
3  32  1.509429023e-16  -0.005694871664  0.9999837843  -0.005694840882
3  33  5.598138521e-17  -0.004498038902  0.9999898838  -0.004498023734
3  34  2.462024211e-16  -0.003406629141  0.9999941974  -0.003406622552
3  35  1.905347635e-16  -0.002498331004  0.9999968792  -0.002498328405
3  36  1.905347635e-16  -0.002498331004  0.9999968792  -0.002498328405

4  0  -2.482348872e-16  -0.003123619403  0.9999951215  -0.003123614324
4  1  -1.11399826e-16  -0.002827192061  0.9999960035  -0.002827188295
4  2  3.619015935e-16  -0.002783602138  0.9999961258  -0.002783598543
4  3  7.392050718e-18  -0.002993123235  0.9999955206  -0.002993118766
4  4  -3.52914386e-18  -0.003440225131  0.9999940824  -0.003440218345
4  5  -1.888560219e-16  -0.004111438058  0.9999915481  -0.004111426475
4  6  -2.13286703e-16  -0.005020310297  0.9999873983  -0.005020289209
4  7  -1.578062875e-16  -0.00621606105  0.9999806804  -0.006216021019
4  8  -2.969858686e-16  -0.007733698077  0.9999700951  -0.007733620985
4  9  -8.563752266e-17  -0.009390833236  0.9999559064  -0.00939069521
4  10  1.567685448e-16  -0.01038828593  0.9999460422  -0.01038809909
4  11  2.3087133e-17  -0.0093808998  0.9999559997  -0.009380762212
4  12  3.035624143e-16  -0.006154011053  0.9999810641  -0.006153972209
4  13  7.360384761e-17  -0.00251284741  0.9999968428  -0.002512844765
4  14  8.130856221e-17  0.0001964919371  0.9999999807  0.0001964919358
4  15  -3.718358239e-17  0.002356250191  0.999997224  0.00235624801
4  16  1.454745145e-16  0.005081271141  0.9999870904  0.005081249275
4  17  4.838945827e-17  0.009180845571  0.9999578563  0.009180716599
4  18  -1.522772136e-16  0.01344482993  0.9999096196  0.01344442488
4  19  -1.406244669e-16  0.01519338028  0.9998845828  0.01519279575
4  20  3.458013802e-16  0.01495243919  0.9998882144  0.01495188203
4  21  1.715870758e-17  0.01391530551  0.9999031837  0.01391485644
4  22  8.311340181e-17  0.01084762456  0.9999411651  0.01084741182
4  23  6.400591615e-17  0.006630850682  0.999978016  0.006630802091
4  24  1.686194831e-16  0.003422037208  0.9999941448  0.003422030529
4  25  -7.360467279e-17  0.001208463348  0.9999992698  0.001208463054
4  26  -2.20429861e-16  -0.001054259334  0.9999994443  -0.001054259139
4  27  -1.082343297e-16  -0.004255312909  0.9999909462  -0.004255300067
4  28  1.844321714e-16  -0.008037751607  0.9999676974  -0.008037665061
4  29  1.072172839e-16  -0.01034702444  0.99994647  -0.01034683981
4  30  4.40354598e-16  -0.01011472193  0.9999488466  -0.01011454946
4  31  5.901420133e-17  -0.0085318471  0.999963604  -0.008531743591
4  32  -2.696429955e-16  -0.006846351536  0.9999765638  -0.006846298052
4  33  -2.224106789e-16  -0.005476232696  0.9999850055  -0.005476205324
4  34  1.142315666e-16  -0.004434075204  0.9999901695  -0.004434060674
4  35  -1.225539448e-17  -0.00366017113  0.9999933016  -0.003660162957
4  36  -1.225539448e-17  -0.00366017113  0.9999933016  -0.003660162957

5  0  -1.626326491e-16  -0.004105158756  0.9999915738  -0.004105147225
5  1  -3.15608875e-16  -0.003988392238  0.9999920464  -0.003988381664
5  2  2.002188218e-16  -0.003970105274  0.9999921191  -0.003970094845
5  3  -1.784419073e-16  -0.004009185691  0.9999919632  -0.00400917495
5  4  2.261426465e-16  -0.004111438058  0.9999915481  -0.004111426475
5  5  -1.264968923e-16  -0.004330200383  0.9999906247  -0.00433018685
5  6  2.007652798e-16  -0.004755710663  0.9999886916  -0.004755692737
5  7  3.576826594e-17  -0.005514979303  0.9999847925  -0.005514951347
5  8  1.248027392e-16  -0.006794002694  0.9999769209  -0.006793950428
5  9  1.709120825e-16  -0.00885185319  0.9999608226  -0.008851737592
5  10  -9.197739258e-18  -0.01186366153  0.9999296276  -0.01186338324
5  11  -1.902901441e-16  -0.01513403358  0.9998854827  -0.01513345587
5  12  -5.9311474e-18  -0.01585421432  0.9998743246  -0.01585355015
5  13  1.385823406e-16  -0.01138738304  0.9999351645  -0.01138713694
5  14  -9.053147413e-17  -0.004783225677  0.9999885604  -0.004783207438
5  15  2.069008114e-16  -0.0001257686924  0.9999999921  -0.000125768692
5  16  9.621541501e-17  0.003046753175  0.9999953587  0.003046748462
5  17  -9.889700385e-17  0.006697207147  0.9999775738  0.006697157083
5  18  3.930233837e-17  0.01160387185  0.9999326758  0.01160361144
5  19  -1.889949826e-16  0.01558797529  0.99987851  0.01558734403
5  20  -3.30638261e-18  0.01640145634  0.9998654991  0.016400721
5  21  -2.61723722e-16  0.01557962286  0.9998786401  0.01557899261
5  22  -1.721310676e-16  0.01301161538  0.9999153501  0.01301124824
5  23  -4.769620645e-16  0.008489666366  0.999963963  0.008489564385
5  24  -2.393834762e-16  0.004437385324  0.9999901548  0.004437370761
5  25  -5.952031088e-17  0.001397078005  0.9999990241  0.00139707755
5  26  -1.158643298e-16  -0.002138631037  0.9999977131  -0.002138629406
5  27  6.427381873e-17  -0.007926267281  0.9999685873  -0.007926184286
5  28  -4.609126969e-17  -0.01450895032  0.999894747  -0.01450844128
5  29  -1.053739155e-16  -0.01643995287  0.999864867  -0.01643921234
5  30  1.996800668e-16  -0.01363396456  0.9999070589  -0.01363354218
5  31  -4.697633468e-17  -0.01011472193  0.9999488466  -0.01011454946
5  32  -1.99477883e-16  -0.007553640738  0.9999714714  -0.007553568906
5  33  -4.62560494e-17  -0.0059338945  0.9999823945  -0.005933859677
5  34  -1.296757043e-16  -0.00495596538  0.9999877192  -0.004955945092
5  35  -1.882126826e-16  -0.004394369806  0.9999903448  -0.004394355663
5  36  -1.882126826e-16  -0.004394369806  0.9999903448  -0.004394355663

6  0  1.436423548e-16  -0.004510589441  0.9999898273  -0.004510574146
6  1  2.133563949e-16  -0.004789136759  0.9999885321  -0.004789118452
6  2  1.148489837e-16  -0.005063480542  0.9999871806  -0.005063458905
6  3  3.042935364e-18  -0.005158822929  0.9999866933  -0.005158800046
6  4  2.997368269e-16  -0.005020310297  0.9999873983  -0.005020289209
6  5  -5.391480727e-17  -0.004755710663  0.9999886916  -0.004755692737
6  6  -3.916894494e-17  -0.004562639653  0.9999895912  -0.004562623822
6  7  -2.67922933e-16  -0.004635700717  0.9999892552  -0.004635684113
6  8  7.935520366e-17  -0.005156447456  0.9999867056  -0.005156424605
6  9  7.024191794e-17  -0.006377195166  0.9999796658  -0.00637715194
6  10  -1.281806675e-16  -0.008785998238  0.9999614034  -0.008785885201
6  11  -2.199398784e-16  -0.01332246905  0.9999112572  -0.01332207496
6  12  -3.953247176e-17  -0.02104374265  0.9997785886  -0.02104218952
6  13  1.120792546e-17  -0.02949483514  0.9995650589  -0.02949055885
6  14  2.873778969e-17  -0.02759693164  0.9996192288  -0.02759342885
6  15  -4.420348603e-17  -0.0128812537  0.9999170378  -0.01288089748
6  16  1.379717022e-16  -0.001808968694  0.9999983638  -0.001808967707
6  17  6.080060077e-17  0.003772510378  0.9999928841  0.00377250143
6  18  1.41985103e-16  0.008997475682  0.999959523  0.008997354285
6  19  3.984898216e-17  0.01489366231  0.9998890915  0.01489311169
6  20  -1.493594498e-16  0.01818589366  0.9998346412  0.01818489125
6  21  -4.975971313e-17  0.0179645955  0.999838641  0.01796362924
6  22  1.917707613e-18  0.01592151465  0.9998732554  0.01592084198
6  23  -5.822426126e-17  0.01113981047  0.999937953  0.01113958007
6  24  1.024682542e-16  0.005801745144  0.9999831699  0.005801712596
6  25  3.841616868e-16  0.001154761616  0.9999993333  0.001154761359
6  26  1.955764549e-16  -0.005893919462  0.9999826309  -0.005893885338
6  27  -1.127652363e-16  -0.02052873059  0.999789293  -0.02052728872
6  28  -1.837937973e-16  -0.03242192898  0.9994744553  -0.03241624906
6  29  1.05280851e-16  -0.02634578342  0.9996529699  -0.02634273575
6  30  -1.73906121e-16  -0.01643995287  0.999864867  -0.01643921234
6  31  -2.836069464e-16  -0.01034702444  0.99994647  -0.01034683981
6  32  -3.235377529e-16  -0.007137664819  0.999974527  -0.007137604213
6  33  -1.670168746e-16  -0.00547943903  0.9999849879  -0.005479411611
6  34  -1.168852895e-16  -0.00468209569  0.999989039  -0.004682078584
6  35  1.080677574e-16  -0.004420122248  0.9999902313  -0.004420107855
6  36  1.080677574e-16  -0.004420122248  0.9999902313  -0.004420107855

7  0  3.995216504e-17  -0.004115946764  0.9999915295  -0.004115935142
7  1  4.403645386e-17  -0.004926422626  0.9999878652  -0.004926402699
7  2  -1.645404998e-16  -0.005804073081  0.9999831564  -0.005804040493
7  3  3.894242235e-17  -0.006339357633  0.9999799063  -0.006339315172
7  4  7.001134789e-17  -0.00621606105  0.9999806804  -0.006216021019
7  5  2.778870196e-17  -0.005514979303  0.9999847925  -0.005514951347
7  6  8.945828492e-17  -0.004635700717  0.9999892552  -0.004635684113
7  7  -1.594027897e-16  -0.003954288684  0.9999921818  -0.003954278379
7  8  1.423213284e-16  -0.003668606445  0.9999932707  -0.003668598215
7  9  -1.271666149e-16  -0.003881369069  0.9999924675  -0.003881359324
7  10  -3.678819594e-17  -0.004763241075  0.9999886558  -0.004763223063
7  11  -2.195596411e-16  -0.006796451551  0.9999769042  -0.006796399228
7  12  5.554529973e-17  -0.01139358231  0.9999350938  -0.0113933358
7  13  -2.427521695e-16  -0.02284753037  0.9997390065  -0.02284554265
7  14  1.801279167e-16  -0.05143734463  0.9986773914  -0.05141466547
7  15  -8.259537632e-17  -0.09608074218  0.9953877953  -0.09593298202
7  16  -1.681500361e-17  -0.07806929478  0.9969541401  -0.07799001597
7  17  1.923190763e-17  -0.01517441432  0.9998848708  -0.01517383198
7  18  1.162155168e-16  0.002472396315  0.9999969436  0.002472393797
7  19  -5.893200334e-17  0.01131434446  0.9999359935  0.01131410306
7  20  -2.896592412e-18  0.01800779535  0.999837864  0.01800682211
7  21  3.837608677e-17  0.01956596656  0.9998085926  0.01956471819
7  22  2.101303076e-16  0.01831161556  0.9998323471  0.01831059222
7  23  1.128272595e-16  0.01405178907  0.9999012752  0.01405132665
7  24  -2.140115622e-16  0.006754673382  0.9999771873  0.006754622018
7  25  3.869566906e-17  -0.002477383001  0.9999969313  -0.002477380467
7  26  8.45711786e-17  -0.02948641566  0.9995653071  -0.02948214302
7  27  4.460737092e-16  -0.110491677  0.9939020024  -0.1102669929
7  28  -7.366831451e-17  -0.08399692172  0.9964743322  -0.08389818342
7  29  -6.338392608e-17  -0.03242192898  0.9994744553  -0.03241624906
7  30  -1.136808355e-16  -0.01450895032  0.999894747  -0.01450844128
7  31  -9.683211656e-17  -0.008037751607  0.9999676974  -0.008037665061
7  32  6.885300452e-17  -0.005291875222  0.9999859981  -0.005291850523
7  33  5.474562667e-17  -0.004044058843  0.9999918228  -0.00404404782
7  34  1.246861248e-18  -0.003571939277  0.9999936206  -0.003571931682
7  35  -3.145502578e-16  -0.003627724165  0.9999934198  -0.003627716208
7  36  -3.145502578e-16  -0.003627724165  0.9999934198  -0.003627716208

8  0  -6.151508588e-17  -0.00299245596  0.9999955226  -0.002992451494
8  1  -3.695024095e-18  -0.004203224017  0.9999911665  -0.004203211641
8  2  2.16489316e-16  -0.005819689588  0.9999830657  -0.005819656737
8  3  3.019907258e-16  -0.007294471761  0.9999733955  -0.007294407072
8  4  -1.719773639e-16  -0.007733698077  0.9999700951  -0.007733620985
8  5  4.386161512e-17  -0.006794002694  0.9999769209  -0.006793950428
8  6  8.833180309e-17  -0.005156447456  0.9999867056  -0.005156424605
8  7  -3.035469238e-17  -0.003668606444  0.9999932707  -0.003668598215
8  8  -7.330190686e-17  -0.002683752274  0.9999963987  -0.002683749053
8  9  1.060057903e-16  -0.002204722978  0.9999975696  -0.002204721192
8  10  1.921988753e-17  -0.002164135333  0.9999976583  -0.002164133644
8  11  -1.122670186e-16  -0.002577256242  0.9999966789  -0.002577253389
8  12  1.389682916e-16  -0.003681145438  0.9999932246  -0.003681137124
8  13  1.245135605e-16  -0.006373316891  0.9999796905  -0.006373273744
8  14  -1.484707168e-17  -0.01456141727  0.9998939844  -0.01456090269
8  15  1.712861839e-16  -0.05645296403  0.9984069546  -0.05642298347
8  16  -7.986111384e-17  -0.4024723843  0.9200953881  -0.3916943666
8  17  -1.147839258e-16  -1.298206647  0.2692263974  -0.9630769164
8  18  1.625500999e-16  -0.1565761308  0.9877669804  -0.1559371423
8  19  -1.534726135e-17  -0.01061666881  0.9999436437  -0.01061646937
8  20  1.580654596e-17  0.008839247797  0.9999609341  0.008839132692
8  21  -2.346875358e-18  0.01490117929  0.9998889795  0.01490062785
8  22  1.514594824e-16  0.01417485201  0.9998995385  0.01417437733
8  23  2.254081119e-16  0.01231162324  0.9999242129  0.01231131222
8  24  1.346821005e-16  0.002819277388  0.9999960258  0.002819273653
8  25  -1.405545248e-16  -0.02314825862  0.999732091  -0.02314619138
8  26  -2.245493184e-16  -0.336476322  0.9439239115  -0.3301630648
8  27  5.940445463e-17  -1.449886231  0.120615709  -0.9926992751
8  28  1.322413963e-16  -0.110491677  0.9939020024  -0.1102669929
8  29  -5.053950046e-17  -0.02052873059  0.999789293  -0.02052728872
8  30  6.507476117e-17  -0.007926267281  0.9999685873  -0.007926184286
8  31  -7.659757441e-18  -0.004255312909  0.9999909462  -0.004255300067
8  32  6.969317043e-17  -0.002795120546  0.9999960937  -0.002795116907
8  33  1.723732736e-18  -0.002178829836  0.9999976264  -0.002178828112
8  34  1.733137861e-16  -0.002036006296  0.9999979273  -0.002036004889
8  35  -2.212370627e-16  -0.00229170503  0.999997374  -0.002291703024
8  36  -2.212370627e-16  -0.00229170503  0.999997374  -0.002291703024

9  0  2.965638531e-16  -0.001579278646  0.9999987529  -0.001579277989
9  1  1.615821261e-16  -0.002808806741  0.9999960553  -0.002808803048
9  2  -1.698028711e-16  -0.004835645383  0.9999883083  -0.004835626538
9  3  1.737790315e-16  -0.007477083767  0.9999720467  -0.007477014098
9  4  9.260907416e-17  -0.009390833236  0.9999559064  -0.00939069521
9  5  2.357412418e-16  -0.00885185319  0.9999608226  -0.008851737592
9  6  1.484682704e-16  -0.006377195166  0.9999796658  -0.00637715194
9  7  8.722117428e-17  -0.003881369069  0.9999924675  -0.003881359324
9  8  -1.177210909e-16  -0.002204722978  0.9999975696  -0.002204721192
9  9  -1.232426438e-16  -0.001258899506  0.9999992076  -0.001258899174
9  10  -4.109211413e-17  -0.0007865595205  0.9999996907  -0.0007865594394
9  11  -6.721187581e-17  -0.000610809016  0.9999998135  -0.000610808978
9  12  -1.034250785e-16  -0.0006563274597  0.9999997846  -0.0006563274126
9  13  2.822963467e-16  -0.000957388444  0.9999995417  -0.0009573882977
9  14  1.235515034e-16  -0.001771687212  0.9999984306  -0.001771686285
9  15  1.303138925e-16  -0.004269345743  0.9999908864  -0.004269332774
9  16  1.777401934e-16  -0.01704324758  0.9998547674  -0.0170424225
9  17  -1.609914499e-16  -0.2022099217  0.9796251413  -0.2008347143
9  18  1.220465876e-16  -0.3349765312  0.9444180252  -0.3287470056
9  19  3.217290284e-16  -0.1034450942  0.9946543257  -0.1032607005
9  20  4.157002229e-16  -0.02496122839  0.9996884847  -0.0249586364
9  21  -3.356702247e-17  -0.003575587925  0.9999936076  -0.003575580307
9  22  6.078602931e-17  -0.005584659636  0.9999844058  -0.005584630607
9  23  -1.475463408e-16  -0.004558252561  0.9999896112  -0.004558236776
9  24  7.433422052e-17  -0.009041614553  0.9999591249  -0.00904149136
9  25  -2.019107756e-16  -0.04633149129  0.9989268884  -0.04631491715
9  26  -4.669269543e-16  -0.269085906  0.9640143113  -0.2658503482
9  27  -8.602281447e-17  -0.336476322  0.9439239115  -0.3301630648
9  28  -4.389731951e-17  -0.02948641566  0.9995653071  -0.02948214302
9  29  -2.538562762e-16  -0.005893919462  0.9999826309  -0.005893885338
9  30  1.091453376e-16  -0.002138631037  0.9999977131  -0.002138629406
9  31  6.825254728e-17  -0.001054259334  0.9999994443  -0.001054259139
9  32  1.780069701e-16  -0.0006531533248  0.9999997867  -0.0006531532783
9  33  1.310170913e-16  -0.0005333595679  0.9999998578  -0.0005333595426
9  34  -4.309722497e-18  -0.0006106575199  0.9999998135  -0.0006106574819
9  35  1.603464657e-16  -0.0009183548598  0.9999995783  -0.0009183547307
9  36  1.603464657e-16  -0.0009183548598  0.9999995783  -0.0009183547307

10  0  -1.350473497e-17  -0.0003212033598  0.9999999484  -0.0003212033543
10  1  2.446292576e-16  -0.001278766624  0.9999991824  -0.001278766275
10  2  1.130251541e-16  -0.003099625553  0.9999951962  -0.003099620589
10  3  -1.961646974e-16  -0.006315297268  0.9999800586  -0.006315255289
10  4  2.849320918e-17  -0.01038828593  0.9999460422  -0.01038809909
10  5  -1.488227072e-16  -0.01186366153  0.9999296276  -0.01186338324
10  6  -1.348867433e-16  -0.008785998238  0.9999614034  -0.008785885201
10  7  -2.482355313e-17  -0.004763241075  0.9999886558  -0.004763223063
10  8  1.492830977e-16  -0.002164135333  0.9999976583  -0.002164133644
10  9  -3.812541267e-16  -0.0007865595205  0.9999996907  -0.0007865594394
10  10  2.13138949e-16  -6.459650615e-05  0.9999999979  -6.45965061e-05
10  11  -7.624183432e-18  0.0003445985214  0.9999999406  0.0003445985145
10  12  -8.017060768e-17  0.0006149150693  0.9999998109  0.0006149150305
10  13  -1.96140517e-16  0.0008338116904  0.9999996524  0.0008338115938
10  14  -1.87364181e-16  0.001044509799  0.9999994545  0.001044509609
10  15  2.743541939e-16  0.001253146544  0.9999992148  0.001253146216
10  16  -4.260930336e-17  0.001338451722  0.9999991043  0.001338451322
10  17  -2.684116798e-16  0.0002324840597  0.999999973  0.0002324840576
10  18  1.135038715e-16  -0.009612699209  0.9999537984  -0.009612551168
10  19  2.971127258e-16  -0.03590784721  0.9993553825  -0.03590013127
10  20  2.226375172e-16  -0.03773474169  0.9992881291  -0.03772578718
10  21  6.471590278e-17  -0.02391641566  0.9997140162  -0.02391413572
10  22  -1.495946884e-17  -0.04159934773  0.9991348719  -0.04158735078
10  23  7.006718988e-17  -0.07014364953  0.9975409427  -0.07008614435
10  24  7.922692443e-17  -0.02954713964  0.999563515  -0.02954284056
10  25  -7.324878274e-17  -0.0311880639  0.9995136918  -0.03118300806
10  26  3.484777954e-17  -0.04633149129  0.9989268884  -0.04631491715
10  27  5.039596205e-17  -0.02314825862  0.999732091  -0.02314619138
10  28  4.822914247e-17  -0.002477383001  0.9999969313  -0.002477380467
10  29  2.84328385e-18  0.001154761616  0.9999993333  0.001154761359
10  30  -7.079099865e-17  0.001397078005  0.9999990241  0.00139707755
10  31  4.518347433e-17  0.001208463348  0.9999992698  0.001208463054
10  32  -1.841641602e-16  0.0009853252119  0.9999995146  0.0009853250524
10  33  1.488078558e-16  0.0007661865683  0.9999997065  0.0007661864934
10  34  -8.269804212e-17  0.000525601939  0.9999998619  0.0005256019148
10  35  1.562633482e-16  0.0002026807573  0.9999999795  0.0002026807559
10  36  1.562633482e-16  0.0002026807573  0.9999999795  0.0002026807559

11  0  4.656857634e-17  0.0006910449862  0.9999997612  0.0006910449312
11  1  -6.288936759e-17  -3.383595144e-06  1  -3.383595144e-06
11  2  5.717984036e-18  -0.001293612623  0.9999991633  -0.001293612262
11  3  -1.770906961e-16  -0.004026686105  0.9999918929  -0.004026675223
11  4  -2.469974087e-18  -0.0093808998  0.9999559997  -0.009380762212
11  5  -3.065849581e-16  -0.01513403358  0.9998854827  -0.01513345587
11  6  1.596703697e-16  -0.01332246905  0.9999112572  -0.01332207496
11  7  8.659978861e-17  -0.006796451551  0.9999769042  -0.006796399228
11  8  -2.778712297e-16  -0.002577256242  0.9999966789  -0.002577253389
11  9  -6.514780487e-17  -0.000610809016  0.9999998135  -0.000610808978
11  10  1.158654775e-16  0.0003445985214  0.9999999406  0.0003445985146
11  11  4.81015044e-17  0.0009121319518  0.999999584  0.0009121318253
11  12  -2.095639089e-17  0.001359796427  0.9999990755  0.001359796008
11  13  -1.689550215e-16  0.001814005479  0.9999983547  0.001814004484
11  14  -8.103853399e-17  0.002349199614  0.9999972406  0.002349197453
11  15  1.460090508e-16  0.003032716303  0.9999954013  0.003032711654
11  16  -5.632904326e-17  0.003968608732  0.9999921251  0.003968598315
11  17  -1.1454552e-16  0.005346832633  0.9999857057  0.005346807156
11  18  1.416633366e-16  0.007211498141  0.9999739973  0.007211435635
11  19  2.217190616e-16  0.007201167668  0.9999740717  0.007201105429
11  20  2.259691003e-16  -0.001101638107  0.9999993932  -0.001101637884
11  21  3.294940172e-17  -0.01454347962  0.9998942455  -0.01454296694
11  22  -1.426342069e-16  -0.06153028107  0.9981076094  -0.06149146306
11  23  -5.82530598e-17  -0.3227434296  0.9483688558  -0.3171695341
11  24  -2.588852959e-16  -0.1918698958  0.9816493721  -0.1906948094
11  25  -2.21203195e-16  -0.02954713964  0.999563515  -0.02954284056
11  26  -2.005642657e-16  -0.009041614552  0.9999591249  -0.009041491359
11  27  -3.893170851e-17  0.002819277389  0.9999960258  0.002819273654
11  28  -9.585803922e-18  0.006754673383  0.9999771873  0.006754622018
11  29  -2.259111114e-16  0.005801745144  0.9999831699  0.005801712596
11  30  -1.877373277e-16  0.004437385324  0.9999901548  0.004437370762
11  31  1.406136922e-16  0.003422037208  0.9999941448  0.003422030529
11  32  1.520152424e-17  0.002672051026  0.9999964301  0.002672047846
11  33  1.327215235e-16  0.002088128469  0.9999978199  0.002088126952
11  34  2.830498922e-16  0.001607256437  0.9999987084  0.001607255745
11  35  2.710542715e-16  0.001170818674  0.9999993146  0.001170818406
11  36  2.710542715e-16  0.001170818674  0.9999993146  0.001170818406

12  0  8.115354923e-17  0.001716881492  0.9999985262  0.001716880648
12  1  -1.577280149e-16  0.001061026157  0.9999994371  0.001061025958
12  2  -7.910266603e-17  0.0001633789833  0.9999999867  0.0001633789826
12  3  -2.263076215e-16  -0.001634444819  0.9999986643  -0.001634444092
12  4  1.276780348e-17  -0.006154011053  0.9999810641  -0.006153972209
12  5  -1.953126112e-16  -0.01585421432  0.9998743246  -0.01585355015
12  6  5.924539079e-17  -0.02104374265  0.9997785886  -0.02104218952
12  7  -2.2670758e-16  -0.01139358231  0.9999350938  -0.0113933358
12  8  -2.358847398e-16  -0.003681145438  0.9999932246  -0.003681137124
12  9  1.24594571e-16  -0.0006563274597  0.9999997846  -0.0006563274126
12  10  1.353755729e-16  0.0006149150693  0.9999998109  0.0006149150305
12  11  1.721210844e-16  0.001359796427  0.9999990755  0.001359796008
12  12  3.706083678e-16  0.002004257587  0.9999979915  0.002004256245
12  13  2.864440785e-16  0.002720386487  0.9999962998  0.002720383132
12  14  -9.76472697e-17  0.003591600749  0.9999935502  0.003591593028
12  15  1.456248556e-18  0.004668122278  0.9999891043  0.004668105324
12  16  3.887409451e-16  0.006011153001  0.9999819331  0.0060111168
12  17  1.943717234e-16  0.007778010097  0.9999697514  0.007777931672
12  18  2.597224391e-16  0.01033502239  0.9999465941  0.01033483841
12  19  9.236692308e-18  0.01391350401  0.9999032088  0.0139130551
12  20  -8.490662762e-17  0.01595858269  0.9998726645  0.01595790532
12  21  -4.825678633e-17  0.007836763968  0.9999692927  0.007836683753
12  22  2.278497125e-17  -0.02757835234  0.9996197413  -0.02757485662
12  23  3.794992755e-16  -0.2209481166  0.9756901036  -0.2191547895
12  24  -1.846358759e-16  -0.3227434296  0.9483688558  -0.3171695341
12  25  4.050117534e-17  -0.07014364953  0.9975409427  -0.07008614435
12  26  -3.134744915e-17  -0.004558252561  0.9999896112  -0.004558236776
12  27  1.144550399e-16  0.01231162324  0.9999242129  0.01231131222
12  28  -4.412237739e-17  0.01405178907  0.9999012752  0.01405132665
12  29  -2.510281644e-16  0.01113981047  0.999937953  0.01113958007
12  30  5.809483586e-17  0.008489666366  0.999963963  0.008489564385
12  31  4.092680412e-17  0.006630850682  0.999978016  0.006630802091
12  32  -2.757507652e-16  0.005231775556  0.9999863143  0.005231751689
12  33  -2.824470967e-16  0.004095209783  0.9999916146  0.004095198337
12  34  2.423672544e-16  0.003154770279  0.9999950237  0.003154765046
12  35  -8.42217398e-17  0.002378872566  0.9999971705  0.002378870323
12  36  -8.42217398e-17  0.002378872566  0.9999971705  0.002378870323

13  0  -2.533404866e-17  0.003276579536  0.999994632  0.003276573673
13  1  -2.098934122e-17  0.002305855422  0.9999973415  0.002305853379
13  2  -3.732754936e-17  0.001419046698  0.9999989932  0.001419046222
13  3  -5.58783976e-17  0.0002341782403  0.9999999726  0.0002341782382
13  4  -1.740017648e-16  -0.00251284741  0.9999968428  -0.002512844765
13  5  -1.310672822e-16  -0.01138738304  0.9999351645  -0.01138713694
13  6  2.338224762e-18  -0.02949483514  0.9995650589  -0.02949055885
13  7  9.407787245e-17  -0.02284753037  0.9997390065  -0.02284554265
13  8  8.347418006e-17  -0.006373316891  0.9999796905  -0.006373273744
13  9  3.93803553e-16  -0.000957388444  0.9999995417  -0.0009573882977
13  10  2.577495655e-16  0.0008338116904  0.9999996524  0.0008338115938
13  11  1.732999827e-16  0.001814005479  0.9999983547  0.001814004484
13  12  4.75436254e-17  0.002720386487  0.9999962998  0.002720383132
13  13  -4.174692452e-17  0.003799671526  0.9999927813  0.003799662383
13  14  1.004336214e-16  0.005137802451  0.9999868015  0.005137779847
13  15  2.782003258e-17  0.006721623363  0.99997741  0.006721572749
13  16  3.181728222e-16  0.00847376651  0.9999640979  0.008473665101
13  17  2.499863801e-16  0.01035840025  0.9999463523  0.01035821501
13  18  3.11710569e-16  0.01255899457  0.9999211369  0.01255866442
13  19  1.793029791e-16  0.01549661776  0.9998799298  0.01549599753
13  20  2.791717741e-16  0.01889736263  0.9998214502  0.01889623791
13  21  8.155249491e-17  0.01885195894  0.9998223071  0.01885084231
13  22  -3.440750173e-16  0.006084029608  0.9999814923  0.006083992074
13  23  1.185211564e-16  -0.02757835234  0.9996197413  -0.02757485662
13  24  -1.145555033e-16  -0.06153028107  0.9981076094  -0.06149146306
13  25  2.067736486e-16  -0.04159934773  0.9991348719  -0.04158735078
13  26  9.910342508e-17  -0.005584659636  0.9999844058  -0.005584630606
13  27  8.085116802e-17  0.01417485201  0.9998995385  0.01417437733
13  28  1.774763466e-16  0.01831161556  0.9998323471  0.01831059222
13  29  2.514494225e-16  0.01592151465  0.9998732554  0.01592084198
13  30  2.968393558e-16  0.01301161538  0.9999153501  0.01301124824
13  31  -3.290775981e-17  0.01084762456  0.9999411651  0.01084741182
13  32  2.082333044e-16  0.009100577062  0.99995859  0.009100451443
13  33  1.894582562e-16  0.00745954365  0.9999721777  0.00745947447
13  34  2.381557853e-16  0.005883778744  0.9999826906  0.005883744796
13  35  -2.36835837e-16  0.004464770862  0.9999900329  0.004464756028
13  36  -2.36835837e-16  0.004464770862  0.9999900329  0.004464756028

14  0  -2.351463498e-16  0.006088589003  0.9999814646  0.006088551385
14  1  8.493972121e-17  0.004383994917  0.9999903903  0.004383980874
14  2  3.575245056e-16  0.003016808883  0.9999954494  0.003016804307
14  3  2.425061164e-17  0.001831631364  0.9999983226  0.00183163034
14  4  -3.920871126e-17  0.000196491937  0.9999999807  0.0001964919357
14  5  -1.318162011e-17  -0.004783225677  0.9999885604  -0.004783207438
14  6  1.781352113e-16  -0.02759693164  0.9996192288  -0.02759342885
14  7  -4.643976421e-17  -0.05143734463  0.9986773914  -0.05141466547
14  8  -4.541613686e-16  -0.01456141727  0.9998939844  -0.01456090269
14  9  7.935535569e-17  -0.001771687212  0.9999984306  -0.001771686285
14  10  2.934234129e-17  0.001044509799  0.9999994545  0.001044509609
14  11  4.293351074e-18  0.002349199614  0.9999972406  0.002349197453
14  12  -1.254874481e-17  0.003591600749  0.9999935502  0.003591593028
14  13  2.77698256e-16  0.005137802451  0.9999868015  0.005137779847
14  14  8.922431283e-17  0.007047307809  0.9999751678  0.007047249476
14  15  1.097636286e-16  0.009151902693  0.9999581216  0.009151774937
14  16  -8.977539075e-17  0.01112491819  0.9999381187  0.01112468871
14  17  1.872058591e-16  0.0127249702  0.9999190387  0.01272462679
14  18  9.633383877e-17  0.01406594898  0.9999010762  0.01406548516
14  19  5.864290979e-17  0.01560583006  0.9998782315  0.01560519662
14  20  1.292717292e-16  0.01775264435  0.9998424259  0.01775171189
14  21  -3.518196112e-16  0.01993041547  0.9998013958  0.01992909603
14  22  -9.6563927e-17  0.01885195894  0.9998223071  0.01885084231
14  23  1.038701252e-16  0.007836763968  0.9999692927  0.007836683753
14  24  -3.537728931e-16  -0.01454347962  0.9998942455  -0.01454296694
14  25  8.688873045e-17  -0.02391641566  0.9997140162  -0.02391413572
14  26  2.211746504e-16  -0.003575587925  0.9999936076  -0.003575580306
14  27  -6.05685683e-17  0.01490117929  0.9998889795  0.01490062785
14  28  -2.32890243e-16  0.01956596656  0.9998085926  0.01956471819
14  29  1.878636013e-16  0.0179645955  0.999838641  0.01796362924
14  30  1.71814924e-16  0.01557962286  0.9998786401  0.01557899261
14  31  -1.904274653e-16  0.01391530551  0.9999031837  0.01391485644
14  32  -3.170995157e-16  0.01275538995  0.9999186511  0.01275504407
14  33  2.197861607e-16  0.01155003486  0.9999332991  0.01154977806
14  34  -2.918527037e-17  0.009963577817  0.999950364  0.009963412966
14  35  -1.85363686e-16  0.008042427958  0.9999676599  0.00804234126
14  36  -1.85363686e-16  0.008042427958  0.9999676599  0.00804234126

15  0  -3.64650478e-17  0.01027984914  0.9999471628  0.01027966809
15  1  -2.72436792e-17  0.007944040032  0.9999684463  0.007943956477
15  2  1.928935491e-16  0.005725448569  0.9999836097  0.005725417288
15  3  1.595404645e-16  0.00391257279  0.9999923459  0.003912562808
15  4  1.267206775e-16  0.002356250191  0.999997224  0.00235624801
15  5  -2.914881095e-17  -0.0001257686922  0.9999999921  -0.0001257686919
15  6  -3.413036474e-18  -0.0128812537  0.9999170378  -0.01288089748
15  7  -2.233104014e-16  -0.09608074218  0.9953877953  -0.09593298202
15  8  2.929255367e-17  -0.05645296403  0.9984069546  -0.05642298347
15  9  -1.408754215e-16  -0.004269345744  0.9999908864  -0.004269332774
15  10  2.73106397e-16  0.001253146544  0.9999992148  0.001253146216
15  11  1.583158396e-17  0.003032716303  0.9999954013  0.003032711654
15  12  -1.577602283e-17  0.004668122278  0.9999891043  0.004668105324
15  13  1.796733923e-16  0.006721623363  0.99997741  0.006721572749
15  14  4.501488824e-17  0.009151902693  0.9999581216  0.009151774937
15  15  -1.610871082e-16  0.01152215018  0.9999336208  0.01152189523
15  16  -8.70083045e-17  0.0132751041  0.9999118871  0.01327471419
15  17  1.294445711e-16  0.01422938585  0.999898764  0.01422890567
15  18  -1.648231375e-16  0.01471395199  0.9998917518  0.01471342107
15  19  9.138302996e-17  0.01522228959  0.9998841432  0.01522170172
15  20  1.489562353e-16  0.01618672245  0.9998689979  0.01618601561
15  21  -1.738927251e-16  0.01775264435  0.9998424259  0.01775171189
15  22  -6.334582411e-17  0.01889736263  0.9998214502  0.01889623791
15  23  -3.133057367e-16  0.01595858269  0.9998726645  0.01595790532
15  24  -2.664460321e-16  -0.001101638106  0.9999993932  -0.001101637884
15  25  1.805363569e-16  -0.03773474169  0.9992881291  -0.03772578718
15  26  2.471867281e-16  -0.02496122839  0.9996884847  -0.0249586364
15  27  1.147373329e-16  0.008839247796  0.9999609341  0.008839132692
15  28  -6.324398859e-19  0.01800779535  0.999837864  0.01800682211
15  29  -2.619368418e-16  0.01818589366  0.9998346412  0.01818489125
15  30  -1.589706889e-16  0.01640145634  0.9998654991  0.016400721
15  31  -1.130491939e-16  0.01495243919  0.9998882144  0.01495188203
15  32  -2.020571071e-16  0.01422720943  0.999898795  0.01422672947
15  33  1.59043103e-16  0.01386647717  0.9999038619  0.0138660328
15  34  1.258830175e-16  0.01334979815  0.9999108928  0.01334940162
15  35  -2.13074467e-17  0.01220028373  0.9999255775  0.01219998107
15  36  -2.13074467e-17  0.01220028373  0.9999255775  0.01219998107

16  0  -1.28391479e-16  0.01366698052  0.9999066083  0.01366655505
16  1  -2.149303676e-16  0.01216634463  0.9999259909  0.01216604449
16  2  8.397389076e-17  0.009843300692  0.9999515551  0.009843141739
16  3  4.518143159e-16  0.007303324706  0.9999733308  0.007303259781
16  4  1.034334992e-16  0.005081271141  0.9999870904  0.005081249275
16  5  6.49266398e-17  0.003046753175  0.9999953587  0.003046748462
16  6  -7.335828974e-17  -0.001808968694  0.9999983638  -0.001808967707
16  7  -1.482021527e-16  -0.07806929478  0.9969541401  -0.07799001596
16  8  -1.247443302e-16  -0.4024723843  0.9200953881  -0.3916943666
16  9  -3.401398771e-16  -0.01704324758  0.9998547674  -0.0170424225
16  10  -3.258584505e-16  0.001338451722  0.9999991043  0.001338451322
16  11  -1.804840382e-17  0.003968608732  0.9999921251  0.003968598315
16  12  -8.207920663e-17  0.006011153001  0.9999819331  0.0060111168
16  13  -1.459505152e-16  0.00847376651  0.9999640979  0.008473665101
16  14  -1.313231946e-16  0.01112491819  0.9999381187  0.01112468871
16  15  1.266662379e-17  0.0132751041  0.9999118871  0.01327471419
16  16  4.115639851e-17  0.01445554375  0.9998955204  0.01445504031
16  17  -4.760792559e-17  0.0148677712  0.9998894767  0.01486722345
16  18  1.233165222e-16  0.01495952069  0.9998881085  0.01495896274
16  19  9.71664096e-17  0.01500220439  0.999887469  0.01500164164
16  20  5.186805803e-17  0.01522228959  0.9998841432  0.01522170172
16  21  -1.255921197e-16  0.01560583006  0.9998782315  0.01560519662
16  22  -3.44995619e-16  0.01549661776  0.9998799298  0.01549599753
16  23  -6.922516347e-17  0.01391350401  0.9999032088  0.0139130551
16  24  1.308367218e-17  0.007201167667  0.9999740717  0.007201105429
16  25  -1.576098384e-16  -0.03590784721  0.9993553825  -0.03590013127
16  26  2.644105773e-16  -0.1034450942  0.9946543257  -0.1032607005
16  27  -8.922604998e-17  -0.01061666881  0.9999436437  -0.01061646937
16  28  -3.713057402e-16  0.01131434446  0.9999359935  0.01131410306
16  29  6.030404615e-17  0.01489366231  0.9998890915  0.01489311169
16  30  -3.882353679e-17  0.01558797529  0.99987851  0.01558734403
16  31  1.364243755e-16  0.01519338028  0.9998845828  0.01519279575
16  32  -2.116394771e-16  0.01465659219  0.9998925941  0.01465606745
16  33  -2.817161007e-16  0.01441794002  0.9998960633  0.0144174405
16  34  1.637686843e-17  0.01437970398  0.9998966138  0.01437920843
16  35  -1.85424235e-16  0.01426728341  0.999898224  0.01426679938
16  36  -1.85424235e-16  0.01426728341  0.999898224  0.01426679938

17  0  -9.403996273e-17  0.0145857623  0.9998936297  0.01458524513
17  1  -3.690554559e-17  0.01434216236  0.999897153  0.01434167067
17  2  3.061020047e-16  0.013471049  0.9999092668  0.01347064158
17  3  3.998237768e-17  0.01164504658  0.9999321972  0.01164478339
17  4  1.298248276e-16  0.009180845571  0.9999578563  0.009180716599
17  5  -2.23018833e-16  0.006697207147  0.9999775738  0.006697157083
17  6  -5.601093566e-17  0.003772510378  0.9999928841  0.00377250143
17  7  4.800776712e-17  -0.01517441432  0.9998848708  -0.01517383198
17  8  1.006995902e-17  -1.298206647  0.2692263974  -0.9630769164
17  9  -1.526761331e-16  -0.2022099217  0.9796251413  -0.2008347143
17  10  -2.693360332e-16  0.0002324840597  0.999999973  0.0002324840576
17  11  -3.837755206e-16  0.005346832633  0.9999857057  0.005346807156
17  12  1.945109591e-16  0.007778010097  0.9999697514  0.007777931672
17  13  2.581977281e-16  0.01035840025  0.9999463523  0.01035821501
17  14  9.574876338e-17  0.0127249702  0.9999190387  0.01272462679
17  15  2.147634007e-16  0.01422938585  0.999898764  0.01422890567
17  16  4.178078262e-16  0.0148677712  0.9998894767  0.01486722345
17  17  -1.035635212e-16  0.01509250153  0.9998861104  0.01509192857
17  18  -1.343382273e-16  0.0151076142  0.9998858822  0.01510703951
17  19  -2.139113995e-16  0.01495952069  0.9998881085  0.01495896274
17  20  -7.556166497e-17  0.01471395199  0.9998917518  0.01471342107
17  21  6.135206934e-17  0.01406594898  0.9999010762  0.01406548516
17  22  -3.209493534e-16  0.01255899457  0.9999211369  0.01255866442
17  23  -2.281475375e-17  0.01033502239  0.9999465941  0.01033483841
17  24  -6.78523569e-17  0.007211498141  0.9999739973  0.007211435635
17  25  -6.486581903e-18  -0.00961269921  0.9999537984  -0.009612551168
17  26  2.379033461e-16  -0.3349765312  0.9444180252  -0.3287470056
17  27  2.08484922e-16  -0.1565761308  0.9877669804  -0.1559371423
17  28  -7.718801324e-17  0.002472396315  0.9999969436  0.002472393797
17  29  8.325115522e-17  0.008997475682  0.999959523  0.008997354285
17  30  -7.170325651e-17  0.01160387185  0.9999326758  0.01160361144
17  31  -6.207544701e-17  0.01344482993  0.9999096196  0.01344442488
17  32  -1.694314507e-16  0.01434894358  0.9998970557  0.01434845119
17  33  -3.522533174e-17  0.01455907039  0.9998940186  0.01455855606
17  34  2.492036009e-16  0.01458920555  0.9998935794  0.01458868802
17  35  -3.932147554e-18  0.01461610373  0.9998931867  0.01461558333
17  36  -3.932147554e-18  0.01461610373  0.9998931867  0.01461558333

18  0  -1.653778341e-16  0.01461610373  0.9998931867  0.01461558333
18  1  1.451456805e-17  0.01458920555  0.9998935794  0.01458868802
18  2  -7.97000443e-17  0.01455907039  0.9998940186  0.01455855606
18  3  -3.223685219e-17  0.01434894358  0.9998970557  0.01434845119
18  4  1.254575778e-17  0.01344482993  0.9999096196  0.01344442488
18  5  -2.253064289e-16  0.01160387185  0.9999326758  0.01160361144
18  6  -2.53260537e-16  0.008997475682  0.999959523  0.008997354285
18  7  -1.377092116e-16  0.002472396316  0.9999969436  0.002472393797
18  8  1.768738187e-16  -0.1565761308  0.9877669804  -0.1559371423
18  9  -9.744060694e-17  -0.3349765312  0.9444180252  -0.3287470056
18  10  -8.830953827e-17  -0.00961269921  0.9999537984  -0.009612551168
18  11  1.907544332e-17  0.007211498142  0.9999739973  0.007211435635
18  12  -3.3016784e-17  0.01033502239  0.9999465941  0.01033483841
18  13  2.759490628e-16  0.01255899457  0.9999211369  0.01255866442
18  14  -7.397625782e-17  0.01406594898  0.9999010762  0.01406548516
18  15  2.558815078e-16  0.01471395199  0.9998917518  0.01471342107
18  16  -1.094084088e-16  0.01495952069  0.9998881085  0.01495896274
18  17  -1.711609186e-16  0.0151076142  0.9998858822  0.01510703951
18  18  -7.447136046e-17  0.01509250153  0.9998861104  0.01509192857
18  19  -3.274274571e-16  0.0148677712  0.9998894767  0.01486722345
18  20  4.263669318e-17  0.01422938585  0.999898764  0.01422890567
18  21  2.993043293e-16  0.0127249702  0.9999190387  0.01272462679
18  22  2.206432731e-16  0.01035840025  0.9999463523  0.01035821501
18  23  1.130428778e-16  0.007778010096  0.9999697514  0.007777931672
18  24  -1.254199021e-16  0.005346832633  0.9999857057  0.005346807156
18  25  1.688376255e-16  0.0002324840596  0.999999973  0.0002324840575
18  26  -1.784143963e-17  -0.2022099217  0.9796251413  -0.2008347143
18  27  -8.469700737e-17  -1.298206647  0.2692263974  -0.9630769164
18  28  9.256012511e-17  -0.01517441432  0.9998848708  -0.01517383198
18  29  2.430988065e-17  0.003772510378  0.9999928841  0.00377250143
18  30  2.518241286e-16  0.006697207147  0.9999775738  0.006697157083
18  31  1.837975644e-17  0.009180845571  0.9999578563  0.009180716599
18  32  1.674878019e-16  0.01164504658  0.9999321972  0.01164478339
18  33  2.170775116e-16  0.013471049  0.9999092668  0.01347064158
18  34  -9.263994166e-18  0.01434216236  0.999897153  0.01434167067
18  35  5.252937683e-17  0.0145857623  0.9998936297  0.01458524513
18  36  5.252937683e-17  0.0145857623  0.9998936297  0.01458524513

19  0  7.772445915e-17  0.01426728341  0.999898224  0.01426679938
19  1  -5.799040021e-17  0.01437970398  0.9998966138  0.01437920843
19  2  5.136003369e-17  0.01441794002  0.9998960633  0.0144174405
19  3  -1.077576563e-16  0.01465659219  0.9998925941  0.01465606745
19  4  -7.084724185e-17  0.01519338028  0.9998845828  0.01519279575
19  5  -7.335066015e-17  0.01558797529  0.99987851  0.01558734403
19  6  3.471138864e-18  0.01489366231  0.9998890915  0.01489311169
19  7  -1.273846338e-16  0.01131434446  0.9999359935  0.01131410306
19  8  -6.582199968e-17  -0.01061666881  0.9999436437  -0.01061646937
19  9  1.147745985e-17  -0.1034450942  0.9946543257  -0.1032607005
19  10  1.078195126e-17  -0.03590784721  0.9993553825  -0.03590013127
19  11  2.229241732e-17  0.007201167667  0.9999740717  0.007201105429
19  12  2.971063934e-16  0.01391350401  0.9999032088  0.0139130551
19  13  -4.813507063e-17  0.01549661776  0.9998799298  0.01549599753
19  14  6.019668831e-17  0.01560583006  0.9998782315  0.01560519662
19  15  1.794149538e-16  0.01522228959  0.9998841432  0.01522170172
19  16  -7.231451424e-17  0.01500220439  0.999887469  0.01500164164
19  17  -1.13188714e-16  0.01495952069  0.9998881085  0.01495896274
19  18  4.10486417e-17  0.0148677712  0.9998894767  0.01486722345
19  19  1.28604979e-16  0.01445554375  0.9998955204  0.01445504031
19  20  3.432901661e-16  0.0132751041  0.9999118871  0.01327471419
19  21  7.913741735e-18  0.01112491819  0.9999381187  0.01112468871
19  22  8.306836405e-17  0.00847376651  0.9999640979  0.008473665101
19  23  -6.093724491e-17  0.006011153001  0.9999819331  0.0060111168
19  24  8.651217721e-17  0.003968608732  0.9999921251  0.003968598315
19  25  2.39395336e-16  0.001338451721  0.9999991043  0.001338451322
19  26  -2.588818225e-17  -0.01704324758  0.9998547674  -0.0170424225
19  27  -1.12662493e-16  -0.4024723843  0.9200953881  -0.3916943666
19  28  -1.012310591e-17  -0.07806929478  0.9969541401  -0.07799001596
19  29  5.215298864e-17  -0.001808968694  0.9999983638  -0.001808967707
19  30  -3.281855897e-17  0.003046753175  0.9999953587  0.003046748462
19  31  3.664701559e-17  0.005081271141  0.9999870904  0.005081249275
19  32  -1.310519431e-16  0.007303324706  0.9999733308  0.007303259782
19  33  -8.085903461e-17  0.009843300692  0.9999515551  0.009843141739
19  34  1.594348856e-16  0.01216634463  0.9999259909  0.01216604449
19  35  3.743463803e-17  0.01366698052  0.9999066083  0.01366655505
19  36  3.743463803e-17  0.01366698052  0.9999066083  0.01366655505

20  0  1.397373284e-16  0.01220028373  0.9999255775  0.01219998107
20  1  9.363826278e-17  0.01334979815  0.9999108928  0.01334940162
20  2  1.282543252e-16  0.01386647717  0.9999038619  0.0138660328
20  3  -3.110144079e-17  0.01422720943  0.999898795  0.01422672947
20  4  -1.423254404e-16  0.01495243919  0.9998882144  0.01495188203
20  5  -5.868629189e-18  0.01640145634  0.9998654991  0.016400721
20  6  2.369728396e-17  0.01818589366  0.9998346412  0.01818489125
20  7  1.622659642e-16  0.01800779535  0.999837864  0.01800682211
20  8  1.55133203e-16  0.008839247796  0.9999609341  0.008839132692
20  9  1.074372863e-16  -0.02496122839  0.9996884847  -0.0249586364
20  10  -2.707949627e-16  -0.03773474169  0.9992881291  -0.03772578718
20  11  4.636780855e-17  -0.001101638107  0.9999993932  -0.001101637884
20  12  6.30593899e-17  0.01595858269  0.9998726645  0.01595790532
20  13  -1.9732489e-16  0.01889736263  0.9998214502  0.01889623791
20  14  -1.483934906e-16  0.01775264435  0.9998424259  0.01775171189
20  15  -3.081210265e-16  0.01618672245  0.9998689979  0.01618601561
20  16  -1.801272988e-16  0.01522228959  0.9998841432  0.01522170172
20  17  -2.190586067e-16  0.01471395199  0.9998917518  0.01471342107
20  18  2.413832635e-17  0.01422938585  0.999898764  0.01422890567
20  19  1.039467524e-16  0.0132751041  0.9999118871  0.01327471419
20  20  -5.664873092e-20  0.01152215018  0.9999336208  0.01152189523
20  21  -2.53936855e-16  0.009151902693  0.9999581216  0.009151774937
20  22  2.163734628e-16  0.006721623363  0.99997741  0.006721572749
20  23  1.577761059e-16  0.004668122278  0.9999891043  0.004668105324
20  24  1.186884341e-16  0.003032716303  0.9999954013  0.003032711654
20  25  3.944240235e-16  0.001253146544  0.9999992148  0.001253146216
20  26  9.053680473e-18  -0.004269345744  0.9999908864  -0.004269332774
20  27  -1.156372159e-16  -0.05645296403  0.9984069546  -0.05642298347
20  28  -1.678617246e-16  -0.09608074218  0.9953877953  -0.09593298202
20  29  -2.59976925e-16  -0.0128812537  0.9999170378  -0.01288089748
20  30  -3.491580076e-16  -0.0001257686924  0.9999999921  -0.000125768692
20  31  5.94005615e-17  0.002356250191  0.999997224  0.00235624801
20  32  -2.182749834e-16  0.00391257279  0.9999923459  0.003912562808
20  33  -2.806860585e-16  0.005725448569  0.9999836097  0.005725417288
20  34  6.883952976e-17  0.007944040032  0.9999684463  0.007943956477
20  35  4.559532412e-19  0.01027984914  0.9999471628  0.01027966809
20  36  4.559532412e-19  0.01027984914  0.9999471628  0.01027966809

21  0  -1.358316271e-16  0.008042427958  0.9999676599  0.00804234126
21  1  1.941429173e-16  0.009963577817  0.999950364  0.009963412966
21  2  1.156462554e-16  0.01155003486  0.9999332991  0.01154977806
21  3  -1.470449315e-16  0.01275538995  0.9999186511  0.01275504407
21  4  1.875760101e-16  0.01391530551  0.9999031837  0.01391485644
21  5  -3.046622019e-16  0.01557962286  0.9998786401  0.01557899261
21  6  -7.126704001e-17  0.0179645955  0.999838641  0.01796362924
21  7  4.010526063e-17  0.01956596656  0.9998085926  0.01956471819
21  8  2.177384095e-16  0.01490117929  0.9998889795  0.01490062785
21  9  -1.047504905e-16  -0.003575587926  0.9999936076  -0.003575580307
21  10  -1.826597606e-16  -0.02391641566  0.9997140162  -0.02391413572
21  11  1.979932918e-16  -0.01454347962  0.9998942455  -0.01454296694
21  12  -7.280973014e-17  0.007836763968  0.9999692927  0.007836683753
21  13  2.607348459e-16  0.01885195894  0.9998223071  0.01885084231
21  14  1.159916308e-16  0.01993041547  0.9998013958  0.01992909603
21  15  -1.37749687e-16  0.01775264435  0.9998424259  0.01775171189
21  16  1.119696031e-16  0.01560583006  0.9998782315  0.01560519662
21  17  -3.043924034e-16  0.01406594898  0.9999010762  0.01406548516
21  18  -2.309421271e-16  0.0127249702  0.9999190387  0.01272462679
21  19  -1.99704375e-16  0.01112491819  0.9999381187  0.01112468871
21  20  -9.320845942e-17  0.009151902693  0.9999581216  0.009151774937
21  21  -1.523483748e-16  0.007047307809  0.9999751678  0.007047249476
21  22  2.306210635e-16  0.005137802451  0.9999868015  0.005137779847
21  23  -2.835081102e-17  0.003591600749  0.9999935502  0.003591593028
21  24  -8.826795293e-17  0.002349199614  0.9999972406  0.002349197453
21  25  1.258038708e-16  0.001044509799  0.9999994545  0.001044509609
21  26  -3.301734213e-17  -0.001771687212  0.9999984306  -0.001771686285
21  27  1.846656996e-16  -0.01456141727  0.9998939844  -0.01456090269
21  28  2.858804165e-16  -0.05143734463  0.9986773914  -0.05141466547
21  29  1.377768999e-16  -0.02759693164  0.9996192288  -0.02759342885
21  30  -3.92845306e-17  -0.004783225678  0.9999885604  -0.004783207438
21  31  1.783385934e-16  0.000196491937  0.9999999807  0.0001964919357
21  32  -6.80822016e-17  0.001831631364  0.9999983226  0.00183163034
21  33  -8.233415982e-17  0.003016808883  0.9999954494  0.003016804307
21  34  1.636783094e-16  0.004383994917  0.9999903903  0.004383980874
21  35  3.001899028e-16  0.006088589003  0.9999814646  0.006088551385
21  36  3.001899028e-16  0.006088589003  0.9999814646  0.006088551385

22  0  2.091039021e-16  0.004464770862  0.9999900329  0.004464756028
22  1  2.984723489e-16  0.005883778744  0.9999826906  0.005883744796
22  2  4.799917642e-17  0.00745954365  0.9999721777  0.00745947447
22  3  5.261130588e-17  0.009100577062  0.99995859  0.009100451443
22  4  2.872672905e-16  0.01084762456  0.9999411651  0.01084741182
22  5  -2.168027106e-16  0.01301161538  0.9999153501  0.01301124824
22  6  8.701627848e-17  0.01592151465  0.9998732554  0.01592084198
22  7  -7.536057396e-17  0.01831161556  0.9998323471  0.01831059222
22  8  1.463646199e-16  0.01417485201  0.9998995385  0.01417437733
22  9  1.123983259e-16  -0.005584659636  0.9999844058  -0.005584630607
22  10  -5.960936989e-17  -0.04159934773  0.9991348719  -0.04158735078
22  11  -7.934669779e-17  -0.06153028107  0.9981076094  -0.06149146306
22  12  4.592670904e-17  -0.02757835234  0.9996197413  -0.02757485662
22  13  3.947593109e-16  0.006084029608  0.9999814923  0.006083992074
22  14  -1.414604673e-16  0.01885195894  0.9998223071  0.01885084231
22  15  -3.743641016e-16  0.01889736263  0.9998214502  0.01889623791
22  16  8.566921892e-17  0.01549661776  0.9998799298  0.01549599753
22  17  -9.73725773e-17  0.01255899457  0.9999211369  0.01255866442
22  18  3.507545062e-16  0.01035840025  0.9999463523  0.01035821501
22  19  -2.234754978e-16  0.00847376651  0.9999640979  0.008473665101
22  20  2.620867674e-16  0.006721623363  0.99997741  0.006721572749
22  21  1.258791724e-16  0.005137802451  0.9999868015  0.005137779847
22  22  1.607032494e-16  0.003799671526  0.9999927813  0.003799662383
22  23  1.272117337e-16  0.002720386487  0.9999962998  0.002720383132
22  24  1.533870566e-16  0.001814005479  0.9999983547  0.001814004484
22  25  -8.286181831e-17  0.0008338116904  0.9999996524  0.0008338115938
22  26  -2.399110633e-16  -0.000957388444  0.9999995417  -0.0009573882977
22  27  -4.03997763e-16  -0.006373316891  0.9999796905  -0.006373273745
22  28  -3.283726267e-16  -0.02284753037  0.9997390065  -0.02284554265
22  29  -2.126313449e-16  -0.02949483514  0.9995650589  -0.02949055885
22  30  1.513116832e-16  -0.01138738304  0.9999351645  -0.01138713694
22  31  8.632883835e-17  -0.002512847409  0.9999968428  -0.002512844765
22  32  -5.147156588e-17  0.0002341782403  0.9999999726  0.0002341782382
22  33  5.620459821e-17  0.001419046698  0.9999989932  0.001419046222
22  34  7.697660737e-17  0.002305855422  0.9999973415  0.002305853379
22  35  1.919831279e-16  0.003276579536  0.999994632  0.003276573673
22  36  1.919831279e-16  0.003276579536  0.999994632  0.003276573673

23  0  1.164109463e-16  0.002378872566  0.9999971705  0.002378870323
23  1  1.033310347e-16  0.003154770279  0.9999950237  0.003154765046
23  2  -6.325388331e-18  0.004095209783  0.9999916146  0.004095198337
23  3  2.68097802e-16  0.005231775556  0.9999863143  0.005231751689
23  4  8.453650241e-17  0.006630850682  0.999978016  0.006630802091
23  5  -2.082466216e-17  0.008489666366  0.999963963  0.008489564385
23  6  -6.903983195e-17  0.01113981047  0.999937953  0.01113958007
23  7  5.362524979e-17  0.01405178907  0.9999012752  0.01405132665
23  8  1.525109227e-16  0.01231162325  0.9999242129  0.01231131222
23  9  1.240248627e-16  -0.004558252561  0.9999896112  -0.004558236776
23  10  6.181521051e-17  -0.07014364953  0.9975409427  -0.07008614435
23  11  -1.602530488e-16  -0.3227434296  0.9483688558  -0.3171695341
23  12  1.099862381e-16  -0.2209481166  0.9756901036  -0.2191547895
23  13  2.151776255e-16  -0.02757835234  0.9996197413  -0.02757485662
23  14  1.666336783e-16  0.007836763968  0.9999692927  0.007836683753
23  15  -1.295297751e-16  0.01595858269  0.9998726645  0.01595790532
23  16  -2.372285521e-16  0.01391350401  0.9999032088  0.0139130551
23  17  -3.015908438e-16  0.01033502239  0.9999465941  0.01033483841
23  18  -9.104990496e-17  0.007778010096  0.9999697514  0.007777931672
23  19  -4.844494964e-17  0.006011153001  0.9999819331  0.0060111168
23  20  5.196931171e-17  0.004668122278  0.9999891043  0.004668105324
23  21  -1.636211949e-16  0.003591600749  0.9999935502  0.003591593028
23  22  2.993933231e-16  0.002720386487  0.9999962998  0.002720383132
23  23  -5.888421622e-17  0.002004257587  0.9999979915  0.002004256245
23  24  -1.628278933e-16  0.001359796427  0.9999990755  0.001359796008
23  25  -2.005223133e-16  0.0006149150693  0.9999998109  0.0006149150305
23  26  -2.103850228e-16  -0.0006563274597  0.9999997846  -0.0006563274126
23  27  -5.3502826e-16  -0.003681145438  0.9999932246  -0.003681137124
23  28  -1.737871702e-17  -0.01139358231  0.9999350938  -0.0113933358
23  29  -2.580076559e-16  -0.02104374265  0.9997785886  -0.02104218952
23  30  2.783470767e-16  -0.01585421432  0.9998743246  -0.01585355015
23  31  2.368074966e-16  -0.006154011053  0.9999810641  -0.006153972209
23  32  1.500511448e-16  -0.001634444819  0.9999986643  -0.001634444092
23  33  -1.910489076e-16  0.0001633789833  0.9999999867  0.0001633789826
23  34  1.545989747e-16  0.001061026157  0.9999994371  0.001061025958
23  35  5.713643186e-17  0.001716881492  0.9999985262  0.001716880648
23  36  5.713643186e-17  0.001716881492  0.9999985262  0.001716880648

24  0  1.497021443e-16  0.001170818674  0.9999993146  0.001170818406
24  1  3.156628158e-16  0.001607256437  0.9999987084  0.001607255745
24  2  -8.610054116e-17  0.002088128469  0.9999978199  0.002088126952
24  3  2.851971439e-16  0.002672051026  0.9999964301  0.002672047846
24  4  9.290399318e-17  0.003422037208  0.9999941448  0.003422030529
24  5  4.622869093e-17  0.004437385324  0.9999901548  0.004437370762
24  6  -2.818816099e-17  0.005801745144  0.9999831699  0.005801712596
24  7  4.109778158e-16  0.006754673383  0.9999771873  0.006754622019
24  8  -4.728883098e-17  0.002819277389  0.9999960258  0.002819273654
24  9  -1.413942044e-16  -0.009041614552  0.9999591249  -0.00904149136
24  10  1.018376335e-16  -0.02954713964  0.999563515  -0.02954284056
24  11  -6.788077899e-18  -0.1918698958  0.9816493721  -0.1906948094
24  12  1.582589877e-16  -0.3227434296  0.9483688558  -0.3171695341
24  13  -2.300471465e-17  -0.06153028107  0.9981076094  -0.06149146306
24  14  -6.329927513e-17  -0.01454347962  0.9998942455  -0.01454296694
24  15  9.713611356e-17  -0.001101638106  0.9999993932  -0.001101637884
24  16  -1.800914814e-16  0.007201167667  0.9999740717  0.007201105429
24  17  -2.068484764e-16  0.007211498142  0.9999739973  0.007211435635
24  18  -1.537279099e-16  0.005346832633  0.9999857057  0.005346807156
24  19  -2.427794448e-16  0.003968608732  0.9999921251  0.003968598315
24  20  -1.951897012e-16  0.003032716303  0.9999954013  0.003032711654
24  21  3.019537294e-17  0.002349199614  0.9999972406  0.002349197453
24  22  -1.455050965e-16  0.001814005479  0.9999983547  0.001814004484
24  23  -2.870644832e-16  0.001359796427  0.9999990755  0.001359796008
24  24  1.657852289e-16  0.0009121319518  0.999999584  0.0009121318253
24  25  8.619459241e-19  0.0003445985214  0.9999999406  0.0003445985146
24  26  1.55449366e-16  -0.000610809016  0.9999998135  -0.000610808978
24  27  -1.420963427e-16  -0.002577256242  0.9999966789  -0.002577253389
24  28  8.905208225e-17  -0.006796451551  0.9999769042  -0.006796399228
24  29  -4.92419031e-17  -0.01332246905  0.9999112572  -0.01332207496
24  30  7.720995671e-17  -0.01513403358  0.9998854827  -0.01513345587
24  31  -2.558679379e-16  -0.0093808998  0.9999559997  -0.009380762212
24  32  1.408707194e-16  -0.004026686105  0.9999918929  -0.004026675223
24  33  1.819974456e-16  -0.001293612623  0.9999991633  -0.001293612262
24  34  4.814162189e-17  -3.383595146e-06  1  -3.383595146e-06
24  35  -1.596905477e-16  0.0006910449863  0.9999997612  0.0006910449313
24  36  -1.596905477e-16  0.0006910449863  0.9999997612  0.0006910449313

25  0  -6.782586541e-17  0.0002026807573  0.9999999795  0.0002026807559
25  1  2.566746481e-16  0.000525601939  0.9999998619  0.0005256019148
25  2  -2.143974529e-16  0.0007661865683  0.9999997065  0.0007661864933
25  3  4.977415879e-16  0.0009853252119  0.9999995146  0.0009853250524
25  4  2.644944944e-17  0.001208463348  0.9999992698  0.001208463054
25  5  -3.052395747e-18  0.001397078005  0.9999990241  0.00139707755
25  6  -2.492475452e-16  0.001154761616  0.9999993333  0.001154761359
25  7  1.17576379e-16  -0.002477383001  0.9999969313  -0.002477380467
25  8  -4.758365109e-17  -0.02314825862  0.999732091  -0.02314619138
25  9  -6.943023063e-17  -0.04633149129  0.9989268884  -0.04631491715
25  10  7.50276473e-17  -0.0311880639  0.9995136918  -0.03118300806
25  11  -2.196758715e-16  -0.02954713964  0.999563515  -0.02954284056
25  12  2.826382385e-16  -0.07014364953  0.9975409427  -0.07008614435
25  13  3.361793269e-16  -0.04159934773  0.9991348719  -0.04158735078
25  14  1.157889107e-16  -0.02391641566  0.9997140162  -0.02391413572
25  15  1.28843308e-16  -0.03773474169  0.9992881291  -0.03772578718
25  16  -2.465130362e-16  -0.03590784721  0.9993553825  -0.03590013127
25  17  -2.427581798e-16  -0.009612699209  0.9999537984  -0.009612551168
25  18  -2.590709088e-17  0.0002324840598  0.999999973  0.0002324840577
25  19  -1.502137536e-16  0.001338451722  0.9999991043  0.001338451322
25  20  4.036656461e-17  0.001253146544  0.9999992148  0.001253146216
25  21  1.567807174e-16  0.001044509799  0.9999994545  0.001044509609
25  22  -6.151247393e-17  0.0008338116904  0.9999996524  0.0008338115938
25  23  -9.035126443e-17  0.0006149150693  0.9999998109  0.0006149150305
25  24  -1.11695457e-16  0.0003445985214  0.9999999406  0.0003445985146
25  25  -3.428882926e-16  -6.459650614e-05  0.9999999979  -6.459650609e-05
25  26  -2.555256751e-16  -0.0007865595205  0.9999996907  -0.0007865594394
25  27  -7.208148188e-17  -0.002164135333  0.9999976583  -0.002164133644
25  28  -6.630318497e-17  -0.004763241075  0.9999886558  -0.004763223063
25  29  6.970221552e-17  -0.008785998238  0.9999614034  -0.008785885201
25  30  8.141227814e-17  -0.01186366153  0.9999296276  -0.01186338324
25  31  -1.436633234e-16  -0.01038828593  0.9999460422  -0.01038809909
25  32  3.811154281e-18  -0.006315297268  0.9999800586  -0.006315255289
25  33  3.974760796e-17  -0.003099625553  0.9999951962  -0.003099620589
25  34  5.951976722e-18  -0.001278766624  0.9999991824  -0.001278766275
25  35  -1.51585016e-17  -0.0003212033598  0.9999999484  -0.0003212033543
25  36  -1.51585016e-17  -0.0003212033598  0.9999999484  -0.0003212033543

26  0  3.89125605e-17  -0.0009183548598  0.9999995783  -0.0009183547307
26  1  2.0946498e-16  -0.0006106575199  0.9999998135  -0.0006106574819
26  2  -7.692186799e-17  -0.0005333595679  0.9999998578  -0.0005333595426
26  3  -2.941002495e-16  -0.0006531533247  0.9999997867  -0.0006531532783
26  4  -1.003879944e-17  -0.001054259334  0.9999994443  -0.001054259139
26  5  -8.424088103e-17  -0.002138631037  0.9999977131  -0.002138629406
26  6  -5.250508601e-16  -0.005893919462  0.9999826309  -0.005893885338
26  7  -4.629658463e-16  -0.02948641566  0.9995653071  -0.02948214302
26  8  8.248539524e-17  -0.336476322  0.9439239115  -0.3301630648
26  9  -2.024661782e-16  -0.269085906  0.9640143113  -0.2658503482
26  10  5.257181e-17  -0.04633149129  0.9989268884  -0.04631491715
26  11  -1.499241138e-16  -0.009041614552  0.9999591249  -0.00904149136
26  12  -8.748531477e-17  -0.004558252561  0.9999896112  -0.004558236776
26  13  1.985833989e-16  -0.005584659635  0.9999844058  -0.005584630606
26  14  -1.319295046e-16  -0.003575587926  0.9999936076  -0.003575580307
26  15  1.573507758e-16  -0.02496122839  0.9996884847  -0.0249586364
26  16  -1.114211423e-16  -0.1034450942  0.9946543257  -0.1032607005
26  17  -2.03866734e-16  -0.3349765312  0.9444180252  -0.3287470056
26  18  2.747859241e-16  -0.2022099217  0.9796251413  -0.2008347143
26  19  1.032922022e-16  -0.01704324758  0.9998547674  -0.0170424225
26  20  2.200055812e-16  -0.004269345743  0.9999908864  -0.004269332774
26  21  1.581586875e-16  -0.001771687212  0.9999984306  -0.001771686285
26  22  5.691030594e-17  -0.000957388444  0.9999995417  -0.0009573882977
26  23  1.141745928e-16  -0.0006563274597  0.9999997846  -0.0006563274126
26  24  -1.739089329e-16  -0.000610809016  0.9999998135  -0.000610808978
26  25  5.470001659e-17  -0.0007865595205  0.9999996907  -0.0007865594394
26  26  1.805198779e-17  -0.001258899506  0.9999992076  -0.001258899174
26  27  1.377010252e-17  -0.002204722978  0.9999975696  -0.002204721192
26  28  1.139919208e-16  -0.003881369069  0.9999924675  -0.003881359324
26  29  8.263202454e-17  -0.006377195166  0.9999796658  -0.00637715194
26  30  2.196748563e-17  -0.00885185319  0.9999608226  -0.008851737592
26  31  2.02731228e-16  -0.009390833236  0.9999559064  -0.00939069521
26  32  2.786935803e-16  -0.007477083767  0.9999720467  -0.007477014098
26  33  3.026006378e-16  -0.004835645383  0.9999883083  -0.004835626538
26  34  7.472784466e-17  -0.002808806741  0.9999960553  -0.002808803048
26  35  -1.475686367e-16  -0.001579278646  0.9999987529  -0.001579277989
26  36  -1.475686367e-16  -0.001579278646  0.9999987529  -0.001579277989

27  0  1.900612959e-16  -0.00229170503  0.999997374  -0.002291703024
27  1  -1.048118753e-16  -0.002036006296  0.9999979273  -0.002036004889
27  2  -1.97422194e-16  -0.002178829836  0.9999976264  -0.002178828112
27  3  8.504235224e-18  -0.002795120546  0.9999960937  -0.002795116907
27  4  -2.282471289e-16  -0.004255312909  0.9999909462  -0.004255300067
27  5  -1.406144572e-16  -0.007926267281  0.9999685873  -0.007926184286
27  6  -2.57959487e-16  -0.02052873059  0.999789293  -0.02052728872
27  7  -1.483963009e-16  -0.110491677  0.9939020024  -0.1102669929
27  8  1.044105494e-16  -1.449886231  0.120615709  -0.9926992751
27  9  -1.197302219e-17  -0.336476322  0.9439239115  -0.3301630648
27  10  -1.242069225e-17  -0.02314825862  0.999732091  -0.02314619138
27  11  -2.147605354e-16  0.002819277389  0.9999960258  0.002819273654
27  12  -8.603042469e-17  0.01231162324  0.9999242129  0.01231131222
27  13  -1.725424512e-17  0.01417485201  0.9998995385  0.01417437733
27  14  -1.796440667e-17  0.01490117929  0.9998889795  0.01490062784
27  15  -8.119685807e-17  0.008839247797  0.9999609341  0.008839132692
27  16  -2.882928032e-16  -0.01061666881  0.9999436437  -0.01061646937
27  17  5.304820478e-17  -0.1565761308  0.9877669804  -0.1559371423
27  18  1.419780208e-16  -1.298206647  0.2692263974  -0.9630769164
27  19  1.390477473e-16  -0.4024723843  0.9200953881  -0.3916943666
27  20  3.496397821e-16  -0.05645296403  0.9984069546  -0.05642298347
27  21  9.042102782e-17  -0.01456141727  0.9998939844  -0.01456090269
27  22  -1.04559356e-16  -0.006373316891  0.9999796905  -0.006373273745
27  23  -1.823648414e-18  -0.003681145438  0.9999932246  -0.003681137124
27  24  1.079214577e-16  -0.002577256242  0.9999966789  -0.002577253389
27  25  -7.746121241e-17  -0.002164135333  0.9999976583  -0.002164133644
27  26  1.617069968e-16  -0.002204722978  0.9999975696  -0.002204721192
27  27  -1.805248705e-16  -0.002683752274  0.9999963987  -0.002683749053
27  28  -1.648466924e-16  -0.003668606444  0.9999932707  -0.003668598215
27  29  1.227204222e-16  -0.005156447456  0.9999867056  -0.005156424605
27  30  1.628458875e-16  -0.006794002694  0.9999769209  -0.006793950428
27  31  -9.920347838e-17  -0.007733698077  0.9999700951  -0.007733620985
27  32  1.840404625e-17  -0.007294471761  0.9999733955  -0.007294407072
27  33  2.543375895e-16  -0.005819689588  0.9999830657  -0.005819656737
27  34  2.522380926e-16  -0.004203224017  0.9999911665  -0.004203211641
27  35  1.974632956e-16  -0.00299245596  0.9999955226  -0.002992451494
27  36  1.974632956e-16  -0.00299245596  0.9999955226  -0.002992451494

28  0  3.542977862e-16  -0.003627724165  0.9999934198  -0.003627716208
28  1  -1.273930938e-16  -0.003571939277  0.9999936206  -0.003571931682
28  2  1.96280089e-16  -0.004044058843  0.9999918228  -0.00404404782
28  3  -5.264107586e-17  -0.005291875222  0.9999859981  -0.005291850523
28  4  -2.527268372e-17  -0.008037751608  0.9999676974  -0.008037665061
28  5  1.646858293e-16  -0.01450895032  0.999894747  -0.01450844128
28  6  -1.665726483e-17  -0.03242192898  0.9994744553  -0.03241624906
28  7  2.787413722e-16  -0.08399692172  0.9964743322  -0.08389818342
28  8  1.623719851e-16  -0.110491677  0.9939020024  -0.1102669929
28  9  -3.045860256e-17  -0.02948641566  0.9995653071  -0.02948214302
28  10  6.53091489e-17  -0.002477383001  0.9999969313  -0.002477380467
28  11  -3.410306794e-16  0.006754673383  0.9999771873  0.006754622018
28  12  -7.042384152e-17  0.01405178907  0.9999012752  0.01405132665
28  13  -1.461295919e-16  0.01831161556  0.9998323471  0.01831059222
28  14  -2.960496113e-16  0.01956596656  0.9998085926  0.01956471819
28  15  -6.145098359e-17  0.01800779535  0.999837864  0.01800682211
28  16  -1.972516602e-16  0.01131434446  0.9999359935  0.01131410306
28  17  -5.244952522e-17  0.002472396315  0.9999969436  0.002472393797
28  18  1.976461973e-16  -0.01517441432  0.9998848708  -0.01517383198
28  19  1.108918868e-16  -0.07806929478  0.9969541401  -0.07799001596
28  20  1.321095217e-17  -0.09608074218  0.9953877953  -0.09593298202
28  21  1.593856161e-16  -0.05143734462  0.9986773914  -0.05141466547
28  22  2.682791259e-17  -0.02284753037  0.9997390065  -0.02284554265
28  23  -1.039209792e-16  -0.01139358231  0.9999350938  -0.0113933358
28  24  4.477248979e-17  -0.006796451551  0.9999769042  -0.006796399228
28  25  -2.697295686e-17  -0.004763241075  0.9999886558  -0.004763223063
28  26  9.260128396e-17  -0.003881369069  0.9999924675  -0.003881359324
28  27  -2.123809494e-16  -0.003668606444  0.9999932707  -0.003668598215
28  28  5.874983729e-17  -0.003954288684  0.9999921818  -0.003954278379
28  29  2.488578409e-16  -0.004635700717  0.9999892552  -0.004635684113
28  30  -1.082069312e-16  -0.005514979304  0.9999847925  -0.005514951347
28  31  -1.041496934e-16  -0.00621606105  0.9999806804  -0.006216021019
28  32  4.122978979e-17  -0.006339357633  0.9999799063  -0.006339315172
28  33  7.540818537e-17  -0.005804073081  0.9999831564  -0.005804040493
28  34  6.782836868e-17  -0.004926422626  0.9999878652  -0.004926402699
28  35  -2.97355801e-16  -0.004115946764  0.9999915295  -0.004115935142
28  36  -2.97355801e-16  -0.004115946764  0.9999915295  -0.004115935142

29  0  2.149791069e-16  -0.004420122248  0.9999902313  -0.004420107855
29  1  -2.793998663e-17  -0.00468209569  0.999989039  -0.004682078584
29  2  3.563196408e-17  -0.00547943903  0.9999849879  -0.005479411611
29  3  1.451200796e-16  -0.007137664819  0.999974527  -0.007137604213
29  4  -7.375678205e-17  -0.01034702444  0.99994647  -0.01034683981
29  5  4.09499511e-17  -0.01643995287  0.999864867  -0.01643921234
29  6  -2.393879263e-16  -0.02634578342  0.9996529699  -0.02634273575
29  7  1.875514849e-16  -0.03242192898  0.9994744553  -0.03241624906
29  8  -3.843408368e-17  -0.02052873059  0.999789293  -0.02052728872
29  9  -5.673693164e-17  -0.005893919462  0.9999826309  -0.005893885338
29  10  2.206264513e-16  0.001154761616  0.9999993333  0.001154761359
29  11  1.816949515e-16  0.005801745144  0.9999831699  0.005801712596
29  12  3.072006198e-17  0.01113981047  0.999937953  0.01113958007
29  13  1.81158703e-16  0.01592151465  0.9998732554  0.01592084198
29  14  1.389121662e-16  0.0179645955  0.999838641  0.01796362924
29  15  4.695574273e-17  0.01818589366  0.9998346412  0.01818489125
29  16  -3.830688607e-16  0.01489366231  0.9998890915  0.01489311169
29  17  -1.698326336e-16  0.008997475682  0.999959523  0.008997354285
29  18  9.551128577e-17  0.003772510378  0.9999928841  0.00377250143
29  19  2.995196331e-17  -0.001808968694  0.9999983638  -0.001808967707
29  20  -4.734878141e-18  -0.0128812537  0.9999170378  -0.01288089748
29  21  -1.160135739e-16  -0.02759693164  0.9996192288  -0.02759342885
29  22  -2.355093058e-16  -0.02949483514  0.9995650589  -0.02949055885
29  23  7.080903027e-17  -0.02104374265  0.9997785886  -0.02104218952
29  24  8.6923506e-17  -0.01332246905  0.9999112572  -0.01332207496
29  25  1.63720484e-16  -0.008785998238  0.9999614034  -0.008785885201
29  26  -3.502557747e-17  -0.006377195166  0.9999796658  -0.00637715194
29  27  -2.985752494e-16  -0.005156447456  0.9999867056  -0.005156424605
29  28  1.47032919e-17  -0.004635700716  0.9999892552  -0.004635684113
29  29  -5.132621699e-17  -0.004562639653  0.9999895912  -0.004562623822
29  30  2.568640003e-16  -0.004755710663  0.9999886916  -0.004755692737
29  31  1.091860899e-16  -0.005020310297  0.9999873983  -0.005020289209
29  32  -3.127982786e-16  -0.005158822929  0.9999866933  -0.005158800046
29  33  1.282261437e-17  -0.005063480542  0.9999871806  -0.005063458905
29  34  -8.166134551e-17  -0.004789136759  0.9999885321  -0.004789118452
29  35  2.658635585e-17  -0.004510589441  0.9999898273  -0.004510574146
29  36  2.658635585e-17  -0.004510589441  0.9999898273  -0.004510574146

30  0  9.188646097e-17  -0.004394369806  0.9999903448  -0.004394355663
30  1  -5.097375959e-17  -0.00495596538  0.9999877192  -0.004955945092
30  2  -1.708254548e-16  -0.0059338945  0.9999823945  -0.005933859677
30  3  1.383556947e-16  -0.007553640738  0.9999714714  -0.007553568906
30  4  -9.259237495e-17  -0.01011472193  0.9999488466  -0.01011454946
30  5  9.985599719e-17  -0.01363396456  0.9999070589  -0.01363354218
30  6  -1.69851317e-16  -0.01643995287  0.999864867  -0.01643921234
30  7  1.385733478e-16  -0.01450895032  0.999894747  -0.01450844128
30  8  -1.338470124e-17  -0.007926267281  0.9999685873  -0.007926184286
30  9  -4.17102362e-17  -0.002138631037  0.9999977131  -0.002138629406
30  10  1.632657687e-17  0.001397078005  0.9999990241  0.00139707755
30  11  -1.055807231e-16  0.004437385324  0.9999901548  0.004437370762
30  12  -5.575688263e-17  0.008489666366  0.999963963  0.008489564385
30  13  -9.900026908e-17  0.01301161538  0.9999153501  0.01301124824
30  14  -6.369425008e-17  0.01557962286  0.9998786401  0.01557899261
30  15  1.720178374e-17  0.01640145634  0.9998654991  0.016400721
30  16  -2.227507848e-16  0.01558797529  0.99987851  0.01558734403
30  17  -2.855373085e-16  0.01160387185  0.9999326758  0.01160361144
30  18  1.226406588e-17  0.006697207147  0.9999775738  0.006697157083
30  19  -3.013301927e-16  0.003046753175  0.9999953587  0.003046748462
30  20  2.034623907e-16  -0.0001257686923  0.9999999921  -0.000125768692
30  21  3.26045486e-17  -0.004783225677  0.9999885604  -0.004783207438
30  22  -2.726062407e-16  -0.01138738304  0.9999351645  -0.01138713694
30  23  9.231594314e-17  -0.01585421432  0.9998743246  -0.01585355015
30  24  9.748055144e-18  -0.01513403358  0.9998854827  -0.01513345587
30  25  3.221869993e-16  -0.01186366153  0.9999296276  -0.01186338324
30  26  4.929797181e-17  -0.00885185319  0.9999608226  -0.008851737592
30  27  -5.909542051e-16  -0.006794002694  0.9999769209  -0.006793950428
30  28  -2.009677446e-16  -0.005514979303  0.9999847925  -0.005514951347
30  29  -2.714690036e-16  -0.004755710663  0.9999886916  -0.004755692737
30  30  2.309961867e-16  -0.004330200383  0.9999906247  -0.00433018685
30  31  -9.950397029e-17  -0.004111438058  0.9999915481  -0.004111426475
30  32  -3.440423483e-17  -0.004009185691  0.9999919632  -0.00400917495
30  33  -2.391768636e-17  -0.003970105274  0.9999921191  -0.003970094845
30  34  -5.769929163e-17  -0.003988392238  0.9999920464  -0.003988381664
30  35  -1.546998999e-16  -0.004105158756  0.9999915738  -0.004105147225
30  36  -1.546998999e-16  -0.004105158756  0.9999915738  -0.004105147225

31  0  2.29581525e-16  -0.00366017113  0.9999933016  -0.003660162957
31  1  -8.177834211e-17  -0.004434075204  0.9999901695  -0.004434060674
31  2  -1.524738733e-16  -0.005476232696  0.9999850055  -0.005476205324
31  3  -3.375808063e-17  -0.006846351536  0.9999765638  -0.006846298052
31  4  -4.402674399e-17  -0.0085318471  0.999963604  -0.008531743591
31  5  1.296587078e-16  -0.01011472193  0.9999488466  -0.01011454946
31  6  -9.085733684e-17  -0.01034702444  0.99994647  -0.01034683981
31  7  -3.432314993e-16  -0.008037751607  0.9999676974  -0.008037665061
31  8  -1.132849816e-16  -0.004255312909  0.9999909462  -0.004255300067
31  9  9.436301128e-17  -0.001054259334  0.9999994443  -0.001054259139
31  10  1.540663713e-16  0.001208463348  0.9999992698  0.001208463054
31  11  3.390870104e-16  0.003422037208  0.9999941448  0.003422030529
31  12  2.566022742e-16  0.006630850682  0.999978016  0.006630802091
31  13  3.528533876e-16  0.01084762456  0.9999411651  0.01084741182
31  14  -1.117909299e-16  0.01391530551  0.9999031837  0.01391485644
31  15  -1.393728151e-18  0.01495243919  0.9998882144  0.01495188203
31  16  1.14498701e-16  0.01519338028  0.9998845828  0.01519279575
31  17  9.016689569e-17  0.01344482993  0.9999096196  0.01344442488
31  18  2.750884702e-16  0.009180845571  0.9999578563  0.009180716599
31  19  -2.439865748e-16  0.005081271141  0.9999870904  0.005081249275
31  20  2.244012718e-16  0.002356250191  0.999997224  0.00235624801
31  21  2.937491148e-16  0.000196491937  0.9999999807  0.0001964919357
31  22  9.471110174e-17  -0.002512847409  0.9999968428  -0.002512844765
31  23  1.819565541e-16  -0.006154011053  0.9999810641  -0.006153972209
31  24  2.619229219e-16  -0.0093808998  0.9999559997  -0.009380762212
31  25  2.582903619e-16  -0.01038828593  0.9999460422  -0.01038809909
31  26  -1.664372095e-16  -0.009390833236  0.9999559064  -0.00939069521
31  27  -2.664238488e-16  -0.007733698077  0.9999700951  -0.007733620985
31  28  3.990740457e-17  -0.00621606105  0.9999806804  -0.006216021019
31  29  -1.197282075e-17  -0.005020310297  0.9999873983  -0.005020289209
31  30  -5.161328401e-17  -0.004111438058  0.9999915481  -0.004111426475
31  31  -1.659896448e-16  -0.003440225131  0.9999940824  -0.003440218345
31  32  -2.914966137e-16  -0.002993123235  0.9999955206  -0.002993118766
31  33  1.215484323e-16  -0.002783602138  0.9999961258  -0.002783598543
31  34  3.366895912e-16  -0.002827192061  0.9999960035  -0.002827188295
31  35  2.594449291e-16  -0.003123619403  0.9999951215  -0.003123614324
31  36  2.594449291e-16  -0.003123619403  0.9999951215  -0.003123614324

32  0  2.304413969e-16  -0.002498331004  0.9999968792  -0.002498328405
32  1  1.736519211e-16  -0.003406629141  0.9999941974  -0.003406622552
32  2  1.442183086e-16  -0.004498038902  0.9999898838  -0.004498023734
32  3  1.284984634e-16  -0.005694871664  0.9999837843  -0.005694840882
32  4  -1.331638328e-16  -0.006846351536  0.9999765638  -0.006846298052
32  5  -3.126261065e-17  -0.007553640738  0.9999714714  -0.007553568906
32  6  -1.229497603e-16  -0.007137664819  0.999974527  -0.007137604213
32  7  -4.413131104e-17  -0.005291875222  0.9999859981  -0.005291850523
32  8  -7.713603895e-19  -0.002795120546  0.9999960937  -0.002795116907
32  9  2.723395649e-16  -0.0006531533248  0.9999997867  -0.0006531532783
32  10  2.756458127e-16  0.0009853252119  0.9999995146  0.0009853250524
32  11  3.871895555e-16  0.002672051026  0.9999964301  0.002672047846
32  12  4.517675517e-16  0.005231775556  0.9999863143  0.005231751689
32  13  1.969551788e-16  0.009100577062  0.99995859  0.009100451443
32  14  -3.60742953e-17  0.01275538995  0.9999186511  0.01275504407
32  15  2.122672348e-16  0.01422720943  0.999898795  0.01422672947
32  16  1.431023849e-16  0.01465659219  0.9998925941  0.01465606745
32  17  -1.305914941e-16  0.01434894358  0.9998970557  0.01434845119
32  18  5.171277246e-17  0.01164504658  0.9999321972  0.01164478339
32  19  -2.265395215e-16  0.007303324706  0.9999733308  0.007303259781
32  20  -2.771977771e-16  0.00391257279  0.9999923459  0.003912562808
32  21  8.819678209e-17  0.001831631364  0.9999983226  0.00183163034
32  22  -5.490018495e-17  0.0002341782403  0.9999999726  0.0002341782382
32  23  -1.086168217e-16  -0.001634444819  0.9999986643  -0.001634444092
32  24  -9.267624058e-18  -0.004026686105  0.9999918929  -0.004026675223
32  25  2.322047236e-16  -0.006315297268  0.9999800586  -0.006315255289
32  26  -1.357587657e-17  -0.007477083767  0.9999720467  -0.007477014098
32  27  -5.380332767e-17  -0.007294471761  0.9999733955  -0.007294407072
32  28  -1.727270416e-16  -0.006339357633  0.9999799063  -0.006339315172
32  29  1.195959037e-16  -0.005158822929  0.9999866933  -0.005158800046
32  30  4.838582229e-17  -0.004009185691  0.9999919632  -0.00400917495
32  31  1.937309226e-16  -0.002993123235  0.9999955206  -0.002993118766
32  32  2.397790992e-16  -0.002189648333  0.9999976027  -0.002189646583
32  33  -1.32456124e-16  -0.001690321613  0.9999985714  -0.001690320808
32  34  1.622043561e-16  -0.001572645589  0.9999987634  -0.00157264494
32  35  -2.045158066e-16  -0.001857918626  0.9999982741  -0.001857917557
32  36  -2.045158066e-16  -0.001857918626  0.9999982741  -0.001857917557

33  0  2.366601309e-16  -0.00119578556  0.999999285  -0.001195785275
33  1  1.862325512e-16  -0.002164802818  0.9999976568  -0.002164801127
33  2  -1.601155812e-16  -0.003323958802  0.9999944757  -0.003323952681
33  3  -1.491765581e-17  -0.004498038902  0.9999898838  -0.004498023734
33  4  -2.102581814e-16  -0.005476232696  0.9999850055  -0.005476205324
33  5  1.061381103e-16  -0.0059338945  0.9999823945  -0.005933859677
33  6  -3.52559627e-16  -0.00547943903  0.9999849879  -0.005479411611
33  7  9.752144703e-17  -0.004044058843  0.9999918228  -0.00404404782
33  8  -2.733235925e-16  -0.002178829836  0.9999976264  -0.002178828113
33  9  2.061794789e-17  -0.0005333595679  0.9999998578  -0.0005333595426
33  10  -1.847467415e-16  0.0007661865683  0.9999997065  0.0007661864934
33  11  -6.013117823e-18  0.002088128469  0.9999978199  0.002088126952
33  12  3.134825937e-16  0.004095209783  0.9999916146  0.004095198337
33  13  2.264246896e-16  0.00745954365  0.9999721777  0.00745947447
33  14  -2.622783395e-16  0.01155003486  0.9999332991  0.01154977806
33  15  -1.235952392e-17  0.01386647717  0.9999038619  0.0138660328
33  16  1.752929485e-17  0.01441794002  0.9998960633  0.0144174405
33  17  -1.4742232e-16  0.01455907039  0.9998940186  0.01455855606
33  18  -1.246739794e-16  0.013471049  0.9999092668  0.01347064158
33  19  -8.960630608e-17  0.009843300692  0.9999515551  0.009843141739
33  20  -1.044126425e-16  0.005725448569  0.9999836097  0.005725417288
33  21  2.328684989e-17  0.003016808883  0.9999954494  0.003016804307
33  22  8.765713597e-17  0.001419046698  0.9999989932  0.001419046222
33  23  -7.82252059e-17  0.0001633789833  0.9999999867  0.0001633789826
33  24  1.159323322e-16  -0.001293612623  0.9999991633  -0.001293612262
33  25  -4.317739941e-18  -0.003099625553  0.9999951962  -0.003099620589
33  26  2.381771508e-16  -0.004835645383  0.9999883083  -0.004835626538
33  27  5.302305835e-17  -0.005819689588  0.9999830657  -0.005819656737
33  28  -2.303460468e-16  -0.005804073081  0.9999831564  -0.005804040493
33  29  3.811967334e-17  -0.005063480542  0.9999871806  -0.005063458905
33  30  1.92505363e-16  -0.003970105274  0.9999921191  -0.003970094845
33  31  1.871412013e-16  -0.002783602138  0.9999961258  -0.002783598543
33  32  5.637175814e-17  -0.001690321613  0.9999985714  -0.001690320808
33  33  -2.245083911e-16  -0.0008653822011  0.9999996256  -0.0008653820931
33  34  1.097848758e-16  -0.0004682832819  0.9999998904  -0.0004682832648
33  35  -1.433119847e-16  -0.000587536785  0.9999998274  -0.0005875367512
33  36  -1.433119847e-16  -0.000587536785  0.9999998274  -0.0005875367512

34  0  -2.029938788e-16  -2.88608611e-05  0.9999999996  -2.886086109e-05
34  1  2.997442635e-16  -0.0009588560317  0.9999995403  -0.0009588558848
34  2  2.786386468e-17  -0.002164802818  0.9999976568  -0.002164801127
34  3  1.036218433e-16  -0.003406629141  0.9999941974  -0.003406622552
34  4  -1.792650917e-16  -0.004434075204  0.9999901695  -0.004434060674
34  5  -2.416530728e-16  -0.00495596538  0.9999877192  -0.004955945092
34  6  -1.230661581e-16  -0.00468209569  0.999989039  -0.004682078584
34  7  2.193204534e-16  -0.003571939277  0.9999936206  -0.003571931682
34  8  1.819298695e-16  -0.002036006296  0.9999979273  -0.002036004889
34  9  1.236376096e-16  -0.0006106575199  0.9999998135  -0.000610657482
34  10  3.544835067e-16  0.000525601939  0.9999998619  0.0005256019148
34  11  -1.001066391e-16  0.001607256437  0.9999987084  0.001607255745
34  12  2.88080258e-16  0.003154770279  0.9999950237  0.003154765046
34  13  2.413684577e-16  0.005883778744  0.9999826906  0.005883744796
34  14  -3.182296944e-16  0.009963577817  0.999950364  0.009963412966
34  15  -5.351885125e-17  0.01334979815  0.9999108928  0.01334940162
34  16  2.752033179e-16  0.01437970398  0.9998966138  0.01437920843
34  17  2.100265777e-16  0.01458920555  0.9998935794  0.01458868802
34  18  1.061397181e-16  0.01434216236  0.999897153  0.01434167067
34  19  -2.080762229e-16  0.01216634463  0.9999259909  0.01216604449
34  20  1.122131217e-16  0.007944040032  0.9999684463  0.007943956477
34  21  -1.206034371e-16  0.004383994917  0.9999903903  0.004383980874
34  22  1.070887428e-16  0.002305855422  0.9999973415  0.002305853379
34  23  5.875053101e-17  0.001061026157  0.9999994371  0.001061025958
34  24  1.591937419e-16  -3.383595155e-06  1  -3.383595155e-06
34  25  -7.339971942e-19  -0.001278766624  0.9999991824  -0.001278766275
34  26  8.595407679e-17  -0.002808806741  0.9999960553  -0.002808803048
34  27  -1.564155711e-16  -0.004203224017  0.9999911665  -0.004203211641
34  28  4.759954815e-17  -0.004926422626  0.9999878652  -0.004926402699
34  29  3.971058548e-18  -0.004789136759  0.9999885321  -0.004789118452
34  30  -2.977862026e-16  -0.003988392238  0.9999920464  -0.003988381664
34  31  -1.875024286e-16  -0.002827192061  0.9999960035  -0.002827188295
34  32  -7.633954786e-17  -0.001572645588  0.9999987634  -0.00157264494
34  33  -1.072816732e-16  -0.0004682832819  0.9999998904  -0.0004682832648
34  34  3.232505564e-17  0.0002519696468  0.9999999683  0.0002519696442
34  35  2.434337814e-18  0.000412511861  0.9999999149  0.0004125118493
34  36  2.434337814e-18  0.000412511861  0.9999999149  0.0004125118493

35  0  2.542058795e-17  0.0007353039065  0.9999997297  0.0007353038402
35  1  -2.02660642e-16  -2.886086111e-05  0.9999999996  -2.88608611e-05
35  2  -9.009219632e-17  -0.00119578556  0.999999285  -0.001195785275
35  3  -1.634696809e-17  -0.002498331004  0.9999968792  -0.002498328405
35  4  2.592330857e-16  -0.00366017113  0.9999933016  -0.003660162957
35  5  1.326237059e-16  -0.004394369806  0.9999903448  -0.004394355663
35  6  -1.952453567e-16  -0.004420122248  0.9999902313  -0.004420107855
35  7  -8.394851904e-17  -0.003627724165  0.9999934198  -0.003627716208
35  8  -4.870013513e-18  -0.00229170503  0.999997374  -0.002291703024
35  9  2.506465835e-16  -0.0009183548598  0.9999995783  -0.0009183547307
35  10  1.581073764e-16  0.0002026807573  0.9999999795  0.0002026807559
35  11  7.517375561e-17  0.001170818674  0.9999993146  0.001170818406
35  12  -2.213222963e-16  0.002378872566  0.9999971705  0.002378870323
35  13  8.747458325e-17  0.004464770862  0.9999900329  0.004464756028
35  14  6.140573683e-17  0.008042427958  0.9999676599  0.00804234126
35  15  1.784972205e-16  0.01220028373  0.9999255775  0.01219998107
35  16  2.744146522e-16  0.01426728341  0.999898224  0.01426679938
35  17  -7.945209602e-17  0.01461610373  0.9998931867  0.01461558333
35  18  1.234505891e-16  0.0145857623  0.9998936297  0.01458524513
35  19  2.851102306e-16  0.01366698052  0.9999066083  0.01366655505
35  20  1.277036367e-16  0.01027984914  0.9999471628  0.01027966809
35  21  2.48633561e-16  0.006088589003  0.9999814646  0.006088551385
35  22  2.550550383e-16  0.003276579536  0.999994632  0.003276573673
35  23  -2.388813677e-17  0.001716881492  0.9999985262  0.001716880648
35  24  2.731013301e-16  0.0006910449862  0.9999997612  0.0006910449312
35  25  -1.996824336e-17  -0.0003212033598  0.9999999484  -0.0003212033543
35  26  -1.012451167e-16  -0.001579278646  0.9999987529  -0.001579277989
35  27  4.048734231e-18  -0.00299245596  0.9999955226  -0.002992451494
35  28  2.155362057e-16  -0.004115946764  0.9999915295  -0.004115935142
35  29  2.245496765e-17  -0.004510589441  0.9999898273  -0.004510574146
35  30  7.771143992e-17  -0.004105158756  0.9999915738  -0.004105147225
35  31  -2.363378296e-17  -0.003123619403  0.9999951215  -0.003123614324
35  32  -1.532012781e-17  -0.001857918626  0.9999982741  -0.001857917557
35  33  -2.566662292e-16  -0.000587536785  0.9999998274  -0.0005875367512
35  34  2.277305829e-16  0.000412511861  0.9999999149  0.0004125118493
35  35  5.325497847e-17  0.0008975537377  0.9999995972  0.0008975536172
35  36  5.325497847e-17  0.0008975537377  0.9999995972  0.0008975536172

36  0  2.542058795e-17  0.0007353039065  0.9999995972  0.0008975536172
36  1  2.997442635e-16  -0.0009588560317  0.9999995972  0.0008975536172
36  2  -1.601155812e-16  -0.003323958802  0.9999995972  0.0008975536172
36  3  1.284984634e-16  -0.005694871664  0.9999995972  0.0008975536172
36  4  -4.402674399e-17  -0.0085318471  0.9999995972  0.0008975536172
36  5  9.985599719e-17  -0.01363396456  0.9999995972  0.0008975536172
36  6  -2.393879263e-16  -0.02634578342  0.9999995972  0.0008975536172
36  7  2.787413722e-16  -0.08399692172  0.9999995972  0.0008975536172
36  8  1.044105494e-16  -1.449886231  0.9999995972  0.0008975536172
36  9  -2.024661782e-16  -0.269085906  0.9999995972  0.0008975536172
36  10  7.50276473e-17  -0.0311880639  0.9999995972  0.0008975536172
36  11  -6.788077899e-18  -0.1918698958  0.9999995972  0.0008975536172
36  12  1.099862381e-16  -0.2209481166  0.9999995972  0.0008975536172
36  13  3.947593109e-16  0.006084029608  0.9999995972  0.0008975536172
36  14  1.159916308e-16  0.01993041547  0.9999995972  0.0008975536172
36  15  -3.081210265e-16  0.01618672245  0.9999995972  0.0008975536172
36  16  -7.231451424e-17  0.01500220439  0.9999995972  0.0008975536172
36  17  -1.711609186e-16  0.0151076142  0.9999995972  0.0008975536172
36  18  -1.343382273e-16  0.0151076142  0.9999995972  0.0008975536172
36  19  9.71664096e-17  0.01500220439  0.9999995972  0.0008975536172
36  20  1.489562353e-16  0.01618672245  0.9999995972  0.0008975536172
36  21  -3.518196112e-16  0.01993041547  0.9999995972  0.0008975536172
36  22  -3.440750173e-16  0.006084029608  0.9999995972  0.0008975536172
36  23  3.794992755e-16  -0.2209481166  0.9999995972  0.0008975536172
36  24  -2.588852959e-16  -0.1918698958  0.9999995972  0.0008975536172
36  25  -7.324878274e-17  -0.0311880639  0.9999995972  0.0008975536172
36  26  -4.669269543e-16  -0.269085906  0.9999995972  0.0008975536172
36  27  5.940445463e-17  -1.449886231  0.9999995972  0.0008975536172
36  28  -7.366831451e-17  -0.08399692172  0.9999995972  0.0008975536172
36  29  1.05280851e-16  -0.02634578342  0.9999995972  0.0008975536172
36  30  1.996800668e-16  -0.01363396456  0.9999995972  0.0008975536172
36  31  5.901420133e-17  -0.0085318471  0.9999995972  0.0008975536172
36  32  1.509429023e-16  -0.005694871664  0.9999995972  0.0008975536172
36  33  -5.09736533e-17  -0.003323958802  0.9999995972  0.0008975536172
36  34  -3.243758863e-17  -0.0009588560317  0.9999995972  0.0008975536172
36  35  -2.974724519e-16  0.0007353039065  0.9999995972  0.0008975536172
36  36  -2.974724519e-16  0.0007353039065  0.9999995972  0.0008975536172

#Chern no*2pi*Iota= 8.76968367e-15  -18.84955592
