#nx  ny  tilde_F(nx,ny).real()  tilde_F(nx,ny).imag()  ArgofLog.real()  ArgofLog.imag()
#Extra momentum point for pm3d corners2color c1
0  0  -1.298330457e-16  0.6691040502  0.7843777235  0.6202834731
0  1  -1.618399044e-16  0.05635176394  0.9984126595  0.05632194431
0  2  1.243863735e-17  0.001565600424  0.9999987744  0.001565599784
0  3  -1.592506233e-16  -0.8060013922  0.6923890534  -0.7215243576
0  4  7.42533997e-17  -0.04759518429  0.998867563  -0.04757721675
0  5  2.131481523e-16  0.005856507787  0.9999828507  0.005856474309
0  6  1.030684187e-16  -0.07400129334  0.9972631536  -0.07393377096
0  7  2.597995383e-16  -0.01701053107  0.9998553244  -0.01700971072
0  8  7.742100719e-17  -0.2024705536  0.9795727641  -0.201090029
0  9  1.369720343e-16  -0.9830906774  0.554453091  -0.8322149781
0  10  2.407236534e-16  -0.01169280068  0.99993164  -0.01169253424
0  11  1.870779428e-17  0.002787132181  0.9999961159  0.002787128572
0  12  2.053402148e-18  0.1876738657  0.9824408891  0.1865741124
0  13  -1.488018342e-16  0.4287870156  0.9094707386  0.4157679348
0  14  -1.147404421e-16  0.01495670198  0.9998881506  0.01495614434
0  15  -1.090214515e-16  0.005788970435  0.999983244  0.005788938102
0  16  -1.970330756e-16  0.004165230182  0.9999913254  0.004165218138
0  17  -1.598738745e-16  0.003617847761  0.9999934556  0.003617839869
0  18  -1.963963069e-16  0.003527637644  0.9999937779  0.003527630327
0  19  -2.702182156e-16  0.003828789021  0.9999926702  0.003828779666
0  20  1.685909504e-17  0.004769352049  0.9999886267  0.004769333968
0  21  -4.045724231e-16  0.008021589566  0.9999678272  0.008021503541
0  22  1.975460758e-16  0.05945810745  0.9982328874  0.05942308026
0  23  5.623848157e-17  0.5588485303  0.847866194  0.5302102574
0  24  1.213016486e-17  0.01020093107  0.999947971  0.01020075415
0  25  1.189554851e-16  -0.0005944704987  0.9999998233  -0.0005944704636
0  26  -7.104998976e-17  -0.363680505  0.9345939406  -0.3557164125
0  27  3.668599543e-17  -0.8153838225  0.6855890255  -0.7279887967
0  28  1.080922461e-16  -0.02557531499  0.9996729695  -0.02557252696
0  29  2.064561443e-16  -0.07262366596  0.9973640604  -0.07255984421
0  30  -6.015275733e-17  -0.005853495588  0.9999828683  -0.005853462161
0  31  -1.045704235e-16  -0.001810536148  0.999998361  -0.001810535159
0  32  3.527987833e-16  -0.7151794533  0.7549755763  -0.6557529101
0  33  1.106446775e-16  -0.1376966649  0.9905347838  -0.1372619473
0  34  -2.624425322e-16  0.0215674917  0.9997674307  0.0215658197
0  35  -8.122834442e-17  0.3740384454  0.9308593827  0.365377626
0  36  -8.122834442e-17  0.3740384454  0.9308593827  0.365377626

1  0  -4.073097741e-17  0.05635176394  0.9984126595  0.05632194431
1  1  -2.628553967e-16  0.03373068742  0.9994311743  0.03372429155
1  2  1.641786445e-16  0.006454180904  0.9999791718  0.006454136094
1  3  -2.637270901e-17  -0.2305873917  0.9735323149  -0.2285494077
1  4  -2.737409444e-16  -0.09745644704  0.9952548779  -0.09730225064
1  5  3.213498472e-16  0.003472685008  0.9999939702  0.003472678028
1  6  2.551608501e-17  0.05249846657  0.998622272  0.05247435482
1  7  1.654393905e-16  -0.01163409778  0.9999323246  -0.01163383534
1  8  2.661679783e-17  -0.02309526862  0.9997333161  -0.02309321553
1  9  2.044177647e-16  -0.1295269739  0.9916231031  -0.1291650935
1  10  2.236802813e-16  -0.02553714204  0.9996739449  -0.02553436647
1  11  -9.296589688e-17  0.001447334875  0.9999989526  0.001447334369
1  12  -1.797974916e-16  0.008683102556  0.9999623021  0.008682993444
1  13  -9.049715057e-17  0.2374083775  0.9719507477  0.2351844896
1  14  -8.66776463e-18  0.09090539763  0.995870949  0.09078024548
1  15  -1.457174615e-16  0.007414169672  0.9999725152  0.007414101747
1  16  -3.898949669e-17  0.003839688432  0.9999926284  0.003839678997
1  17  -1.391275122e-16  0.003020933003  0.999995437  0.003020928408
1  18  -1.595915097e-16  0.002782398244  0.9999961291  0.002782394654
1  19  2.342403485e-16  0.002872539585  0.9999958743  0.002872535634
1  20  1.133507637e-16  0.003367238403  0.9999943309  0.00336723204
1  21  -2.07053913e-16  0.004967320764  0.9999876629  0.004967300337
1  22  1.334443382e-16  0.01630676574  0.9998670476  0.01630604306
1  23  1.068872794e-16  0.2885935289  0.9586451111  0.2846042004
1  24  -4.407706283e-17  0.0343044576  0.9994116598  0.03429772977
1  25  2.452869301e-16  0.003178699491  0.9999949479  0.003178694138
1  26  -5.568449056e-17  -0.006488485048  0.9999789499  -0.00648843952
1  27  1.355076639e-16  -0.1125027136  0.9936782417  -0.1122655418
1  28  -1.866152016e-16  -0.05261012904  0.9986164063  -0.05258586312
1  29  -1.423571489e-16  -0.01290739509  0.9999167007  -0.0129070367
1  30  1.577708962e-17  -0.01401551889  0.9999017842  -0.01401506004
1  31  -1.325626799e-16  0.06378445923  0.997966461  0.06374121731
1  32  2.646479561e-16  -0.01876615378  0.9998239209  -0.01876505232
1  33  -6.597091346e-19  -0.2750770184  0.9624042807  -0.2716210606
1  34  -1.402811449e-16  -0.03133702509  0.9995090356  -0.03133189646
1  35  -2.82839545e-17  0.0215674917  0.9997674307  0.0215658197
1  36  -2.82839545e-17  0.0215674917  0.9997674307  0.0215658197

2  0  3.582457448e-16  0.001565600424  0.9999987744  0.001565599784
2  1  -5.277354719e-17  0.006454180904  0.9999791718  0.006454136094
2  2  -8.820670297e-17  -0.006273095136  0.9999803242  -0.006273053993
2  3  -1.875840163e-17  -0.3320584511  0.945373313  -0.3259897224
2  4  -1.25792672e-16  -0.09999813581  0.9950043514  -0.09983156177
2  5  8.057320523e-17  0.002832345239  0.9999959889  0.002832341452
2  6  1.500832249e-16  0.4662005234  0.8932825795  0.4494955318
2  7  3.252932899e-16  0.008688257315  0.9999622573  0.008688148009
2  8  2.488992661e-16  -0.01070039802  0.9999427513  -0.01070019383
2  9  1.104592702e-16  -0.03211401943  0.9994843892  -0.03210849979
2  10  9.586405718e-17  -0.0183143242  0.9998322975  -0.01831330041
2  11  -1.485490411e-17  0.001982747688  0.9999980344  0.001982746389
2  12  -4.092448948e-17  0.004467419356  0.9999900211  0.004467404496
2  13  2.517853598e-16  0.01412286345  0.999900274  0.01412239397
2  14  -1.930856953e-17  0.08723877648  0.9961971107  0.08712816195
2  15  -5.368154276e-17  0.01735894756  0.9998493373  0.01735807577
2  16  5.105317407e-17  0.002821497721  0.9999960196  0.002821493977
2  17  -5.440400448e-18  0.00176708027  0.9999984387  0.001767079351
2  18  -3.862996691e-17  0.001513789927  0.9999988542  0.001513789349
2  19  -1.586871552e-16  0.001488486402  0.9999988922  0.001488485853
2  20  3.258078809e-16  0.001660891563  0.9999986207  0.0016608908
2  21  5.891338608e-17  0.002269954926  0.9999974237  0.002269952977
2  22  8.695168035e-17  0.005816106058  0.9999830865  0.005816073268
2  23  3.765446438e-17  0.07506152006  0.9971842065  0.07499105425
2  24  -3.668982806e-17  0.03627108415  0.9993422763  0.03626313168
2  25  8.924427204e-17  0.004963379198  0.9999876825  0.004963358819
2  26  2.161386133e-16  0.003413344008  0.9999941745  0.00341333738
2  27  -7.592292646e-18  -0.007110840144  0.9999747181  -0.007110780219
2  28  -2.185914031e-16  -0.03286375131  0.9994600355  -0.03285783601
2  29  -1.68816271e-16  -0.01684371974  0.9998581479  -0.01684292329
2  30  4.05511385e-16  -0.007144311368  0.9999744795  -0.007144250593
2  31  1.242216425e-17  0.2951485164  0.9567589521  0.2908819477
2  32  3.185330669e-17  0.1851396771  0.9829105479  0.1840838254
2  33  -3.440224331e-16  -0.02152394086  0.9997683689  -0.02152227896
2  34  -7.967255805e-17  -0.2750770184  0.9624042807  -0.2716210606
2  35  1.59370541e-17  -0.1376966649  0.9905347838  -0.1372619473
2  36  1.59370541e-17  -0.1376966649  0.9905347838  -0.1372619473

3  0  -4.313703877e-17  -0.8060013922  0.6923890534  -0.7215243576
3  1  4.421173202e-17  -0.2305873917  0.9735323149  -0.2285494077
3  2  -8.895005768e-17  -0.3320584511  0.945373313  -0.3259897224
3  3  -2.882594309e-16  -1.34288255  0.2259457438  -0.9741398877
3  4  -4.511047687e-16  -0.06361594088  0.9979771884  -0.06357304073
3  5  -1.234189591e-16  0.003048443554  0.9999953535  0.003048438833
3  6  -1.361325612e-17  1.288072185  0.2789726712  0.9602990413
3  7  4.619063763e-17  0.03253320364  0.999470842  0.03252746503
3  8  1.748504505e-16  -0.007534076943  0.999971619  -0.007534005668
3  9  -1.681133904e-16  -0.01493917689  0.9998884126  -0.01493862121
3  10  9.835888968e-17  -0.009464515511  0.9999552118  -0.009464374211
3  11  1.577814598e-16  0.004316931024  0.9999906821  0.004316917616
3  12  6.123625941e-17  0.006588287473  0.9999782973  0.006588239811
3  13  2.298624654e-16  0.005735612615  0.9999835514  0.005735581168
3  14  3.127694482e-16  0.01005764437  0.9999494223  0.0100574748
3  15  -1.552718649e-16  0.01012838241  0.9999487084  0.01012820924
3  16  -3.498471395e-16  -0.003248966749  0.9999947221  -0.003248961033
3  17  2.345489317e-16  -0.0008095749548  0.9999996723  -0.0008095748664
3  18  1.718237269e-16  -0.0003050329127  0.9999999535  -0.000305032908
3  19  3.320858166e-16  -0.0001867907027  0.9999999826  -0.0001867907016
3  20  3.253047304e-16  -0.0001729850017  0.999999985  -0.0001729850009
3  21  1.108816516e-16  -0.0002516113556  0.9999999683  -0.000251611353
3  22  1.67921842e-16  -0.0005267829277  0.9999998612  -0.0005267829033
3  23  2.582625385e-17  0.003301974397  0.9999945485  0.003301968396
3  24  -9.90175115e-17  0.01061664831  0.9999436439  0.01061644888
3  25  2.800634389e-16  0.005220128597  0.9999863752  0.005220104889
3  26  -2.183646814e-17  0.005889195477  0.9999826587  0.005889161435
3  27  -4.819441171e-17  0.005913419846  0.9999825158  0.005913385382
3  28  -8.570075162e-17  -0.002553739724  0.9999967392  -0.002553736948
3  29  4.314716826e-17  -0.01447777151  0.9998951989  -0.01447726574
3  30  -4.031462387e-17  -0.01008688424  0.9999491278  -0.01008671319
3  31  -1.837199653e-16  -0.002034001313  0.9999979314  -0.00203399991
3  32  2.666986657e-16  1.136537305  0.4207383152  0.9071820491
3  33  -1.075056181e-16  0.1851396771  0.9829105479  0.1840838254
3  34  -1.03130934e-16  -0.01876615378  0.9998239209  -0.01876505232
3  35  1.540859023e-17  -0.7151794533  0.7549755763  -0.6557529101
3  36  1.540859023e-17  -0.7151794533  0.7549755763  -0.6557529101

4  0  1.309847159e-16  -0.04759518429  0.998867563  -0.04757721675
4  1  -3.577239453e-16  -0.09745644704  0.9952548779  -0.09730225064
4  2  -7.903361569e-17  -0.09999813581  0.9950043514  -0.09983156177
4  3  2.376913599e-16  -0.06361594088  0.9979771884  -0.06357304073
4  4  -1.431591704e-16  -0.007714011608  0.9999702472  -0.007713935103
4  5  -1.428085438e-17  0.00440754605  0.9999902868  0.00440753178
4  6  -5.691200683e-17  0.3444210641  0.9412710891  0.3376517982
4  7  -2.065276276e-17  0.013016077  0.9999152921  0.01301570948
4  8  9.68622295e-17  -0.006980931752  0.9999756334  -0.006980875052
4  9  2.660929269e-16  -0.0111633177  0.9999376908  -0.01116308584
4  10  1.418807478e-16  -0.005784698419  0.9999832687  -0.005784666157
4  11  -1.261680664e-16  0.006796819109  0.9999769017  0.006796766777
4  12  -1.823914314e-16  0.0106670088  0.999943108  0.01066680651
4  13  6.826883903e-17  0.009003755915  0.9999594665  0.009003634263
4  14  2.767432509e-16  0.006632902702  0.9999780024  0.006632854066
4  15  1.15997743e-17  0.003908686695  0.9999923611  0.003908676743
4  16  1.245728265e-16  -0.01474613054  0.9998912778  -0.01474559612
4  17  2.34093302e-16  -0.01005107668  0.9999494884  -0.01005090745
4  18  -1.916038252e-16  -0.003397326957  0.9999942291  -0.003397320422
4  19  6.415040439e-17  -0.002132643039  0.9999977259  -0.002132641422
4  20  -1.929377638e-16  -0.001935428256  0.9999981271  -0.001935427047
4  21  -1.79789752e-16  -0.002339269523  0.9999972639  -0.00233926739
4  22  -4.87336568e-17  -0.004398638659  0.999990326  -0.004398624475
4  23  -2.751074864e-16  -0.01469423406  0.9998920417  -0.01469370527
4  24  -2.144192109e-17  -0.006148412638  0.9999810986  -0.0061483739
4  25  8.241495373e-17  0.004912265283  0.9999879348  0.004912245527
4  26  -2.849563338e-16  0.007511536035  0.9999717885  0.007511465398
4  27  1.105766759e-16  0.009980593805  0.9999501943  0.009980428108
4  28  4.671112309e-18  0.009474976544  0.9999551127  0.009474834775
4  29  5.579033958e-17  0.0004235432483  0.9999999103  0.0004235432357
4  30  3.55824852e-17  -0.009802412849  0.9999519567  -0.009802255868
4  31  -1.102832838e-16  -0.008708143415  0.9999620844  -0.008708033357
4  32  1.408498e-16  -0.002034001313  0.9999979314  -0.00203399991
4  33  7.735883827e-17  0.2951485164  0.9567589521  0.2908819477
4  34  9.755626045e-17  0.06378445923  0.997966461  0.0637412173
4  35  -2.510997073e-16  -0.001810536148  0.999998361  -0.001810535159
4  36  -2.510997073e-16  -0.001810536148  0.999998361  -0.001810535159

5  0  -6.147305636e-18  0.005856507787  0.9999828507  0.005856474308
5  1  -1.914295424e-16  0.003472685008  0.9999939702  0.003472678028
5  2  1.667731936e-16  0.002832345239  0.9999959889  0.002832341452
5  3  -1.064418912e-17  0.003048443554  0.9999953535  0.003048438833
5  4  -4.623499005e-18  0.00440754605  0.9999902868  0.00440753178
5  5  1.936749499e-16  0.007620076262  0.9999709674  0.007620002518
5  6  3.327657352e-18  -0.01858844997  0.9998272397  -0.01858737951
5  7  -3.399196841e-17  -0.008553180405  0.9999634218  -0.008553076118
5  8  -8.16535047e-17  -0.00831656731  0.9999654176  -0.008316471441
5  9  1.08999505e-16  -0.01198891333  0.9999281338  -0.01198862613
5  10  4.023486923e-16  -0.005246102552  0.9999862392  -0.005246078488
5  11  -2.90954338e-18  0.008124075847  0.9999669999  0.008123986482
5  12  1.599919295e-16  0.01493848173  0.999888423  0.01493792613
5  13  -1.096847099e-17  0.01493529217  0.9998884706  0.01493473692
5  14  -1.405453917e-16  0.01167510617  0.9999318467  0.01167484094
5  15  -3.147363419e-16  0.00801614224  0.9999678709  0.008016056389
5  16  4.622664332e-17  0.0006485992124  0.9999997897  0.0006485991669
5  17  -1.244119679e-16  -0.01945366753  0.9998107834  -0.01945244053
5  18  -3.928865924e-16  -0.01143219902  0.9999346531  -0.01143195
5  19  -5.868789303e-16  -0.004916594418  0.9999879136  -0.00491657461
5  20  7.850164693e-17  -0.003604671615  0.9999935032  -0.003604663809
5  21  2.456340204e-16  -0.003843238378  0.9999926148  -0.003843228917
5  22  1.402591435e-16  -0.00624353905  0.9999805092  -0.006243498486
5  23  -8.135881048e-17  -0.01689959178  0.9998572053  -0.01689878738
5  24  -9.171520297e-17  -0.0118016751  0.999930361  -0.01180140115
5  25  -6.598930566e-17  0.005095693744  0.999987017  0.005095671692
5  26  2.424415408e-16  0.009568633791  0.999954221  0.009568487776
5  27  3.397579653e-16  0.01342041851  0.9999099475  0.01342001566
5  28  -2.771859158e-16  0.01555267265  0.9998790596  0.01555204566
5  29  -1.896655461e-16  0.01218572149  0.999925755  0.01218541991
5  30  -6.261583601e-17  0.001302300138  0.999999152  0.00130229977
5  31  -1.818193582e-16  -0.009802412849  0.9999519567  -0.009802255868
5  32  -2.799017607e-16  -0.01008688424  0.9999491278  -0.01008671319
5  33  1.447761462e-16  -0.007144311369  0.9999744795  -0.007144250593
5  34  5.534762567e-17  -0.01401551889  0.9999017842  -0.01401506004
5  35  3.590850766e-16  -0.00585349558  0.9999828683  -0.005853462153
5  36  3.590850766e-16  -0.00585349558  0.9999828683  -0.005853462153

6  0  2.626911885e-16  -0.07400129335  0.9972631536  -0.07393377096
6  1  2.463683914e-16  0.05249846657  0.998622272  0.05247435482
6  2  -2.709500527e-17  0.4662005234  0.8932825795  0.4494955318
6  3  1.23654495e-16  1.288072185  0.2789726712  0.9602990413
6  4  -7.616703272e-17  0.3444210641  0.9412710891  0.3376517982
6  5  7.282273646e-17  -0.01858844998  0.9998272397  -0.01858737952
6  6  -2.023400887e-16  -0.1286755193  0.9917327219  -0.1283207247
6  7  -4.292057863e-17  -0.01482940149  0.9998900464  -0.01482885797
6  8  5.245133128e-18  -0.01338256437  0.9999104548  -0.01338216491
6  9  1.668329278e-16  -0.01931218167  0.9998135256  -0.01931098125
6  10  -1.300072631e-16  -0.007509793527  0.9999718016  -0.007509722939
6  11  -3.657979775e-17  0.007783914825  0.9999697055  0.007783836222
6  12  2.085294647e-16  0.01625862893  0.9998678314  0.01625791263
6  13  3.383924881e-16  0.01997550352  0.9998004963  0.01997417511
6  14  1.650319419e-16  0.01933323586  0.9998131188  0.0193320315
6  15  8.989692314e-17  0.01549804606  0.9998799077  0.01549742565
6  16  3.131000454e-17  0.01066487697  0.9999431307  0.0106646748
6  17  4.375151412e-17  0.0006731465981  0.9999997734  0.0006731465473
6  18  -6.125574383e-17  -0.01708739542  0.999854014  -0.0170865639
6  19  -1.086494427e-16  -0.01064364513  0.9999433569  -0.01064344417
6  20  2.073289252e-16  -0.005695294324  0.9999837819  -0.005695263535
6  21  -1.02286286e-17  -0.004963621093  0.9999876813  -0.004963600712
6  22  6.420853814e-18  -0.006806786963  0.9999768339  -0.006806734401
6  23  8.430339742e-17  -0.01455141056  0.9998941301  -0.01455089703
6  24  -1.930768595e-16  -0.01103111614  0.9999391579  -0.01103089242
6  25  -8.1548731e-17  0.006635560033  0.9999779848  0.006635511338
6  26  3.339706858e-17  0.0128728413  0.9999171461  0.01287248578
6  27  -1.572205918e-17  0.01773622631  0.9998427173  0.01773529643
6  28  1.223205095e-16  0.02036488769  0.9997926428  0.02036348007
6  29  7.120687816e-18  0.01860837647  0.9998268692  0.01860730256
6  30  3.278086936e-17  0.01218572149  0.999925755  0.01218541991
6  31  -2.118427969e-16  0.0004235432482  0.9999999103  0.0004235432356
6  32  -1.640149849e-17  -0.01447777151  0.9998951989  -0.01447726574
6  33  -1.165363343e-16  -0.01684371974  0.9998581479  -0.01684292329
6  34  -2.178384041e-16  -0.01290739509  0.9999167007  -0.0129070367
6  35  -3.713497346e-16  -0.07262366596  0.9973640604  -0.07255984421
6  36  -3.713497346e-16  -0.07262366596  0.9973640604  -0.07255984421

7  0  1.26473569e-16  -0.01701053107  0.9998553244  -0.01700971072
7  1  8.772173649e-17  -0.01163409778  0.9999323246  -0.01163383534
7  2  5.164141816e-17  0.008688257315  0.9999622573  0.008688148009
7  3  -3.091722217e-17  0.03253320364  0.999470842  0.03252746503
7  4  -1.755809542e-16  0.013016077  0.9999152921  0.01301570948
7  5  2.763009746e-16  -0.008553180405  0.9999634218  -0.008553076118
7  6  1.282950341e-16  -0.01482940149  0.9998900464  -0.01482885797
7  7  -3.010617661e-17  -0.01744924948  0.9998477657  -0.01744836401
7  8  -2.012545205e-16  -0.03358205894  0.9994361756  -0.03357574724
7  9  -1.518558649e-16  -0.05816772448  0.9983087349  -0.05813492843
7  10  -1.299969626e-16  -0.01504865756  0.9998867711  -0.01504808957
7  11  1.449426279e-17  0.00577425812  0.999983329  0.005774226033
7  12  2.110781351e-16  0.0132148325  0.9999126854  0.01321444788
7  13  9.438969028e-18  0.0182399469  0.9998336568  0.01823893553
7  14  1.419672414e-16  0.02212184486  0.999755322  0.02212004058
7  15  1.63864364e-16  0.02338541572  0.9997265736  0.02338328429
7  16  -1.032147769e-16  0.02082992741  0.9997830649  0.02082842114
7  17  2.935940942e-16  0.01558835008  0.9998785041  0.01558771877
7  18  1.285320265e-16  0.004079173234  0.9999916802  0.004079161921
7  19  1.283159992e-16  -0.01219668151  0.9999256214  -0.01219637912
7  20  1.451670943e-16  -0.009185716863  0.9999578116  -0.009185587686
7  21  4.424529086e-18  -0.006235739279  0.9999805578  -0.006235698867
7  22  -1.894115468e-16  -0.006839740604  0.9999766091  -0.006839687275
7  23  -1.814483819e-16  -0.01113400764  0.9999380176  -0.01113377761
7  24  -2.247978512e-16  -0.006387414527  0.9999796005  -0.006387371094
7  25  2.63347869e-16  0.01065681321  0.9999432167  0.0106566115
7  26  1.568617553e-16  0.01826718087  0.9998331597  0.01826616495
7  27  -7.301687852e-18  0.02289440956  0.9997379345  0.02289240958
7  28  9.194265557e-17  0.02352075268  0.9997233998  0.02351858403
7  29  -1.019388534e-16  0.02036488769  0.9997926428  0.02036348007
7  30  -6.252538107e-18  0.01555267265  0.9998790596  0.01555204566
7  31  1.359210214e-16  0.009474976544  0.9999551127  0.009474834775
7  32  1.207030867e-16  -0.002553739724  0.9999967392  -0.002553736948
7  33  -7.535281446e-17  -0.03286375131  0.9994600355  -0.03285783601
7  34  -3.967385393e-16  -0.05261012904  0.9986164063  -0.05258586312
7  35  1.610066299e-16  -0.02557531499  0.9996729695  -0.02557252696
7  36  1.610066299e-16  -0.02557531499  0.9996729695  -0.02557252696

8  0  -1.329402123e-16  -0.2024705536  0.9795727641  -0.201090029
8  1  -7.182946964e-17  -0.02309526862  0.9997333161  -0.02309321553
8  2  -2.823418628e-16  -0.01070039802  0.9999427513  -0.01070019383
8  3  -1.279177978e-16  -0.007534076943  0.999971619  -0.007534005668
8  4  -1.839396348e-16  -0.006980931752  0.9999756334  -0.006980875052
8  5  2.012876612e-16  -0.00831656731  0.9999654176  -0.008316471441
8  6  3.343160911e-16  -0.01338256437  0.9999104548  -0.01338216492
8  7  -4.974518591e-18  -0.03358205894  0.9994361756  -0.03357574724
8  8  3.524049792e-18  -0.3712397266  0.931878325  -0.3627709848
8  9  -3.056599207e-17  -0.7234121728  0.7495514225  -0.6619461195
8  10  4.117285668e-17  -0.026594037  0.9996463994  -0.02659090237
8  11  -1.358966996e-17  0.003025497249  0.9999954232  0.003025492634
8  12  1.116982914e-16  0.008562779194  0.9999633396  0.008562674556
8  13  2.162891928e-16  0.01191103702  0.9999290644  0.01191075538
8  14  1.541865892e-16  0.01569342141  0.9998768608  0.01569277725
8  15  -1.53528125e-16  0.02038949835  0.9997921414  0.02038808562
8  16  -3.544202525e-16  0.02492976376  0.9996892695  0.02492718156
8  17  1.924962985e-16  0.0267054179  0.9996434315  0.02670224372
8  18  2.014477816e-16  0.02384802038  0.9997156494  0.02384575993
8  19  -5.352586483e-18  0.01124387643  0.9999367883  0.01124363952
8  20  4.531170052e-17  -0.0065410771  0.9999786072  -0.006541030456
8  21  -2.335474876e-16  -0.00784069435  0.9999692619  -0.007840614014
8  22  -1.428385218e-16  -0.00699862061  0.9999755098  -0.006998563477
8  23  3.055289313e-16  -0.007827803339  0.9999693629  -0.007827723399
8  24  -1.084245138e-16  0.0009031118758  0.9999995922  0.000903111753
8  25  -1.741539479e-17  0.01874177446  0.9998243781  0.01874067729
8  26  2.180258971e-16  0.02600212075  0.9996619639  0.0259991908
8  27  -1.764355027e-16  0.02678807623  0.9996412209  0.02678487249
8  28  -2.593519203e-16  0.02289440956  0.9997379345  0.02289240958
8  29  -1.483621407e-16  0.01773622631  0.9998427173  0.01773529643
8  30  1.40906256e-16  0.01342041851  0.9999099475  0.01342001566
8  31  -1.20133525e-16  0.009980593805  0.9999501943  0.009980428108
8  32  -2.782554911e-16  0.005913419845  0.9999825158  0.005913385382
8  33  -4.277454648e-17  -0.007110840144  0.9999747181  -0.007110780218
8  34  1.437779627e-16  -0.1125027136  0.9936782417  -0.1122655418
8  35  -3.739559472e-17  -0.8153838225  0.6855890255  -0.7279887967
8  36  -3.739559472e-17  -0.8153838225  0.6855890255  -0.7279887967

9  0  -1.033268712e-16  -0.9830906773  0.554453091  -0.8322149781
9  1  -3.558464147e-17  -0.1295269739  0.9916231031  -0.1291650935
9  2  -2.943771094e-17  -0.03211401943  0.9994843892  -0.03210849979
9  3  3.405780539e-17  -0.01493917689  0.9998884126  -0.01493862121
9  4  -3.459374205e-16  -0.0111633177  0.9999376908  -0.01116308584
9  5  -1.513622842e-16  -0.01198891333  0.9999281338  -0.01198862613
9  6  -8.391955055e-17  -0.01931218167  0.9998135256  -0.01931098125
9  7  3.657575524e-16  -0.05816772448  0.9983087349  -0.05813492843
9  8  -5.400614038e-17  -0.7234121728  0.7495514225  -0.6619461195
9  9  1.91046336e-16  -0.7066534363  0.7605390285  -0.6492922193
9  10  6.102449585e-17  -0.01703642895  0.9998548836  -0.01703560485
9  11  1.380079815e-16  0.001548207825  0.9999988015  0.001548207206
9  12  1.362791442e-16  0.005130961197  0.9999868366  0.005130938683
9  13  -6.439111445e-17  0.006886849308  0.9999762857  0.006886794869
9  14  6.792278065e-17  0.008673504806  0.9999623854  0.008673396055
9  15  2.806025419e-16  0.01134876878  0.9999356034  0.01134852517
9  16  1.105914779e-16  0.01569981144  0.9998767605  0.01569916649
9  17  2.99478309e-17  0.02228435888  0.9997517139  0.02228251455
9  18  2.047082968e-16  0.03010286676  0.9995469429  0.03009832052
9  19  1.509710102e-16  0.0341608335  0.9994165755  0.03415418982
9  20  1.195177983e-16  0.02090834278  0.9997814286  0.02090681944
9  21  -1.945519841e-16  -0.000828219055  0.999999657  -0.0008282189603
9  22  1.447624085e-17  -0.006305098716  0.9999801229  -0.006305056941
9  23  4.720740853e-17  -0.00455918763  0.9999896069  -0.004559171836
9  24  -3.580670043e-17  0.009910009609  0.9999508963  0.009909847402
9  25  -1.02174059e-16  0.03086775562  0.9995236287  0.03086285396
9  26  -5.887676552e-17  0.03323946306  0.9994476199  0.03323334256
9  27  -3.37069959e-16  0.02600212075  0.9996619639  0.0259991908
9  28  -1.223352675e-16  0.01826718087  0.9998331597  0.01826616495
9  29  -1.894070398e-16  0.0128728413  0.9999171461  0.01287248578
9  30  1.992299301e-16  0.009568633791  0.999954221  0.009568487776
9  31  -1.675801364e-16  0.007511536035  0.9999717885  0.007511465398
9  32  -2.635196957e-17  0.005889195477  0.9999826587  0.005889161435
9  33  -2.956138862e-16  0.003413344008  0.9999941745  0.00341333738
9  34  1.80720631e-17  -0.006488485047  0.9999789499  -0.00648843952
9  35  -2.31044124e-16  -0.363680505  0.9345939406  -0.3557164125
9  36  -2.31044124e-16  -0.363680505  0.9345939406  -0.3557164125

10  0  -6.26252117e-17  -0.01169280068  0.99993164  -0.01169253424
10  1  3.520074583e-18  -0.02553714204  0.9996739449  -0.02553436647
10  2  -1.558105609e-16  -0.0183143242  0.9998322975  -0.01831330041
10  3  -1.871041237e-16  -0.009464515511  0.9999552118  -0.009464374211
10  4  -1.15441764e-16  -0.005784698419  0.9999832687  -0.005784666157
10  5  1.259278522e-16  -0.005246102552  0.9999862392  -0.005246078488
10  6  1.621954012e-16  -0.007509793527  0.9999718016  -0.007509722939
10  7  1.276848567e-16  -0.01504865756  0.9998867711  -0.01504808957
10  8  4.12040876e-17  -0.026594037  0.9996463994  -0.02659090237
10  9  5.515824884e-16  -0.01703642895  0.9998548836  -0.01703560485
10  10  -2.555932185e-17  -0.00267802757  0.9999964141  -0.002678024369
10  11  1.148681053e-16  0.001997721152  0.9999980046  0.001997719824
10  12  2.751517522e-16  0.004333647789  0.9999906098  0.004333634224
10  13  1.96724052e-16  0.005473338178  0.9999850213  0.00547331085
10  14  -1.953581368e-16  0.005492731957  0.999984915  0.005492704338
10  15  -6.979893612e-18  0.005400375836  0.999985418  0.005400349586
10  16  3.64220132e-18  0.006220355954  0.9999806536  0.00622031584
10  17  1.643913277e-16  0.008991663723  0.9999595753  0.008991542561
10  18  2.958198953e-16  0.01519872163  0.9998845017  0.01519813648
10  19  3.003972439e-17  0.02591799129  0.9996641477  0.02591508968
10  20  -9.073281058e-17  0.03511442982  0.9993835518  0.03510721411
10  21  -1.131896889e-16  0.02642728892  0.9996508195  0.02642421289
10  22  -2.385746415e-16  0.0124311093  0.9999227348  0.01243078914
10  23  -7.418690334e-17  0.01278708335  0.9999182464  0.01278673488
10  24  -1.642160025e-16  0.02486523942  0.9996908759  0.02486267722
10  25  1.359268476e-16  0.03717526616  0.9993090794  0.03716670405
10  26  -2.933582552e-16  0.03086775562  0.9995236287  0.03086285396
10  27  -1.909518377e-16  0.01874177446  0.9998243781  0.01874067729
10  28  -1.45517538e-16  0.01065681321  0.9999432167  0.0106566115
10  29  -9.958492006e-17  0.006635560033  0.9999779848  0.006635511338
10  30  -4.138419149e-17  0.005095693744  0.999987017  0.005095671692
10  31  -1.365851576e-16  0.004912265283  0.9999879348  0.004912245527
10  32  1.439986477e-16  0.005220128597  0.9999863752  0.005220104889
10  33  -3.100586161e-16  0.004963379198  0.9999876825  0.004963358819
10  34  -3.485419144e-16  0.003178699491  0.9999949479  0.003178694138
10  35  -1.83579571e-16  -0.0005944704985  0.9999998233  -0.0005944704635
10  36  -1.83579571e-16  -0.0005944704985  0.9999998233  -0.0005944704635

11  0  1.301677642e-16  0.002787132181  0.9999961159  0.002787128572
11  1  -1.781054614e-16  0.001447334875  0.9999989526  0.00144733437
11  2  -2.999660509e-16  0.001982747688  0.9999980344  0.001982746389
11  3  8.519375042e-17  0.004316931024  0.9999906821  0.004316917616
11  4  -4.70284323e-17  0.006796819109  0.9999769017  0.006796766777
11  5  1.690004025e-17  0.008124075847  0.9999669999  0.008123986482
11  6  -1.687948062e-16  0.007783914825  0.9999697055  0.007783836222
11  7  9.722103121e-17  0.00577425812  0.999983329  0.005774226033
11  8  8.76031962e-17  0.003025497249  0.9999954232  0.003025492634
11  9  -1.147357499e-17  0.001548207825  0.9999988015  0.001548207206
11  10  -3.8468354e-16  0.001997721152  0.9999980046  0.001997719824
11  11  -7.549189389e-17  0.004085177789  0.9999916557  0.004085166426
11  12  -3.937187142e-18  0.0149159231  0.9998887597  0.01491537001
11  13  -3.502174084e-17  0.03911448709  0.999235126  0.03910451403
11  14  -1.260799692e-16  0.03245907465  0.9994732505  0.03245337518
11  15  -2.8048934e-17  0.005048157316  0.9999872581  0.005048135875
11  16  -4.421228577e-17  -0.009103818029  0.9999585605  -0.009103692276
11  17  -7.979619494e-17  -0.0121923318  0.9999256744  -0.01219202973
11  18  2.230007577e-16  -0.009290238988  0.999956846  -0.00929010535
11  19  3.882632119e-17  -0.002765764158  0.9999961753  -0.002765760632
11  20  6.758560486e-18  0.005617813893  0.9999842201  0.005617784343
11  21  1.286622163e-16  0.01336811941  0.999910648  0.01336772125
11  22  -4.432972611e-17  0.02711802126  0.999632329  0.02711469767
11  23  -1.426359351e-16  0.07342450013  0.9973056322  0.07335854407
11  24  1.326553034e-16  0.0687681325  0.9976364037  0.06871394392
11  25  2.539820405e-16  0.02486523942  0.9996908759  0.02486267722
11  26  -2.858105988e-16  0.009910009608  0.9999508963  0.009909847402
11  27  9.527463681e-17  0.0009031118756  0.9999995922  0.0009031117529
11  28  2.74007048e-16  -0.006387414527  0.9999796005  -0.006387371094
11  29  1.517635205e-16  -0.01103111614  0.9999391579  -0.01103089242
11  30  1.145299872e-16  -0.0118016751  0.999930361  -0.01180140115
11  31  -1.527630381e-16  -0.006148412637  0.9999810986  -0.006148373899
11  32  -1.706321819e-16  0.01061664831  0.9999436439  0.01061644887
11  33  -1.605943498e-17  0.03627108415  0.9993422763  0.03626313168
11  34  8.842004593e-17  0.0343044576  0.9994116598  0.03429772978
11  35  3.875429712e-18  0.01020093107  0.999947971  0.01020075415
11  36  3.875429712e-18  0.01020093107  0.999947971  0.01020075415

12  0  1.238306685e-16  0.1876738657  0.9824408891  0.1865741124
12  1  2.123283215e-17  0.008683102556  0.9999623021  0.008682993444
12  2  9.658639059e-17  0.004467419356  0.9999900211  0.004467404496
12  3  -1.410222056e-17  0.006588287473  0.9999782973  0.006588239811
12  4  -1.346549174e-16  0.0106670088  0.999943108  0.01066680651
12  5  -9.135738962e-17  0.01493848173  0.999888423  0.01493792613
12  6  2.080834522e-17  0.01625862893  0.9998678314  0.01625791263
12  7  8.309586724e-18  0.0132148325  0.9999126854  0.01321444788
12  8  -3.535543575e-17  0.008562779194  0.9999633396  0.008562674556
12  9  8.933320866e-17  0.005130961197  0.9999868366  0.005130938683
12  10  -1.767802818e-17  0.004333647789  0.9999906098  0.004333634224
12  11  6.327465519e-17  0.0149159231  0.9998887597  0.01491537001
12  12  4.346358396e-17  0.3590310471  0.9362377214  0.3513672281
12  13  1.728251267e-16  0.5891945075  0.8313885541  0.555691526
12  14  4.489916098e-17  0.1412673309  0.9900383537  0.1407979336
12  15  1.185186547e-16  0.01979355232  0.999804114  0.01979225988
12  16  -1.23022512e-17  -0.0103759686  0.9999461701  -0.01037578242
12  17  2.934241721e-16  -0.01670391398  0.9998604929  -0.0167031372
12  18  1.688169738e-16  -0.01569453533  0.9998768433  -0.01569389103
12  19  -3.353169638e-17  -0.01256352111  0.99992108  -0.0125631906
12  20  2.24031275e-16  -0.009147279265  0.9999581639  -0.009147151703
12  21  -2.308336266e-17  -0.00640714101  0.9999794743  -0.006407097173
12  22  -6.133722369e-17  -0.00279697929  0.9999960885  -0.002796975643
12  23  -9.103377777e-17  0.03213036293  0.9994838643  0.03212483486
12  24  -5.224908207e-17  0.07342450013  0.9973056322  0.07335854407
12  25  2.282448291e-16  0.01278708335  0.9999182464  0.01278673488
12  26  -1.203580927e-16  -0.00455918763  0.9999896069  -0.004559171836
12  27  4.073362847e-16  -0.007827803339  0.9999693629  -0.007827723399
12  28  3.577190594e-16  -0.01113400764  0.9999380176  -0.01113377761
12  29  1.644292507e-16  -0.01455141056  0.9998941301  -0.01455089703
12  30  6.308598587e-17  -0.01689959178  0.9998572053  -0.01689878738
12  31  -1.003454862e-16  -0.01469423406  0.9998920417  -0.01469370527
12  32  -2.220967514e-16  0.003301974397  0.9999945485  0.003301968397
12  33  -9.158107185e-17  0.07506152006  0.9971842065  0.07499105425
12  34  -1.664580642e-17  0.288593529  0.9586451111  0.2846042005
12  35  1.850437917e-16  0.5588485303  0.847866194  0.5302102574
12  36  1.850437917e-16  0.5588485303  0.847866194  0.5302102574

13  0  2.685056197e-16  0.4287870156  0.9094707386  0.4157679348
13  1  -3.975570087e-17  0.2374083774  0.9719507477  0.2351844896
13  2  6.083552882e-17  0.01412286345  0.999900274  0.01412239397
13  3  -1.497096439e-16  0.005735612615  0.9999835514  0.005735581168
13  4  -1.493288025e-16  0.009003755915  0.9999594665  0.009003634263
13  5  -3.000632249e-16  0.01493529217  0.9998884706  0.01493473692
13  6  -2.704112292e-17  0.01997550352  0.9998004963  0.01997417511
13  7  2.290398262e-16  0.0182399469  0.9998336568  0.01823893553
13  8  -7.454724686e-17  0.01191103702  0.9999290644  0.01191075538
13  9  -2.098393863e-16  0.006886849308  0.9999762857  0.006886794869
13  10  -2.234142477e-16  0.005473338178  0.9999850213  0.00547331085
13  11  -1.520244856e-16  0.03911448709  0.999235126  0.03910451403
13  12  -1.28123116e-16  0.5891945075  0.8313885541  0.555691526
13  13  2.108944942e-16  0.09890801783  0.9951125883  0.09874683053
13  14  1.825707177e-16  0.022177468  0.99975409  0.02217565008
13  15  2.067433783e-16  0.008966126524  0.9999598046  0.008966006391
13  16  -3.505863645e-16  0.001699769675  0.9999985554  0.001699768856
13  17  -1.078560425e-16  -0.003010627394  0.9999954681  -0.003010622846
13  18  -6.544872188e-17  -0.005584083195  0.999984409  -0.005584054175
13  19  3.477764106e-17  -0.006598109934  0.9999782326  -0.00659806206
13  20  5.07445482e-17  -0.006778372161  0.9999770269  -0.006778320254
13  21  1.094327496e-16  -0.006814194018  0.9999767835  -0.006814141284
13  22  3.789015643e-16  -0.007310978355  0.9999732749  -0.007310913226
13  23  -3.402952432e-17  -0.00279697929  0.9999960885  -0.002796975643
13  24  -2.87836821e-16  0.02711802126  0.999632329  0.02711469767
13  25  1.440885247e-17  0.0124311093  0.9999227348  0.01243078914
13  26  -2.580213888e-16  -0.006305098716  0.9999801229  -0.00630505694
13  27  2.042187868e-16  -0.006998620609  0.9999755098  -0.006998563477
13  28  1.264180748e-16  -0.006839740604  0.9999766091  -0.006839687275
13  29  1.197187882e-16  -0.006806786963  0.9999768339  -0.006806734401
13  30  2.373126418e-16  -0.00624353905  0.9999805092  -0.006243498486
13  31  -2.305708962e-17  -0.004398638659  0.999990326  -0.004398624475
13  32  -8.791209577e-17  -0.0005267829274  0.9999998612  -0.000526782903
13  33  5.883076945e-17  0.005816106058  0.9999830865  0.005816073268
13  34  -2.523280656e-16  0.01630676574  0.9998670476  0.01630604306
13  35  -7.213262156e-17  0.05945810745  0.9982328874  0.05942308026
13  36  -7.213262156e-17  0.05945810745  0.9982328874  0.05942308026

14  0  -9.158295663e-18  0.01495670198  0.9998881506  0.01495614434
14  1  -2.342757308e-16  0.09090539763  0.995870949  0.09078024548
14  2  8.18756313e-17  0.08723877649  0.9961971107  0.08712816195
14  3  -1.604060845e-16  0.01005764437  0.9999494223  0.0100574748
14  4  -9.178039017e-17  0.006632902702  0.9999780024  0.006632854066
14  5  1.598515581e-16  0.01167510617  0.9999318467  0.01167484094
14  6  1.273446152e-16  0.01933323586  0.9998131188  0.0193320315
14  7  1.745622429e-16  0.02212184486  0.999755322  0.02212004058
14  8  -5.359018083e-18  0.01569342141  0.9998768608  0.01569277725
14  9  1.938845605e-17  0.008673504806  0.9999623854  0.008673396055
14  10  -4.039589075e-18  0.005492731957  0.999984915  0.005492704337
14  11  -1.253516274e-16  0.03245907465  0.9994732505  0.03245337518
14  12  3.884715735e-17  0.1412673309  0.9900383537  0.1407979336
14  13  1.460609076e-16  0.022177468  0.99975409  0.02217565008
14  14  1.043915559e-16  0.009905206894  0.9999509438  0.009905044923
14  15  -1.846501553e-16  0.006349759515  0.9999798403  0.006349716846
14  16  9.512808416e-17  0.003524669278  0.9999937884  0.00352466198
14  17  -1.424806809e-16  0.0008654348531  0.9999996255  0.0008654347451
14  18  2.868535262e-16  -0.001451352092  0.9999989468  -0.001451351582
14  19  -8.313595152e-18  -0.003199081131  0.9999948829  -0.003199075674
14  20  -3.361519428e-18  -0.004413261255  0.9999902616  -0.004413246929
14  21  1.298684425e-17  -0.005442697604  0.9999851886  -0.005442670733
14  22  2.78231988e-16  -0.006814194018  0.9999767835  -0.006814141284
14  23  8.78907767e-17  -0.00640714101  0.9999794743  -0.006407097173
14  24  -2.652482132e-16  0.01336811941  0.999910648  0.01336772125
14  25  8.243848592e-18  0.02642728893  0.9996508195  0.02642421289
14  26  -2.538870642e-16  -0.0008282190554  0.999999657  -0.0008282189607
14  27  -7.482206755e-17  -0.007840694351  0.9999692619  -0.007840614014
14  28  -8.939392199e-17  -0.006235739279  0.9999805578  -0.006235698867
14  29  1.002422692e-16  -0.004963621093  0.9999876813  -0.004963600712
14  30  -7.866285438e-17  -0.003843238378  0.9999926148  -0.003843228917
14  31  -2.781596275e-16  -0.002339269523  0.9999972639  -0.00233926739
14  32  2.1986648e-16  -0.0002516113556  0.9999999683  -0.000251611353
14  33  1.67832649e-16  0.002269954926  0.9999974237  0.002269952977
14  34  -7.293970832e-17  0.004967320764  0.9999876629  0.004967300337
14  35  -1.127255919e-16  0.008021589566  0.9999678272  0.008021503541
14  36  -1.127255919e-16  0.008021589566  0.9999678272  0.008021503541

15  0  -1.622841411e-16  0.005788970435  0.999983244  0.005788938102
15  1  -2.467963225e-16  0.007414169672  0.9999725152  0.007414101747
15  2  -3.179538109e-16  0.01735894756  0.9998493373  0.01735807577
15  3  1.668762393e-16  0.01012838241  0.9999487084  0.01012820924
15  4  2.2784666e-16  0.003908686695  0.9999923611  0.003908676743
15  5  -2.046516276e-17  0.00801614224  0.9999678709  0.00801605639
15  6  1.155171397e-16  0.01549804606  0.9998799077  0.01549742565
15  7  6.916913899e-17  0.02338541572  0.9997265736  0.02338328429
15  8  5.624139455e-17  0.02038949835  0.9997921414  0.02038808562
15  9  2.690161269e-16  0.01134876878  0.9999356034  0.01134852517
15  10  -7.764907259e-17  0.005400375836  0.999985418  0.005400349586
15  11  -3.245713135e-16  0.005048157314  0.9999872581  0.005048135873
15  12  2.911422827e-16  0.01979355232  0.999804114  0.01979225987
15  13  2.861584921e-16  0.008966126524  0.9999598046  0.008966006391
15  14  4.202684031e-17  0.006349759515  0.9999798403  0.006349716846
15  15  -4.65833811e-16  0.005439968632  0.9999852034  0.005439941801
15  16  -2.392437378e-16  0.004202508797  0.9999911695  0.004202496427
15  17  -3.267895676e-16  0.002549344593  0.9999967504  0.002549341832
15  18  8.705814956e-17  0.0007058245891  0.9999997509  0.0007058245305
15  19  2.780309792e-16  -0.001112677697  0.999999381  -0.001112677467
15  20  1.351483461e-16  -0.002763299585  0.9999961821  -0.002763296068
15  21  2.202300418e-16  -0.004413261255  0.9999902616  -0.004413246929
15  22  8.953941241e-17  -0.006778372161  0.9999770269  -0.006778320254
15  23  2.055244184e-16  -0.009147279265  0.9999581639  -0.009147151703
15  24  -4.939933956e-18  0.005617813893  0.9999842201  0.005617784343
15  25  1.41176358e-16  0.03511442982  0.9993835518  0.03510721411
15  26  -3.392282176e-16  0.02090834278  0.9997814286  0.02090681944
15  27  2.065611416e-16  -0.0065410771  0.9999786072  -0.006541030456
15  28  -9.962256464e-17  -0.009185716863  0.9999578116  -0.009185587685
15  29  5.001434493e-17  -0.005695294324  0.9999837819  -0.005695263535
15  30  -1.553526045e-16  -0.003604671615  0.9999935032  -0.003604663809
15  31  -5.319414099e-16  -0.001935428256  0.9999981271  -0.001935427047
15  32  9.447135234e-17  -0.0001729850017  0.999999985  -0.0001729850008
15  33  7.677411134e-17  0.001660891563  0.9999986207  0.0016608908
15  34  3.412750303e-16  0.003367238403  0.9999943309  0.00336723204
15  35  -1.249765046e-16  0.004769352049  0.9999886267  0.004769333968
15  36  -1.249765046e-16  0.004769352049  0.9999886267  0.004769333968

16  0  -2.424525792e-16  0.004165230182  0.9999913254  0.004165218138
16  1  -8.293400129e-17  0.003839688432  0.9999926284  0.003839678997
16  2  7.70279969e-17  0.002821497721  0.9999960196  0.002821493977
16  3  -1.062909304e-16  -0.003248966749  0.9999947221  -0.003248961034
16  4  3.749739755e-16  -0.01474613054  0.9998912778  -0.01474559612
16  5  -1.135314175e-17  0.0006485992119  0.9999997897  0.0006485991665
16  6  5.878289322e-17  0.01066487697  0.9999431307  0.0106646748
16  7  -4.634033774e-16  0.02082992741  0.9997830649  0.02082842114
16  8  -3.151843511e-16  0.02492976376  0.9996892695  0.02492718156
16  9  1.884902831e-16  0.01569981144  0.9998767605  0.01569916649
16  10  2.873356206e-17  0.006220355954  0.9999806536  0.00622031584
16  11  -1.46621568e-16  -0.009103818028  0.9999585605  -0.009103692276
16  12  -7.228754424e-18  -0.0103759686  0.9999461701  -0.01037578242
16  13  -1.43704373e-17  0.001699769675  0.9999985554  0.001699768856
16  14  -8.786703442e-17  0.003524669278  0.9999937884  0.00352466198
16  15  7.023586625e-17  0.004202508797  0.9999911695  0.004202496427
16  16  -1.36164451e-16  0.004231724897  0.9999910463  0.004231712267
16  17  -1.676880872e-16  0.003519762236  0.9999938056  0.003519754969
16  18  8.481690057e-17  0.002253849538  0.9999974601  0.00225384763
16  19  -5.760370791e-18  0.0006667153634  0.9999997777  0.000666715314
16  20  1.688617257e-16  -0.001112677697  0.999999381  -0.001112677467
16  21  9.282641606e-17  -0.003199081131  0.9999948829  -0.003199075674
16  22  -4.091558082e-17  -0.006598109934  0.9999782326  -0.00659806206
16  23  2.768538611e-17  -0.01256352111  0.99992108  -0.0125631906
16  24  -3.287338876e-17  -0.002765764159  0.9999961753  -0.002765760633
16  25  4.233018525e-16  0.02591799129  0.9996641477  0.02591508968
16  26  -2.230416729e-17  0.0341608335  0.9994165755  0.03415418982
16  27  -1.884915075e-17  0.01124387643  0.9999367883  0.01124363952
16  28  1.20965804e-16  -0.01219668151  0.9999256214  -0.01219637912
16  29  1.211512488e-16  -0.01064364513  0.9999433569  -0.01064344417
16  30  -6.399143088e-17  -0.004916594418  0.9999879136  -0.00491657461
16  31  -1.051986428e-16  -0.002132643039  0.9999977259  -0.002132641422
16  32  1.121849994e-16  -0.0001867907027  0.9999999826  -0.0001867907016
16  33  4.119732168e-16  0.001488486402  0.9999988922  0.001488485853
16  34  1.386759407e-16  0.002872539585  0.9999958743  0.002872535634
16  35  -2.772785277e-16  0.003828789021  0.9999926702  0.003828779666
16  36  -2.772785277e-16  0.003828789021  0.9999926702  0.003828779666

17  0  -1.637424831e-17  0.003617847761  0.9999934556  0.003617839869
17  1  2.323764663e-16  0.003020933003  0.999995437  0.003020928408
17  2  -2.354887145e-16  0.00176708027  0.9999984387  0.001767079351
17  3  -1.863901921e-16  -0.0008095749549  0.9999996723  -0.0008095748664
17  4  1.367827058e-16  -0.01005107668  0.9999494884  -0.01005090745
17  5  -2.85607759e-17  -0.01945366753  0.9998107834  -0.01945244053
17  6  1.000572853e-16  0.0006731465987  0.9999997734  0.0006731465479
17  7  9.74898518e-17  0.01558835008  0.9998785041  0.01558771877
17  8  7.938400977e-17  0.0267054179  0.9996434315  0.02670224372
17  9  -1.428782935e-16  0.02228435888  0.9997517139  0.02228251455
17  10  -2.55508627e-16  0.008991663723  0.9999595753  0.008991542561
17  11  9.652843871e-17  -0.0121923318  0.9999256744  -0.01219202973
17  12  -3.908726076e-17  -0.01670391398  0.9998604929  -0.0167031372
17  13  -2.756579286e-16  -0.003010627394  0.9999954681  -0.003010622846
17  14  9.157416067e-17  0.0008654348531  0.9999996255  0.0008654347451
17  15  1.440114477e-16  0.002549344593  0.9999967504  0.002549341832
17  16  -6.739157714e-18  0.003519762236  0.9999938056  0.003519754969
17  17  -1.194436838e-16  0.003809842377  0.9999927426  0.003809833161
17  18  1.334154242e-16  0.003339410778  0.9999944242  0.003339404572
17  19  2.207201751e-16  0.002253849538  0.9999974601  0.00225384763
17  20  -7.449277998e-18  0.0007058245891  0.9999997509  0.0007058245305
17  21  -1.752840099e-16  -0.001451352092  0.9999989468  -0.001451351583
17  22  -1.089429541e-16  -0.005584083195  0.999984409  -0.005584054175
17  23  -3.009913999e-17  -0.01569453533  0.9998768433  -0.01569389103
17  24  2.850831844e-16  -0.009290238987  0.999956846  -0.00929010535
17  25  2.496174752e-17  0.01519872163  0.9998845017  0.01519813648
17  26  8.262759763e-18  0.03010286676  0.9995469429  0.03009832052
17  27  -9.18401017e-17  0.02384802038  0.9997156494  0.02384575993
17  28  -2.357297104e-16  0.004079173233  0.9999916802  0.00407916192
17  29  -2.334003068e-16  -0.01708739542  0.999854014  -0.0170865639
17  30  -1.199289641e-16  -0.01143219902  0.9999346531  -0.01143195
17  31  2.534906412e-17  -0.003397326957  0.9999942291  -0.003397320422
17  32  4.404914111e-17  -0.0003050329126  0.9999999535  -0.0003050329079
17  33  -1.608467023e-16  0.001513789927  0.9999988542  0.001513789349
17  34  -1.66150975e-16  0.002782398244  0.9999961291  0.002782394654
17  35  -3.464662129e-16  0.003527637644  0.9999937779  0.003527630327
17  36  -3.464662129e-16  0.003527637644  0.9999937779  0.003527630327

18  0  1.889471018e-16  0.003527637644  0.9999937779  0.003527630327
18  1  2.480882938e-16  0.002782398244  0.9999961291  0.002782394654
18  2  -3.148985681e-17  0.001513789927  0.9999988542  0.001513789349
18  3  -5.178449928e-17  -0.0003050329127  0.9999999535  -0.0003050329079
18  4  -3.752500186e-17  -0.003397326957  0.9999942291  -0.003397320422
18  5  1.504443984e-16  -0.01143219902  0.9999346531  -0.01143195
18  6  1.427879305e-16  -0.01708739542  0.999854014  -0.0170865639
18  7  1.845492414e-16  0.004079173234  0.9999916802  0.004079161922
18  8  2.006320459e-16  0.02384802038  0.9997156494  0.02384575993
18  9  -1.042101325e-16  0.03010286676  0.9995469429  0.03009832052
18  10  3.572971604e-17  0.01519872163  0.9998845017  0.01519813648
18  11  -6.433395708e-17  -0.009290238987  0.999956846  -0.00929010535
18  12  -6.509538779e-18  -0.01569453533  0.9998768433  -0.01569389103
18  13  -3.821015601e-16  -0.005584083195  0.999984409  -0.005584054175
18  14  2.438675284e-16  -0.001451352092  0.9999989468  -0.001451351583
18  15  7.029842024e-17  0.0007058245891  0.9999997509  0.0007058245305
18  16  1.615890521e-16  0.002253849538  0.9999974601  0.00225384763
18  17  -2.179264417e-16  0.003339410778  0.9999944242  0.003339404571
18  18  -3.004247321e-16  0.003809842377  0.9999927426  0.003809833161
18  19  -2.861217945e-16  0.003519762236  0.9999938056  0.003519754969
18  20  -1.029059645e-16  0.002549344593  0.9999967504  0.002549341832
18  21  -1.199253004e-16  0.0008654348531  0.9999996255  0.0008654347451
18  22  -1.387581928e-18  -0.003010627394  0.9999954681  -0.003010622846
18  23  -2.552713431e-16  -0.01670391398  0.9998604929  -0.0167031372
18  24  -6.510605549e-17  -0.0121923318  0.9999256744  -0.01219202973
18  25  1.205971882e-16  0.008991663723  0.9999595753  0.008991542561
18  26  7.837539302e-17  0.02228435888  0.9997517139  0.02228251455
18  27  4.480129574e-17  0.0267054179  0.9996434315  0.02670224372
18  28  -1.575579281e-16  0.01558835008  0.9998785041  0.01558771877
18  29  9.259753808e-17  0.0006731465983  0.9999997734  0.0006731465475
18  30  -4.871770771e-17  -0.01945366753  0.9998107834  -0.01945244052
18  31  1.125471189e-16  -0.01005107668  0.9999494884  -0.01005090745
18  32  2.256114031e-16  -0.0008095749548  0.9999996723  -0.0008095748664
18  33  1.890980771e-16  0.00176708027  0.9999984387  0.001767079351
18  34  -7.369755625e-17  0.003020933003  0.999995437  0.003020928408
18  35  -2.456849416e-16  0.003617847761  0.9999934556  0.003617839869
18  36  -2.456849416e-16  0.003617847761  0.9999934556  0.003617839869

19  0  1.468153864e-16  0.003828789021  0.9999926702  0.003828779666
19  1  -1.026621371e-16  0.002872539585  0.9999958743  0.002872535634
19  2  2.966130902e-16  0.001488486402  0.9999988922  0.001488485853
19  3  -1.092582016e-16  -0.0001867907027  0.9999999826  -0.0001867907016
19  4  -6.411891572e-17  -0.002132643039  0.9999977259  -0.002132641422
19  5  -1.256278591e-17  -0.004916594418  0.9999879136  -0.00491657461
19  6  2.515052901e-17  -0.01064364513  0.9999433569  -0.01064344417
19  7  9.090571781e-17  -0.01219668151  0.9999256214  -0.01219637912
19  8  3.354357414e-16  0.01124387643  0.9999367883  0.01124363952
19  9  -8.834659927e-17  0.0341608335  0.9994165755  0.03415418982
19  10  2.051081288e-16  0.02591799129  0.9996641477  0.02591508968
19  11  -1.508021675e-16  -0.002765764158  0.9999961753  -0.002765760632
19  12  -1.902187534e-16  -0.01256352111  0.99992108  -0.0125631906
19  13  -2.125524931e-16  -0.006598109934  0.9999782326  -0.00659806206
19  14  -7.734952037e-17  -0.003199081131  0.9999948829  -0.003199075674
19  15  -6.691023685e-17  -0.001112677697  0.999999381  -0.001112677467
19  16  -7.107050605e-17  0.0006667153635  0.9999997777  0.0006667153141
19  17  -1.551183961e-16  0.002253849538  0.9999974601  0.00225384763
19  18  -5.24593999e-17  0.003519762236  0.9999938056  0.003519754969
19  19  -2.561986076e-16  0.004231724897  0.9999910463  0.004231712267
19  20  -1.98849575e-16  0.004202508797  0.9999911695  0.004202496427
19  21  2.563097926e-16  0.003524669278  0.9999937884  0.00352466198
19  22  -4.539147482e-17  0.001699769675  0.9999985554  0.001699768856
19  23  -9.442163634e-17  -0.0103759686  0.9999461701  -0.01037578242
19  24  1.599637641e-16  -0.009103818029  0.9999585605  -0.009103692276
19  25  1.235680994e-16  0.006220355954  0.9999806536  0.00622031584
19  26  2.477322451e-17  0.01569981144  0.9998767605  0.01569916649
19  27  -1.002343031e-16  0.02492976376  0.9996892695  0.02492718156
19  28  7.340043056e-17  0.02082992741  0.9997830649  0.02082842114
19  29  1.365849203e-16  0.01066487697  0.9999431307  0.0106646748
19  30  -2.6614456e-16  0.0006485992126  0.9999997897  0.0006485991671
19  31  8.863582138e-17  -0.01474613054  0.9998912778  -0.01474559612
19  32  7.681582962e-17  -0.00324896675  0.9999947221  -0.003248961034
19  33  7.418009401e-17  0.002821497721  0.9999960196  0.002821493977
19  34  -1.263622953e-16  0.003839688432  0.9999926284  0.003839678997
19  35  -1.676165523e-16  0.004165230182  0.9999913254  0.004165218138
19  36  -1.676165523e-16  0.004165230182  0.9999913254  0.004165218138

20  0  3.25896503e-17  0.004769352049  0.9999886267  0.004769333968
20  1  -9.510942579e-17  0.003367238403  0.9999943309  0.00336723204
20  2  -1.102191573e-16  0.001660891563  0.9999986207  0.0016608908
20  3  -1.139855752e-16  -0.0001729850018  0.999999985  -0.0001729850009
20  4  1.772348443e-16  -0.001935428256  0.9999981271  -0.001935427047
20  5  1.233519703e-16  -0.003604671615  0.9999935032  -0.003604663809
20  6  9.617179971e-18  -0.005695294324  0.9999837819  -0.005695263535
20  7  -2.19804686e-16  -0.009185716863  0.9999578116  -0.009185587686
20  8  1.883380765e-16  -0.0065410771  0.9999786072  -0.006541030456
20  9  -2.846720731e-16  0.02090834278  0.9997814286  0.02090681944
20  10  -4.369131557e-17  0.03511442982  0.9993835518  0.03510721411
20  11  -2.19951116e-17  0.005617813893  0.9999842201  0.005617784343
20  12  9.644435469e-17  -0.009147279265  0.9999581639  -0.009147151703
20  13  -2.074171023e-16  -0.006778372161  0.9999770269  -0.006778320254
20  14  8.617403026e-18  -0.004413261255  0.9999902616  -0.004413246929
20  15  -2.521419788e-16  -0.002763299585  0.9999961821  -0.002763296068
20  16  -4.126962314e-17  -0.001112677697  0.999999381  -0.001112677467
20  17  7.050412119e-17  0.0007058245891  0.9999997509  0.0007058245305
20  18  -2.737895549e-16  0.002549344593  0.9999967504  0.002549341832
20  19  -2.997229815e-16  0.004202508797  0.9999911695  0.004202496427
20  20  -3.805567274e-16  0.005439968632  0.9999852034  0.005439941801
20  21  1.701086949e-16  0.006349759515  0.9999798403  0.006349716846
20  22  1.995563716e-16  0.008966126524  0.9999598046  0.008966006391
20  23  -8.494931735e-17  0.01979355232  0.999804114  0.01979225987
20  24  1.962715525e-16  0.005048157316  0.9999872581  0.005048135874
20  25  1.884185595e-16  0.005400375836  0.999985418  0.005400349586
20  26  3.115346439e-16  0.01134876878  0.9999356034  0.01134852517
20  27  6.738676091e-17  0.02038949835  0.9997921414  0.02038808562
20  28  1.910219897e-16  0.02338541572  0.9997265736  0.02338328429
20  29  1.462213645e-16  0.01549804606  0.9998799077  0.01549742565
20  30  -1.13235793e-16  0.00801614224  0.9999678709  0.00801605639
20  31  1.833280878e-16  0.003908686695  0.9999923611  0.003908676743
20  32  9.718014615e-17  0.01012838241  0.9999487084  0.01012820924
20  33  -1.569186844e-16  0.01735894756  0.9998493373  0.01735807577
20  34  -1.692142793e-16  0.007414169672  0.9999725152  0.007414101747
20  35  -7.491694168e-17  0.005788970435  0.999983244  0.005788938102
20  36  -7.491694168e-17  0.005788970435  0.999983244  0.005788938102

21  0  9.082430193e-20  0.008021589566  0.9999678272  0.008021503541
21  1  1.31602816e-17  0.004967320764  0.9999876629  0.004967300337
21  2  -4.062101215e-17  0.002269954927  0.9999974237  0.002269952977
21  3  9.87877712e-17  -0.0002516113556  0.9999999683  -0.0002516113529
21  4  -6.251146538e-18  -0.002339269523  0.9999972639  -0.00233926739
21  5  1.503137277e-16  -0.003843238378  0.9999926148  -0.003843228917
21  6  -4.686872408e-17  -0.004963621093  0.9999876813  -0.004963600712
21  7  -9.76521034e-17  -0.006235739279  0.9999805578  -0.006235698867
21  8  -7.545790518e-17  -0.00784069435  0.9999692619  -0.007840614014
21  9  -1.72020775e-16  -0.0008282190552  0.999999657  -0.0008282189605
21  10  -6.380860207e-17  0.02642728892  0.9996508195  0.02642421289
21  11  3.839943932e-16  0.01336811941  0.999910648  0.01336772125
21  12  2.789004492e-16  -0.00640714101  0.9999794743  -0.006407097173
21  13  -7.7333706e-17  -0.006814194018  0.9999767835  -0.006814141284
21  14  5.099127506e-17  -0.005442697604  0.9999851886  -0.005442670733
21  15  -4.844643656e-16  -0.004413261255  0.9999902616  -0.004413246929
21  16  -3.742891986e-16  -0.003199081131  0.9999948829  -0.003199075674
21  17  2.038361992e-16  -0.001451352092  0.9999989468  -0.001451351583
21  18  -1.176673602e-16  0.0008654348531  0.9999996255  0.0008654347451
21  19  2.265613754e-16  0.003524669278  0.9999937884  0.00352466198
21  20  -1.825576042e-16  0.006349759515  0.9999798403  0.006349716846
21  21  -1.037739672e-16  0.009905206894  0.9999509438  0.009905044923
21  22  -1.0701174e-16  0.022177468  0.99975409  0.02217565008
21  23  1.83863209e-16  0.1412673309  0.9900383537  0.1407979336
21  24  -1.879193199e-16  0.03245907465  0.9994732505  0.03245337518
21  25  8.470042528e-17  0.005492731957  0.999984915  0.005492704337
21  26  1.944421191e-16  0.008673504806  0.9999623854  0.008673396055
21  27  2.51303265e-17  0.01569342141  0.9998768608  0.01569277725
21  28  -7.435055165e-17  0.02212184486  0.999755322  0.02212004058
21  29  -1.977217024e-16  0.01933323586  0.9998131188  0.0193320315
21  30  2.538946146e-16  0.01167510617  0.9999318467  0.01167484094
21  31  1.248954046e-16  0.006632902702  0.9999780024  0.006632854066
21  32  -1.907026556e-17  0.01005764437  0.9999494223  0.0100574748
21  33  1.742363635e-16  0.08723877649  0.9961971107  0.08712816196
21  34  -1.35703439e-16  0.09090539763  0.995870949  0.09078024548
21  35  -2.431877413e-16  0.01495670198  0.9998881506  0.01495614434
21  36  -2.431877413e-16  0.01495670198  0.9998881506  0.01495614434

22  0  1.726561827e-16  0.05945810745  0.9982328874  0.05942308027
22  1  1.629355674e-16  0.01630676574  0.9998670476  0.01630604306
22  2  3.459112918e-16  0.005816106058  0.9999830865  0.005816073268
22  3  6.574550172e-17  -0.0005267829275  0.9999998612  -0.0005267829031
22  4  -2.441712995e-16  -0.00439863866  0.999990326  -0.004398624475
22  5  1.961126731e-17  -0.00624353905  0.9999805092  -0.006243498486
22  6  2.594467637e-16  -0.006806786963  0.9999768339  -0.006806734401
22  7  6.414799013e-19  -0.006839740604  0.9999766091  -0.006839687275
22  8  -1.552526157e-16  -0.00699862061  0.9999755098  -0.006998563477
22  9  3.499088448e-17  -0.006305098716  0.9999801229  -0.006305056941
22  10  -3.411479906e-17  0.0124311093  0.9999227348  0.01243078914
22  11  1.636709153e-17  0.02711802126  0.999632329  0.02711469767
22  12  4.263584092e-17  -0.00279697929  0.9999960885  -0.002796975643
22  13  -3.063673976e-16  -0.007310978355  0.9999732749  -0.007310913226
22  14  1.628413799e-18  -0.006814194018  0.9999767835  -0.006814141284
22  15  -1.000812999e-16  -0.006778372161  0.9999770269  -0.006778320254
22  16  4.03639634e-17  -0.006598109934  0.9999782326  -0.00659806206
22  17  4.237341665e-16  -0.005584083195  0.999984409  -0.005584054175
22  18  8.256495142e-19  -0.003010627394  0.9999954681  -0.003010622846
22  19  2.617048888e-16  0.001699769675  0.9999985554  0.001699768856
22  20  -2.239863836e-16  0.008966126524  0.9999598046  0.008966006391
22  21  -2.901298307e-16  0.022177468  0.99975409  0.02217565008
22  22  -2.182324737e-16  0.09890801783  0.9951125883  0.09874683053
22  23  -1.785131545e-20  0.5891945075  0.8313885541  0.555691526
22  24  1.417452288e-16  0.03911448709  0.999235126  0.03910451403
22  25  8.260549309e-17  0.005473338178  0.9999850213  0.00547331085
22  26  2.073242831e-16  0.006886849308  0.9999762857  0.006886794869
22  27  2.000193822e-16  0.01191103702  0.9999290644  0.01191075538
22  28  -2.50258126e-16  0.0182399469  0.9998336568  0.01823893553
22  29  1.108492948e-16  0.01997550352  0.9998004963  0.01997417511
22  30  7.605104935e-17  0.01493529217  0.9998884706  0.01493473692
22  31  -7.817169754e-17  0.009003755915  0.9999594665  0.009003634263
22  32  1.578890286e-16  0.005735612615  0.9999835514  0.005735581168
22  33  3.955151549e-16  0.01412286345  0.999900274  0.01412239398
22  34  -7.387197226e-17  0.2374083775  0.9719507477  0.2351844896
22  35  -3.630244193e-16  0.4287870156  0.9094707386  0.4157679348
22  36  -3.630244193e-16  0.4287870156  0.9094707386  0.4157679348

23  0  6.786994528e-17  0.5588485303  0.847866194  0.5302102574
23  1  9.885510143e-17  0.2885935289  0.9586451111  0.2846042004
23  2  1.173889064e-16  0.07506152006  0.9971842065  0.07499105425
23  3  2.309543436e-16  0.003301974397  0.9999945485  0.003301968397
23  4  2.304759211e-16  -0.01469423406  0.9998920417  -0.01469370527
23  5  -3.363124549e-17  -0.01689959178  0.9998572053  -0.01689878738
23  6  -1.136014726e-17  -0.01455141056  0.9998941301  -0.01455089703
23  7  2.690175741e-16  -0.01113400764  0.9999380176  -0.01113377761
23  8  1.144806585e-16  -0.007827803339  0.9999693629  -0.007827723399
23  9  1.864502886e-17  -0.004559187631  0.9999896069  -0.004559171836
23  10  4.504822181e-17  0.01278708335  0.9999182464  0.01278673488
23  11  1.689765984e-17  0.07342450013  0.9973056322  0.07335854407
23  12  -5.514496801e-17  0.03213036293  0.9994838643  0.03212483486
23  13  -1.287360683e-16  -0.002796979289  0.9999960885  -0.002796975643
23  14  -5.42120593e-17  -0.00640714101  0.9999794743  -0.006407097173
23  15  1.568488246e-16  -0.009147279265  0.9999581639  -0.009147151703
23  16  6.652195217e-18  -0.01256352111  0.99992108  -0.0125631906
23  17  1.408240137e-16  -0.01569453533  0.9998768433  -0.01569389103
23  18  -2.093713589e-16  -0.01670391398  0.9998604929  -0.0167031372
23  19  -1.313418202e-16  -0.0103759686  0.9999461701  -0.01037578242
23  20  1.313986235e-16  0.01979355232  0.999804114  0.01979225988
23  21  -1.267985334e-16  0.1412673309  0.9900383537  0.1407979336
23  22  -2.451284174e-17  0.5891945075  0.8313885541  0.555691526
23  23  5.90652685e-17  0.3590310471  0.9362377214  0.3513672281
23  24  -2.517684807e-16  0.0149159231  0.9998887597  0.01491537001
23  25  -1.437190659e-16  0.004333647789  0.9999906098  0.004333634224
23  26  -4.717940841e-17  0.005130961197  0.9999868366  0.005130938683
23  27  -1.479884239e-17  0.008562779195  0.9999633396  0.008562674556
23  28  1.863776567e-16  0.0132148325  0.9999126854  0.01321444788
23  29  3.569899657e-16  0.01625862893  0.9998678314  0.01625791263
23  30  -1.601764415e-16  0.01493848173  0.999888423  0.01493792613
23  31  -1.947561462e-16  0.0106670088  0.999943108  0.01066680651
23  32  2.168504498e-16  0.006588287473  0.9999782973  0.006588239812
23  33  -9.999161846e-17  0.004467419356  0.9999900211  0.004467404496
23  34  -4.422674954e-16  0.008683102556  0.9999623021  0.008682993444
23  35  -1.789089932e-16  0.1876738657  0.9824408891  0.1865741124
23  36  -1.789089932e-16  0.1876738657  0.9824408891  0.1865741124

24  0  1.003840404e-16  0.01020093107  0.999947971  0.01020075415
24  1  5.423385943e-17  0.0343044576  0.9994116598  0.03429772978
24  2  -1.725364468e-16  0.03627108415  0.9993422763  0.03626313168
24  3  9.569882311e-17  0.01061664831  0.9999436439  0.01061644887
24  4  1.894914318e-16  -0.006148412637  0.9999810986  -0.006148373899
24  5  -1.019621715e-16  -0.0118016751  0.999930361  -0.01180140115
24  6  5.387762142e-17  -0.01103111614  0.9999391579  -0.01103089242
24  7  -3.667794693e-17  -0.006387414527  0.9999796005  -0.006387371094
24  8  1.327771823e-16  0.0009031118756  0.9999995922  0.0009031117528
24  9  1.699793351e-16  0.009910009608  0.9999508963  0.009909847402
24  10  -1.774083302e-16  0.02486523942  0.9996908759  0.02486267722
24  11  2.453131305e-16  0.0687681325  0.9976364037  0.06871394392
24  12  2.883623178e-17  0.07342450013  0.9973056322  0.07335854407
24  13  -3.18866818e-16  0.02711802126  0.999632329  0.02711469767
24  14  -9.658065728e-17  0.01336811941  0.999910648  0.01336772125
24  15  2.611088869e-16  0.005617813893  0.9999842201  0.005617784344
24  16  1.211172232e-17  -0.002765764158  0.9999961753  -0.002765760632
24  17  2.361940398e-19  -0.009290238988  0.999956846  -0.00929010535
24  18  -1.327035359e-16  -0.0121923318  0.9999256744  -0.01219202973
24  19  -7.003202376e-17  -0.009103818029  0.9999585605  -0.009103692276
24  20  5.047427343e-17  0.005048157316  0.9999872581  0.005048135875
24  21  -1.268304832e-16  0.03245907465  0.9994732505  0.03245337518
24  22  -2.286510707e-16  0.03911448709  0.999235126  0.03910451403
24  23  1.407928895e-16  0.0149159231  0.9998887597  0.01491537001
24  24  8.412745263e-17  0.004085177789  0.9999916557  0.004085166426
24  25  -1.403893269e-16  0.001997721152  0.9999980046  0.001997719823
24  26  -9.797691081e-18  0.001548207825  0.9999988015  0.001548207206
24  27  -1.539224276e-16  0.003025497249  0.9999954232  0.003025492634
24  28  6.012371825e-17  0.00577425812  0.999983329  0.005774226033
24  29  2.694758554e-16  0.007783914825  0.9999697055  0.007783836222
24  30  -4.479678053e-17  0.008124075847  0.9999669999  0.008123986482
24  31  3.606936341e-17  0.006796819109  0.9999769017  0.006796766777
24  32  -2.527544228e-16  0.004316931024  0.9999906821  0.004316917616
24  33  -2.606839829e-16  0.001982747688  0.9999980344  0.001982746389
24  34  -1.078453356e-16  0.001447334875  0.9999989526  0.00144733437
24  35  2.658543239e-16  0.002787132181  0.9999961159  0.002787128572
24  36  2.658543239e-16  0.002787132181  0.9999961159  0.002787128572

25  0  1.184316142e-16  -0.0005944704987  0.9999998233  -0.0005944704636
25  1  2.13404346e-16  0.003178699491  0.9999949479  0.003178694138
25  2  -1.616570232e-17  0.004963379198  0.9999876825  0.004963358819
25  3  2.350137257e-18  0.005220128597  0.9999863752  0.005220104889
25  4  2.513429422e-16  0.004912265283  0.9999879348  0.004912245527
25  5  -2.473817943e-16  0.005095693744  0.999987017  0.005095671692
25  6  1.066953434e-16  0.006635560033  0.9999779848  0.006635511338
25  7  2.988239125e-17  0.01065681321  0.9999432167  0.0106566115
25  8  -1.045691258e-17  0.01874177446  0.9998243781  0.01874067729
25  9  2.039430552e-16  0.03086775562  0.9995236287  0.03086285396
25  10  -1.941531079e-16  0.03717526616  0.9993090794  0.03716670405
25  11  -3.407550882e-18  0.02486523942  0.9996908759  0.02486267722
25  12  5.442117602e-17  0.01278708335  0.9999182464  0.01278673488
25  13  -7.73965039e-17  0.0124311093  0.9999227348  0.01243078914
25  14  4.873821669e-17  0.02642728892  0.9996508195  0.02642421289
25  15  1.274194121e-16  0.03511442982  0.9993835518  0.03510721411
25  16  1.990522466e-16  0.02591799129  0.9996641477  0.02591508968
25  17  1.320780072e-16  0.01519872163  0.9998845017  0.01519813648
25  18  -1.199766619e-16  0.008991663723  0.9999595753  0.008991542561
25  19  -2.988199415e-16  0.006220355954  0.9999806536  0.00622031584
25  20  3.029473041e-17  0.005400375836  0.999985418  0.005400349586
25  21  4.4160151e-17  0.005492731957  0.999984915  0.005492704337
25  22  -1.994002098e-16  0.005473338178  0.9999850213  0.00547331085
25  23  1.045911496e-16  0.004333647789  0.9999906098  0.004333634224
25  24  3.478593223e-17  0.001997721152  0.9999980046  0.001997719824
25  25  -2.640184189e-17  -0.00267802757  0.9999964141  -0.002678024369
25  26  -1.388232184e-16  -0.01703642895  0.9998548836  -0.01703560485
25  27  1.104255052e-16  -0.026594037  0.9996463994  -0.02659090237
25  28  -2.29733534e-17  -0.01504865756  0.9998867711  -0.01504808957
25  29  5.459764449e-17  -0.007509793527  0.9999718016  -0.007509722939
25  30  -1.526095734e-16  -0.005246102552  0.9999862392  -0.005246078488
25  31  -2.995654658e-16  -0.005784698419  0.9999832687  -0.005784666157
25  32  1.189732932e-16  -0.009464515511  0.9999552118  -0.009464374211
25  33  6.801582246e-17  -0.0183143242  0.9998322975  -0.01831330041
25  34  1.139061795e-16  -0.02553714204  0.9996739449  -0.02553436647
25  35  3.001776806e-16  -0.01169280068  0.99993164  -0.01169253424
25  36  3.001776806e-16  -0.01169280068  0.99993164  -0.01169253424

26  0  -5.5105148e-17  -0.363680505  0.9345939406  -0.3557164125
26  1  -2.568339381e-16  -0.006488485048  0.9999789499  -0.00648843952
26  2  -2.379303684e-16  0.003413344008  0.9999941745  0.00341333738
26  3  7.569562962e-17  0.005889195477  0.9999826587  0.005889161435
26  4  -1.041989156e-16  0.007511536035  0.9999717885  0.007511465398
26  5  -1.194962068e-16  0.009568633791  0.999954221  0.009568487776
26  6  3.948420369e-17  0.0128728413  0.9999171461  0.01287248578
26  7  -2.698299156e-16  0.01826718087  0.9998331597  0.01826616495
26  8  -1.985030672e-16  0.02600212075  0.9996619639  0.0259991908
26  9  3.22850798e-16  0.03323946306  0.9994476199  0.03323334256
26  10  -5.622597363e-17  0.03086775562  0.9995236287  0.03086285396
26  11  -3.116393765e-16  0.009910009608  0.9999508963  0.009909847402
26  12  -2.728848962e-18  -0.00455918763  0.9999896069  -0.004559171836
26  13  4.645235717e-17  -0.006305098716  0.9999801229  -0.00630505694
26  14  1.895877182e-16  -0.0008282190551  0.999999657  -0.0008282189604
26  15  5.030460629e-17  0.02090834278  0.9997814286  0.02090681944
26  16  -7.439786011e-17  0.0341608335  0.9994165755  0.03415418982
26  17  -3.295181379e-16  0.03010286676  0.9995469429  0.03009832052
26  18  -2.912305339e-16  0.02228435888  0.9997517139  0.02228251455
26  19  5.31891913e-17  0.01569981144  0.9998767605  0.01569916649
26  20  -6.313891005e-17  0.01134876878  0.9999356034  0.01134852517
26  21  -2.463530025e-16  0.008673504806  0.9999623854  0.008673396055
26  22  -5.766425937e-17  0.006886849308  0.9999762857  0.006886794869
26  23  1.015239212e-16  0.005130961197  0.9999868366  0.005130938683
26  24  -1.213247742e-16  0.001548207825  0.9999988015  0.001548207206
26  25  -2.087361379e-16  -0.01703642895  0.9998548836  -0.01703560485
26  26  -1.228418717e-16  -0.7066534363  0.7605390285  -0.6492922193
26  27  -6.423829393e-17  -0.7234121728  0.7495514225  -0.6619461195
26  28  7.556773996e-17  -0.05816772448  0.9983087349  -0.05813492843
26  29  3.749953666e-16  -0.01931218167  0.9998135256  -0.01931098125
26  30  1.782921714e-16  -0.01198891333  0.9999281338  -0.01198862613
26  31  2.237350629e-17  -0.0111633177  0.9999376908  -0.01116308584
26  32  2.451126583e-16  -0.01493917689  0.9998884126  -0.01493862121
26  33  -3.311763374e-17  -0.03211401943  0.9994843892  -0.03210849979
26  34  2.583197799e-17  -0.1295269739  0.9916231031  -0.1291650935
26  35  2.21884019e-16  -0.9830906774  0.554453091  -0.8322149782
26  36  2.21884019e-16  -0.9830906774  0.554453091  -0.8322149782

27  0  1.257975906e-17  -0.8153838225  0.6855890255  -0.7279887967
27  1  2.487968225e-16  -0.1125027136  0.9936782417  -0.1122655418
27  2  4.621057516e-17  -0.007110840144  0.9999747181  -0.007110780219
27  3  3.714185627e-16  0.005913419846  0.9999825158  0.005913385382
27  4  -8.627977448e-18  0.009980593805  0.9999501943  0.009980428108
27  5  -2.119644228e-16  0.01342041851  0.9999099475  0.01342001566
27  6  5.81330214e-17  0.01773622631  0.9998427173  0.01773529643
27  7  -4.169594725e-17  0.02289440956  0.9997379345  0.02289240958
27  8  -9.111960216e-17  0.02678807623  0.9996412209  0.02678487249
27  9  1.509073188e-16  0.02600212075  0.9996619639  0.0259991908
27  10  -5.015697737e-17  0.01874177446  0.9998243781  0.01874067729
27  11  2.1679971e-16  0.0009031118756  0.9999995922  0.0009031117529
27  12  4.809939378e-17  -0.007827803339  0.9999693629  -0.007827723399
27  13  2.421459348e-16  -0.00699862061  0.9999755098  -0.006998563477
27  14  -2.277805376e-16  -0.00784069435  0.9999692619  -0.007840614014
27  15  -3.549665518e-17  -0.0065410771  0.9999786072  -0.006541030456
27  16  2.507844173e-17  0.01124387643  0.9999367883  0.01124363952
27  17  -8.116050968e-17  0.02384802038  0.9997156494  0.02384575993
27  18  -1.059054674e-16  0.0267054179  0.9996434315  0.02670224372
27  19  1.412132671e-16  0.02492976376  0.9996892695  0.02492718156
27  20  -1.001592156e-17  0.02038949835  0.9997921414  0.02038808562
27  21  7.040778056e-17  0.01569342141  0.9998768608  0.01569277725
27  22  -1.359803302e-16  0.01191103702  0.9999290644  0.01191075538
27  23  -3.057482134e-17  0.008562779195  0.9999633396  0.008562674556
27  24  -1.922831109e-16  0.003025497249  0.9999954232  0.003025492634
27  25  -3.247957032e-16  -0.026594037  0.9996463994  -0.02659090237
27  26  -4.97821506e-17  -0.7234121728  0.7495514225  -0.6619461195
27  27  -3.237485463e-16  -0.3712397266  0.931878325  -0.3627709848
27  28  -3.252246517e-17  -0.03358205894  0.9994361756  -0.03357574724
27  29  2.466293153e-16  -0.01338256437  0.9999104548  -0.01338216491
27  30  2.812596975e-16  -0.00831656731  0.9999654176  -0.008316471441
27  31  1.7573833e-16  -0.006980931752  0.9999756334  -0.006980875052
27  32  -2.030085471e-16  -0.007534076943  0.999971619  -0.007534005668
27  33  -1.261832334e-16  -0.01070039802  0.9999427513  -0.01070019383
27  34  -2.661813251e-16  -0.02309526862  0.9997333161  -0.02309321553
27  35  1.489412844e-16  -0.2024705536  0.9795727641  -0.201090029
27  36  1.489412844e-16  -0.2024705536  0.9795727641  -0.201090029

28  0  5.81360283e-17  -0.02557531499  0.9996729695  -0.02557252696
28  1  3.654360501e-16  -0.05261012904  0.9986164063  -0.05258586312
28  2  5.482235123e-17  -0.03286375131  0.9994600355  -0.03285783601
28  3  3.32919121e-16  -0.002553739724  0.9999967392  -0.002553736949
28  4  -1.411962493e-16  0.009474976544  0.9999551127  0.009474834775
28  5  -1.780048785e-16  0.01555267265  0.9998790596  0.01555204566
28  6  3.066440608e-16  0.02036488769  0.9997926428  0.02036348007
28  7  -2.395434344e-16  0.02352075268  0.9997233998  0.02351858403
28  8  1.514338854e-16  0.02289440956  0.9997379345  0.02289240958
28  9  5.142555342e-16  0.01826718087  0.9998331597  0.01826616495
28  10  1.468915713e-17  0.01065681321  0.9999432167  0.0106566115
28  11  -1.425160188e-16  -0.006387414527  0.9999796005  -0.006387371094
28  12  -6.481402526e-17  -0.01113400764  0.9999380176  -0.01113377761
28  13  3.701076944e-18  -0.006839740604  0.9999766091  -0.006839687275
28  14  -1.538428783e-16  -0.006235739279  0.9999805578  -0.006235698867
28  15  8.798972432e-17  -0.009185716863  0.9999578116  -0.009185587686
28  16  2.140849674e-16  -0.01219668151  0.9999256214  -0.01219637912
28  17  1.420935938e-17  0.004079173234  0.9999916802  0.004079161921
28  18  -5.699250132e-17  0.01558835008  0.9998785041  0.01558771877
28  19  -4.19607795e-17  0.02082992741  0.9997830649  0.02082842114
28  20  -3.106372784e-17  0.02338541572  0.9997265736  0.02338328429
28  21  2.809791075e-16  0.02212184486  0.999755322  0.02212004058
28  22  -1.038180406e-16  0.0182399469  0.9998336568  0.01823893553
28  23  2.427627704e-16  0.0132148325  0.9999126854  0.01321444788
28  24  2.064654192e-16  0.00577425812  0.999983329  0.005774226033
28  25  -9.225538379e-18  -0.01504865756  0.9998867711  -0.01504808957
28  26  -2.41197376e-17  -0.05816772448  0.9983087349  -0.05813492843
28  27  4.038918854e-17  -0.03358205894  0.9994361756  -0.03357574724
28  28  -2.856162938e-17  -0.01744924948  0.9998477657  -0.01744836401
28  29  -8.947524461e-17  -0.01482940149  0.9998900464  -0.01482885797
28  30  4.947103836e-16  -0.008553180406  0.9999634218  -0.008553076119
28  31  1.428202187e-16  0.013016077  0.9999152921  0.01301570948
28  32  -1.006096702e-16  0.03253320364  0.999470842  0.03252746503
28  33  8.538498903e-17  0.008688257315  0.9999622573  0.008688148009
28  34  2.17211173e-16  -0.01163409778  0.9999323246  -0.01163383534
28  35  5.366153896e-17  -0.01701053107  0.9998553244  -0.01700971072
28  36  5.366153896e-17  -0.01701053107  0.9998553244  -0.01700971072

29  0  -1.882916494e-16  -0.07262366596  0.9973640604  -0.07255984421
29  1  1.357722632e-16  -0.01290739509  0.9999167007  -0.0129070367
29  2  -2.074894524e-17  -0.01684371974  0.9998581479  -0.01684292329
29  3  -1.429741788e-16  -0.01447777151  0.9998951989  -0.01447726574
29  4  -1.995313832e-17  0.0004235432484  0.9999999103  0.0004235432358
29  5  5.952616047e-17  0.01218572149  0.999925755  0.01218541991
29  6  -1.459293501e-16  0.01860837647  0.9998268692  0.01860730256
29  7  -3.010815838e-16  0.02036488769  0.9997926428  0.02036348007
29  8  -3.30736888e-16  0.01773622631  0.9998427173  0.01773529643
29  9  1.73185447e-16  0.0128728413  0.9999171461  0.01287248578
29  10  -1.668475477e-16  0.006635560033  0.9999779848  0.006635511338
29  11  -2.018445174e-16  -0.01103111614  0.9999391579  -0.01103089242
29  12  -2.357736537e-16  -0.01455141056  0.9998941301  -0.01455089703
29  13  1.262202447e-17  -0.006806786963  0.9999768339  -0.006806734401
29  14  -1.131891258e-16  -0.004963621093  0.9999876813  -0.004963600712
29  15  -2.605093179e-16  -0.005695294324  0.9999837819  -0.005695263535
29  16  -2.98243617e-17  -0.01064364513  0.9999433569  -0.01064344417
29  17  -1.886423521e-16  -0.01708739542  0.999854014  -0.0170865639
29  18  -3.204022485e-17  0.0006731465985  0.9999997734  0.0006731465477
29  19  -2.205998956e-16  0.01066487697  0.9999431307  0.0106646748
29  20  5.675524463e-17  0.01549804606  0.9998799077  0.01549742565
29  21  2.313019585e-16  0.01933323586  0.9998131188  0.0193320315
29  22  -7.404028667e-17  0.01997550352  0.9998004963  0.01997417511
29  23  3.682763939e-17  0.01625862893  0.9998678314  0.01625791263
29  24  1.694944348e-16  0.007783914825  0.9999697055  0.007783836222
29  25  -1.048124791e-16  -0.007509793527  0.9999718016  -0.007509722939
29  26  -1.073969127e-16  -0.01931218167  0.9998135256  -0.01931098125
29  27  -1.699763247e-16  -0.01338256437  0.9999104548  -0.01338216492
29  28  -1.01548361e-16  -0.01482940149  0.9998900464  -0.01482885797
29  29  9.588815398e-17  -0.1286755193  0.9917327219  -0.1283207247
29  30  1.143496669e-16  -0.01858844999  0.9998272397  -0.01858737953
29  31  -2.280318096e-16  0.3444210641  0.9412710891  0.3376517983
29  32  3.846869921e-16  1.288072185  0.2789726712  0.9602990413
29  33  8.617459745e-17  0.4662005234  0.8932825795  0.4494955318
29  34  -1.229142443e-17  0.05249846656  0.998622272  0.05247435481
29  35  1.185272763e-16  -0.07400129335  0.9972631536  -0.07393377096
29  36  1.185272763e-16  -0.07400129335  0.9972631536  -0.07393377096

30  0  5.481630227e-17  -0.005853495585  0.9999828683  -0.005853462158
30  1  9.059600608e-17  -0.01401551888  0.9999017842  -0.01401506003
30  2  -3.27556095e-16  -0.007144311369  0.9999744795  -0.007144250593
30  3  -9.657511944e-17  -0.01008688424  0.9999491278  -0.01008671319
30  4  4.492812243e-16  -0.009802412849  0.9999519567  -0.009802255868
30  5  -1.014367257e-16  0.001302300138  0.999999152  0.00130229977
30  6  -2.539882823e-16  0.01218572149  0.999925755  0.01218541991
30  7  3.332534878e-17  0.01555267265  0.9998790596  0.01555204566
30  8  7.983552704e-18  0.01342041851  0.9999099475  0.01342001566
30  9  -9.488819487e-17  0.009568633791  0.999954221  0.009568487776
30  10  -2.078833816e-16  0.005095693744  0.999987017  0.005095671692
30  11  -1.19484498e-16  -0.0118016751  0.999930361  -0.01180140115
30  12  -2.456189564e-16  -0.01689959178  0.9998572053  -0.01689878738
30  13  -3.575549292e-17  -0.00624353905  0.9999805092  -0.006243498486
30  14  -1.436024516e-16  -0.003843238378  0.9999926148  -0.003843228917
30  15  -1.300484487e-16  -0.003604671615  0.9999935032  -0.003604663809
30  16  -7.47956306e-18  -0.004916594418  0.9999879136  -0.00491657461
30  17  7.580197065e-17  -0.01143219902  0.9999346531  -0.01143195
30  18  2.991073663e-16  -0.01945366753  0.9998107834  -0.01945244052
30  19  2.027867664e-16  0.0006485992114  0.9999997897  0.0006485991659
30  20  2.397342587e-16  0.00801614224  0.9999678709  0.008016056389
30  21  3.026224032e-16  0.01167510617  0.9999318467  0.01167484094
30  22  8.209611599e-17  0.01493529217  0.9998884706  0.01493473692
30  23  1.140801209e-16  0.01493848173  0.999888423  0.01493792613
30  24  1.384536912e-16  0.008124075847  0.9999669999  0.008123986482
30  25  -5.788732876e-17  -0.005246102551  0.9999862392  -0.005246078488
30  26  -1.047481897e-16  -0.01198891333  0.9999281338  -0.01198862613
30  27  -3.284584675e-16  -0.00831656731  0.9999654176  -0.008316471441
30  28  -9.722481971e-17  -0.008553180405  0.9999634218  -0.008553076118
30  29  -1.481834737e-16  -0.01858844998  0.9998272397  -0.01858737952
30  30  -7.438943554e-17  0.007620076262  0.9999709674  0.007620002518
30  31  1.309478328e-17  0.00440754605  0.9999902868  0.00440753178
30  32  1.838284064e-17  0.003048443554  0.9999953535  0.003048438832
30  33  -1.332748056e-16  0.002832345239  0.9999959889  0.002832341452
30  34  7.01320565e-17  0.003472685008  0.9999939702  0.003472678028
30  35  3.425532739e-17  0.005856507787  0.9999828507  0.005856474309
30  36  3.425532739e-17  0.005856507787  0.9999828507  0.005856474309

31  0  -1.884737252e-17  -0.001810536148  0.999998361  -0.001810535159
31  1  -6.286533337e-17  0.06378445923  0.997966461  0.0637412173
31  2  -2.19622658e-17  0.2951485164  0.9567589521  0.2908819477
31  3  -1.657991874e-16  -0.002034001313  0.9999979314  -0.00203399991
31  4  -2.447592123e-17  -0.008708143415  0.9999620844  -0.008708033357
31  5  -2.902652169e-16  -0.009802412849  0.9999519567  -0.009802255868
31  6  -1.526764277e-16  0.0004235432484  0.9999999103  0.0004235432357
31  7  -1.964387737e-16  0.009474976544  0.9999551127  0.009474834775
31  8  8.712108477e-17  0.009980593805  0.9999501943  0.009980428108
31  9  -1.101460401e-16  0.007511536035  0.9999717885  0.007511465398
31  10  -1.09175601e-16  0.004912265283  0.9999879348  0.004912245527
31  11  8.454292692e-17  -0.006148412638  0.9999810986  -0.0061483739
31  12  1.77872555e-16  -0.01469423406  0.9998920417  -0.01469370527
31  13  -6.848532436e-17  -0.004398638659  0.999990326  -0.004398624475
31  14  -1.359885585e-16  -0.002339269523  0.9999972639  -0.00233926739
31  15  -2.124303107e-17  -0.001935428256  0.9999981271  -0.001935427047
31  16  -7.931663895e-17  -0.002132643039  0.9999977259  -0.002132641422
31  17  1.640444157e-17  -0.003397326957  0.9999942291  -0.003397320422
31  18  1.431449062e-18  -0.01005107668  0.9999494884  -0.01005090745
31  19  5.870370884e-17  -0.01474613054  0.9998912778  -0.01474559612
31  20  -1.154520108e-16  0.003908686696  0.9999923611  0.003908676744
31  21  1.015191234e-16  0.006632902702  0.9999780024  0.006632854066
31  22  -1.05534383e-16  0.009003755915  0.9999594665  0.009003634263
31  23  -1.018000246e-16  0.0106670088  0.999943108  0.01066680651
31  24  1.599177523e-16  0.006796819109  0.9999769017  0.006796766777
31  25  -3.396437204e-16  -0.005784698419  0.9999832687  -0.005784666157
31  26  -4.336417509e-18  -0.0111633177  0.9999376908  -0.01116308584
31  27  -2.588250047e-17  -0.006980931752  0.9999756334  -0.006980875051
31  28  -1.845466096e-16  0.013016077  0.9999152921  0.01301570948
31  29  -1.404431856e-16  0.3444210641  0.9412710891  0.3376517983
31  30  -9.024009159e-18  0.00440754605  0.9999902868  0.00440753178
31  31  -7.012231843e-17  -0.007714011608  0.9999702472  -0.007713935104
31  32  1.792815189e-16  -0.06361594088  0.9979771884  -0.06357304073
31  33  -3.661575351e-17  -0.09999813581  0.9950043514  -0.09983156177
31  34  4.427124236e-17  -0.09745644704  0.9952548779  -0.09730225064
31  35  2.31255839e-16  -0.04759518429  0.998867563  -0.04757721675
31  36  2.31255839e-16  -0.04759518429  0.998867563  -0.04757721675

32  0  1.046452658e-16  -0.7151794533  0.7549755763  -0.6557529101
32  1  5.016021594e-18  -0.01876615378  0.9998239209  -0.01876505232
32  2  -1.511100958e-16  0.1851396771  0.9829105479  0.1840838254
32  3  -1.721688648e-16  1.136537305  0.4207383152  0.9071820491
32  4  -2.462327989e-16  -0.002034001312  0.9999979314  -0.00203399991
32  5  -6.304498656e-17  -0.01008688424  0.9999491278  -0.01008671319
32  6  -2.928350661e-16  -0.01447777151  0.9998951989  -0.01447726574
32  7  -7.714739152e-17  -0.002553739724  0.9999967392  -0.002553736948
32  8  -2.004621702e-17  0.005913419846  0.9999825158  0.005913385382
32  9  4.709635896e-18  0.005889195477  0.9999826587  0.005889161435
32  10  4.128344637e-18  0.005220128597  0.9999863752  0.005220104889
32  11  -2.461317922e-17  0.01061664831  0.9999436439  0.01061644888
32  12  -1.591694174e-16  0.003301974398  0.9999945485  0.003301968398
32  13  -1.14921182e-16  -0.0005267829275  0.9999998612  -0.0005267829032
32  14  -3.88386661e-18  -0.0002516113556  0.9999999683  -0.000251611353
32  15  -1.240340923e-16  -0.0001729850017  0.999999985  -0.0001729850008
32  16  3.338783517e-16  -0.0001867907027  0.9999999826  -0.0001867907016
32  17  2.630056295e-16  -0.0003050329126  0.9999999535  -0.0003050329079
32  18  -1.348547508e-16  -0.0008095749549  0.9999996723  -0.0008095748665
32  19  3.885718871e-17  -0.003248966749  0.9999947221  -0.003248961033
32  20  4.141831532e-17  0.01012838241  0.9999487084  0.01012820924
32  21  -4.346056901e-17  0.01005764437  0.9999494223  0.0100574748
32  22  -1.044280963e-16  0.005735612615  0.9999835514  0.005735581168
32  23  -2.08005144e-16  0.006588287473  0.9999782973  0.006588239811
32  24  -9.275909338e-17  0.004316931024  0.9999906821  0.004316917615
32  25  -2.038160474e-16  -0.009464515511  0.9999552118  -0.009464374211
32  26  1.76213607e-16  -0.01493917689  0.9998884126  -0.01493862121
32  27  1.333641503e-16  -0.007534076943  0.999971619  -0.007534005668
32  28  -3.032912461e-16  0.03253320364  0.999470842  0.03252746503
32  29  -1.884125223e-16  1.288072185  0.2789726712  0.9602990413
32  30  -1.245069788e-16  0.003048443554  0.9999953535  0.003048438832
32  31  -2.682738019e-16  -0.06361594088  0.9979771884  -0.06357304073
32  32  -1.736104376e-16  -1.34288255  0.2259457438  -0.9741398877
32  33  1.501483162e-16  -0.3320584511  0.945373313  -0.3259897224
32  34  -9.021673795e-17  -0.2305873917  0.9735323149  -0.2285494077
32  35  2.751956711e-16  -0.8060013922  0.6923890534  -0.7215243576
32  36  2.751956711e-16  -0.8060013922  0.6923890534  -0.7215243576

33  0  4.883285434e-17  -0.1376966649  0.9905347838  -0.1372619473
33  1  -1.52799534e-16  -0.2750770184  0.9624042807  -0.2716210606
33  2  1.65059561e-16  -0.02152394086  0.9997683689  -0.02152227896
33  3  2.652978827e-16  0.1851396771  0.9829105479  0.1840838254
33  4  -6.952027047e-17  0.2951485164  0.9567589521  0.2908819477
33  5  9.62165477e-17  -0.007144311369  0.9999744795  -0.007144250593
33  6  -1.026856725e-16  -0.01684371974  0.9998581479  -0.01684292329
33  7  -4.729971057e-17  -0.03286375131  0.9994600355  -0.03285783601
33  8  2.111234396e-17  -0.007110840144  0.9999747181  -0.007110780219
33  9  2.488583667e-16  0.003413344008  0.9999941745  0.00341333738
33  10  1.975549255e-18  0.004963379198  0.9999876825  0.004963358819
33  11  -3.28848653e-17  0.03627108415  0.9993422763  0.03626313168
33  12  -5.188052591e-17  0.07506152006  0.9971842065  0.07499105425
33  13  -1.942327039e-16  0.005816106058  0.9999830865  0.005816073268
33  14  -1.932557179e-16  0.002269954926  0.9999974237  0.002269952977
33  15  -4.794775851e-16  0.001660891563  0.9999986207  0.0016608908
33  16  1.540116889e-16  0.001488486402  0.9999988922  0.001488485853
33  17  4.163856478e-16  0.001513789927  0.9999988542  0.001513789349
33  18  3.583685117e-16  0.00176708027  0.9999984387  0.001767079351
33  19  2.86665185e-16  0.002821497721  0.9999960196  0.002821493977
33  20  -1.666015973e-17  0.01735894756  0.9998493373  0.01735807577
33  21  1.091923532e-17  0.08723877648  0.9961971107  0.08712816195
33  22  1.787449393e-16  0.01412286345  0.999900274  0.01412239397
33  23  -2.500713588e-16  0.004467419356  0.9999900211  0.004467404496
33  24  -2.014897263e-17  0.001982747688  0.9999980344  0.001982746389
33  25  2.676581519e-17  -0.0183143242  0.9998322975  -0.01831330041
33  26  1.052860275e-17  -0.03211401943  0.9994843892  -0.03210849979
33  27  1.734796502e-16  -0.01070039802  0.9999427513  -0.01070019383
33  28  -4.50717874e-17  0.008688257314  0.9999622573  0.008688148008
33  29  1.663510423e-16  0.4662005234  0.8932825796  0.4494955318
33  30  1.398675325e-16  0.002832345239  0.9999959889  0.002832341452
33  31  -2.804186326e-16  -0.09999813581  0.9950043514  -0.09983156177
33  32  1.917663819e-16  -0.3320584511  0.945373313  -0.3259897224
33  33  2.931135225e-16  -0.006273095136  0.9999803242  -0.006273053993
33  34  3.218182571e-17  0.006454180904  0.9999791718  0.006454136094
33  35  -2.529583688e-17  0.001565600424  0.9999987744  0.001565599784
33  36  -2.529583688e-17  0.001565600424  0.9999987744  0.001565599784

34  0  4.521764467e-18  0.0215674917  0.9997674307  0.0215658197
34  1  -1.13223985e-16  -0.03133702509  0.9995090356  -0.03133189646
34  2  6.624345833e-18  -0.2750770184  0.9624042807  -0.2716210606
34  3  -3.289743854e-16  -0.01876615378  0.9998239209  -0.01876505232
34  4  -1.303938722e-16  0.06378445923  0.997966461  0.0637412173
34  5  1.315288274e-16  -0.0140155189  0.9999017842  -0.01401506005
34  6  -7.551022251e-17  -0.01290739509  0.9999167007  -0.0129070367
34  7  4.304179847e-17  -0.05261012904  0.9986164063  -0.05258586312
34  8  -2.081976737e-16  -0.1125027136  0.9936782417  -0.1122655418
34  9  3.048257335e-16  -0.006488485047  0.9999789499  -0.006488439519
34  10  6.888724347e-18  0.003178699491  0.9999949479  0.003178694138
34  11  1.564229848e-16  0.03430445761  0.9994116598  0.03429772978
34  12  1.295128817e-16  0.2885935289  0.9586451111  0.2846042004
34  13  -1.017155958e-16  0.01630676574  0.9998670476  0.01630604306
34  14  1.946338172e-16  0.004967320764  0.9999876629  0.004967300337
34  15  -2.899034971e-16  0.003367238403  0.9999943309  0.00336723204
34  16  1.005929429e-16  0.002872539585  0.9999958743  0.002872535634
34  17  2.748932907e-16  0.002782398244  0.9999961291  0.002782394654
34  18  3.300405866e-16  0.003020933003  0.999995437  0.003020928408
34  19  -4.104809671e-17  0.003839688432  0.9999926284  0.003839678997
34  20  -1.066815781e-16  0.007414169672  0.9999725152  0.007414101747
34  21  4.810941726e-17  0.09090539763  0.995870949  0.09078024548
34  22  -2.047729882e-16  0.2374083775  0.9719507477  0.2351844896
34  23  5.758712069e-17  0.008683102556  0.9999623021  0.008682993444
34  24  -1.297213203e-17  0.001447334875  0.9999989526  0.00144733437
34  25  -3.40662431e-16  -0.02553714204  0.9996739449  -0.02553436647
34  26  -5.476017708e-16  -0.1295269739  0.9916231031  -0.1291650935
34  27  -7.108160418e-17  -0.02309526862  0.9997333161  -0.02309321553
34  28  3.373287361e-17  -0.01163409778  0.9999323246  -0.01163383534
34  29  2.777611167e-17  0.05249846657  0.998622272  0.05247435482
34  30  2.145947684e-16  0.003472685008  0.9999939702  0.003472678028
34  31  -4.700453341e-17  -0.09745644704  0.9952548779  -0.09730225064
34  32  -8.937670605e-17  -0.2305873917  0.9735323149  -0.2285494077
34  33  -7.059875234e-17  0.006454180904  0.9999791718  0.006454136094
34  34  1.198474421e-17  0.03373068742  0.9994311743  0.03372429155
34  35  -7.461282163e-17  0.05635176394  0.9984126595  0.05632194431
34  36  -7.461282163e-17  0.05635176394  0.9984126595  0.05632194431

35  0  -1.896365341e-16  0.3740384454  0.9308593827  0.365377626
35  1  -2.776979501e-17  0.0215674917  0.9997674307  0.0215658197
35  2  1.210033792e-16  -0.1376966649  0.9905347838  -0.1372619473
35  3  -2.778131227e-16  -0.7151794533  0.7549755763  -0.6557529101
35  4  4.715921466e-17  -0.001810536148  0.999998361  -0.001810535159
35  5  1.535788737e-16  -0.005853495578  0.9999828683  -0.005853462151
35  6  2.168444805e-17  -0.07262366596  0.9973640604  -0.07255984421
35  7  8.248310598e-17  -0.02557531499  0.9996729695  -0.02557252696
35  8  -3.688083733e-16  -0.8153838225  0.6855890255  -0.7279887967
35  9  -1.085692919e-16  -0.363680505  0.9345939406  -0.3557164125
35  10  -8.239533554e-17  -0.0005944704985  0.9999998233  -0.0005944704635
35  11  -1.072914927e-16  0.01020093107  0.999947971  0.01020075415
35  12  -3.4531681e-17  0.5588485303  0.847866194  0.5302102574
35  13  -1.295554377e-16  0.05945810745  0.9982328874  0.05942308026
35  14  3.218316153e-17  0.008021589566  0.9999678272  0.008021503541
35  15  1.203057679e-16  0.004769352049  0.9999886267  0.004769333968
35  16  2.780986674e-16  0.003828789021  0.9999926702  0.003828779666
35  17  2.191757529e-16  0.003527637644  0.9999937779  0.003527630327
35  18  1.329845158e-17  0.003617847761  0.9999934556  0.003617839869
35  19  -1.916139494e-16  0.004165230182  0.9999913254  0.004165218138
35  20  8.856398895e-17  0.005788970435  0.999983244  0.005788938102
35  21  9.012202491e-17  0.01495670198  0.9998881506  0.01495614434
35  22  -2.375811266e-16  0.4287870156  0.9094707386  0.4157679348
35  23  2.609446268e-16  0.1876738657  0.9824408891  0.1865741124
35  24  -8.444957589e-17  0.002787132181  0.9999961159  0.002787128572
35  25  1.631482536e-16  -0.01169280068  0.99993164  -0.01169253424
35  26  -2.191866078e-16  -0.9830906774  0.554453091  -0.8322149782
35  27  -7.375570361e-17  -0.2024705536  0.9795727641  -0.201090029
35  28  6.747487102e-17  -0.01701053107  0.9998553244  -0.01700971072
35  29  2.960649929e-16  -0.07400129335  0.9972631536  -0.07393377096
35  30  1.043933218e-16  0.005856507787  0.9999828507  0.005856474309
35  31  -5.059069472e-17  -0.04759518429  0.998867563  -0.04757721675
35  32  -2.423880131e-16  -0.8060013922  0.6923890534  -0.7215243576
35  33  5.149383553e-17  0.001565600424  0.9999987744  0.001565599784
35  34  3.319067643e-16  0.05635176394  0.9984126595  0.05632194431
35  35  7.728164082e-17  0.6691040503  0.7843777234  0.6202834731
35  36  7.728164082e-17  0.6691040503  0.7843777234  0.6202834731

36  0  -1.896365341e-16  0.3740384454  0.7843777234  0.6202834731
36  1  -1.13223985e-16  -0.03133702509  0.7843777234  0.6202834731
36  2  1.65059561e-16  -0.02152394086  0.7843777234  0.6202834731
36  3  -1.721688648e-16  1.136537305  0.7843777234  0.6202834731
36  4  -2.447592123e-17  -0.008708143415  0.7843777234  0.6202834731
36  5  -1.014367257e-16  0.001302300138  0.7843777234  0.6202834731
36  6  -1.459293501e-16  0.01860837647  0.7843777234  0.6202834731
36  7  -2.395434344e-16  0.02352075268  0.7843777234  0.6202834731
36  8  -9.111960216e-17  0.02678807623  0.7843777234  0.6202834731
36  9  3.22850798e-16  0.03323946306  0.7843777234  0.6202834731
36  10  -1.941531079e-16  0.03717526616  0.7843777234  0.6202834731
36  11  2.453131305e-16  0.0687681325  0.7843777234  0.6202834731
36  12  -5.514496801e-17  0.03213036293  0.7843777234  0.6202834731
36  13  -3.063673976e-16  -0.007310978355  0.7843777234  0.6202834731
36  14  5.099127506e-17  -0.005442697604  0.7843777234  0.6202834731
36  15  -2.521419788e-16  -0.002763299585  0.7843777234  0.6202834731
36  16  -7.107050605e-17  0.0006667153635  0.7843777234  0.6202834731
36  17  -2.179264417e-16  0.003339410778  0.7843777234  0.6202834731
36  18  1.334154242e-16  0.003339410778  0.7843777234  0.6202834731
36  19  -5.760370791e-18  0.0006667153634  0.7843777234  0.6202834731
36  20  1.351483461e-16  -0.002763299585  0.7843777234  0.6202834731
36  21  1.298684425e-17  -0.005442697604  0.7843777234  0.6202834731
36  22  3.789015643e-16  -0.007310978355  0.7843777234  0.6202834731
36  23  -9.103377777e-17  0.03213036293  0.7843777234  0.6202834731
36  24  1.326553034e-16  0.0687681325  0.7843777234  0.6202834731
36  25  1.359268476e-16  0.03717526616  0.7843777234  0.6202834731
36  26  -5.887676552e-17  0.03323946306  0.7843777234  0.6202834731
36  27  -1.764355027e-16  0.02678807623  0.7843777234  0.6202834731
36  28  9.194265557e-17  0.02352075268  0.7843777234  0.6202834731
36  29  7.120687816e-18  0.01860837647  0.7843777234  0.6202834731
36  30  -6.261583601e-17  0.001302300138  0.7843777234  0.6202834731
36  31  -1.102832838e-16  -0.008708143415  0.7843777234  0.6202834731
36  32  2.666986657e-16  1.136537305  0.7843777234  0.6202834731
36  33  -3.440224331e-16  -0.02152394086  0.7843777234  0.6202834731
36  34  -1.402811449e-16  -0.03133702509  0.7843777234  0.6202834731
36  35  -8.122834442e-17  0.3740384454  0.7843777234  0.6202834731
36  36  -8.122834442e-17  0.3740384454  0.7843777234  0.6202834731

#Chern no*2pi*Iota= -3.236744918e-15  8.208211888e-12
