#nx  ny  tilde_F(nx,ny).real()  tilde_F(nx,ny).imag()  ArgofLog.real()  ArgofLog.imag()
#Extra momentum point for pm3d corners2color c1
0  0  1.903100107e-16  0.01176615991  0.9999307795  0.01176588842
0  1  7.859575221e-17  0.01103392473  0.9999391269  0.01103370084
0  2  -1.755684505e-17  0.00956008748  0.9999543027  0.009559941857
0  3  1.801405493e-16  0.007631414685  0.9999708809  0.007631340612
0  4  9.941080927e-17  0.005161343707  0.9999866803  0.005161320791
0  5  -1.891413437e-16  0.001026443371  0.9999994732  0.001026443191
0  6  1.474766856e-16  -0.009569520234  0.9999542125  -0.009569374179
0  7  -2.114249915e-16  -0.04563493964  0.9989589068  -0.0456191018
0  8  -2.27211358e-17  -0.1059585852  0.9943916393  -0.1057604264
0  9  -1.993419899e-16  -0.06519675946  0.997875444  -0.06515058153
0  10  -4.080288459e-17  -1.242482631  0.3224472536  -0.9465874332
0  11  -3.419037432e-18  -0.02089484476  0.9997817107  -0.02089332436
0  12  -1.81273031e-16  -0.135596276  0.9908209021  -0.1351811378
0  13  1.66745157e-16  1.332304861  0.2362370599  0.9716954521
0  14  2.594254675e-17  -0.4102023697  0.9170401376  -0.3987949173
0  15  2.056090115e-17  -0.3906941312  0.9246449364  -0.3808303317
0  16  1.979735796e-16  -0.1485420738  0.9889878968  -0.1479964189
0  17  -1.871207921e-16  -0.05336277555  0.9985765449  -0.05333745331
0  18  1.264018372e-17  -0.0463395951  0.9989265131  -0.04632301226
0  19  -2.437260233e-16  -0.07553233394  0.9971487892  -0.07546053408
0  20  -9.028855458e-17  -0.3155736859  0.9506184851  -0.3103618787
0  21  -2.362183518e-16  -0.3005843678  0.9551636335  -0.296078424
0  22  1.523122973e-16  1.792875288  -0.2202580032  0.9754416497
0  23  -1.090256408e-16  -0.8669907004  0.6471237188  -0.7623850028
0  24  -2.576339759e-16  -0.02426335611  0.9997056592  -0.0242609755
0  25  -2.825845654e-16  -1.189607319  0.3720243966  -0.9282229518
0  26  2.445760363e-16  -0.0896382349  0.9959851828  -0.08951824238
0  27  -5.38008216e-18  -0.0978378283  0.9952176963  -0.09768181511
0  28  -3.787523217e-16  -0.07931943043  0.996855863  -0.07923628261
0  29  -1.46769778e-16  -0.02218547738  0.9997539124  -0.02218365749
0  30  5.799873647e-17  -0.002838192832  0.9999959723  -0.002838189022
0  31  -4.385095373e-17  0.003448889009  0.9999940526  0.003448882171
0  32  -1.443693907e-17  0.006499310232  0.9999788796  0.006499264476
0  33  -4.883478483e-17  0.008649038899  0.9999625973  0.008648931066
0  34  7.376394686e-17  0.0103725032  0.9999462061  0.01037231721
0  35  -2.65854243e-16  0.01151594628  0.9999336922  0.01151569174
0  36  -2.65854243e-16  0.01151594628  0.9999336922  0.01151569174

1  0  -1.197777772e-16  0.01103392473  0.9999391269  0.01103370084
1  1  -1.702708076e-17  0.01080211682  0.9999416577  0.01080190674
1  2  -6.292417213e-17  0.009757752726  0.9999523935  0.009757597882
1  3  -1.516520743e-16  0.008170904987  0.9999666183  0.008170814067
1  4  -6.52601567e-17  0.006132532768  0.9999811961  0.00613249433
1  5  -1.023359138e-16  0.003076797332  0.9999952667  0.003076792478
1  6  -4.696410565e-16  -0.003532248068  0.9999937616  -0.003532240723
1  7  -4.297494359e-16  -0.02380341617  0.9997167121  -0.02380116839
1  8  -1.122068178e-16  -0.07816631032  0.9969465691  -0.07808673564
1  9  3.488229693e-17  -0.08789896787  0.9961393724  -0.08778582367
1  10  2.386111428e-16  0.1067447643  0.9943081853  0.1065421635
1  11  -1.629096717e-16  0.01844649025  0.9998298683  0.01844544413
1  12  -3.21086749e-17  -0.1010579045  0.9948979943  -0.10088598
1  13  3.330942565e-16  -0.3759876055  0.9301454354  -0.3671913247
1  14  3.06502369e-16  0.07562417204  0.9971418548  0.07555211002
1  15  1.747469162e-16  -0.1843109786  0.9830627604  -0.1832692258
1  16  -2.250019864e-16  -0.1924086593  0.9815464902  -0.1912236585
1  17  -3.266564718e-16  -0.06528508523  0.9978696856  -0.06523871939
1  18  -1.212903281e-16  -0.03428143534  0.9994124491  -0.03427472105
1  19  -1.467813468e-16  -0.04142728623  0.9991420127  -0.04141543752
1  20  -2.589140552e-17  -0.1265771998  0.9919997963  -0.1262394716
1  21  -1.46275026e-16  -0.1757911646  0.9845884825  -0.1748871638
1  22  1.199351616e-16  -0.04244793925  0.9990992215  -0.04243519309
1  23  -1.730991765e-16  -0.1494547277  0.9888524154  -0.1488989608
1  24  1.748923412e-17  -0.301931853  0.9547638052  -0.2973652238
1  25  9.680174851e-17  -0.02500359037  0.9996874265  -0.02500098516
1  26  1.744003095e-16  0.1355417425  0.9908282725  0.1351271046
1  27  2.592463657e-16  -0.04753744387  0.9988703085  -0.04751954164
1  28  2.093278568e-16  -0.09692387753  0.995306557  -0.09677219447
1  29  6.499200378e-17  -0.04598928057  0.9989426794  -0.04597307096
1  30  -2.395785243e-16  -0.01070859945  0.9999426635  -0.01070839478
1  31  -1.399109901e-16  0.0005100873928  0.9999998699  0.0005100873706
1  32  2.244833045e-17  0.004808894675  0.9999884373  0.00480887614
1  33  1.036926818e-16  0.007227579421  0.9999738812  0.007227516496
1  34  -3.770223606e-17  0.009027432596  0.999959253  0.009027309982
1  35  -1.042215993e-16  0.0103725032  0.9999462061  0.01037231721
1  36  -1.042215993e-16  0.0103725032  0.9999462061  0.01037231721

2  0  6.478991336e-17  0.00956008748  0.9999543027  0.009559941857
2  1  -2.941258408e-18  0.009757752726  0.9999523935  0.009757597882
2  2  1.717771547e-16  0.009177285374  0.999957889  0.009177156552
2  3  -4.54620691e-19  0.007990176535  0.9999680787  0.007990091516
2  4  -3.590634705e-16  0.00634380363  0.9999798781  0.00634376108
2  5  -3.895477191e-16  0.003940128079  0.9999922377  0.003940117884
2  6  -1.262886293e-16  -0.0007683460542  0.9999997048  -0.0007683459786
2  7  -3.229474225e-18  -0.01346563281  0.9999093397  -0.01346522588
2  8  -6.598815895e-17  -0.04969277279  0.9987655682  -0.04967232367
2  9  -1.753184023e-16  -0.08709722227  0.9962094341  -0.08698714518
2  10  2.491957929e-16  0.06679202539  0.9977702418  0.06674237465
2  11  -1.42260753e-16  0.0874820022  0.9961758894  0.08737046013
2  12  1.587277991e-16  -0.1412504026  0.9900407371  -0.1407811739
2  13  1.944683814e-17  -0.1925849266  0.9815127685  -0.19139667
2  14  -5.767011259e-17  -0.007744647194  0.9999700104  -0.007744569774
2  15  -6.191719998e-17  -0.01454863522  0.9998941705  -0.01454812199
2  16  1.171041574e-16  -0.1153735264  0.9933518541  -0.1151177396
2  17  -4.469739583e-17  -0.08010294494  0.9967934742  -0.08001730924
2  18  -1.467066549e-16  -0.03543944874  0.9993720885  -0.03543203082
2  19  2.216577148e-16  -0.0264483559  0.9996502626  -0.0264452725
2  20  -1.218426578e-16  -0.05592213588  0.9984367648  -0.05589299303
2  21  -2.588500421e-16  -0.07908068584  0.9968747518  -0.07899828641
2  22  5.183103855e-17  -0.08450607328  0.9964314862  -0.08440552898
2  23  1.831262009e-16  -0.01071232495  0.9999426236  -0.01071212007
2  24  1.645667877e-17  -0.1047489617  0.994518842  -0.1045575098
2  25  2.81079188e-16  -0.1958417975  0.9808842098  -0.1945923097
2  26  1.846555503e-16  -0.02960797173  0.999561716  -0.02960364603
2  27  -1.256582684e-16  0.1550092936  0.988010096  0.1543892814
2  28  2.167733216e-16  -0.05995574792  0.9982031925  -0.05991983397
2  29  3.717435556e-16  -0.07248134174  0.9973743773  -0.07241789441
2  30  5.781737156e-17  -0.02716042688  0.9996311783  -0.02715708768
2  31  4.054150038e-18  -0.005521248156  0.9999847579  -0.005521220104
2  32  -1.49175641e-16  0.002017580785  0.9999979647  0.002017579416
2  33  2.331530601e-17  0.005274112857  0.9999860919  0.005274088406
2  34  -1.167914435e-16  0.007227579421  0.9999738812  0.007227516496
2  35  9.504771161e-17  0.008649038899  0.9999625973  0.008648931066
2  36  9.504771161e-17  0.008649038899  0.9999625973  0.008648931066

3  0  1.017978378e-16  0.007631414685  0.9999708809  0.007631340612
3  1  -9.124893873e-17  0.008170904987  0.9999666183  0.008170814067
3  2  -1.171423643e-16  0.007990176535  0.9999680787  0.007990091516
3  3  -7.545577582e-17  0.007142036948  0.9999744958  0.00714197623
3  4  -2.815553376e-16  0.005763025429  0.9999833938  0.005762993529
3  5  -5.636862661e-17  0.003686180758  0.999993206  0.00368617241
3  6  -9.900454799e-17  -0.0001984676461  0.9999999803  -0.0001984676448
3  7  9.082108397e-19  -0.009686408207  0.9999530871  -0.009686256734
3  8  -1.656287498e-16  -0.03477668508  0.999395352  -0.03476967558
3  9  6.578026804e-17  -0.07247348314  0.9973749464  -0.07241005644
3  10  -1.620445251e-17  0.08755590745  0.9961694296  0.08744408252
3  11  2.891388474e-18  0.1359466614  0.9907734758  0.1355282986
3  12  5.458307925e-17  -0.1883504373  0.9823144335  -0.1872387612
3  13  2.324286216e-16  -0.06008198468  0.9981956205  -0.06004584343
3  14  1.69166186e-16  -0.009529331618  0.9999545963  -0.009529187396
3  15  2.139644717e-17  -0.003478736639  0.9999939492  -0.003478729622
3  16  -5.285212813e-17  -0.1183314497  0.9930069996  -0.1180554902
3  17  -2.652584122e-16  -0.08887968051  0.9960528007  -0.08876270777
3  18  -2.65994776e-16  -0.04035360234  0.9991859039  -0.04034265117
3  19  -6.920207904e-17  -0.02988572573  0.9995534549  -0.02988127716
3  20  4.099947104e-17  -0.03566494595  0.9993640732  -0.03565738553
3  21  -2.052924828e-16  -0.03559878338  0.9993664302  -0.03559126496
3  22  1.159734945e-16  -0.1492808345  0.988878293  -0.1487270039
3  23  2.486480859e-16  -0.04672735723  0.9989084757  -0.04671035464
3  24  2.564233269e-16  -0.007281704184  0.9999734885  -0.007281639834
3  25  3.718398906e-16  -0.03052340496  0.999534197  -0.03051866552
3  26  1.285127575e-17  -0.1356935274  0.9908077508  -0.1352774958
3  27  -8.742351119e-17  -0.07155587188  0.9974409708  -0.0714948236
3  28  -2.972940774e-16  0.2089137711  0.9782567729  0.2073974116
3  29  5.2841353e-17  -0.04190795046  0.9991219904  -0.04189568455
3  30  6.5037413e-17  -0.05276177206  0.9986084206  -0.05273729572
3  31  3.893463687e-17  -0.01943277679  0.9998111895  -0.01943155374
3  32  -2.066382569e-17  -0.003983276095  0.9999920668  -0.003983265561
3  33  2.578311798e-16  0.002017580785  0.9999979647  0.002017579416
3  34  1.538334943e-16  0.004808894675  0.9999884373  0.00480887614
3  35  -3.245844639e-16  0.006499310232  0.9999788796  0.006499264476
3  36  -3.245844639e-16  0.006499310232  0.9999788796  0.006499264476

4  0  4.793734276e-17  0.005161343707  0.9999866803  0.005161320791
4  1  1.288974495e-16  0.006132532768  0.9999811961  0.00613249433
4  2  3.388219241e-16  0.00634380363  0.9999798781  0.00634376108
4  3  1.088834182e-16  0.005763025429  0.9999833938  0.005762993529
4  4  4.279929164e-17  0.004466103897  0.999990027  0.00446608905
4  5  3.579623712e-17  0.002318473389  0.9999973123  0.002318471312
4  6  2.235602137e-16  -0.001666456021  0.9999986115  -0.00166645525
4  7  -7.005044452e-18  -0.01065450186  0.9999432413  -0.01065430028
4  8  -6.869585312e-17  -0.03171498281  0.9994971221  -0.03170966638
4  9  2.734365848e-16  -0.06292093136  0.9980211312  -0.06287942179
4  10  1.223866647e-16  0.3039848635  0.9541512996  0.2993247358
4  11  9.851934528e-17  0.2713380123  0.9634131438  0.2680207348
4  12  5.288511671e-17  -0.3128883752  0.9514484748  -0.3078080568
4  13  -1.010463381e-16  -0.01781707436  0.9998412801  -0.01781613171
4  14  -3.951915871e-17  -0.002748471333  0.999996223  -0.002748467873
4  15  1.566951496e-16  -0.003398620714  0.9999942247  -0.003398614171
4  16  3.162087174e-17  -0.01397272383  0.9999023831  -0.01397226917
4  17  -1.31712489e-16  -0.2591938854  0.9665969005  -0.2563014474
4  18  -1.461469595e-16  -0.09018109742  0.9959364399  -0.09005891219
4  19  -1.124189685e-16  -0.03328089718  0.9994462421  -0.03327475376
4  20  -7.409700281e-17  -0.04403075092  0.9990308031  -0.04401652517
4  21  -2.698352814e-17  -0.0221867961  0.9997538831  -0.02218497589
4  22  3.5602741e-16  -0.2585770387  0.9667548153  -0.2557051566
4  23  1.220328305e-16  -0.09830067264  0.9951723782  -0.09814243551
4  24  3.643247768e-16  -0.005017828136  0.9999874107  -0.005017807079
4  25  2.010276652e-17  -0.003035966289  0.9999953915  -0.003035961625
4  26  2.587016305e-17  -0.007614619564  0.9999710089  -0.007614545978
4  27  1.089133141e-16  -0.1173700359  0.9931200408  -0.1171007452
4  28  -2.306294334e-16  -0.2174998608  0.9764400032  -0.2157890641
4  29  -1.9941344e-16  0.5244419094  0.8656035291  0.5007299975
4  30  -9.871426698e-18  0.02606850488  0.9996602358  0.02606555243
4  31  -1.43509119e-17  -0.04598602998  0.9989428288  -0.0459698238
4  32  1.915340898e-16  -0.01943277679  0.9998111895  -0.01943155374
4  33  3.953595547e-16  -0.005521248156  0.9999847579  -0.005521220104
4  34  1.621910643e-16  0.0005100873927  0.9999998699  0.0005100873706
4  35  1.77365981e-16  0.003448889008  0.9999940526  0.003448882171
4  36  1.77365981e-16  0.003448889008  0.9999940526  0.003448882171

5  0  -1.918701056e-16  0.001026443371  0.9999994732  0.001026443191
5  1  -1.978472525e-16  0.003076797332  0.9999952667  0.003076792478
5  2  2.24140575e-17  0.003940128079  0.9999922377  0.003940117884
5  3  -5.874098233e-17  0.003686180758  0.999993206  0.00368617241
5  4  -3.701837115e-17  0.002318473389  0.9999973123  0.002318471312
5  5  2.2093135e-16  -0.0003787873779  0.9999999283  -0.0003787873689
5  6  4.035651678e-16  -0.005588498276  0.9999843844  -0.005588469187
5  7  5.352288725e-17  -0.01678719206  0.9998590984  -0.0167864036
5  8  1.4941073e-16  -0.03969320422  0.9992123282  -0.03968278193
5  9  -1.940126202e-16  -0.06663497117  0.9977807117  -0.0665856698
5  10  1.390203106e-16  0.6835765849  0.7753188186  0.6315700512
5  11  1.747280894e-16  0.5060373438  0.874672129  0.4847150367
5  12  -1.261994152e-16  -0.6797314418  0.7777415582  -0.6285841778
5  13  2.431814124e-16  -0.003226031094  0.9999947964  -0.003226025498
5  14  3.055365812e-16  0.001156568227  0.9999993312  0.001156567969
5  15  2.415537614e-16  -0.001584763778  0.9999987443  -0.001584763115
5  16  2.261778863e-16  -0.004761934281  0.999988662  -0.004761916284
5  17  -1.680982031e-16  -0.02386086044  0.9997153432  -0.02385859634
5  18  -1.248808141e-16  -0.3720291894  0.9315916404  -0.363506555
5  19  1.032823926e-16  -0.09007073999  0.9959463725  -0.08994900266
5  20  1.566086416e-17  -0.05016681008  0.9987419095  -0.05014577019
5  21  1.928794506e-16  -0.0311245143  0.9995156714  -0.03111948931
5  22  -5.164322809e-17  -0.3426004565  0.9418842602  -0.3359375543
5  23  -3.021246105e-16  -0.1370061011  0.9906293357  -0.1365778871
5  24  -9.106702693e-17  -0.007147939746  0.9999744536  -0.007147878878
5  25  -3.200070914e-17  -0.003082102213  0.9999952503  -0.003082097333
5  26  -3.182288313e-17  -0.0002019534951  0.9999999796  -0.0002019534937
5  27  -1.027622134e-16  0.0006986027451  0.999999756  0.0006986026883
5  28  6.013867427e-17  -0.1573135006  0.9876517286  -0.1566654494
5  29  5.911780282e-17  -0.5931164424  0.8292027797  -0.5589478957
5  30  2.705753018e-17  1.1957085  0.3663542509  0.9304754499
5  31  -3.373223044e-16  0.02606850487  0.9996602358  0.02606555242
5  32  1.590634867e-16  -0.05276177206  0.9986084206  -0.05273729572
5  33  7.260334743e-17  -0.02716042688  0.9996311783  -0.02715708768
5  34  1.214484068e-16  -0.01070859945  0.9999426635  -0.01070839478
5  35  1.05500413e-16  -0.002838192833  0.9999959723  -0.002838189022
5  36  1.05500413e-16  -0.002838192833  0.9999959723  -0.002838189022

6  0  2.212213759e-16  -0.009569520234  0.9999542125  -0.009569374179
6  1  -1.478427732e-16  -0.003532248068  0.9999937616  -0.003532240723
6  2  2.080097496e-16  -0.0007683460542  0.9999997048  -0.0007683459786
6  3  -1.004539637e-18  -0.0001984676461  0.9999999803  -0.0001984676448
6  4  2.782255236e-17  -0.001666456021  0.9999986115  -0.00166645525
6  5  3.004852706e-17  -0.005588498276  0.9999843844  -0.005588469187
6  6  2.232870267e-16  -0.01384144218  0.9999042088  -0.01384100022
6  7  3.438532475e-16  -0.03129927215  0.9995102178  -0.03129416204
6  8  -6.637768784e-17  -0.06150540238  0.9981091389  -0.06146663143
6  9  -1.744173805e-16  -0.08219348424  0.9966240168  -0.0821009688
6  10  8.957031347e-17  0.2418469202  0.9708973007  0.2394962037
6  11  1.351950612e-16  0.2143624743  0.9771122101  0.2127245374
6  12  -3.603615546e-16  -0.7626433609  0.7230124125  -0.6908350392
6  13  -9.641066248e-17  0.001363678041  0.9999990702  0.001363677618
6  14  2.06961298e-16  0.003219707451  0.9999948167  0.003219701888
6  15  6.236983514e-17  -0.0001594524227  0.9999999873  -0.000159452422
6  16  1.785991012e-16  -0.003441866488  0.9999940768  -0.003441859692
6  17  2.634617278e-16  -0.006853559339  0.9999765145  -0.006853505686
6  18  3.532587142e-18  -0.02824731979  0.999601071  -0.02824356347
6  19  -1.278894322e-17  -0.3286922194  0.9464653116  -0.3228055358
6  20  -2.040157006e-17  -0.07172371551  0.9974289568  -0.07166223671
6  21  2.522719372e-16  -0.03694936218  0.99931745  -0.0369409552
6  22  2.995012385e-16  -0.2804835901  0.9609216831  -0.2768203731
6  23  2.293677603e-16  -0.1373774336  0.9905785516  -0.1369457306
6  24  7.371661256e-17  -0.00885426682  0.9999608012  -0.008854151128
6  25  1.293321462e-16  -0.005072556051  0.9999871346  -0.005072534298
6  26  -2.502792632e-16  -0.001761181416  0.9999984491  -0.001761180506
6  27  -9.046963415e-17  0.001545274739  0.9999988061  0.001545274124
6  28  8.898100247e-17  0.004027083438  0.9999918913  0.004027072553
6  29  1.496172528e-16  -0.2379801772  0.9718161103  -0.2357402123
6  30  4.096907658e-17  -0.5931164424  0.8292027797  -0.5589478957
6  31  -1.217976896e-16  0.5244419094  0.8656035291  0.5007299975
6  32  1.034074521e-16  -0.04190795046  0.9991219904  -0.04189568455
6  33  -3.065458835e-18  -0.07248134174  0.9973743773  -0.07241789441
6  34  1.288339873e-16  -0.04598928057  0.9989426794  -0.04597307096
6  35  -1.159850676e-16  -0.02218547738  0.9997539124  -0.02218365749
6  36  -1.159850676e-16  -0.02218547738  0.9997539124  -0.02218365749

7  0  -2.902553707e-16  -0.04563493964  0.9989589068  -0.0456191018
7  1  -3.231726518e-16  -0.02380341617  0.9997167121  -0.02380116839
7  2  7.617328331e-17  -0.01346563281  0.9999093397  -0.01346522588
7  3  2.784417587e-16  -0.009686408207  0.9999530871  -0.009686256734
7  4  1.796234963e-17  -0.01065450186  0.9999432413  -0.01065430028
7  5  6.120630196e-17  -0.01678719206  0.9998590984  -0.0167864036
7  6  2.5821513e-16  -0.03129927215  0.9995102178  -0.03129416204
7  7  3.057990657e-16  -0.06074036669  0.998155871  -0.06070302441
7  8  -5.040477975e-17  -0.09716079269  0.9952836023  -0.09700799496
7  9  -4.270417932e-17  -0.09487885012  0.9955023774  -0.09473656434
7  10  1.049300207e-16  0.07441184801  0.9972327157  0.07434319576
7  11  -6.011232905e-17  0.1101008867  0.9939450177  0.1098785773
7  12  -2.202916497e-16  -0.3610903982  0.9355121482  -0.3532945238
7  13  -1.680485432e-16  -0.0008815644422  0.9999996114  -0.000881564328
7  14  -1.849296456e-16  0.003585297383  0.9999935728  0.003585289702
7  15  2.145912019e-16  0.0005026254136  0.9999998737  0.0005026253924
7  16  1.726420097e-16  -0.002565578959  0.9999967089  -0.002565576144
7  17  -1.995065766e-16  -0.005536508232  0.9999846736  -0.005536479947
7  18  1.179625008e-16  -0.00701784372  0.999975375  -0.007017786115
7  19  6.227595959e-17  -0.02520908539  0.9996822678  -0.02520641542
7  20  -3.382505393e-16  -0.2160649448  0.976748637  -0.214387733
7  21  -4.675864927e-16  -0.03968786637  0.99921254  -0.03967744829
7  22  1.315791385e-16  -0.1671176474  0.9860683153  -0.1663408475
7  23  4.686142787e-17  -0.114451906  0.9934575271  -0.1142021975
7  24  1.375283244e-16  -0.006506456224  0.9999788331  -0.006506410317
7  25  5.026057596e-17  -0.006453480454  0.9999791764  -0.006453435659
7  26  -1.550539056e-16  -0.004039587292  0.9999918409  -0.004039576305
7  27  1.168064941e-16  -0.0009907446229  0.9999995092  -0.0009907444608
7  28  -6.90301789e-17  0.002153255204  0.9999976817  0.00215325354
7  29  -2.286553366e-18  0.004027083438  0.9999918913  0.004027072553
7  30  5.119943393e-18  -0.1573135006  0.9876517286  -0.1566654493
7  31  -2.304552854e-16  -0.2174998607  0.9764400032  -0.2157890641
7  32  -2.285058482e-17  0.2089137711  0.9782567729  0.2073974116
7  33  -3.199406103e-17  -0.05995574793  0.9982031925  -0.05991983398
7  34  2.90908122e-16  -0.09692387753  0.995306557  -0.09677219447
7  35  -2.350129787e-16  -0.07931943043  0.996855863  -0.07923628261
7  36  -2.350129787e-16  -0.07931943043  0.996855863  -0.07923628261

8  0  -9.907643056e-18  -0.1059585852  0.9943916393  -0.1057604264
8  1  -8.309654325e-17  -0.07816631032  0.9969465691  -0.07808673564
8  2  6.781785532e-17  -0.04969277279  0.9987655682  -0.04967232367
8  3  2.278799056e-16  -0.03477668508  0.999395352  -0.03476967558
8  4  4.56364244e-17  -0.03171498281  0.9994971221  -0.03170966638
8  5  -1.35459978e-16  -0.03969320422  0.9992123282  -0.03968278193
8  6  1.61830214e-16  -0.06150540238  0.9981091389  -0.06146663143
8  7  3.181659798e-16  -0.09716079269  0.9952836023  -0.09700799496
8  8  2.277612715e-16  -0.1140186762  0.9935069096  -0.1137717914
8  9  2.436154663e-16  -0.08001512613  0.9968004974  -0.07992977171
8  10  3.365259041e-16  0.0722304472  0.9973925152  0.07216765635
8  11  1.993107138e-16  0.08966200648  0.9959830545  0.0895419185
8  12  8.723556965e-17  -0.192790161  0.9814734666  -0.1915981062
8  13  1.571067662e-16  -0.01148458931  0.9999340528  -0.01148433685
8  14  -1.473593401e-16  0.00223569341  0.9999975008  0.002235691548
8  15  -4.005121911e-17  0.000260234881  0.9999999661  0.000260234878
8  16  6.497619707e-17  -0.002371372676  0.9999971883  -0.002371370454
8  17  -2.102744752e-16  -0.004926749265  0.9999878636  -0.004926729334
8  18  -2.106374323e-16  -0.0057932606  0.9999832191  -0.005793228195
8  19  1.847889636e-17  8.550884368e-05  0.9999999963  8.550884358e-05
8  20  -1.598330092e-16  -0.01392782894  0.9999030094  -0.01392737865
8  21  -4.064585104e-16  -0.1080686539  0.9941662639  -0.1078584241
8  22  -1.010684995e-16  -0.0870589895  0.9962127591  -0.08694905727
8  23  -1.119755296e-16  -0.08187021138  0.9966505058  -0.08177878302
8  24  -7.374423413e-17  0.006602136014  0.999978206  0.006602088051
8  25  -2.049967156e-16  -0.003520948107  0.9999938015  -0.003520940832
8  26  -2.226064011e-16  -0.005628149034  0.999984162  -0.005628119321
8  27  3.470947812e-17  -0.003648529912  0.9999933441  -0.003648521817
8  28  -9.93904499e-17  -0.0009907446229  0.9999995092  -0.0009907444608
8  29  -2.563266343e-16  0.001545274739  0.9999988061  0.001545274124
8  30  -1.501516661e-16  0.000698602745  0.999999756  0.0006986026882
8  31  8.994559724e-18  -0.1173700359  0.9931200408  -0.1171007452
8  32  5.316713152e-18  -0.07155587187  0.9974409708  -0.0714948236
8  33  -3.014232569e-16  0.1550092936  0.988010096  0.1543892814
8  34  -3.649837674e-16  -0.04753744387  0.9988703085  -0.04751954164
8  35  -3.760110099e-17  -0.0978378283  0.9952176963  -0.09768181512
8  36  -3.760110099e-17  -0.0978378283  0.9952176963  -0.09768181512

9  0  -1.596261556e-16  -0.06519675946  0.997875444  -0.06515058153
9  1  7.031876719e-18  -0.08789896787  0.9961393724  -0.08778582367
9  2  1.349768357e-16  -0.08709722227  0.9962094341  -0.08698714518
9  3  5.06651336e-16  -0.07247348314  0.9973749464  -0.07241005644
9  4  6.506054394e-18  -0.06292093136  0.9980211312  -0.06287942179
9  5  -4.661660584e-16  -0.06663497117  0.9977807117  -0.0665856698
9  6  1.574777421e-16  -0.08219348424  0.9966240168  -0.0821009688
9  7  2.207698061e-16  -0.09487885012  0.9955023774  -0.09473656434
9  8  4.680750444e-18  -0.08001512613  0.9968004974  -0.07992977171
9  9  1.135848141e-16  -0.04873653854  0.99881261  -0.04871724726
9  10  -1.739439995e-16  0.04982560662  0.9987589612  0.04980499307
9  11  -1.090377832e-16  0.03350013404  0.999438923  0.03349386842
9  12  2.273388029e-16  -0.1442225329  0.9896179449  -0.1437230778
9  13  -1.47414935e-16  -0.04058028965  0.999176733  -0.0405691529
9  14  4.870029071e-17  -0.0008241690276  0.9999996604  -0.0008241689343
9  15  6.602296916e-17  -0.0008275554735  0.9999996576  -0.000827555379
9  16  3.042343384e-16  -0.002916328448  0.9999957475  -0.002916324314
9  17  1.498025539e-17  -0.005123600362  0.9999868744  -0.005123577945
9  18  5.233914104e-17  -0.005588160931  0.9999843863  -0.005588131847
9  19  -5.995076435e-17  0.00140456982  0.9999990136  0.001404569358
9  20  2.789265496e-16  0.02159020748  0.9997669405  0.02158853019
9  21  -6.839524542e-17  -0.03074907575  0.9995272844  -0.03074423041
9  22  -1.14136447e-16  0.03355051408  0.9994372343  0.03354422015
9  23  -1.256257573e-16  -0.03787319236  0.9992828964  -0.03786413893
9  24  -1.679144398e-16  0.02083607505  0.9997829368  0.02083456744
9  25  1.833432956e-16  0.01148867989  0.9999340058  0.01148842716
9  26  4.135632672e-17  -0.00308325447  0.9999952468  -0.003083249585
9  27  -1.172444629e-16  -0.005628149034  0.999984162  -0.005628119321
9  28  -2.033826587e-18  -0.004039587291  0.9999918409  -0.004039576305
9  29  1.83414971e-16  -0.001761181416  0.9999984491  -0.001761180506
9  30  -2.992968108e-17  -0.0002019534951  0.9999999796  -0.0002019534937
9  31  1.045635529e-16  -0.007614619564  0.9999710089  -0.007614545979
9  32  -1.586450439e-16  -0.1356935274  0.9908077508  -0.1352774958
9  33  -2.930858981e-17  -0.02960797172  0.999561716  -0.02960364603
9  34  -1.072629445e-16  0.1355417425  0.9908282725  0.1351271046
9  35  -1.972388677e-16  -0.08963823489  0.9959851828  -0.08951824237
9  36  -1.972388677e-16  -0.08963823489  0.9959851828  -0.08951824237

10  0  2.316309995e-16  -1.242482631  0.3224472536  -0.9465874332
10  1  1.934028486e-16  0.1067447643  0.9943081853  0.1065421635
10  2  -4.918881826e-18  0.06679202539  0.9977702418  0.06674237465
10  3  -1.406266747e-17  0.08755590745  0.9961694296  0.08744408252
10  4  -2.055783159e-16  0.3039848635  0.9541512996  0.2993247358
10  5  -1.878476891e-16  0.6835765849  0.7753188186  0.6315700512
10  6  -9.914488864e-17  0.2418469202  0.9708973007  0.2394962037
10  7  2.813088053e-16  0.07441184802  0.9972327157  0.07434319576
10  8  2.829903229e-16  0.0722304472  0.9973925152  0.07216765635
10  9  1.266103499e-16  0.04982560662  0.9987589612  0.04980499307
10  10  -1.160666578e-16  -2.35442533  -0.7058546901  -0.7083566591
10  11  -2.106748281e-16  -0.01439433391  0.9998964034  -0.01439383684
10  12  -2.635319287e-17  -0.1215923775  0.9926167502  -0.121292981
10  13  1.248014783e-16  -0.123202385  0.9924201812  -0.1228909435
10  14  7.006125407e-17  -0.006155561696  0.9999810546  -0.006155522822
10  15  3.41726773e-17  -0.002494474266  0.9999968888  -0.002494471679
10  16  1.765753631e-16  -0.00400557898  0.9999919777  -0.004005568268
10  17  1.498006622e-16  -0.006043938952  0.9999817355  -0.006043902155
10  18  1.956960846e-16  -0.006205684151  0.9999807448  -0.00620564432
10  19  -3.407511949e-17  0.001171975853  0.9999993132  0.001171975584
10  20  8.521817925e-17  0.02384390171  0.9997157476  0.02384164244
10  21  -2.292751133e-16  -0.03489376959  0.9993912742  -0.03488668905
10  22  4.562780092e-17  -0.5436017735  0.8558513206  -0.5172219225
10  23  3.612132821e-16  0.02843949117  0.9995956249  0.02843565765
10  24  -1.474362557e-16  -0.607998219  0.82079313  -0.5712255576
10  25  1.435192615e-16  0.02835605273  0.9995979941  0.02835225287
10  26  -1.53076999e-16  0.01148867989  0.9999340058  0.01148842716
10  27  1.659570422e-16  -0.003520948107  0.9999938015  -0.003520940832
10  28  -2.096201505e-17  -0.006453480454  0.9999791764  -0.006453435659
10  29  1.120551825e-16  -0.005072556051  0.9999871346  -0.005072534298
10  30  7.660440886e-17  -0.003082102213  0.9999952503  -0.003082097333
10  31  -1.148923777e-16  -0.003035966289  0.9999953915  -0.003035961625
10  32  6.241189698e-17  -0.03052340496  0.999534197  -0.03051866552
10  33  1.213771641e-16  -0.1958417975  0.9808842098  -0.1945923097
10  34  -1.228194283e-16  -0.02500359037  0.9996874265  -0.02500098516
10  35  -8.626328992e-18  -1.189607319  0.3720243966  -0.9282229518
10  36  -8.626328992e-18  -1.189607319  0.3720243966  -0.9282229518

11  0  -1.391287978e-17  -0.02089484476  0.9997817107  -0.02089332436
11  1  -9.636730949e-17  0.01844649025  0.9998298683  0.01844544413
11  2  1.461109427e-16  0.0874820022  0.9961758894  0.08737046013
11  3  1.545823959e-16  0.1359466614  0.9907734758  0.1355282986
11  4  -7.284757282e-17  0.2713380123  0.9634131438  0.2680207348
11  5  4.817250551e-16  0.5060373438  0.874672129  0.4847150367
11  6  5.291627168e-17  0.2143624743  0.9771122101  0.2127245374
11  7  2.885441182e-17  0.1101008867  0.9939450177  0.1098785773
11  8  7.838815173e-17  0.08966200647  0.9959830545  0.08954191849
11  9  -1.519153849e-16  0.03350013404  0.999438923  0.03349386842
11  10  -2.297330252e-17  -0.01439433391  0.9998964034  -0.01439383684
11  11  -8.826199465e-17  -0.01700038177  0.999855497  -0.0169995629
11  12  -1.325524284e-16  -0.09381715942  0.9956023972  -0.09367959553
11  13  7.482247535e-18  -0.3192094551  0.9494838004  -0.3138160492
11  14  -3.69697579e-16  -0.01437234678  0.9998967196  -0.01437185199
11  15  1.543238926e-16  -0.004270588686  0.999990881  -0.004270575705
11  16  5.559138328e-18  -0.005793513758  0.9999832176  -0.005793481348
11  17  2.039658716e-16  -0.008172587732  0.9999666046  -0.008172496757
11  18  3.80626375e-17  -0.008609009699  0.9999629427  -0.008608903356
11  19  3.647887976e-17  -0.002087839705  0.9999978205  -0.002087838188
11  20  -2.427498453e-16  0.01779013061  0.9998417598  0.01778919223
11  21  -2.081733704e-16  -0.04016005304  0.9991936934  -0.04014925869
11  22  -2.935023946e-16  -1.773679979  -0.2014946724  -0.9794896105
11  23  -6.894928713e-17  0.04511068117  0.9989826858  0.04509538288
11  24  3.806478519e-16  -1.20745769  0.3553968833  -0.9347154943
11  25  2.198678293e-16  -0.607998219  0.8207931301  -0.5712255576
11  26  -1.905889527e-16  0.02083607505  0.9997829368  0.02083456744
11  27  1.376390753e-16  0.006602136014  0.999978206  0.006602088051
11  28  1.362642003e-16  -0.006506456224  0.9999788331  -0.006506410317
11  29  -1.863899773e-17  -0.00885426682  0.9999608012  -0.008854151128
11  30  5.384643527e-17  -0.007147939746  0.9999744536  -0.007147878878
11  31  2.003594429e-16  -0.005017828136  0.9999874107  -0.005017807079
11  32  8.338214969e-17  -0.007281704184  0.9999734885  -0.007281639834
11  33  -8.095796562e-17  -0.1047489617  0.994518842  -0.1045575098
11  34  1.374478335e-16  -0.3019318531  0.9547638052  -0.2973652238
11  35  1.397885325e-16  -0.02426335611  0.9997056592  -0.0242609755
11  36  1.397885325e-16  -0.02426335611  0.9997056592  -0.0242609755

12  0  4.062976589e-16  -0.135596276  0.9908209021  -0.1351811378
12  1  9.985100341e-17  -0.1010579045  0.9948979943  -0.10088598
12  2  -1.067449133e-16  -0.1412504026  0.9900407371  -0.1407811739
12  3  1.436420567e-16  -0.1883504373  0.9823144335  -0.1872387612
12  4  -1.787855739e-16  -0.3128883752  0.9514484748  -0.3078080568
12  5  -1.519566675e-16  -0.6797314418  0.7777415582  -0.6285841778
12  6  1.891291831e-16  -0.7626433609  0.7230124125  -0.6908350392
12  7  1.844809989e-16  -0.3610903982  0.9355121482  -0.3532945238
12  8  2.381290527e-16  -0.192790161  0.9814734666  -0.1915981062
12  9  -6.576585781e-17  -0.1442225329  0.9896179449  -0.1437230778
12  10  1.708203202e-17  -0.1215923775  0.9926167502  -0.121292981
12  11  -1.146862476e-16  -0.09381715942  0.9956023972  -0.09367959553
12  12  9.595085647e-17  -0.2396662216  0.9714172607  -0.2373784016
12  13  4.089063206e-17  -0.8992673363  0.6221837165  -0.7828712684
12  14  6.202213312e-17  0.004327737221  0.9999906354  0.004327723712
12  15  7.753659691e-17  -0.01353705699  0.9999083754  -0.01353664355
12  16  -5.548732791e-17  -0.05647410497  0.9984057615  -0.05644409072
12  17  -2.190991437e-16  -0.1068343833  0.9942986331  -0.106631272
12  18  -9.939232075e-17  -0.1407108814  0.9901165474  -0.1402470054
12  19  -9.240594766e-17  -0.1364417527  0.9907062555  -0.1360188053
12  20  -1.184588567e-16  -0.1118606253  0.9937501213  -0.1116274896
12  21  -5.762342056e-17  -0.1017374026  0.9948292128  -0.101561988
12  22  1.826049643e-16  0.01711227588  0.9998535886  0.01711144073
12  23  -3.571375164e-16  0.05092965688  0.9987033653  0.05090764259
12  24  -4.416972795e-18  0.04511068117  0.9989826858  0.04509538288
12  25  -4.154425673e-17  0.02843949116  0.9995956249  0.02843565765
12  26  1.028976164e-16  -0.03787319236  0.9992828964  -0.03786413892
12  27  9.316617742e-18  -0.08187021139  0.9966505058  -0.08177878302
12  28  4.327674315e-17  -0.114451906  0.9934575271  -0.1142021975
12  29  3.344700934e-17  -0.1373774336  0.9905785516  -0.1369457306
12  30  -1.966743264e-16  -0.1370061011  0.9906293357  -0.1365778871
12  31  -1.794891731e-17  -0.09830067264  0.9951723782  -0.09814243551
12  32  -9.137279882e-17  -0.04672735723  0.9989084757  -0.04671035464
12  33  -1.820258392e-16  -0.01071232495  0.9999426236  -0.01071212007
12  34  -7.987850656e-17  -0.1494547277  0.9888524154  -0.1488989608
12  35  -1.308930352e-16  -0.8669907005  0.6471237187  -0.7623850029
12  36  -1.308930352e-16  -0.8669907005  0.6471237187  -0.7623850029

13  0  7.294786531e-17  1.332304861  0.2362370599  0.971695452
13  1  -1.280879451e-16  -0.3759876055  0.9301454354  -0.3671913247
13  2  -6.256586873e-17  -0.1925849266  0.9815127685  -0.19139667
13  3  5.229560966e-16  -0.06008198468  0.9981956205  -0.06004584343
13  4  4.343729853e-19  -0.01781707436  0.9998412801  -0.01781613171
13  5  2.396731115e-16  -0.003226031094  0.9999947964  -0.003226025498
13  6  2.149967767e-16  0.001363678041  0.9999990702  0.001363677618
13  7  -2.141835707e-16  -0.0008815644421  0.9999996114  -0.0008815643279
13  8  -8.571392667e-17  -0.01148458931  0.9999340528  -0.01148433685
13  9  -7.917028e-17  -0.04058028965  0.999176733  -0.0405691529
13  10  1.395409638e-16  -0.123202385  0.9924201812  -0.1228909435
13  11  1.386647758e-16  -0.3192094551  0.9494838004  -0.3138160492
13  12  2.221728243e-16  -0.8992673364  0.6221837165  -0.7828712684
13  13  -2.054926914e-16  -2.124260405  -0.5256372984  -0.8507087812
13  14  4.99652957e-17  -0.2136180094  0.9772703053  -0.2119970528
13  15  -2.015811573e-16  -0.1175806844  0.9930953517  -0.1173099418
13  16  3.436983867e-16  -0.1550985875  0.987996306  -0.1544775041
13  17  9.438261076e-17  -0.2483167026  0.9693275033  -0.2457726417
13  18  1.304135684e-16  -0.341240625  0.9423402077  -0.3346564402
13  19  4.262877384e-18  -0.3025969342  0.954565822  -0.2980001534
13  20  -3.226066797e-16  -0.1898461621  0.9820332772  -0.1887078233
13  21  2.406338401e-16  -0.08911177053  0.9960321729  -0.08899387929
13  22  2.445007189e-16  -0.009304031748  0.9999567178  -0.009303897515
13  23  5.927017767e-17  0.01711227588  0.9998535886  0.01711144073
13  24  1.012770263e-16  -1.773679979  -0.2014946724  -0.9794896105
13  25  1.908123806e-16  -0.5436017735  0.8558513206  -0.5172219225
13  26  -3.259595246e-17  0.03355051407  0.9994372343  0.03354422015
13  27  -3.14345265e-16  -0.0870589895  0.9962127591  -0.08694905727
13  28  -1.442259214e-16  -0.1671176474  0.9860683153  -0.1663408475
13  29  3.520514964e-16  -0.2804835901  0.9609216831  -0.2768203731
13  30  2.642308648e-16  -0.3426004565  0.9418842602  -0.3359375543
13  31  1.028446673e-16  -0.2585770387  0.9667548153  -0.2557051566
13  32  -8.596104514e-17  -0.1492808345  0.988878293  -0.1487270039
13  33  1.928303964e-16  -0.08450607328  0.9964314862  -0.08440552898
13  34  1.681214414e-17  -0.04244793927  0.9990992215  -0.04243519311
13  35  -3.066235208e-16  1.792875289  -0.2202580036  0.9754416496
13  36  -3.066235208e-16  1.792875289  -0.2202580036  0.9754416496

14  0  7.870461563e-17  -0.4102023697  0.9170401376  -0.3987949173
14  1  -2.520776707e-17  0.07562417204  0.9971418548  0.07555211001
14  2  -3.315476324e-16  -0.007744647195  0.9999700104  -0.007744569775
14  3  4.333188257e-16  -0.009529331618  0.9999545963  -0.009529187396
14  4  5.34612491e-17  -0.002748471333  0.999996223  -0.002748467873
14  5  6.349307113e-17  0.001156568227  0.9999993312  0.001156567969
14  6  -4.537123832e-18  0.003219707451  0.9999948167  0.003219701888
14  7  1.783207472e-16  0.003585297383  0.9999935728  0.003585289702
14  8  1.136633113e-16  0.00223569341  0.9999975008  0.002235691548
14  9  -1.90889581e-16  -0.0008241690276  0.9999996604  -0.0008241689343
14  10  -2.404794851e-16  -0.006155561696  0.9999810546  -0.006155522822
14  11  -1.460045086e-16  -0.01437234678  0.9998967196  -0.01437185199
14  12  -6.695329265e-17  0.004327737221  0.9999906354  0.004327723712
14  13  -3.252459121e-16  -0.2136180094  0.9772703053  -0.2119970528
14  14  -1.154393486e-16  -0.2472304145  0.9695939112  -0.244719528
14  15  -1.961651489e-16  -0.2458630468  0.9699276262  -0.2433935083
14  16  3.797653164e-17  -0.1399283235  0.9902259956  -0.139472139
14  17  -1.667019956e-16  -0.05840459287  0.9982949365  -0.05837139458
14  18  9.090589576e-17  -0.02663986412  0.9996451798  -0.02663671326
14  19  -3.376133881e-17  -0.02071660711  0.9997854188  -0.02071512529
14  20  -2.234668744e-16  -0.03489083397  0.9993913766  -0.03488375523
14  21  2.501638317e-16  -0.0276420277  0.9996179835  -0.02763850771
14  22  2.935074519e-16  -0.08911177053  0.9960321729  -0.08899387929
14  23  1.44344989e-16  -0.1017374026  0.9948292128  -0.101561988
14  24  1.19792009e-16  -0.04016005304  0.9991936934  -0.04014925869
14  25  -3.304454505e-17  -0.03489376958  0.9993912742  -0.03488668905
14  26  7.37673852e-18  -0.03074907575  0.9995272844  -0.03074423041
14  27  3.189761331e-16  -0.1080686539  0.9941662639  -0.1078584241
14  28  -2.957193911e-16  -0.03968786637  0.99921254  -0.03967744829
14  29  1.771308996e-16  -0.03694936218  0.99931745  -0.0369409552
14  30  9.841627237e-19  -0.0311245143  0.9995156714  -0.03111948931
14  31  7.564090359e-17  -0.0221867961  0.9997538831  -0.02218497589
14  32  8.859469076e-17  -0.03559878338  0.9993664302  -0.03559126496
14  33  -1.41927577e-16  -0.07908068584  0.9968747518  -0.07899828641
14  34  1.056836631e-16  -0.1757911646  0.9845884825  -0.1748871638
14  35  2.673658256e-17  -0.3005843678  0.9551636335  -0.2960784241
14  36  2.673658256e-17  -0.3005843678  0.9551636335  -0.2960784241

15  0  -1.202513569e-16  -0.3906941312  0.9246449364  -0.3808303317
15  1  5.430152205e-17  -0.1843109786  0.9830627604  -0.1832692258
15  2  2.323816786e-16  -0.01454863522  0.9998941705  -0.01454812199
15  3  1.128488545e-16  -0.003478736639  0.9999939492  -0.003478729622
15  4  2.924655326e-18  -0.003398620714  0.9999942247  -0.003398614171
15  5  -6.575891743e-17  -0.001584763778  0.9999987443  -0.001584763115
15  6  -1.590341478e-16  -0.0001594524227  0.9999999873  -0.0001594524221
15  7  1.042594709e-16  0.0005026254136  0.9999998737  0.0005026253924
15  8  6.35747595e-17  0.0002602348809  0.9999999661  0.000260234878
15  9  -1.449609689e-17  -0.0008275554735  0.9999996576  -0.0008275553791
15  10  1.894086789e-17  -0.002494474266  0.9999968888  -0.002494471679
15  11  -2.983181849e-17  -0.004270588686  0.999990881  -0.004270575705
15  12  1.901179901e-16  -0.01353705699  0.9999083754  -0.01353664355
15  13  -2.322621881e-16  -0.1175806844  0.9930953517  -0.1173099418
15  14  -9.1622229e-17  -0.2458630468  0.9699276262  -0.2433935083
15  15  7.487632868e-17  -0.4274499413  0.9100258381  -0.4145515335
15  16  -1.536854365e-16  -0.1873600963  0.982499382  -0.1862658432
15  17  -2.968496943e-16  -0.07511912302  0.9971798852  -0.07504849489
15  18  -3.49268538e-16  -0.03897860278  0.9992404304  -0.03896873329
15  19  -2.21598541e-16  -0.03304530881  0.9994540535  -0.03303929494
15  20  -2.239485149e-16  -0.05050875663  0.9987247039  -0.0504872836
15  21  -1.143384191e-16  -0.03489083397  0.9993913766  -0.03488375523
15  22  1.56168605e-16  -0.1898461621  0.9820332772  -0.1887078233
15  23  -4.137898054e-17  -0.1118606253  0.9937501213  -0.1116274896
15  24  -1.073432979e-16  0.01779013061  0.9998417598  0.01778919223
15  25  2.907880298e-17  0.02384390171  0.9997157476  0.02384164244
15  26  -3.152744892e-16  0.02159020748  0.9997669405  0.02158853019
15  27  1.564576179e-17  -0.01392782894  0.9999030094  -0.01392737865
15  28  -2.437837472e-16  -0.2160649448  0.976748637  -0.214387733
15  29  1.425446117e-17  -0.07172371551  0.9974289568  -0.07166223671
15  30  -2.916878246e-17  -0.05016681008  0.9987419095  -0.05014577019
15  31  -1.770005649e-16  -0.04403075092  0.9990308031  -0.04401652517
15  32  3.295911829e-16  -0.03566494595  0.9993640732  -0.03565738553
15  33  6.204758646e-17  -0.05592213588  0.9984367648  -0.05589299303
15  34  -1.600957029e-16  -0.1265771998  0.9919997963  -0.1262394716
15  35  -5.821725843e-17  -0.3155736859  0.9506184851  -0.3103618787
15  36  -5.821725843e-17  -0.3155736859  0.9506184851  -0.3103618787

16  0  -7.717087972e-17  -0.1485420738  0.9889878968  -0.1479964189
16  1  -2.162751603e-16  -0.1924086593  0.9815464902  -0.1912236585
16  2  -1.894287408e-16  -0.1153735264  0.9933518541  -0.1151177396
16  3  -9.223021565e-17  -0.1183314497  0.9930069996  -0.1180554902
16  4  6.261947018e-17  -0.01397272383  0.9999023831  -0.01397226917
16  5  1.403367031e-16  -0.004761934281  0.999988662  -0.004761916284
16  6  3.894508532e-17  -0.003441866487  0.9999940768  -0.003441859692
16  7  -4.975790967e-17  -0.002565578959  0.9999967089  -0.002565576144
16  8  -2.100518789e-16  -0.002371372676  0.9999971883  -0.002371370454
16  9  -1.763588443e-16  -0.002916328448  0.9999957475  -0.002916324314
16  10  2.187227145e-16  -0.00400557898  0.9999919777  -0.004005568268
16  11  2.26475805e-16  -0.005793513757  0.9999832176  -0.005793481348
16  12  -1.324724237e-16  -0.05647410497  0.9984057615  -0.05644409072
16  13  3.121395857e-17  -0.1550985875  0.987996306  -0.1544775041
16  14  -2.000176195e-16  -0.1399283235  0.9902259956  -0.139472139
16  15  6.715909351e-17  -0.1873600963  0.982499382  -0.1862658432
16  16  -2.197322254e-16  -0.09338671705  0.9956426287  -0.09325103741
16  17  -1.251052106e-16  -0.05305824187  0.9985927417  -0.05303335065
16  18  4.826807026e-17  -0.03077863688  0.9995263751  -0.03077377755
16  19  1.602165943e-16  -0.02420828971  0.9997069937  -0.02420592527
16  20  1.952523471e-16  -0.03304530881  0.9994540535  -0.03303929494
16  21  9.050937468e-17  -0.02071660711  0.9997854188  -0.02071512529
16  22  -5.909634649e-17  -0.3025969342  0.954565822  -0.2980001534
16  23  9.306874151e-17  -0.1364417527  0.9907062555  -0.1360188053
16  24  -9.891079859e-17  -0.002087839705  0.9999978205  -0.002087838188
16  25  -4.266150027e-17  0.001171975852  0.9999993132  0.001171975584
16  26  2.671706583e-16  0.00140456982  0.9999990136  0.001404569358
16  27  2.407759653e-16  8.550884369e-05  0.9999999963  8.550884358e-05
16  28  -2.478884364e-18  -0.02520908539  0.9996822678  -0.02520641542
16  29  -1.075818956e-16  -0.3286922194  0.9464653116  -0.3228055358
16  30  -3.460313851e-17  -0.09007073999  0.9959463725  -0.08994900266
16  31  1.083102063e-16  -0.03328089718  0.9994462421  -0.03327475376
16  32  -2.433960362e-16  -0.02988572573  0.9995534549  -0.02988127716
16  33  -1.654916573e-16  -0.0264483559  0.9996502626  -0.0264452725
16  34  -1.914979312e-16  -0.04142728623  0.9991420127  -0.04141543752
16  35  -1.470057774e-16  -0.07553233394  0.9971487892  -0.07546053408
16  36  -1.470057774e-16  -0.07553233394  0.9971487892  -0.07546053408

17  0  -1.042506936e-16  -0.05336277555  0.9985765449  -0.05333745331
17  1  9.078871828e-17  -0.06528508523  0.9978696856  -0.06523871939
17  2  1.888613654e-16  -0.08010294494  0.9967934742  -0.08001730924
17  3  2.056018089e-16  -0.08887968051  0.9960528007  -0.08876270777
17  4  2.107864409e-16  -0.2591938854  0.9665969005  -0.2563014474
17  5  -1.884018686e-16  -0.02386086044  0.9997153432  -0.02385859634
17  6  -2.895696712e-16  -0.006853559339  0.9999765145  -0.006853505686
17  7  -1.650175936e-17  -0.005536508232  0.9999846736  -0.005536479947
17  8  -5.234410581e-16  -0.004926749265  0.9999878636  -0.004926729334
17  9  -4.892767249e-16  -0.005123600362  0.9999868744  -0.005123577945
17  10  1.252253356e-16  -0.006043938952  0.9999817355  -0.006043902155
17  11  1.316605326e-16  -0.008172587733  0.9999666046  -0.008172496757
17  12  -3.168319171e-17  -0.1068343833  0.9942986331  -0.106631272
17  13  1.529328596e-16  -0.2483167026  0.9693275033  -0.2457726417
17  14  -2.092672114e-16  -0.05840459287  0.9982949365  -0.05837139458
17  15  -1.773723909e-16  -0.07511912302  0.9971798852  -0.07504849489
17  16  -5.089265906e-17  -0.05305824187  0.9985927417  -0.05303335065
17  17  -1.310541696e-17  -0.04904760028  0.9987974076  -0.04902793728
17  18  2.524317435e-16  -0.03888921054  0.9992439099  -0.03887940879
17  19  1.892412457e-16  -0.03077863688  0.9995263751  -0.03077377755
17  20  2.86188095e-16  -0.03897860278  0.9992404304  -0.03896873329
17  21  1.219729324e-17  -0.02663986412  0.9996451798  -0.02663671326
17  22  8.748506252e-17  -0.341240625  0.9423402077  -0.3346564402
17  23  3.699535887e-17  -0.1407108814  0.9901165474  -0.1402470054
17  24  -2.014382773e-16  -0.008609009699  0.9999629427  -0.008608903356
17  25  -3.702320113e-17  -0.006205684151  0.9999807448  -0.00620564432
17  26  1.06153027e-16  -0.005588160931  0.9999843863  -0.005588131847
17  27  9.993691884e-17  -0.0057932606  0.9999832191  -0.005793228195
17  28  -2.847198029e-16  -0.00701784372  0.999975375  -0.007017786115
17  29  -2.292479958e-16  -0.02824731979  0.999601071  -0.02824356347
17  30  2.879876006e-16  -0.3720291894  0.9315916404  -0.363506555
17  31  5.231286614e-17  -0.09018109742  0.9959364399  -0.09005891219
17  32  -1.110858839e-16  -0.04035360234  0.9991859039  -0.04034265117
17  33  -2.350741152e-16  -0.03543944874  0.9993720885  -0.03543203082
17  34  4.612278739e-17  -0.03428143534  0.9994124491  -0.03427472105
17  35  -6.074186623e-17  -0.0463395951  0.9989265131  -0.04632301226
17  36  -6.074186623e-17  -0.0463395951  0.9989265131  -0.04632301226

18  0  -7.891515513e-17  -0.0463395951  0.9989265131  -0.04632301226
18  1  5.800132134e-17  -0.03428143534  0.9994124491  -0.03427472105
18  2  2.761679083e-16  -0.03543944874  0.9993720885  -0.03543203082
18  3  2.163460566e-16  -0.04035360234  0.9991859039  -0.04034265117
18  4  2.106650215e-16  -0.09018109742  0.9959364399  -0.09005891219
18  5  1.013004439e-17  -0.3720291894  0.9315916404  -0.363506555
18  6  -3.004140768e-16  -0.02824731979  0.999601071  -0.02824356347
18  7  -2.200388156e-16  -0.00701784372  0.999975375  -0.007017786115
18  8  -2.929399099e-16  -0.0057932606  0.9999832191  -0.005793228195
18  9  -1.58851314e-16  -0.005588160931  0.9999843863  -0.005588131847
18  10  3.206691589e-17  -0.006205684151  0.9999807448  -0.00620564432
18  11  2.163183612e-17  -0.008609009699  0.9999629427  -0.008608903356
18  12  1.450586222e-16  -0.1407108814  0.9901165474  -0.1402470054
18  13  -1.556975882e-16  -0.341240625  0.9423402077  -0.3346564402
18  14  -3.8003942e-16  -0.02663986412  0.9996451798  -0.02663671326
18  15  -1.348780523e-16  -0.03897860278  0.9992404304  -0.03896873329
18  16  2.178714854e-16  -0.03077863688  0.9995263751  -0.03077377755
18  17  -3.299344007e-17  -0.03888921054  0.9992439099  -0.03887940879
18  18  -1.422713755e-16  -0.04904760028  0.9987974076  -0.04902793728
18  19  1.208323892e-16  -0.05305824187  0.9985927417  -0.05303335065
18  20  1.860040866e-16  -0.07511912302  0.9971798852  -0.07504849489
18  21  1.077355652e-17  -0.05840459287  0.9982949365  -0.05837139458
18  22  1.263087641e-16  -0.2483167026  0.9693275033  -0.2457726417
18  23  1.912531764e-16  -0.1068343833  0.9942986331  -0.106631272
18  24  2.394937509e-17  -0.008172587732  0.9999666046  -0.008172496757
18  25  9.946466741e-17  -0.006043938952  0.9999817355  -0.006043902155
18  26  -4.466800219e-17  -0.005123600362  0.9999868744  -0.005123577945
18  27  1.835711906e-16  -0.004926749265  0.9999878636  -0.004926729334
18  28  -7.321465026e-17  -0.005536508232  0.9999846736  -0.005536479947
18  29  -7.333528012e-17  -0.006853559339  0.9999765145  -0.006853505686
18  30  1.857735765e-16  -0.02386086044  0.9997153432  -0.02385859634
18  31  9.24180802e-17  -0.2591938854  0.9665969005  -0.2563014474
18  32  8.098830557e-17  -0.08887968051  0.9960528007  -0.08876270777
18  33  -1.262421128e-16  -0.08010294494  0.9967934742  -0.08001730924
18  34  -1.204635193e-16  -0.06528508523  0.9978696856  -0.06523871939
18  35  4.082105488e-16  -0.05336277555  0.9985765449  -0.05333745331
18  36  4.082105488e-16  -0.05336277555  0.9985765449  -0.05333745331

19  0  3.985360499e-16  -0.07553233394  0.9971487892  -0.07546053408
19  1  2.641183091e-16  -0.04142728623  0.9991420127  -0.04141543752
19  2  1.275939391e-16  -0.0264483559  0.9996502626  -0.0264452725
19  3  3.601833006e-17  -0.02988572573  0.9995534549  -0.02988127716
19  4  2.330414938e-16  -0.03328089718  0.9994462421  -0.03327475376
19  5  -1.208742622e-16  -0.09007073999  0.9959463725  -0.08994900266
19  6  -1.146091787e-18  -0.3286922194  0.9464653116  -0.3228055358
19  7  -1.555117107e-16  -0.02520908539  0.9996822678  -0.02520641542
19  8  2.658476696e-17  8.550884378e-05  0.9999999963  8.550884367e-05
19  9  -1.335672038e-16  0.00140456982  0.9999990136  0.001404569358
19  10  5.115172316e-17  0.001171975852  0.9999993132  0.001171975584
19  11  -1.292761536e-16  -0.002087839705  0.9999978205  -0.002087838188
19  12  -2.256821543e-16  -0.1364417527  0.9907062555  -0.1360188053
19  13  -1.092304111e-16  -0.3025969342  0.954565822  -0.2980001534
19  14  -9.691066546e-17  -0.02071660711  0.9997854188  -0.02071512529
19  15  -9.587907101e-17  -0.03304530881  0.9994540535  -0.03303929494
19  16  5.681720152e-17  -0.02420828971  0.9997069937  -0.02420592527
19  17  -1.470976397e-16  -0.03077863688  0.9995263751  -0.03077377755
19  18  -4.26060562e-18  -0.05305824187  0.9985927417  -0.05303335065
19  19  2.24045197e-16  -0.09338671705  0.9956426287  -0.09325103741
19  20  1.281425184e-16  -0.1873600963  0.982499382  -0.1862658432
19  21  6.113569032e-17  -0.1399283235  0.9902259956  -0.139472139
19  22  -6.132282849e-17  -0.1550985875  0.987996306  -0.1544775041
19  23  1.069728609e-16  -0.05647410497  0.9984057615  -0.05644409072
19  24  1.723157268e-17  -0.005793513757  0.9999832176  -0.005793481348
19  25  1.552849958e-16  -0.00400557898  0.9999919777  -0.004005568268
19  26  2.00983157e-16  -0.002916328448  0.9999957475  -0.002916324314
19  27  3.840227738e-16  -0.002371372676  0.9999971883  -0.002371370454
19  28  -1.260940034e-16  -0.002565578958  0.9999967089  -0.002565576144
19  29  -6.858968545e-17  -0.003441866487  0.9999940768  -0.003441859692
19  30  2.682048049e-16  -0.004761934281  0.999988662  -0.004761916284
19  31  -8.65255104e-17  -0.01397272383  0.9999023831  -0.01397226917
19  32  7.826645641e-17  -0.1183314497  0.9930069996  -0.1180554902
19  33  1.188796861e-16  -0.1153735264  0.9933518541  -0.1151177396
19  34  -1.244744853e-16  -0.1924086594  0.9815464902  -0.1912236585
19  35  2.678400504e-16  -0.1485420738  0.9889878968  -0.1479964189
19  36  2.678400504e-16  -0.1485420738  0.9889878968  -0.1479964189

20  0  4.938718229e-16  -0.3155736859  0.9506184851  -0.3103618787
20  1  -7.29062571e-17  -0.1265771998  0.9919997963  -0.1262394716
20  2  2.20979272e-17  -0.05592213588  0.9984367648  -0.05589299303
20  3  2.919964974e-17  -0.03566494595  0.9993640732  -0.03565738553
20  4  8.549559382e-17  -0.04403075092  0.9990308031  -0.04401652517
20  5  -3.103281757e-17  -0.05016681008  0.9987419095  -0.05014577019
20  6  7.871936252e-18  -0.07172371551  0.9974289568  -0.07166223671
20  7  4.168490032e-17  -0.2160649448  0.976748637  -0.214387733
20  8  -1.519215291e-17  -0.01392782894  0.9999030094  -0.01392737865
20  9  9.883191261e-17  0.02159020748  0.9997669405  0.02158853019
20  10  1.06221851e-16  0.02384390171  0.9997157476  0.02384164244
20  11  -5.413885429e-18  0.01779013061  0.9998417598  0.01778919223
20  12  2.295188411e-17  -0.1118606253  0.9937501213  -0.1116274896
20  13  1.524420207e-16  -0.1898461621  0.9820332772  -0.1887078233
20  14  5.300762772e-17  -0.03489083397  0.9993913766  -0.03488375523
20  15  -2.418457008e-17  -0.05050875663  0.9987247039  -0.0504872836
20  16  6.228889613e-17  -0.03304530881  0.9994540535  -0.03303929494
20  17  -9.714737276e-17  -0.03897860278  0.9992404304  -0.03896873329
20  18  -2.357184076e-17  -0.07511912302  0.9971798852  -0.07504849489
20  19  -2.392741548e-16  -0.1873600963  0.982499382  -0.1862658432
20  20  -7.959927996e-17  -0.4274499413  0.9100258381  -0.4145515335
20  21  -2.802467797e-17  -0.2458630468  0.9699276262  -0.2433935083
20  22  1.728357009e-17  -0.1175806844  0.9930953517  -0.1173099418
20  23  2.084459003e-16  -0.01353705699  0.9999083754  -0.01353664355
20  24  2.401344652e-17  -0.004270588686  0.999990881  -0.004270575705
20  25  -2.550832138e-17  -0.002494474266  0.9999968888  -0.002494471679
20  26  4.069934248e-17  -0.0008275554735  0.9999996576  -0.000827555379
20  27  2.986495927e-16  0.000260234881  0.9999999661  0.000260234878
20  28  -1.95911745e-16  0.0005026254137  0.9999998737  0.0005026253925
20  29  -2.718554934e-16  -0.0001594524227  0.9999999873  -0.000159452422
20  30  7.776890883e-17  -0.001584763778  0.9999987443  -0.001584763115
20  31  -4.501462328e-17  -0.003398620714  0.9999942247  -0.003398614171
20  32  2.119501751e-16  -0.003478736639  0.9999939492  -0.003478729622
20  33  -7.83178558e-17  -0.01454863522  0.9998941705  -0.01454812199
20  34  -4.145909429e-17  -0.1843109786  0.9830627604  -0.1832692258
20  35  -2.390761241e-17  -0.3906941312  0.9246449364  -0.3808303317
20  36  -2.390761241e-17  -0.3906941312  0.9246449364  -0.3808303317

21  0  1.567685545e-16  -0.3005843678  0.9551636335  -0.296078424
21  1  1.555530823e-16  -0.1757911646  0.9845884825  -0.1748871638
21  2  -1.873961523e-16  -0.07908068584  0.9968747518  -0.07899828641
21  3  2.176456036e-17  -0.03559878338  0.9993664302  -0.03559126496
21  4  2.123000811e-16  -0.0221867961  0.9997538831  -0.02218497589
21  5  -9.456974963e-17  -0.0311245143  0.9995156714  -0.03111948931
21  6  4.825021109e-17  -0.03694936218  0.99931745  -0.0369409552
21  7  3.114500675e-16  -0.03968786637  0.99921254  -0.03967744829
21  8  2.428776675e-16  -0.1080686539  0.9941662639  -0.1078584241
21  9  -3.520734613e-17  -0.03074907575  0.9995272844  -0.03074423041
21  10  -1.032738415e-16  -0.03489376959  0.9993912742  -0.03488668905
21  11  3.367810618e-17  -0.04016005304  0.9991936934  -0.04014925869
21  12  3.444961691e-17  -0.1017374026  0.9948292128  -0.101561988
21  13  1.296502144e-16  -0.08911177053  0.9960321729  -0.08899387929
21  14  7.116292212e-17  -0.0276420277  0.9996179835  -0.02763850771
21  15  -6.445976611e-17  -0.03489083397  0.9993913766  -0.03488375523
21  16  -1.607848e-17  -0.02071660711  0.9997854188  -0.02071512529
21  17  6.756068333e-17  -0.02663986412  0.9996451798  -0.02663671326
21  18  2.001740944e-16  -0.05840459287  0.9982949365  -0.05837139458
21  19  -5.401529802e-17  -0.1399283235  0.9902259956  -0.139472139
21  20  -1.585105957e-17  -0.2458630468  0.9699276262  -0.2433935083
21  21  -2.344349488e-16  -0.2472304145  0.9695939112  -0.244719528
21  22  2.629555275e-16  -0.2136180094  0.9772703053  -0.2119970528
21  23  2.340777637e-16  0.004327737221  0.9999906354  0.004327723712
21  24  1.702524753e-17  -0.01437234678  0.9998967196  -0.01437185199
21  25  -2.911467321e-17  -0.006155561696  0.9999810546  -0.006155522822
21  26  -4.346130307e-17  -0.0008241690276  0.9999996604  -0.0008241689343
21  27  1.871123018e-16  0.00223569341  0.9999975008  0.002235691548
21  28  3.324135786e-16  0.003585297383  0.9999935728  0.003585289702
21  29  -9.284331382e-17  0.003219707451  0.9999948167  0.003219701888
21  30  6.465272058e-18  0.001156568227  0.9999993312  0.001156567969
21  31  1.552867574e-16  -0.002748471333  0.999996223  -0.002748467873
21  32  2.449442647e-17  -0.009529331618  0.9999545963  -0.009529187396
21  33  1.91915624e-16  -0.007744647194  0.9999700104  -0.007744569774
21  34  1.675929232e-16  0.07562417203  0.9971418548  0.07555211001
21  35  3.419755319e-17  -0.4102023697  0.9170401376  -0.3987949173
21  36  3.419755319e-17  -0.4102023697  0.9170401376  -0.3987949173

22  0  2.375698866e-17  1.792875288  -0.2202580032  0.9754416497
22  1  -6.264293467e-18  -0.04244793925  0.9990992215  -0.04243519309
22  2  5.676396726e-16  -0.08450607328  0.9964314862  -0.08440552898
22  3  2.970150907e-16  -0.1492808345  0.988878293  -0.1487270039
22  4  -3.322122685e-17  -0.2585770387  0.9667548153  -0.2557051566
22  5  -4.74432465e-17  -0.3426004565  0.9418842602  -0.3359375543
22  6  -5.030728803e-17  -0.2804835901  0.9609216831  -0.2768203731
22  7  -3.612987408e-17  -0.1671176474  0.9860683153  -0.1663408475
22  8  7.784946644e-17  -0.0870589895  0.9962127591  -0.08694905727
22  9  9.616536507e-17  0.03355051407  0.9994372343  0.03354422015
22  10  1.231129567e-16  -0.5436017735  0.8558513206  -0.5172219225
22  11  -2.59359737e-16  -1.773679979  -0.2014946724  -0.9794896105
22  12  9.815472377e-18  0.01711227588  0.9998535886  0.01711144073
22  13  1.904442676e-16  -0.00930403175  0.9999567178  -0.009303897516
22  14  -1.147707349e-16  -0.08911177053  0.9960321729  -0.08899387929
22  15  1.193617955e-16  -0.1898461621  0.9820332772  -0.1887078233
22  16  9.829262958e-17  -0.3025969342  0.954565822  -0.2980001534
22  17  2.615993621e-16  -0.341240625  0.9423402077  -0.3346564402
22  18  -2.254920792e-16  -0.2483167026  0.9693275033  -0.2457726417
22  19  -3.07209949e-16  -0.1550985875  0.987996306  -0.1544775041
22  20  -1.438311978e-16  -0.1175806844  0.9930953517  -0.1173099418
22  21  1.08636494e-16  -0.2136180094  0.9772703053  -0.2119970528
22  22  1.83099071e-16  -2.124260405  -0.5256372985  -0.8507087812
22  23  -3.149617576e-17  -0.8992673363  0.6221837166  -0.7828712684
22  24  -7.929446698e-17  -0.3192094551  0.9494838004  -0.3138160492
22  25  -9.397466509e-17  -0.123202385  0.9924201812  -0.1228909435
22  26  1.207842082e-17  -0.04058028965  0.999176733  -0.0405691529
22  27  -2.142843748e-16  -0.01148458931  0.9999340528  -0.01148433685
22  28  -2.829158582e-17  -0.0008815644423  0.9999996114  -0.0008815643281
22  29  -1.33058901e-16  0.001363678041  0.9999990702  0.001363677618
22  30  -1.432337419e-16  -0.003226031094  0.9999947964  -0.003226025498
22  31  2.564506477e-16  -0.01781707436  0.9998412801  -0.01781613171
22  32  -3.158701544e-19  -0.06008198468  0.9981956205  -0.06004584343
22  33  1.42190335e-16  -0.1925849266  0.9815127685  -0.19139667
22  34  1.221064682e-16  -0.3759876055  0.9301454354  -0.3671913247
22  35  1.084303293e-16  1.332304861  0.2362370595  0.9716954521
22  36  1.084303293e-16  1.332304861  0.2362370595  0.9716954521

23  0  1.458663208e-16  -0.8669907004  0.6471237188  -0.7623850028
23  1  -1.053201492e-16  -0.1494547277  0.9888524154  -0.1488989608
23  2  -1.722752207e-16  -0.01071232495  0.9999426236  -0.01071212007
23  3  2.11156845e-17  -0.04672735723  0.9989084757  -0.04671035464
23  4  -9.506159365e-17  -0.09830067264  0.9951723782  -0.09814243551
23  5  -1.853848353e-16  -0.1370061011  0.9906293357  -0.1365778871
23  6  -1.45501322e-16  -0.1373774336  0.9905785516  -0.1369457306
23  7  1.195167292e-16  -0.114451906  0.9934575271  -0.1142021975
23  8  -2.627101825e-16  -0.08187021138  0.9966505058  -0.08177878302
23  9  -9.29934268e-17  -0.03787319236  0.9992828964  -0.03786413893
23  10  1.805993092e-16  0.02843949117  0.9995956249  0.02843565766
23  11  -1.976852153e-16  0.04511068117  0.9989826858  0.04509538288
23  12  2.361765374e-16  0.05092965688  0.9987033653  0.05090764259
23  13  2.175475845e-16  0.01711227588  0.9998535886  0.01711144073
23  14  -4.010078633e-17  -0.1017374026  0.9948292128  -0.101561988
23  15  8.512684304e-17  -0.1118606253  0.9937501213  -0.1116274896
23  16  9.318158822e-17  -0.1364417527  0.9907062555  -0.1360188053
23  17  -4.222694338e-17  -0.1407108814  0.9901165474  -0.1402470054
23  18  -3.419543103e-16  -0.1068343833  0.9942986331  -0.106631272
23  19  -3.361982154e-17  -0.05647410497  0.9984057615  -0.05644409071
23  20  9.512508917e-17  -0.01353705699  0.9999083754  -0.01353664355
23  21  4.610239847e-16  0.004327737221  0.9999906354  0.004327723712
23  22  7.006791721e-17  -0.8992673363  0.6221837166  -0.7828712684
23  23  -2.303486741e-16  -0.2396662216  0.9714172607  -0.2373784016
23  24  7.182263044e-17  -0.09381715942  0.9956023972  -0.09367959553
23  25  5.916414413e-17  -0.1215923775  0.9926167502  -0.121292981
23  26  1.683956581e-16  -0.1442225329  0.9896179449  -0.1437230778
23  27  -3.045452598e-16  -0.192790161  0.9814734666  -0.1915981062
23  28  7.022795785e-17  -0.3610903982  0.9355121482  -0.3532945238
23  29  3.226023665e-16  -0.7626433609  0.7230124125  -0.6908350392
23  30  2.024906824e-16  -0.6797314418  0.7777415582  -0.6285841778
23  31  7.63766767e-17  -0.3128883752  0.9514484748  -0.3078080568
23  32  -7.273602073e-17  -0.1883504373  0.9823144335  -0.1872387612
23  33  3.355044445e-17  -0.1412504026  0.9900407371  -0.1407811739
23  34  1.008081439e-16  -0.1010579045  0.9948979943  -0.10088598
23  35  1.822301849e-16  -0.135596276  0.9908209021  -0.1351811378
23  36  1.822301849e-16  -0.135596276  0.9908209021  -0.1351811378

24  0  1.617583897e-16  -0.02426335611  0.9997056592  -0.0242609755
24  1  3.447616614e-17  -0.3019318531  0.9547638052  -0.2973652238
24  2  3.672110949e-16  -0.1047489617  0.994518842  -0.1045575098
24  3  -3.499459204e-16  -0.007281704183  0.9999734885  -0.007281639834
24  4  -3.70791625e-17  -0.005017828136  0.9999874107  -0.00501780708
24  5  -3.703188521e-16  -0.007147939746  0.9999744536  -0.007147878878
24  6  -2.498297062e-16  -0.00885426682  0.9999608012  -0.008854151128
24  7  1.287835708e-16  -0.006506456224  0.9999788331  -0.006506410317
24  8  2.773843957e-16  0.006602136014  0.999978206  0.006602088051
24  9  -3.068794123e-16  0.02083607505  0.9997829368  0.02083456744
24  10  -1.012444321e-16  -0.607998219  0.82079313  -0.5712255576
24  11  -1.137501579e-16  -1.20745769  0.3553968833  -0.9347154943
24  12  2.456675587e-16  0.04511068117  0.9989826858  0.04509538288
24  13  2.898621934e-16  -1.773679979  -0.2014946724  -0.9794896105
24  14  2.998795606e-16  -0.04016005304  0.9991936934  -0.04014925869
24  15  1.862890427e-16  0.01779013061  0.9998417598  0.01778919223
24  16  6.617419767e-17  -0.002087839705  0.9999978205  -0.002087838188
24  17  3.551460708e-16  -0.008609009699  0.9999629427  -0.008608903356
24  18  2.577987523e-17  -0.008172587732  0.9999666046  -0.008172496757
24  19  -3.062347949e-16  -0.005793513757  0.9999832176  -0.005793481348
24  20  -3.238439911e-16  -0.004270588686  0.999990881  -0.004270575705
24  21  9.284031706e-17  -0.01437234678  0.9998967196  -0.01437185199
24  22  -2.816068818e-16  -0.3192094551  0.9494838004  -0.3138160492
24  23  -3.02467226e-16  -0.09381715942  0.9956023972  -0.09367959553
24  24  -3.673361766e-17  -0.01700038177  0.999855497  -0.0169995629
24  25  -2.203911814e-16  -0.01439433391  0.9998964034  -0.01439383684
24  26  -1.604419662e-16  0.03350013404  0.999438923  0.03349386842
24  27  -2.763463006e-16  0.08966200647  0.9959830545  0.08954191849
24  28  -1.896179766e-16  0.1101008867  0.9939450177  0.1098785773
24  29  2.645888208e-16  0.2143624743  0.9771122101  0.2127245375
24  30  2.346637935e-16  0.5060373439  0.8746721289  0.4847150368
24  31  -2.902723798e-17  0.2713380123  0.9634131438  0.2680207349
24  32  6.899352485e-17  0.1359466614  0.9907734758  0.1355282986
24  33  3.863542713e-16  0.0874820022  0.9961758894  0.08737046013
24  34  1.173639143e-16  0.01844649025  0.9998298683  0.01844544413
24  35  -5.890150359e-17  -0.02089484476  0.9997817107  -0.02089332436
24  36  -5.890150359e-17  -0.02089484476  0.9997817107  -0.02089332436

25  0  1.598750575e-17  -1.189607319  0.3720243966  -0.9282229518
25  1  -4.597456776e-17  -0.02500359037  0.9996874265  -0.02500098516
25  2  -2.598733853e-17  -0.1958417975  0.9808842098  -0.1945923097
25  3  -8.077080319e-17  -0.03052340496  0.999534197  -0.03051866552
25  4  1.586581011e-16  -0.003035966289  0.9999953915  -0.003035961625
25  5  -2.542100992e-16  -0.003082102213  0.9999952503  -0.003082097333
25  6  2.166683461e-16  -0.005072556051  0.9999871346  -0.005072534298
25  7  -1.04027711e-16  -0.006453480454  0.9999791764  -0.006453435659
25  8  -1.688574492e-16  -0.003520948107  0.9999938015  -0.003520940832
25  9  -3.215532644e-16  0.01148867989  0.9999340058  0.01148842716
25  10  -2.354443265e-16  0.02835605273  0.9995979941  0.02835225287
25  11  7.16373862e-17  -0.607998219  0.82079313  -0.5712255576
25  12  5.695816025e-17  0.02843949117  0.9995956249  0.02843565765
25  13  -5.592450881e-17  -0.5436017735  0.8558513206  -0.5172219225
25  14  1.308764679e-16  -0.03489376958  0.9993912742  -0.03488668905
25  15  2.878633938e-16  0.02384390171  0.9997157476  0.02384164244
25  16  3.300415906e-16  0.001171975852  0.9999993132  0.001171975584
25  17  2.568631782e-16  -0.006205684151  0.9999807448  -0.00620564432
25  18  1.527677754e-16  -0.006043938952  0.9999817355  -0.006043902155
25  19  -2.681217568e-16  -0.00400557898  0.9999919777  -0.004005568268
25  20  4.115099076e-17  -0.002494474266  0.9999968888  -0.002494471679
25  21  1.726055617e-16  -0.006155561696  0.9999810546  -0.006155522822
25  22  1.333999408e-16  -0.123202385  0.9924201812  -0.1228909435
25  23  -6.561270693e-17  -0.1215923775  0.9926167502  -0.121292981
25  24  -6.969327839e-17  -0.01439433391  0.9998964034  -0.01439383684
25  25  -2.828112087e-17  -2.35442533  -0.7058546901  -0.7083566591
25  26  2.160337667e-16  0.04982560662  0.9987589612  0.04980499307
25  27  -8.367005431e-17  0.0722304472  0.9973925152  0.07216765634
25  28  -8.192988353e-17  0.07441184801  0.9972327157  0.07434319576
25  29  -1.770169082e-17  0.2418469202  0.9708973007  0.2394962037
25  30  8.091575456e-17  0.6835765848  0.7753188186  0.6315700511
25  31  7.098114539e-18  0.3039848635  0.9541512996  0.2993247358
25  32  1.067804619e-16  0.08755590744  0.9961694296  0.08744408251
25  33  -5.24650224e-17  0.06679202539  0.9977702418  0.06674237465
25  34  -1.865887226e-16  0.1067447643  0.9943081853  0.1065421636
25  35  -9.232498685e-17  -1.242482631  0.3224472536  -0.9465874332
25  36  -9.232498685e-17  -1.242482631  0.3224472536  -0.9465874332

26  0  -8.218561826e-17  -0.0896382349  0.9959851828  -0.08951824238
26  1  -5.454722555e-20  0.1355417425  0.9908282725  0.1351271046
26  2  -5.534281543e-17  -0.02960797173  0.999561716  -0.02960364603
26  3  4.634917032e-17  -0.1356935274  0.9908077508  -0.1352774958
26  4  -8.919455871e-17  -0.007614619564  0.9999710089  -0.007614545978
26  5  -3.702786131e-16  -0.000201953495  0.9999999796  -0.0002019534937
26  6  6.107409717e-17  -0.001761181416  0.9999984491  -0.001761180506
26  7  -4.715487486e-16  -0.004039587292  0.9999918409  -0.004039576305
26  8  1.064600358e-16  -0.005628149034  0.999984162  -0.005628119321
26  9  -7.487898169e-17  -0.00308325447  0.9999952468  -0.003083249585
26  10  8.082022496e-17  0.01148867989  0.9999340058  0.01148842716
26  11  1.642021346e-16  0.02083607505  0.9997829368  0.02083456744
26  12  -1.213245406e-16  -0.03787319236  0.9992828964  -0.03786413893
26  13  2.442511563e-16  0.03355051407  0.9994372343  0.03354422015
26  14  1.122253485e-16  -0.03074907575  0.9995272844  -0.03074423041
26  15  2.587958363e-16  0.02159020748  0.9997669405  0.02158853019
26  16  3.27635821e-16  0.00140456982  0.9999990136  0.001404569358
26  17  1.87542705e-16  -0.005588160931  0.9999843863  -0.005588131847
26  18  3.420745052e-16  -0.005123600362  0.9999868744  -0.005123577945
26  19  3.524300687e-17  -0.002916328448  0.9999957475  -0.002916324314
26  20  6.134872152e-17  -0.0008275554735  0.9999996576  -0.000827555379
26  21  8.69248889e-17  -0.0008241690276  0.9999996604  -0.0008241689343
26  22  3.387011669e-16  -0.04058028965  0.999176733  -0.0405691529
26  23  -3.354629721e-17  -0.1442225329  0.9896179449  -0.1437230778
26  24  -2.473098081e-16  0.03350013404  0.999438923  0.03349386842
26  25  9.413433065e-17  0.04982560661  0.9987589612  0.04980499307
26  26  4.03532417e-16  -0.04873653854  0.99881261  -0.04871724726
26  27  2.498597455e-16  -0.08001512613  0.9968004974  -0.07992977171
26  28  1.100566444e-16  -0.09487885012  0.9955023774  -0.09473656434
26  29  -4.270351863e-17  -0.08219348424  0.9966240168  -0.0821009688
26  30  -5.902134986e-17  -0.06663497117  0.9977807117  -0.0665856698
26  31  -6.043999632e-17  -0.06292093136  0.9980211312  -0.06287942179
26  32  -8.182325162e-17  -0.07247348314  0.9973749464  -0.07241005644
26  33  -7.558466543e-17  -0.08709722227  0.9962094341  -0.08698714519
26  34  -1.82043947e-17  -0.08789896787  0.9961393724  -0.08778582367
26  35  4.071890748e-17  -0.06519675946  0.997875444  -0.06515058153
26  36  4.071890748e-17  -0.06519675946  0.997875444  -0.06515058153

27  0  9.17656349e-17  -0.0978378283  0.9952176963  -0.09768181511
27  1  -1.395210875e-18  -0.04753744387  0.9988703085  -0.04751954164
27  2  2.150273874e-16  0.1550092936  0.988010096  0.1543892814
27  3  1.55559484e-16  -0.07155587188  0.9974409708  -0.0714948236
27  4  -2.061527386e-16  -0.1173700359  0.9931200408  -0.1171007452
27  5  -8.519597681e-17  0.0006986027451  0.999999756  0.0006986026883
27  6  -4.024400067e-17  0.001545274739  0.9999988061  0.001545274124
27  7  2.426924246e-16  -0.0009907446229  0.9999995092  -0.0009907444608
27  8  1.624020924e-16  -0.003648529912  0.9999933441  -0.003648521817
27  9  -9.976909369e-17  -0.005628149034  0.999984162  -0.005628119321
27  10  9.307713828e-17  -0.003520948107  0.9999938015  -0.003520940832
27  11  3.821951523e-16  0.006602136014  0.999978206  0.006602088051
27  12  6.047796717e-17  -0.08187021139  0.9966505058  -0.08177878302
27  13  -2.009619905e-17  -0.0870589895  0.9962127591  -0.08694905727
27  14  -1.305984047e-16  -0.1080686539  0.9941662639  -0.1078584241
27  15  -1.468229162e-16  -0.01392782894  0.9999030094  -0.01392737865
27  16  -8.681325562e-17  8.550884375e-05  0.9999999963  8.550884365e-05
27  17  -3.283065921e-16  -0.0057932606  0.9999832191  -0.005793228195
27  18  1.477869405e-16  -0.004926749265  0.9999878636  -0.004926729334
27  19  3.720068375e-17  -0.002371372676  0.9999971883  -0.002371370454
27  20  1.795159e-16  0.0002602348809  0.9999999661  0.000260234878
27  21  -1.979083919e-17  0.00223569341  0.9999975008  0.002235691548
27  22  2.188215869e-16  -0.01148458931  0.9999340528  -0.01148433685
27  23  -2.148904666e-16  -0.192790161  0.9814734666  -0.1915981062
27  24  3.669297403e-17  0.08966200647  0.9959830545  0.0895419185
27  25  -6.826459719e-17  0.0722304472  0.9973925152  0.07216765635
27  26  6.20507525e-17  -0.08001512613  0.9968004974  -0.07992977171
27  27  1.454005158e-16  -0.1140186762  0.9935069096  -0.1137717914
27  28  8.899891129e-17  -0.09716079269  0.9952836023  -0.09700799496
27  29  1.795503049e-16  -0.06150540238  0.9981091389  -0.06146663143
27  30  3.682822442e-16  -0.03969320422  0.9992123282  -0.03968278193
27  31  -9.418502013e-17  -0.03171498281  0.9994971221  -0.03170966638
27  32  1.839183991e-16  -0.03477668508  0.999395352  -0.03476967558
27  33  2.544479136e-16  -0.04969277279  0.9987655682  -0.04967232367
27  34  1.268540798e-16  -0.07816631032  0.9969465691  -0.07808673564
27  35  1.05630608e-17  -0.1059585852  0.9943916393  -0.1057604264
27  36  1.05630608e-17  -0.1059585852  0.9943916393  -0.1057604264

28  0  -1.38418342e-17  -0.07931943043  0.996855863  -0.07923628261
28  1  -1.469523823e-16  -0.09692387753  0.995306557  -0.09677219447
28  2  4.282674351e-17  -0.05995574792  0.9982031925  -0.05991983398
28  3  2.32486362e-16  0.2089137711  0.9782567729  0.2073974116
28  4  -1.141066801e-17  -0.2174998608  0.9764400032  -0.2157890641
28  5  -6.623155595e-17  -0.1573135006  0.9876517286  -0.1566654494
28  6  1.154434299e-16  0.004027083438  0.9999918913  0.004027072553
28  7  1.679980651e-16  0.002153255204  0.9999976817  0.00215325354
28  8  -3.107895183e-16  -0.0009907446229  0.9999995092  -0.0009907444608
28  9  5.243853058e-17  -0.004039587292  0.9999918409  -0.004039576305
28  10  2.671717623e-17  -0.006453480454  0.9999791764  -0.006453435659
28  11  -2.685572589e-17  -0.006506456224  0.9999788331  -0.006506410317
28  12  -2.688462067e-16  -0.114451906  0.9934575271  -0.1142021975
28  13  1.654305622e-18  -0.1671176474  0.9860683153  -0.1663408475
28  14  -4.447058054e-17  -0.03968786637  0.99921254  -0.03967744829
28  15  -2.096431344e-16  -0.2160649448  0.976748637  -0.214387733
28  16  -2.280197165e-16  -0.02520908539  0.9996822678  -0.02520641542
28  17  -3.930017608e-17  -0.00701784372  0.999975375  -0.007017786115
28  18  -1.826508226e-16  -0.005536508232  0.9999846736  -0.005536479947
28  19  1.682804558e-16  -0.002565578959  0.9999967089  -0.002565576144
28  20  3.264923817e-16  0.0005026254136  0.9999998737  0.0005026253924
28  21  6.268805954e-17  0.003585297383  0.9999935728  0.003585289702
28  22  6.343404892e-17  -0.0008815644424  0.9999996114  -0.0008815643282
28  23  -8.500224067e-17  -0.3610903982  0.9355121482  -0.3532945238
28  24  3.059666298e-16  0.1101008867  0.9939450177  0.1098785773
28  25  1.225834154e-16  0.07441184801  0.9972327157  0.07434319576
28  26  3.235171605e-17  -0.09487885012  0.9955023774  -0.09473656434
28  27  1.495191963e-16  -0.09716079269  0.9952836023  -0.09700799496
28  28  -3.004483078e-16  -0.06074036669  0.998155871  -0.06070302441
28  29  2.008230893e-17  -0.03129927214  0.9995102178  -0.03129416204
28  30  3.963472632e-16  -0.01678719206  0.9998590984  -0.0167864036
28  31  6.670778141e-18  -0.01065450186  0.9999432413  -0.01065430028
28  32  1.088477408e-16  -0.009686408207  0.9999530871  -0.009686256734
28  33  -3.132340695e-17  -0.01346563281  0.9999093397  -0.01346522588
28  34  -1.584241887e-16  -0.02380341617  0.9997167121  -0.02380116839
28  35  6.563894963e-18  -0.04563493964  0.9989589068  -0.0456191018
28  36  6.563894963e-18  -0.04563493964  0.9989589068  -0.0456191018

29  0  -6.640687585e-17  -0.02218547738  0.9997539124  -0.02218365749
29  1  -1.547931705e-16  -0.04598928057  0.9989426794  -0.04597307096
29  2  -2.84438584e-17  -0.07248134174  0.9973743773  -0.07241789441
29  3  2.491136094e-16  -0.04190795046  0.9991219904  -0.04189568455
29  4  -2.041795649e-16  0.5244419094  0.8656035291  0.5007299975
29  5  2.735759024e-17  -0.5931164424  0.8292027797  -0.5589478957
29  6  7.759203974e-17  -0.2379801772  0.9718161103  -0.2357402123
29  7  -7.868820488e-17  0.004027083438  0.9999918913  0.004027072553
29  8  -1.998727076e-16  0.001545274739  0.9999988061  0.001545274124
29  9  1.252202611e-16  -0.001761181416  0.9999984491  -0.001761180506
29  10  6.298068144e-17  -0.005072556051  0.9999871346  -0.005072534298
29  11  8.396140161e-17  -0.00885426682  0.9999608012  -0.008854151128
29  12  1.024706617e-16  -0.1373774336  0.9905785516  -0.1369457306
29  13  2.861631661e-16  -0.2804835901  0.9609216831  -0.2768203731
29  14  -7.259082003e-17  -0.03694936218  0.99931745  -0.0369409552
29  15  -7.792751721e-17  -0.07172371551  0.9974289568  -0.07166223671
29  16  -1.068107259e-16  -0.3286922194  0.9464653116  -0.3228055358
29  17  2.755365375e-16  -0.02824731979  0.999601071  -0.02824356347
29  18  3.184250839e-16  -0.006853559339  0.9999765145  -0.006853505686
29  19  -1.296964889e-16  -0.003441866488  0.9999940768  -0.003441859692
29  20  6.628768054e-17  -0.0001594524227  0.9999999873  -0.0001594524221
29  21  -4.814708729e-17  0.003219707451  0.9999948167  0.003219701888
29  22  -1.159984758e-16  0.001363678041  0.9999990702  0.001363677618
29  23  8.769373911e-17  -0.7626433609  0.7230124125  -0.6908350392
29  24  1.787605738e-16  0.2143624743  0.9771122101  0.2127245374
29  25  6.587268126e-17  0.2418469202  0.9708973007  0.2394962037
29  26  5.365663169e-17  -0.08219348424  0.9966240168  -0.0821009688
29  27  9.541801475e-17  -0.06150540238  0.9981091389  -0.06146663143
29  28  -4.930706499e-18  -0.03129927214  0.9995102178  -0.03129416204
29  29  2.336557699e-17  -0.01384144218  0.9999042088  -0.01384100021
29  30  -2.680255427e-17  -0.005588498276  0.9999843844  -0.005588469187
29  31  3.05239114e-17  -0.001666456021  0.9999986115  -0.00166645525
29  32  -1.224205043e-17  -0.000198467646  0.9999999803  -0.0001984676447
29  33  1.25579873e-16  -0.0007683460541  0.9999997048  -0.0007683459785
29  34  -6.238436567e-17  -0.003532248068  0.9999937616  -0.003532240723
29  35  -2.252970398e-17  -0.009569520234  0.9999542125  -0.009569374179
29  36  -2.252970398e-17  -0.009569520234  0.9999542125  -0.009569374179

30  0  9.897187982e-17  -0.002838192833  0.9999959723  -0.002838189022
30  1  1.929142959e-16  -0.01070859945  0.9999426635  -0.01070839478
30  2  6.444338804e-17  -0.02716042688  0.9996311783  -0.02715708768
30  3  -4.219605051e-17  -0.05276177206  0.9986084206  -0.05273729572
30  4  -1.021858845e-16  0.02606850487  0.9996602358  0.02606555243
30  5  2.901932313e-17  1.1957085  0.3663542509  0.9304754499
30  6  1.433463375e-16  -0.5931164424  0.8292027797  -0.5589478957
30  7  -1.137971171e-16  -0.1573135006  0.9876517286  -0.1566654493
30  8  -2.055104579e-16  0.0006986027449  0.999999756  0.0006986026881
30  9  1.958088354e-16  -0.0002019534951  0.9999999796  -0.0002019534937
30  10  -9.487656755e-17  -0.003082102213  0.9999952503  -0.003082097333
30  11  -1.021635579e-17  -0.007147939746  0.9999744536  -0.007147878878
30  12  1.130043068e-16  -0.1370061011  0.9906293357  -0.1365778871
30  13  -3.849175718e-17  -0.3426004565  0.9418842602  -0.3359375543
30  14  -1.752473965e-16  -0.0311245143  0.9995156714  -0.03111948931
30  15  1.081531978e-16  -0.05016681008  0.9987419095  -0.05014577019
30  16  -6.642855473e-17  -0.09007073999  0.9959463725  -0.08994900266
30  17  -1.490709949e-16  -0.3720291894  0.9315916404  -0.363506555
30  18  4.7497336e-17  -0.02386086044  0.9997153432  -0.02385859634
30  19  1.510435891e-17  -0.004761934281  0.999988662  -0.004761916284
30  20  1.252532769e-16  -0.001584763778  0.9999987443  -0.001584763115
30  21  -3.589917276e-16  0.001156568227  0.9999993312  0.001156567969
30  22  -1.576902964e-16  -0.003226031094  0.9999947964  -0.003226025498
30  23  -4.822854543e-17  -0.6797314418  0.7777415582  -0.6285841778
30  24  1.682929166e-17  0.5060373439  0.8746721289  0.4847150368
30  25  -7.525381873e-17  0.6835765848  0.7753188186  0.6315700511
30  26  -5.924680257e-17  -0.06663497117  0.9977807117  -0.0665856698
30  27  -2.261316832e-16  -0.03969320422  0.9992123282  -0.03968278193
30  28  -1.112937646e-16  -0.01678719206  0.9998590984  -0.0167864036
30  29  -7.209501857e-17  -0.005588498276  0.9999843844  -0.005588469187
30  30  -7.161913987e-17  -0.0003787873778  0.9999999283  -0.0003787873687
30  31  -1.013982915e-17  0.002318473389  0.9999973123  0.002318471312
30  32  -2.393618216e-16  0.003686180758  0.999993206  0.00368617241
30  33  2.473330193e-16  0.003940128079  0.9999922377  0.003940117884
30  34  1.775138115e-16  0.003076797333  0.9999952667  0.003076792478
30  35  -3.211564467e-17  0.001026443371  0.9999994732  0.001026443191
30  36  -3.211564467e-17  0.001026443371  0.9999994732  0.001026443191

31  0  -1.762074635e-16  0.003448889009  0.9999940526  0.003448882171
31  1  1.014359336e-16  0.0005100873928  0.9999998699  0.0005100873707
31  2  -2.450727169e-16  -0.005521248156  0.9999847579  -0.005521220104
31  3  1.021061079e-16  -0.01943277679  0.9998111895  -0.01943155374
31  4  2.437242471e-16  -0.04598602998  0.9989428288  -0.0459698238
31  5  -1.867280468e-16  0.02606850487  0.9996602358  0.02606555242
31  6  -3.853448096e-16  0.5244419094  0.8656035291  0.5007299975
31  7  -1.10189645e-16  -0.2174998607  0.9764400032  -0.2157890641
31  8  -6.677533929e-17  -0.1173700359  0.9931200408  -0.1171007452
31  9  -3.613057636e-17  -0.007614619564  0.9999710089  -0.007614545979
31  10  9.510132864e-17  -0.003035966289  0.9999953915  -0.003035961625
31  11  3.209559625e-16  -0.005017828136  0.9999874107  -0.005017807079
31  12  7.909830985e-17  -0.09830067264  0.9951723782  -0.09814243551
31  13  -1.840761899e-16  -0.2585770387  0.9667548153  -0.2557051566
31  14  -2.183299462e-16  -0.0221867961  0.9997538831  -0.02218497589
31  15  -1.202046333e-17  -0.04403075092  0.9990308031  -0.04401652517
31  16  -7.059481549e-17  -0.03328089718  0.9994462421  -0.03327475376
31  17  -7.026849412e-17  -0.09018109742  0.9959364399  -0.09005891219
31  18  1.571180883e-16  -0.2591938854  0.9665969005  -0.2563014474
31  19  3.329146194e-17  -0.01397272383  0.9999023831  -0.01397226917
31  20  -8.245850032e-17  -0.003398620714  0.9999942247  -0.003398614171
31  21  2.356419468e-16  -0.002748471333  0.999996223  -0.002748467873
31  22  -9.123510701e-17  -0.01781707436  0.9998412801  -0.01781613171
31  23  2.781259977e-17  -0.3128883752  0.9514484748  -0.3078080568
31  24  -2.413524767e-16  0.2713380123  0.9634131438  0.2680207349
31  25  -5.211676028e-17  0.3039848635  0.9541512996  0.2993247358
31  26  -2.35362879e-16  -0.06292093136  0.9980211312  -0.06287942179
31  27  -2.973419948e-17  -0.03171498281  0.9994971221  -0.03170966638
31  28  -5.823411783e-17  -0.01065450186  0.9999432413  -0.01065430028
31  29  -1.979496112e-16  -0.001666456021  0.9999986115  -0.00166645525
31  30  -7.333202585e-17  0.002318473389  0.9999973123  0.002318471312
31  31  8.082155492e-17  0.004466103897  0.999990027  0.00446608905
31  32  5.101031792e-17  0.005763025429  0.9999833938  0.005762993529
31  33  -1.764187136e-17  0.00634380363  0.9999798781  0.00634376108
31  34  1.32301519e-16  0.006132532768  0.9999811961  0.00613249433
31  35  -1.03559959e-16  0.005161343707  0.9999866803  0.005161320791
31  36  -1.03559959e-16  0.005161343707  0.9999866803  0.005161320791

32  0  -4.597675526e-16  0.006499310232  0.9999788796  0.006499264476
32  1  -1.034883101e-16  0.004808894675  0.9999884373  0.00480887614
32  2  8.93921443e-17  0.002017580785  0.9999979647  0.002017579416
32  3  1.742219865e-16  -0.003983276095  0.9999920668  -0.003983265562
32  4  -8.904779896e-17  -0.01943277679  0.9998111895  -0.01943155374
32  5  -1.928075195e-16  -0.05276177206  0.9986084206  -0.05273729572
32  6  -2.841400902e-16  -0.04190795046  0.9991219904  -0.04189568455
32  7  -1.800267442e-16  0.2089137711  0.9782567729  0.2073974116
32  8  -1.978732547e-16  -0.07155587187  0.9974409708  -0.0714948236
32  9  -1.190297137e-16  -0.1356935274  0.9908077508  -0.1352774958
32  10  2.616472302e-16  -0.03052340496  0.999534197  -0.03051866552
32  11  -1.004077853e-16  -0.007281704184  0.9999734885  -0.007281639834
32  12  3.3067315e-16  -0.04672735723  0.9989084757  -0.04671035464
32  13  -1.99665223e-16  -0.1492808345  0.988878293  -0.1487270039
32  14  -3.005123703e-17  -0.03559878338  0.9993664302  -0.03559126496
32  15  1.206516162e-16  -0.03566494595  0.9993640732  -0.03565738553
32  16  1.633308284e-17  -0.02988572573  0.9995534549  -0.02988127716
32  17  1.210101944e-16  -0.04035360234  0.9991859039  -0.04034265117
32  18  3.448867181e-17  -0.08887968051  0.9960528007  -0.08876270777
32  19  -8.465799633e-17  -0.1183314497  0.9930069996  -0.1180554902
32  20  -4.459725069e-16  -0.003478736639  0.9999939492  -0.003478729622
32  21  9.183885312e-17  -0.009529331619  0.9999545963  -0.009529187396
32  22  4.012238907e-17  -0.06008198468  0.9981956205  -0.06004584343
32  23  1.192275957e-16  -0.1883504373  0.9823144335  -0.1872387612
32  24  -5.086179572e-17  0.1359466614  0.9907734758  0.1355282986
32  25  -1.031200939e-16  0.08755590744  0.9961694296  0.08744408251
32  26  -6.916636542e-17  -0.07247348314  0.9973749464  -0.07241005644
32  27  6.171003393e-17  -0.03477668508  0.999395352  -0.03476967558
32  28  -2.088792265e-16  -0.009686408207  0.9999530871  -0.009686256734
32  29  -1.238592777e-16  -0.000198467646  0.9999999803  -0.0001984676447
32  30  -7.558531648e-17  0.003686180758  0.999993206  0.00368617241
32  31  -1.513445616e-16  0.005763025429  0.9999833938  0.005762993529
32  32  -2.052126953e-16  0.007142036948  0.9999744958  0.00714197623
32  33  1.04567272e-16  0.007990176535  0.9999680787  0.007990091516
32  34  2.935001953e-16  0.008170904987  0.9999666183  0.008170814067
32  35  9.382849785e-18  0.007631414685  0.9999708809  0.007631340612
32  36  9.382849785e-18  0.007631414685  0.9999708809  0.007631340612

33  0  -1.439492208e-16  0.008649038899  0.9999625973  0.008648931066
33  1  -2.784336356e-16  0.007227579421  0.9999738812  0.007227516496
33  2  -1.057840442e-16  0.005274112857  0.9999860919  0.005274088406
33  3  7.917231256e-17  0.002017580785  0.9999979647  0.002017579416
33  4  1.299473482e-16  -0.005521248156  0.9999847579  -0.005521220104
33  5  9.445297692e-17  -0.02716042688  0.9996311783  -0.02715708768
33  6  1.75287076e-16  -0.07248134174  0.9973743773  -0.07241789441
33  7  1.232555745e-17  -0.05995574793  0.9982031925  -0.05991983398
33  8  -1.70405975e-16  0.1550092936  0.988010096  0.1543892814
33  9  1.936824031e-16  -0.02960797172  0.999561716  -0.02960364603
33  10  -1.057210764e-16  -0.1958417975  0.9808842098  -0.1945923097
33  11  -9.863462158e-17  -0.1047489617  0.994518842  -0.1045575098
33  12  3.072912744e-17  -0.01071232495  0.9999426236  -0.01071212007
33  13  1.774063496e-16  -0.08450607328  0.9964314862  -0.08440552898
33  14  -1.119714988e-16  -0.07908068584  0.9968747518  -0.07899828641
33  15  2.581693758e-16  -0.05592213588  0.9984367648  -0.05589299303
33  16  8.431480276e-17  -0.0264483559  0.9996502626  -0.0264452725
33  17  -2.303002965e-16  -0.03543944874  0.9993720885  -0.03543203082
33  18  3.412517361e-17  -0.08010294494  0.9967934742  -0.08001730924
33  19  1.860609309e-16  -0.1153735264  0.9933518541  -0.1151177396
33  20  -1.188545179e-16  -0.01454863522  0.9998941705  -0.01454812199
33  21  -2.057794637e-17  -0.007744647194  0.9999700104  -0.007744569774
33  22  1.351917054e-16  -0.1925849266  0.9815127685  -0.19139667
33  23  6.054963047e-17  -0.1412504026  0.9900407371  -0.1407811739
33  24  -2.110764052e-16  0.0874820022  0.9961758894  0.08737046013
33  25  1.551459746e-16  0.06679202539  0.9977702418  0.06674237465
33  26  1.475658451e-16  -0.08709722227  0.9962094341  -0.08698714519
33  27  6.458474572e-17  -0.04969277279  0.9987655682  -0.04967232367
33  28  -2.114378949e-16  -0.01346563281  0.9999093397  -0.01346522588
33  29  -1.330812108e-16  -0.000768346054  0.9999997048  -0.0007683459784
33  30  -1.755827884e-17  0.003940128079  0.9999922377  0.003940117884
33  31  -4.484541874e-17  0.00634380363  0.9999798781  0.00634376108
33  32  -2.420169484e-16  0.007990176535  0.9999680787  0.007990091516
33  33  1.58359797e-16  0.009177285374  0.999957889  0.009177156553
33  34  -1.595374657e-17  0.009757752726  0.9999523935  0.009757597882
33  35  -1.60741854e-16  0.00956008748  0.9999543027  0.009559941857
33  36  -1.60741854e-16  0.00956008748  0.9999543027  0.009559941857

34  0  2.750358979e-16  0.0103725032  0.9999462061  0.01037231721
34  1  6.941030103e-20  0.009027432596  0.999959253  0.009027309982
34  2  2.760671815e-16  0.007227579421  0.9999738812  0.007227516496
34  3  2.854474894e-16  0.004808894675  0.9999884373  0.00480887614
34  4  1.664950259e-16  0.0005100873927  0.9999998699  0.0005100873706
34  5  -2.740151126e-16  -0.01070859945  0.9999426635  -0.01070839478
34  6  4.31754138e-17  -0.04598928057  0.9989426794  -0.04597307096
34  7  -3.78835214e-17  -0.09692387753  0.995306557  -0.09677219447
34  8  -1.839019312e-16  -0.04753744387  0.9988703085  -0.04751954164
34  9  -1.532336984e-17  0.1355417425  0.9908282725  0.1351271046
34  10  -3.831542797e-16  -0.02500359037  0.9996874265  -0.02500098516
34  11  -7.783875574e-17  -0.3019318531  0.9547638052  -0.2973652238
34  12  7.480399932e-17  -0.1494547277  0.9888524154  -0.1488989608
34  13  5.644682962e-17  -0.04244793927  0.9990992215  -0.04243519311
34  14  7.27016863e-17  -0.1757911646  0.9845884825  -0.1748871638
34  15  -3.511923197e-17  -0.1265771998  0.9919997963  -0.1262394716
34  16  5.793235628e-17  -0.04142728623  0.9991420127  -0.04141543752
34  17  -1.305424676e-17  -0.03428143534  0.9994124491  -0.03427472105
34  18  -4.839597248e-17  -0.06528508523  0.9978696856  -0.06523871939
34  19  2.031244247e-16  -0.1924086594  0.9815464902  -0.1912236585
34  20  5.331873454e-17  -0.1843109786  0.9830627604  -0.1832692258
34  21  4.181420543e-17  0.07562417204  0.9971418548  0.07555211001
34  22  3.549800604e-16  -0.3759876055  0.9301454354  -0.3671913247
34  23  2.0825216e-16  -0.1010579045  0.9948979943  -0.10088598
34  24  6.955770855e-17  0.01844649025  0.9998298683  0.01844544413
34  25  5.264599293e-17  0.1067447643  0.9943081853  0.1065421636
34  26  7.298159506e-17  -0.08789896787  0.9961393724  -0.08778582367
34  27  -3.135338658e-16  -0.07816631032  0.9969465691  -0.07808673564
34  28  -1.207765801e-16  -0.02380341617  0.9997167121  -0.02380116839
34  29  8.99528588e-17  -0.003532248068  0.9999937616  -0.003532240723
34  30  -1.899150987e-17  0.003076797333  0.9999952667  0.003076792478
34  31  -4.315657143e-16  0.006132532769  0.9999811961  0.00613249433
34  32  -6.764892679e-17  0.008170904987  0.9999666183  0.008170814067
34  33  2.031918788e-16  0.009757752726  0.9999523935  0.009757597882
34  34  -1.524077674e-17  0.01080211682  0.9999416577  0.01080190674
34  35  -6.117313824e-17  0.01103392473  0.9999391269  0.01103370084
34  36  -6.117313824e-17  0.01103392473  0.9999391269  0.01103370084

35  0  4.961122358e-17  0.01151594628  0.9999336922  0.01151569174
35  1  9.769588295e-17  0.0103725032  0.9999462061  0.01037231721
35  2  1.773113704e-16  0.008649038899  0.9999625973  0.008648931066
35  3  2.04910423e-16  0.006499310232  0.9999788796  0.006499264476
35  4  9.386548043e-17  0.003448889008  0.9999940526  0.003448882171
35  5  -2.12939974e-16  -0.002838192833  0.9999959723  -0.002838189022
35  6  1.616640655e-17  -0.02218547738  0.9997539124  -0.02218365749
35  7  2.714535148e-16  -0.07931943043  0.996855863  -0.07923628261
35  8  1.770617226e-16  -0.0978378283  0.9952176963  -0.09768181512
35  9  7.882941029e-17  -0.08963823489  0.9959851828  -0.08951824237
35  10  1.496006549e-16  -1.189607319  0.3720243966  -0.9282229519
35  11  3.910369863e-18  -0.02426335611  0.9997056592  -0.0242609755
35  12  2.863329235e-17  -0.8669907005  0.6471237187  -0.7623850029
35  13  -2.750717041e-16  1.792875289  -0.2202580036  0.9754416496
35  14  5.526649741e-17  -0.3005843678  0.9551636335  -0.2960784241
35  15  -9.500141306e-17  -0.3155736859  0.9506184851  -0.3103618787
35  16  -7.407724201e-17  -0.07553233394  0.9971487892  -0.07546053408
35  17  -3.704352714e-17  -0.0463395951  0.9989265131  -0.04632301226
35  18  7.139778943e-17  -0.05336277555  0.9985765449  -0.05333745331
35  19  1.967577832e-16  -0.1485420738  0.9889878968  -0.1479964189
35  20  2.302818238e-16  -0.3906941312  0.9246449364  -0.3808303317
35  21  -1.742158243e-16  -0.4102023697  0.9170401376  -0.3987949173
35  22  6.152984685e-17  1.332304861  0.2362370595  0.9716954521
35  23  2.123477295e-16  -0.135596276  0.9908209021  -0.1351811378
35  24  9.972479825e-17  -0.02089484476  0.9997817107  -0.02089332436
35  25  1.094127558e-16  -1.242482631  0.3224472536  -0.9465874332
35  26  4.163737634e-17  -0.06519675946  0.997875444  -0.06515058153
35  27  5.859746535e-17  -0.1059585852  0.9943916393  -0.1057604264
35  28  6.31713668e-18  -0.04563493964  0.9989589068  -0.0456191018
35  29  -1.88246124e-16  -0.009569520234  0.9999542125  -0.009569374179
35  30  4.474766291e-17  0.001026443371  0.9999994732  0.001026443191
35  31  -2.425872192e-16  0.005161343707  0.9999866803  0.005161320791
35  32  1.338814472e-16  0.007631414685  0.9999708809  0.007631340612
35  33  -2.322427709e-16  0.009560087481  0.9999543027  0.009559941857
35  34  -1.279382495e-16  0.01103392473  0.9999391269  0.01103370084
35  35  2.022329631e-16  0.01176615991  0.9999307795  0.01176588842
35  36  2.022329631e-16  0.01176615991  0.9999307795  0.01176588842

36  0  4.961122358e-17  0.01151594628  0.9999307795  0.01176588842
36  1  6.941030103e-20  0.009027432596  0.9999307795  0.01176588842
36  2  -1.057840442e-16  0.005274112857  0.9999307795  0.01176588842
36  3  1.742219865e-16  -0.003983276095  0.9999307795  0.01176588842
36  4  2.437242471e-16  -0.04598602998  0.9999307795  0.01176588842
36  5  2.901932313e-17  1.1957085  0.9999307795  0.01176588842
36  6  7.759203974e-17  -0.2379801772  0.9999307795  0.01176588842
36  7  1.679980651e-16  0.002153255204  0.9999307795  0.01176588842
36  8  1.624020924e-16  -0.003648529912  0.9999307795  0.01176588842
36  9  -7.487898169e-17  -0.00308325447  0.9999307795  0.01176588842
36  10  -2.354443265e-16  0.02835605273  0.9999307795  0.01176588842
36  11  -1.137501579e-16  -1.20745769  0.9999307795  0.01176588842
36  12  2.361765374e-16  0.05092965688  0.9999307795  0.01176588842
36  13  1.904442676e-16  -0.00930403175  0.9999307795  0.01176588842
36  14  7.116292212e-17  -0.0276420277  0.9999307795  0.01176588842
36  15  -2.418457008e-17  -0.05050875663  0.9999307795  0.01176588842
36  16  5.681720152e-17  -0.02420828971  0.9999307795  0.01176588842
36  17  -3.299344007e-17  -0.03888921054  0.9999307795  0.01176588842
36  18  2.524317435e-16  -0.03888921054  0.9999307795  0.01176588842
36  19  1.602165943e-16  -0.02420828971  0.9999307795  0.01176588842
36  20  -2.239485149e-16  -0.05050875663  0.9999307795  0.01176588842
36  21  2.501638317e-16  -0.0276420277  0.9999307795  0.01176588842
36  22  2.445007189e-16  -0.009304031748  0.9999307795  0.01176588842
36  23  -3.571375164e-16  0.05092965688  0.9999307795  0.01176588842
36  24  3.806478519e-16  -1.20745769  0.9999307795  0.01176588842
36  25  1.435192615e-16  0.02835605273  0.9999307795  0.01176588842
36  26  4.135632672e-17  -0.00308325447  0.9999307795  0.01176588842
36  27  3.470947812e-17  -0.003648529912  0.9999307795  0.01176588842
36  28  -6.90301789e-17  0.002153255204  0.9999307795  0.01176588842
36  29  1.496172528e-16  -0.2379801772  0.9999307795  0.01176588842
36  30  2.705753018e-17  1.1957085  0.9999307795  0.01176588842
36  31  -1.43509119e-17  -0.04598602998  0.9999307795  0.01176588842
36  32  -2.066382569e-17  -0.003983276095  0.9999307795  0.01176588842
36  33  2.331530601e-17  0.005274112857  0.9999307795  0.01176588842
36  34  -3.770223606e-17  0.009027432596  0.9999307795  0.01176588842
36  35  -2.65854243e-16  0.01151594628  0.9999307795  0.01176588842
36  36  -2.65854243e-16  0.01151594628  0.9999307795  0.01176588842

#Chern no*2pi*Iota= 1.08011511e-14  -87.9645943
