#nx  ny  tilde_F(nx,ny).real()  tilde_F(nx,ny).imag()  ArgofLog.real()  ArgofLog.imag()
#Extra momentum point for pm3d corners2color c1
0  0  1.175170799e-16  0.007917022488  0.9999686605  0.007916939783
0  1  -1.667391122e-17  0.00753537672  0.9999716092  0.007535305408
0  2  -1.564601949e-16  0.006769374495  0.9999770879  0.006769322795
0  3  5.074904532e-17  0.005854975764  0.9999828597  0.005854942312
0  4  2.405523448e-16  0.005081665972  0.9999870884  0.005081644101
0  5  2.839742597e-16  0.004970908047  0.9999876451  0.004970887575
0  6  2.256690512e-16  0.008221241  0.9999662058  0.00822114839
0  7  -3.265328073e-16  0.04800770833  0.9988478513  0.04798926957
0  8  4.268979344e-17  0.07142192774  0.9974505381  0.07136122159
0  9  9.824008897e-17  0.008602315912  0.9999630003  0.008602209818
0  10  1.227807353e-16  0.002369696263  0.9999971923  0.002369694045
0  11  -5.081938394e-17  0.001520253852  0.9999988444  0.001520253267
0  12  -6.851778298e-17  0.001580637256  0.9999987508  0.001580636598
0  13  1.211689714e-16  0.002362437407  0.9999972094  0.00236243521
0  14  -6.547161892e-17  0.004194418957  0.9999912034  0.004194406659
0  15  -9.339461962e-17  0.006750808369  0.9999772134  0.006750757093
0  16  -2.98868921e-16  0.00736400372  0.9999728858  0.007363937163
0  17  2.557388861e-17  0.004847769275  0.9999882496  0.004847750287
0  18  1.006632064e-17  0.003856525135  0.9999925636  0.003856515575
0  19  -1.39906186e-16  0.006265566177  0.9999803714  0.006265525182
0  20  3.200260074e-16  0.00749842969  0.9999718869  0.007498359422
0  21  2.484553244e-16  0.005472071138  0.9999850283  0.005472043829
0  22  2.756661303e-16  0.003121310242  0.9999951287  0.003121305174
0  23  -1.577822971e-16  0.001859545232  0.999998271  0.001859544161
0  24  -4.416685729e-16  0.001468181613  0.9999989222  0.001468181086
0  25  -1.449711163e-16  0.001765462143  0.9999984416  0.001765461226
0  26  -2.547791685e-16  0.003909088441  0.9999923595  0.003909078485
0  27  -1.599472534e-16  0.02724161178  0.9996289702  0.02723824255
0  28  -2.785085591e-16  0.08585723459  0.9963165312  0.0857517912
0  29  -1.229393688e-16  0.01747975169  0.999847233  0.01747886157
0  30  -3.731936803e-17  0.00572261773  0.9999836259  0.005722586496
0  31  -5.272360764e-18  0.004885575281  0.9999880656  0.004885555846
0  32  -1.754028876e-16  0.005431827381  0.9999852477  0.00543180067
0  33  -1.632458987e-16  0.00631688241  0.9999800486  0.0063168404
0  34  7.60125359e-17  0.007189795601  0.9999741535  0.007189733657
0  35  -6.238889526e-17  0.007787150402  0.9999696803  0.007787071701
0  36  -6.238889526e-17  0.007787150402  0.9999696803  0.007787071701

1  0  1.982156326e-16  0.00753537672  0.9999716092  0.007535305408
1  1  1.190449012e-16  0.007413475123  0.9999725203  0.007413407216
1  2  7.661208756e-17  0.006865580519  0.999976432  0.006865526583
1  3  -1.03107351e-16  0.006069253923  0.9999815821  0.006069216662
1  4  3.285902273e-16  0.00527833178  0.9999860696  0.005278307271
1  5  -7.281642738e-17  0.004871624047  0.9999881337  0.004871604777
1  6  1.208758122e-16  0.00614218777  0.9999811368  0.00614214915
1  7  -1.388096301e-16  0.02210812398  0.9997556254  0.02210632306
1  8  -4.241860848e-17  0.106479721  0.9943363887  0.1062786251
1  9  -2.458718498e-16  0.02517340719  0.9996831665  0.02517074854
1  10  -8.036597368e-17  0.003972410492  0.99999211  0.003972400044
1  11  4.763547768e-17  0.001835972397  0.9999983146  0.001835971365
1  12  -2.332210226e-16  0.001479900587  0.9999989049  0.001479900047
1  13  -2.911241615e-17  0.001814151619  0.9999983544  0.001814150624
1  14  6.210313752e-17  0.003003847959  0.9999954885  0.003003843442
1  15  4.794747423e-17  0.005270201784  0.9999861125  0.005270177388
1  16  3.315764394e-17  0.007278681594  0.9999735105  0.007278617325
1  17  -2.534311361e-16  0.006130886772  0.9999812062  0.006130848364
1  18  -2.007788819e-17  0.00374938364  0.9999929711  0.003749374855
1  19  -3.555443365e-16  0.004692962621  0.9999889881  0.004692945395
1  20  -2.307731588e-16  0.007099457414  0.999974799  0.007099397776
1  21  -3.39607758e-16  0.006446173634  0.9999792235  0.006446128991
1  22  -3.460900469e-16  0.00398713237  0.9999920514  0.003987121806
1  23  -1.056268499e-17  0.002261050934  0.9999974438  0.002261049007
1  24  -1.387604436e-16  0.001552555168  0.9999987948  0.001552554545
1  25  -5.875053638e-17  0.001553470771  0.9999987934  0.001553470146
1  26  4.926070319e-17  0.002479660978  0.9999969256  0.002479658437
1  27  9.57895722e-17  0.008685759591  0.999962279  0.008685650379
1  28  1.044300407e-16  0.07444739564  0.9972300723  0.07437864497
1  29  -7.069276204e-17  0.06670331282  0.9977761588  0.06665385962
1  30  -7.087305063e-17  0.00990246566  0.999950971  0.009902303823
1  31  -1.441274401e-16  0.005125550766  0.9999868644  0.005125528324
1  32  9.588565551e-17  0.004998129861  0.9999875094  0.004998109052
1  33  2.750567632e-16  0.0056626761  0.9999839671  0.005662645837
1  34  -1.377870352e-16  0.006491734679  0.9999789288  0.006491689083
1  35  -4.944161501e-17  0.007189795601  0.9999741535  0.007189733657
1  36  -4.944161501e-17  0.007189795601  0.9999741535  0.007189733657

2  0  -7.094131758e-17  0.006769374495  0.9999770879  0.006769322795
2  1  -2.64048794e-16  0.006865580519  0.999976432  0.006865526583
2  2  -1.008609154e-16  0.006572632912  0.9999784003  0.00657258559
2  3  3.739434108e-17  0.005990607677  0.9999820564  0.005990571846
2  4  1.891045776e-16  0.005321268315  0.9999858421  0.005321243202
2  5  -7.606702939e-17  0.004882577642  0.9999880802  0.004882558243
2  6  -4.076854916e-17  0.005556317374  0.9999845637  0.005556288784
2  7  2.155194091e-16  0.01396388946  0.9999025065  0.01396343566
2  8  -6.817690099e-17  0.1153867726  0.9933503291  0.1151308977
2  9  9.665740429e-17  0.07299638381  0.9973369468  0.07293157455
2  10  8.987416553e-17  0.007715153874  0.9999702383  0.007715077335
2  11  2.939516617e-16  0.002577900251  0.9999966772  0.002577897396
2  12  -8.764088961e-17  0.001602794046  0.9999987155  0.001602793359
2  13  8.629325037e-17  0.001512125518  0.9999988567  0.001512124942
2  14  1.3309907e-16  0.002109243631  0.9999977755  0.002109242067
2  15  2.472749968e-16  0.003685880805  0.9999932071  0.003685872459
2  16  -1.998029203e-16  0.006025202652  0.9999818485  0.006025166196
2  17  -3.256964857e-16  0.006767741339  0.9999770989  0.006767689676
2  18  1.045410573e-16  0.004501628514  0.9999898677  0.00450161331
2  19  -2.234801965e-16  0.003520210676  0.9999938041  0.003520203405
2  20  -2.405043395e-16  0.005740794603  0.9999835217  0.00574076307
2  21  -3.035123246e-16  0.006700780188  0.9999775499  0.006700730043
2  22  -3.173591704e-16  0.004773564298  0.9999886066  0.004773546169
2  23  -1.014609939e-16  0.002720303756  0.9999963  0.002720300401
2  24  1.612606501e-16  0.001692799854  0.9999985672  0.001692799046
2  25  2.625862821e-16  0.001470342308  0.999998919  0.001470341778
2  26  -2.564027004e-16  0.001925538157  0.9999981462  0.001925536967
2  27  2.561429773e-17  0.004108008785  0.9999915621  0.004107997231
2  28  1.003887114e-16  0.02299045  0.9997357312  0.02298842475
2  29  1.24362792e-16  0.1341095959  0.9910207782  0.1337079551
2  30  2.434673659e-16  0.04558512282  0.9989611782  0.04556933679
2  31  3.508760653e-16  0.007781042741  0.9999697278  0.007780964224
2  32  3.163597576e-16  0.004989694095  0.9999875515  0.004989673391
2  33  -7.257682184e-17  0.005057075181  0.999987213  0.005057053626
2  34  -2.710871594e-16  0.0056626761  0.9999839671  0.005662645837
2  35  2.050551993e-16  0.00631688241  0.9999800486  0.0063168404
2  36  2.050551993e-16  0.00631688241  0.9999800486  0.0063168404

3  0  -2.518141179e-16  0.005854975764  0.9999828597  0.005854942312
3  1  4.472023722e-17  0.006069253923  0.9999815821  0.006069216662
3  2  2.362553778e-16  0.005990607677  0.9999820564  0.005990571846
3  3  2.562257189e-16  0.005648819621  0.9999840455  0.005648789579
3  4  1.478825119e-16  0.005183114975  0.9999865677  0.005183091767
3  5  -1.864594877e-16  0.004866568858  0.9999881583  0.004866549648
3  6  5.358366988e-17  0.005452103688  0.9999851373  0.005452076677
3  7  4.94672383e-16  0.01172233138  0.9999312943  0.01172206291
3  8  1.253282621e-16  0.1048873669  0.9945043612  0.1046951554
3  9  -1.64711538e-16  0.1532675426  0.9882775049  0.1526681806
3  10  -2.688065624e-17  0.01463850663  0.999892859  0.01463798383
3  11  2.049872167e-16  0.003824203615  0.9999926877  0.003824194294
3  12  -2.122153719e-16  0.001957098881  0.9999980849  0.001957097632
3  13  -1.982500372e-16  0.001443874469  0.9999989576  0.001443873968
3  14  -2.703058676e-16  0.001552973033  0.9999987941  0.001552972409
3  15  1.705740411e-16  0.002414255437  0.9999970857  0.002414253092
3  16  -2.517710963e-17  0.004269246151  0.9999908868  0.004269233182
3  17  3.998080209e-17  0.006164937647  0.9999809968  0.006164898596
3  18  1.820781596e-16  0.005441128683  0.9999851971  0.005441101835
3  19  -8.295197954e-17  0.003281288636  0.9999946166  0.003281282747
3  20  1.413799348e-17  0.004102280066  0.9999915857  0.00410226856
3  21  1.164163967e-16  0.006072622562  0.9999815617  0.006072585239
3  22  -2.729489809e-17  0.005247647215  0.9999862311  0.00524762313
3  23  -9.448303046e-17  0.003157930999  0.9999950137  0.00315792575
3  24  6.783496431e-17  0.001838058794  0.9999983108  0.001838057759
3  25  -3.428007864e-17  0.001408531072  0.999999008  0.001408530606
3  26  1.83858442e-16  0.001609800956  0.9999987043  0.00160980026
3  27  8.777335083e-17  0.002630215861  0.999996541  0.002630212828
3  28  -9.978602369e-17  0.007077564234  0.9999749541  0.007077505146
3  29  -2.743231145e-17  0.05590746724  0.9984375846  0.05587834731
3  30  -2.54996988e-16  0.1837987476  0.9831565076  0.1827656465
3  31  -1.478109346e-16  0.03561823147  0.9993657379  0.03561070072
3  32  1.588423589e-16  0.007292466392  0.9999734101  0.007292401756
3  33  -7.37960243e-17  0.004989694095  0.9999875515  0.004989673391
3  34  -2.241369047e-16  0.004998129861  0.9999875094  0.004998109052
3  35  -2.997499521e-16  0.005431827381  0.9999852477  0.00543180067
3  36  -2.997499521e-16  0.005431827381  0.9999852477  0.00543180067

4  0  -6.382380315e-17  0.005081665972  0.9999870884  0.005081644101
4  1  2.57807169e-17  0.00527833178  0.9999860696  0.005278307271
4  2  1.304330694e-16  0.005321268315  0.9999858421  0.005321243202
4  3  -1.585328218e-16  0.005183114975  0.9999865677  0.005183091767
4  4  -4.607459738e-17  0.004948496802  0.9999877562  0.004948476606
4  5  -3.383443025e-17  0.004860518469  0.9999881877  0.004860499331
4  6  -2.221714825e-16  0.005687118856  0.9999838284  0.005687088199
4  7  1.388607366e-17  0.01210669404  0.9999267149  0.01210639829
4  8  2.255486065e-16  0.09999376153  0.9950047881  0.09982720934
4  9  6.348454203e-17  0.2117821216  0.9776578609  0.2102025379
4  10  1.49130232e-16  0.02244207241  0.9997481873  0.02244018865
4  11  2.759786346e-16  0.00528119056  0.9999860545  0.005281166011
4  12  4.013159202e-18  0.002453520998  0.9999969901  0.002453518537
4  13  -1.426725302e-16  0.001550404482  0.9999987981  0.00155040386
4  14  -2.323424034e-16  0.001282802467  0.9999991772  0.001282802115
4  15  -8.189765251e-17  0.001570845195  0.9999987662  0.001570844549
4  16  1.138285653e-16  0.002682024485  0.9999964034  0.002682021269
4  17  -9.121197837e-17  0.004611522085  0.999989367  0.00461150574
4  18  2.400774173e-16  0.005613971442  0.9999842417  0.005613941953
4  19  5.138866995e-16  0.003895274558  0.9999924134  0.003895264708
4  20  -7.063742642e-18  0.002951410978  0.9999956446  0.002951406693
4  21  3.330077112e-16  0.004795616324  0.9999885011  0.004795597942
4  22  1.177490004e-17  0.005233378593  0.9999863059  0.005233354704
4  23  -3.168160823e-16  0.003488533316  0.9999939151  0.00348852624
4  24  -2.965737683e-16  0.001954684002  0.9999980896  0.001954682758
4  25  -9.526942588e-17  0.001324299998  0.9999991231  0.001324299611
4  26  -9.693907445e-17  0.001348279  0.9999990911  0.001348278591
4  27  -2.89206309e-16  0.001908014757  0.9999981797  0.001908013599
4  28  9.238272321e-17  0.003534407214  0.999993754  0.003534399855
4  29  -1.779277907e-17  0.010832068  0.9999413337  0.01083185618
4  30  1.861040785e-17  0.09423659248  0.9955630173  0.09409717584
4  31  -2.426382994e-17  0.2039783409  0.9792684497  0.2025667873
4  32  3.553232274e-16  0.03561823147  0.9993657379  0.03561070072
4  33  -5.852443671e-17  0.007781042741  0.9999697278  0.007780964224
4  34  -6.219080033e-18  0.005125550766  0.9999868644  0.005125528324
4  35  2.465897073e-17  0.004885575281  0.9999880656  0.004885555846
4  36  2.465897073e-17  0.004885575281  0.9999880656  0.004885555846

5  0  -2.820645045e-16  0.004970908047  0.9999876451  0.004970887575
5  1  1.097903427e-16  0.004871624047  0.9999881337  0.004871604777
5  2  3.050686764e-16  0.004882577642  0.9999880802  0.004882558243
5  3  1.067664262e-16  0.004866568858  0.9999881583  0.004866549648
5  4  2.291448983e-16  0.004860518469  0.9999881877  0.004860499331
5  5  1.637113986e-16  0.005119162334  0.9999868971  0.005119139976
5  6  -3.613271985e-17  0.006628865156  0.9999780292  0.006628816609
5  7  -1.172580612e-16  0.01563024347  0.9998778502  0.01562960705
5  8  -1.431984734e-16  0.1129970629  0.9936226219  0.1127567523
5  9  5.250116732e-17  0.1867089228  0.9826204651  0.1856260263
5  10  1.127575154e-16  0.02398135172  0.9997124612  0.02397905316
5  11  -1.181731832e-16  0.006144349803  0.9999811235  0.006144311142
5  12  -1.891588567e-16  0.00287071248  0.9999958795  0.002870708537
5  13  -3.276087931e-16  0.001722035303  0.9999985173  0.001722034452
5  14  9.389601876e-17  0.001202906609  0.9999992765  0.001202906319
5  15  -1.594793149e-16  0.001094714704  0.9999994008  0.001094714486
5  16  -8.31523092e-17  0.001556003601  0.9999987894  0.001556002973
5  17  -8.789111182e-17  0.00288437139  0.9999958402  0.00288436739
5  18  1.235120796e-16  0.004639469902  0.9999892377  0.004639453258
5  19  1.317933965e-16  0.004573870421  0.9999895399  0.004573854474
5  20  -4.71310169e-17  0.002771380708  0.9999961597  0.00277137716
5  21  3.138999325e-17  0.003391318867  0.9999942495  0.003391312367
5  22  -5.528232536e-17  0.004715391118  0.9999888826  0.004715373644
5  23  3.211400833e-16  0.003653240119  0.9999933269  0.003653231993
5  24  1.595706965e-16  0.002028768817  0.999997942  0.002028767425
5  25  2.473391596e-16  0.001204111542  0.9999992751  0.001204111251
5  26  -7.37933663e-18  0.001083415458  0.9999994131  0.001083415246
5  27  1.562857547e-16  0.001413972696  0.9999990003  0.001413972225
5  28  8.278402279e-17  0.002217099996  0.9999975422  0.00221709818
5  29  7.865773537e-17  0.004219150158  0.9999910994  0.00421913764
5  30  -1.364277637e-16  0.01275775206  0.999918621  0.01275740599
5  31  -1.16467557e-16  0.09423659248  0.9955630173  0.09409717584
5  32  3.119212314e-16  0.1837987476  0.9831565076  0.1827656465
5  33  1.029266151e-16  0.04558512282  0.9989611782  0.04556933679
5  34  4.451871759e-16  0.00990246566  0.999950971  0.009902303823
5  35  2.266409153e-16  0.00572261773  0.9999836259  0.005722586496
5  36  2.266409153e-16  0.00572261773  0.9999836259  0.005722586496

6  0  -1.32977988e-16  0.008221241001  0.9999662058  0.00822114839
6  1  1.498655542e-16  0.00614218777  0.9999811368  0.00614214915
6  2  1.610700711e-16  0.005556317374  0.9999845637  0.005556288784
6  3  -1.560667938e-16  0.005452103688  0.9999851373  0.005452076677
6  4  3.688636634e-17  0.005687118855  0.9999838284  0.005687088199
6  5  2.282837979e-16  0.006628865156  0.9999780292  0.006628816609
6  6  2.084745237e-16  0.01011640888  0.9999488296  0.01011623632
6  7  2.079230117e-16  0.02809303416  0.9996054167  0.02808933905
6  8  1.036147747e-16  0.1300270821  0.9915583826  0.1296609961
6  9  -1.760396953e-18  0.1011886811  0.9948847923  0.1010160885
6  10  1.25089972e-16  0.01755432741  0.9998459268  0.01755342585
6  11  6.040677811e-17  0.005757945056  0.9999834231  0.00575791324
6  12  8.930026834e-17  0.002960113719  0.9999956189  0.002960109396
6  13  -3.249066548e-16  0.001826282697  0.9999983323  0.001826281681
6  14  -2.266021448e-16  0.001205531467  0.9999992733  0.001205531175
6  15  -2.193256426e-16  0.0008697051912  0.9999996218  0.0008697050815
6  16  -3.430683592e-17  0.0008853422152  0.9999996081  0.0008853420996
6  17  -1.138635655e-16  0.001533220473  0.9999988246  0.001533219872
6  18  -1.490905319e-16  0.003044263076  0.9999953662  0.003044258374
6  19  -4.368743008e-16  0.004383802819  0.9999903912  0.004383788778
6  20  8.871688011e-17  0.003373522859  0.9999943097  0.00337351646
6  21  -9.277820827e-17  0.00242188672  0.9999970672  0.002421884353
6  22  -1.037313351e-16  0.003823700155  0.9999926897  0.003823690837
6  23  -1.437261579e-16  0.003654424717  0.9999933226  0.003654416583
6  24  -1.456787883e-16  0.002087593252  0.999997821  0.002087591735
6  25  1.709654859e-17  0.00106508325  0.9999994328  0.001065083049
6  26  -1.707518727e-16  0.0008055888607  0.9999996755  0.0008055887736
6  27  -1.078117185e-16  0.00100163443  0.9999994984  0.001001634263
6  28  2.365627313e-16  0.001489249208  0.9999988911  0.001489248657
6  29  2.003836528e-16  0.002350245943  0.9999972382  0.002350243779
6  30  -1.45369512e-16  0.004219150158  0.9999910994  0.00421913764
6  31  -1.594759065e-16  0.010832068  0.9999413337  0.01083185618
6  32  -6.641522372e-17  0.05590746724  0.9984375846  0.05587834731
6  33  1.307610201e-16  0.1341095959  0.9910207782  0.1337079551
6  34  -9.240592604e-17  0.06670331282  0.9977761588  0.06665385962
6  35  -1.136966514e-16  0.01747975169  0.999847233  0.01747886157
6  36  -1.136966514e-16  0.01747975169  0.999847233  0.01747886157

7  0  -8.749793819e-17  0.04800770832  0.9988478513  0.04798926957
7  1  -3.235316311e-17  0.02210812398  0.9997556254  0.02210632306
7  2  -4.926008591e-17  0.01396388946  0.9999025065  0.01396343566
7  3  -5.277900653e-17  0.01172233138  0.9999312943  0.01172206291
7  4  -1.061574831e-16  0.01210669404  0.9999267149  0.01210639829
7  5  2.577908207e-16  0.01563024347  0.9998778502  0.01562960705
7  6  3.699809733e-16  0.02809303416  0.9996054167  0.02808933905
7  7  1.561815541e-16  0.07117232215  0.9974683192  0.07111225014
7  8  8.121564553e-17  0.1057189686  0.9944169527  0.1055221506
7  9  -2.004543246e-16  0.03688154472  0.9993199529  0.03687318395
7  10  -1.568666353e-16  0.009913786699  0.9999508588  0.009913624307
7  11  -5.839835781e-17  0.00444250757  0.9999901321  0.004442492958
7  12  -6.725752147e-17  0.002662724032  0.999996455  0.002662720885
7  13  -1.082133764e-16  0.001782537989  0.9999984113  0.001782537045
7  14  2.123030452e-16  0.001207831777  0.9999992706  0.001207831484
7  15  1.144024684e-16  0.0007922116614  0.9999996862  0.0007922115786
7  16  2.606158439e-16  0.0005617620357  0.9999998422  0.0005617620062
7  17  2.274021505e-16  0.0007085758175  0.999999749  0.0007085757582
7  18  -2.181289082e-16  0.001595303311  0.9999987275  0.001595302634
7  19  1.704115559e-16  0.003237553775  0.9999947591  0.003237548119
7  20  -6.297041837e-17  0.00380169043  0.9999927736  0.003801681273
7  21  -1.239208354e-16  0.002103035761  0.9999977886  0.002103034211
7  22  -1.13519276e-16  0.002562136957  0.9999967177  0.002562134154
7  23  -1.287849111e-16  0.003477120387  0.9999939548  0.00347711338
7  24  -1.718722187e-16  0.002223432075  0.9999975282  0.002223430243
7  25  5.540583854e-17  0.0009830418278  0.9999995168  0.0009830416695
7  26  -2.272585656e-16  0.0005507921512  0.9999998483  0.0005507921234
7  27  3.201346277e-17  0.0006422634427  0.9999997937  0.0006422633986
7  28  1.656512307e-16  0.0009864624138  0.9999995134  0.0009864622538
7  29  1.435625917e-16  0.001489249208  0.9999988911  0.001489248657
7  30  -2.983796455e-17  0.002217099996  0.9999975422  0.00221709818
7  31  -4.654721023e-16  0.003534407214  0.999993754  0.003534399855
7  32  -3.240034395e-16  0.007077564234  0.9999749541  0.007077505146
7  33  -1.268268851e-16  0.02299045  0.9997357312  0.02298842475
7  34  -9.644337198e-17  0.07444739564  0.9972300723  0.07437864498
7  35  -2.076371746e-16  0.08585723459  0.9963165312  0.0857517912
7  36  -2.076371746e-16  0.08585723459  0.9963165312  0.0857517912

8  0  -2.222873845e-17  0.07142192774  0.9974505381  0.07136122159
8  1  3.971650625e-17  0.106479721  0.9943363887  0.1062786251
8  2  3.094225821e-16  0.1153867726  0.9933503291  0.1151308977
8  3  1.204599928e-17  0.1048873669  0.9945043612  0.1046951554
8  4  -4.037864847e-16  0.09999376154  0.9950047881  0.09982720935
8  5  1.473195435e-16  0.1129970629  0.9936226219  0.1127567523
8  6  2.914846732e-16  0.1300270821  0.9915583826  0.1296609961
8  7  1.564578047e-16  0.1057189686  0.9944169527  0.1055221506
8  8  1.855551113e-16  0.04230170844  0.9991054161  0.04228909355
8  9  9.762185014e-18  0.01226466417  0.9999247899  0.01226435669
8  10  -1.344709124e-16  0.005118600998  0.9999869  0.005118578647
8  11  -2.294512482e-16  0.003053280992  0.9999953387  0.003053276248
8  12  -1.738239349e-16  0.002167633601  0.9999976507  0.002167631903
8  13  6.334879335e-17  0.001622153097  0.9999986843  0.001622152386
8  14  9.480624137e-17  0.001190757642  0.999999291  0.00119075736
8  15  -1.977623373e-16  0.0008096839886  0.9999996722  0.0008096839002
8  16  -2.609592162e-16  0.0004953355541  0.9999998773  0.0004953355339
8  17  1.143572636e-17  0.0003669234168  0.9999999327  0.0003669234085
8  18  1.156960287e-16  0.000715059  0.9999997443  0.0007150589391
8  19  -8.734612091e-17  0.001908763996  0.9999981783  0.001908762837
8  20  2.690175153e-16  0.003289809217  0.9999945886  0.003289803283
8  21  2.159673972e-16  0.001799014815  0.9999983818  0.001799013844
8  22  1.452343025e-16  -7.926423814e-05  0.9999999969  -7.926423805e-05
8  23  -3.110219755e-16  0.00238455207  0.999997157  0.00238454981
8  24  2.387104828e-16  0.002477917022  0.99999693  0.002477914486
8  25  1.519495178e-16  0.001131342268  0.99999936  0.001131342027
8  26  -9.955577323e-17  0.0004409924303  0.9999999028  0.000440992416
8  27  2.420731895e-16  0.0003927262232  0.9999999229  0.0003927262131
8  28  3.665777182e-16  0.0006422634427  0.9999997937  0.0006422633986
8  29  -1.013062996e-16  0.00100163443  0.9999994984  0.001001634263
8  30  2.831631738e-16  0.001413972696  0.9999990003  0.001413972225
8  31  -5.945671698e-17  0.001908014757  0.9999981797  0.001908013599
8  32  4.513348305e-18  0.002630215861  0.999996541  0.002630212828
8  33  -1.745865104e-16  0.004108008785  0.9999915621  0.004107997231
8  34  -3.511961622e-17  0.008685759591  0.999962279  0.008685650379
8  35  1.842237892e-16  0.02724161178  0.9996289702  0.02723824255
8  36  1.842237892e-16  0.02724161178  0.9996289702  0.02723824255

9  0  2.972264615e-16  0.008602315912  0.9999630003  0.008602209818
9  1  -5.41490884e-17  0.02517340719  0.9996831665  0.02517074854
9  2  5.292571743e-16  0.07299638382  0.9973369468  0.07293157455
9  3  1.647914895e-16  0.1532675426  0.9882775049  0.1526681806
9  4  -2.078713e-17  0.2117821216  0.9776578609  0.2102025379
9  5  -1.111870908e-16  0.1867089228  0.9826204651  0.1856260263
9  6  2.144287731e-16  0.1011886811  0.9948847923  0.1010160885
9  7  1.964536362e-16  0.03688154472  0.9993199529  0.03687318395
9  8  1.238031232e-16  0.01226466417  0.9999247899  0.01226435669
9  9  -7.541542897e-17  0.005023116709  0.9999873842  0.005023095585
9  10  9.707845352e-17  0.002858087596  0.9999959157  0.002858083705
9  11  5.57289325e-17  0.002095742951  0.9999978039  0.002095741417
9  12  1.793246823e-16  0.001727801918  0.9999985074  0.001727801058
9  13  -4.202349047e-17  0.001462725399  0.9999989302  0.001462724878
9  14  2.289816099e-16  0.001208961529  0.9999992692  0.001208961234
9  15  1.928799498e-16  0.0009393372507  0.9999995588  0.0009393371126
9  16  -1.110605798e-16  0.0006650662512  0.9999997788  0.0006650662021
9  17  -1.45441409e-16  0.0004585628633  0.9999998949  0.0004585628472
9  18  -1.417158785e-17  0.0005146755609  0.9999998676  0.0005146755382
9  19  -1.888779109e-16  0.001171725585  0.9999993135  0.001171725317
9  20  -9.400779728e-18  0.002313879881  0.999997323  0.002313877816
9  21  1.41025022e-16  0.0004666492556  0.9999998911  0.0004666492386
9  22  1.59464935e-16  -0.008332047522  0.9999652887  -0.008331951116
9  23  1.608220093e-16  -0.005386436048  0.9999854932  -0.005386410001
9  24  -1.05927759e-17  0.001626510845  0.9999986772  0.001626510128
9  25  -1.686348433e-16  0.001656581649  0.9999986279  0.001656580891
9  26  1.882386762e-16  0.0007384799565  0.9999997273  0.0007384798894
9  27  -2.086686252e-16  0.0004409924303  0.9999999028  0.000440992416
9  28  2.827258188e-18  0.0005507921512  0.9999998483  0.0005507921234
9  29  5.366277569e-17  0.0008055888607  0.9999996755  0.0008055887736
9  30  3.027583798e-16  0.001083415458  0.9999994131  0.001083415246
9  31  1.281365308e-16  0.001348279  0.9999990911  0.001348278591
9  32  3.08597647e-16  0.001609800956  0.9999987043  0.00160980026
9  33  -3.293930812e-17  0.001925538157  0.9999981462  0.001925536967
9  34  2.15621741e-16  0.002479660978  0.9999969256  0.002479658437
9  35  2.186901932e-18  0.003909088441  0.9999923595  0.003909078485
9  36  2.186901932e-18  0.003909088441  0.9999923595  0.003909078485

10  0  -3.476161166e-16  0.002369696263  0.9999971923  0.002369694045
10  1  -2.101375797e-16  0.003972410492  0.99999211  0.003972400044
10  2  -7.768732983e-17  0.007715153874  0.9999702383  0.007715077335
10  3  -2.034060835e-16  0.01463850663  0.999892859  0.01463798383
10  4  3.901014564e-17  0.02244207241  0.9997481873  0.02244018865
10  5  -1.418022693e-16  0.02398135172  0.9997124612  0.02397905316
10  6  -1.104554387e-16  0.01755432741  0.9998459268  0.01755342585
10  7  -2.238982943e-16  0.009913786699  0.9999508588  0.009913624307
10  8  -2.198489829e-16  0.005118600998  0.9999869  0.005118578647
10  9  -2.142764585e-17  0.002858087596  0.9999959157  0.002858083705
10  10  -2.607837308e-16  0.001944332353  0.9999981098  0.001944331128
10  11  -2.305759295e-16  0.001610164895  0.9999987037  0.001610164199
10  12  3.4433503e-16  0.001490497214  0.9999988892  0.001490496662
10  13  6.980269978e-17  0.001429423694  0.9999989784  0.001429423207
10  14  2.560219509e-17  0.001361905469  0.9999990726  0.001361905048
10  15  -1.088071255e-16  0.001261758307  0.999999204  0.001261757972
10  16  -1.162738972e-16  0.001128487443  0.9999993633  0.001128487204
10  17  -1.049239332e-16  0.001002590952  0.9999994974  0.001002590784
10  18  -1.953917492e-16  0.001007095443  0.9999994929  0.001007095273
10  19  4.251743958e-17  0.001364204457  0.9999990695  0.001364204034
10  20  3.240430003e-16  0.001958114962  0.9999980829  0.001958113711
10  21  -9.363239848e-17  -0.001233166639  0.9999992397  -0.001233166326
10  22  2.52761106e-16  -0.02998625519  0.9995504459  -0.02998176158
10  23  4.317667803e-17  -0.05985781905  0.9982090556  -0.05982208077
10  24  -2.844566839e-16  -0.01366072624  0.9999066937  -0.01366030136
10  25  6.392629066e-17  0.001152000999  0.9999993364  0.001152000744
10  26  6.850361742e-17  0.001656581649  0.9999986279  0.001656580891
10  27  3.081026088e-17  0.001131342268  0.99999936  0.001131342027
10  28  1.714485066e-16  0.0009830418278  0.9999995168  0.0009830416695
10  29  3.344433077e-17  0.00106508325  0.9999994328  0.001065083049
10  30  2.272866791e-16  0.001204111542  0.9999992751  0.001204111251
10  31  3.516910116e-16  0.001324299998  0.9999991231  0.001324299611
10  32  9.565655909e-17  0.001408531072  0.999999008  0.001408530606
10  33  -7.145205776e-17  0.001470342308  0.999998919  0.001470341778
10  34  1.233077479e-16  0.001553470771  0.9999987934  0.001553470146
10  35  1.503151984e-16  0.001765462143  0.9999984416  0.001765461226
10  36  1.503151984e-16  0.001765462143  0.9999984416  0.001765461226

11  0  -2.746540743e-16  0.001520253852  0.9999988444  0.001520253267
11  1  5.247015987e-17  0.001835972397  0.9999983146  0.001835971365
11  2  4.456635869e-17  0.002577900251  0.9999966772  0.002577897396
11  3  8.654900393e-17  0.003824203615  0.9999926877  0.003824194294
11  4  1.641858876e-16  0.00528119056  0.9999860545  0.005281166011
11  5  -1.026789539e-16  0.006144349803  0.9999811235  0.006144311142
11  6  1.093689276e-16  0.005757945056  0.9999834231  0.00575791324
11  7  -1.344551886e-16  0.00444250757  0.9999901321  0.004442492958
11  8  -5.094564801e-17  0.003053280992  0.9999953387  0.003053276248
11  9  3.042688058e-16  0.002095742951  0.9999978039  0.002095741417
11  10  3.983476369e-17  0.001610164895  0.9999987037  0.001610164199
11  11  -1.708870027e-16  0.001453915773  0.9999989431  0.00145391526
11  12  -1.036998964e-16  0.001484522471  0.9999988981  0.001484521926
11  13  -2.959189451e-16  0.001604935005  0.9999987121  0.001604934316
11  14  -6.311792497e-18  0.001754539992  0.9999984608  0.001754539092
11  15  2.446511357e-16  0.001893536427  0.9999982073  0.001893535295
11  16  -1.597059917e-16  0.001997489173  0.999998005  0.001997487844
11  17  -5.25711412e-17  0.002069389882  0.9999978588  0.002069388405
11  18  -1.205653998e-16  0.002169225214  0.9999976472  0.002169223513
11  19  -1.311994664e-16  0.002412645935  0.9999970896  0.002412643595
11  20  2.215104107e-17  0.002590655715  0.9999966443  0.002590652817
11  21  -1.612682122e-16  -0.001114421711  0.999999379  -0.00111442148
11  22  2.829756889e-16  -0.0467540602  0.998907228  -0.04673702845
11  23  -1.018859751e-16  -0.3063764901  0.9534326985  -0.3016058512
11  24  -3.508514835e-16  -0.1755302226  0.9846340844  -0.1746302373
11  25  1.802944887e-16  -0.01366072624  0.9999066937  -0.01366030136
11  26  4.501706048e-17  0.001626510845  0.9999986772  0.001626510128
11  27  8.788404845e-17  0.002477917022  0.99999693  0.002477914486
11  28  3.565780842e-16  0.002223432075  0.9999975282  0.002223430243
11  29  2.015669771e-17  0.002087593252  0.999997821  0.002087591735
11  30  -6.832965064e-17  0.002028768817  0.999997942  0.002028767425
11  31  9.311576924e-18  0.001954684002  0.9999980896  0.001954682758
11  32  7.505377799e-17  0.001838058794  0.9999983108  0.001838057759
11  33  5.537157561e-17  0.001692799854  0.9999985672  0.001692799046
11  34  -6.072523544e-17  0.001552555168  0.9999987948  0.001552554545
11  35  -2.214885294e-16  0.001468181613  0.9999989222  0.001468181086
11  36  -2.214885294e-16  0.001468181613  0.9999989222  0.001468181086

12  0  -1.003794443e-16  0.001580637256  0.9999987508  0.001580636598
12  1  -2.055618228e-16  0.001479900587  0.9999989049  0.001479900047
12  2  1.735830806e-18  0.001602794046  0.9999987155  0.001602793359
12  3  -2.841612863e-17  0.001957098881  0.9999980849  0.001957097632
12  4  6.866873192e-17  0.002453520998  0.9999969901  0.002453518537
12  5  -1.800646186e-16  0.00287071248  0.9999958795  0.002870708537
12  6  -2.408265787e-16  0.002960113719  0.9999956189  0.002960109396
12  7  2.902708763e-16  0.002662724032  0.999996455  0.002662720885
12  8  7.042151497e-17  0.0021676336  0.9999976507  0.002167631903
12  9  1.827115828e-16  0.001727801918  0.9999985074  0.001727801058
12  10  3.305992561e-17  0.001490497214  0.9999988892  0.001490496662
12  11  5.747949274e-17  0.001484522471  0.9999988981  0.001484521926
12  12  -3.25184763e-16  0.001678827059  0.9999985908  0.001678826271
12  13  1.000613245e-16  0.002025026898  0.9999979496  0.002025025514
12  14  3.095276165e-17  0.002468278096  0.9999969538  0.00246827559
12  15  1.100121051e-16  0.00294179676  0.9999956729  0.002941792517
12  16  -9.711676806e-17  0.003364552471  0.9999943399  0.003364546123
12  17  -2.105942876e-16  0.003659600577  0.9999933037  0.003659592408
12  18  -5.416612542e-17  0.003794928436  0.9999927993  0.003794919328
12  19  -2.616065671e-16  0.003793508555  0.9999928047  0.003793499457
12  20  -2.400985071e-16  0.003464104742  0.999994  0.003464097814
12  21  2.128808434e-16  0.0005255369786  0.9999998619  0.0005255369545
12  22  1.550043264e-16  -0.02329303596  0.9997287295  -0.02329092969
12  23  5.111244181e-17  -0.2074718916  0.9785547979  -0.2059866682
12  24  3.506606695e-18  -0.3063764901  0.9534326985  -0.3016058512
12  25  -5.685348559e-17  -0.05985781905  0.9982090556  -0.05982208077
12  26  -3.515540258e-16  -0.005386436048  0.9999854932  -0.005386410001
12  27  -1.884342381e-16  0.00238455207  0.999997157  0.00238454981
12  28  -1.54479991e-17  0.003477120387  0.9999939548  0.00347711338
12  29  -3.76464242e-16  0.003654424717  0.9999933226  0.003654416583
12  30  4.384405471e-17  0.003653240119  0.9999933269  0.003653231993
12  31  -2.470590989e-16  0.003488533316  0.9999939151  0.00348852624
12  32  1.971546046e-16  0.003157930999  0.9999950137  0.00315792575
12  33  2.754344649e-16  0.002720303756  0.9999963  0.002720300401
12  34  -5.999928857e-17  0.002261050934  0.9999974438  0.002261049007
12  35  -9.719541709e-17  0.001859545232  0.999998271  0.001859544161
12  36  -9.719541709e-17  0.001859545232  0.999998271  0.001859544161

13  0  1.838710003e-16  0.002362437407  0.9999972094  0.00236243521
13  1  -1.327326751e-16  0.001814151619  0.9999983544  0.001814150624
13  2  5.034078636e-17  0.001512125518  0.9999988567  0.001512124942
13  3  -9.426111005e-17  0.001443874469  0.9999989576  0.001443873968
13  4  4.708006226e-17  0.001550404481  0.9999987981  0.00155040386
13  5  -1.355177092e-16  0.001722035303  0.9999985173  0.001722034452
13  6  -1.382072576e-16  0.001826282697  0.9999983323  0.001826281681
13  7  -5.146570022e-17  0.001782537989  0.9999984113  0.001782537045
13  8  -5.257251236e-17  0.001622153097  0.9999986843  0.001622152386
13  9  1.999751728e-16  0.001462725399  0.9999989302  0.001462724878
13  10  -1.564893256e-16  0.001429423694  0.9999989784  0.001429423207
13  11  -1.054256348e-16  0.001604935005  0.9999987121  0.001604934316
13  12  -1.096122911e-16  0.002025026898  0.9999979496  0.002025025514
13  13  -8.889592853e-17  0.002684611409  0.9999963964  0.002684608184
13  14  -8.976079393e-18  0.003526696759  0.9999937812  0.003526689448
13  15  2.611433683e-16  0.004417139555  0.9999902445  0.004417125191
13  16  -9.178556508e-17  0.005140795406  0.9999867861  0.005140772763
13  17  6.916681391e-17  0.005465942304  0.9999850618  0.005465915086
13  18  1.546068572e-16  0.005267686868  0.9999861258  0.005267662506
13  19  -9.250252364e-17  0.004600227755  0.999989419  0.00460021153
13  20  4.81180404e-17  0.003557975934  0.9999936704  0.003557968427
13  21  1.087681608e-16  0.001639014013  0.9999986568  0.00163901328
13  22  2.970066919e-17  -0.004298353548  0.9999907621  -0.004298340312
13  23  2.662540969e-16  -0.02329303596  0.9997287295  -0.02329092969
13  24  1.110535039e-16  -0.0467540602  0.998907228  -0.04673702845
13  25  -2.962073736e-16  -0.02998625519  0.9995504459  -0.02998176158
13  26  -6.133004478e-18  -0.008332047522  0.9999652887  -0.008331951116
13  27  -9.064790616e-17  -7.926423796e-05  0.9999999969  -7.926423788e-05
13  28  2.80496513e-16  0.002562136957  0.9999967177  0.002562134154
13  29  -2.717282559e-16  0.003823700155  0.9999926897  0.003823690837
13  30  -6.455358123e-17  0.004715391118  0.9999888826  0.004715373644
13  31  -1.951140317e-16  0.005233378593  0.9999863059  0.005233354704
13  32  1.603931298e-17  0.005247647215  0.9999862311  0.00524762313
13  33  1.375970622e-16  0.004773564298  0.9999886066  0.004773546169
13  34  4.517772664e-17  0.00398713237  0.9999920514  0.003987121806
13  35  -1.575924889e-16  0.003121310243  0.9999951287  0.003121305174
13  36  -1.575924889e-16  0.003121310243  0.9999951287  0.003121305174

14  0  9.977147016e-17  0.004194418957  0.9999912034  0.004194406659
14  1  -2.601136103e-16  0.003003847959  0.9999954885  0.003003843442
14  2  1.39102342e-17  0.002109243631  0.9999977755  0.002109242067
14  3  6.461238512e-18  0.001552973033  0.9999987941  0.001552972409
14  4  7.482221327e-18  0.001282802467  0.9999991772  0.001282802115
14  5  -1.00875128e-16  0.001202906609  0.9999992765  0.001202906319
14  6  1.250433031e-16  0.001205531467  0.9999992733  0.001205531175
14  7  -2.077134718e-16  0.001207831777  0.9999992706  0.001207831484
14  8  -2.245428077e-16  0.001190757642  0.999999291  0.00119075736
14  9  9.554489618e-18  0.001208961529  0.9999992692  0.001208961234
14  10  -1.198822099e-16  0.001361905469  0.9999990726  0.001361905048
14  11  -3.452090408e-16  0.001754539992  0.9999984608  0.001754539092
14  12  4.937938299e-17  0.002468278096  0.9999969538  0.00246827559
14  13  -1.565578494e-16  0.003526696759  0.9999937812  0.003526689448
14  14  -4.901014276e-16  0.004830828839  0.9999883316  0.004830810049
14  15  -1.135717509e-16  0.006087418354  0.9999814717  0.006087380757
14  16  -4.785540738e-17  0.006844749758  0.9999765748  0.006844696312
14  17  6.376262635e-17  0.006733663374  0.999977329  0.006733612488
14  18  -2.159129962e-16  0.005754220067  0.9999834445  0.005754188313
14  19  4.187740407e-17  0.004307811053  0.9999907214  0.00430779773
14  20  -3.442303562e-17  0.002967498905  0.999995597  0.00296749455
14  21  8.421012537e-17  0.002147238599  0.9999976947  0.002147236949
14  22  -1.52648782e-16  0.001639014013  0.9999986568  0.00163901328
14  23  -1.302507587e-16  0.0005255369786  0.9999998619  0.0005255369544
14  24  -1.029315735e-16  -0.001114421711  0.999999379  -0.00111442148
14  25  3.621480223e-17  -0.001233166639  0.9999992397  -0.001233166326
14  26  -8.963757439e-17  0.0004666492555  0.9999998911  0.0004666492386
14  27  -1.506192835e-16  0.001799014815  0.9999983818  0.001799013844
14  28  -8.35074301e-17  0.00210303576  0.9999977886  0.00210303421
14  29  7.946880709e-17  0.00242188672  0.9999970672  0.002421884353
14  30  3.145415974e-16  0.003391318867  0.9999942495  0.003391312367
14  31  1.381952125e-16  0.004795616324  0.9999885011  0.004795597942
14  32  -2.47210267e-17  0.006072622562  0.9999815617  0.006072585239
14  33  -1.203548858e-16  0.006700780188  0.9999775499  0.006700730043
14  34  3.322323195e-16  0.006446173634  0.9999792235  0.006446128991
14  35  1.051697348e-16  0.005472071138  0.9999850283  0.005472043829
14  36  1.051697348e-16  0.005472071138  0.9999850283  0.005472043829

15  0  3.584463037e-17  0.006750808369  0.9999772134  0.006750757093
15  1  -1.183958169e-16  0.005270201784  0.9999861125  0.005270177388
15  2  -1.840360454e-16  0.003685880805  0.9999932071  0.003685872459
15  3  -1.199028419e-16  0.002414255437  0.9999970857  0.002414253092
15  4  -4.297689703e-16  0.001570845195  0.9999987662  0.001570844549
15  5  -1.615834368e-16  0.001094714704  0.9999994008  0.001094714486
15  6  2.191812173e-16  0.0008697051912  0.9999996218  0.0008697050815
15  7  1.05304814e-16  0.0007922116614  0.9999996862  0.0007922115785
15  8  1.54141252e-16  0.0008096839886  0.9999996722  0.0008096839002
15  9  1.032468931e-16  0.0009393372507  0.9999995588  0.0009393371126
15  10  9.898711265e-17  0.001261758307  0.999999204  0.001261757972
15  11  -2.238164175e-17  0.001893536427  0.9999982073  0.001893535295
15  12  -5.955536903e-17  0.00294179676  0.9999956729  0.002941792517
15  13  1.410804098e-16  0.004417139555  0.9999902445  0.004417125191
15  14  -9.575337976e-17  0.006087418354  0.9999814717  0.006087380757
15  15  -1.38152357e-16  0.007388303302  0.9999727066  0.007388236084
15  16  5.612325344e-17  0.007667547635  0.9999706045  0.007667472504
15  17  2.260371765e-16  0.006732486729  0.9999773369  0.006732435869
15  18  -2.219560939e-16  0.00507522276  0.9999871211  0.005075200972
15  19  -9.31928256e-17  0.003515029684  0.9999938223  0.003515022446
15  20  1.76676581e-17  0.002744009313  0.9999962352  0.00274400587
15  21  -8.787205022e-17  0.002967498905  0.999995597  0.00296749455
15  22  2.907019599e-16  0.003557975934  0.9999936704  0.003557968427
15  23  1.816323546e-17  0.003464104742  0.999994  0.003464097814
15  24  1.140451909e-16  0.002590655715  0.9999966443  0.002590652817
15  25  3.897856688e-17  0.001958114962  0.9999980829  0.001958113711
15  26  5.755170892e-17  0.002313879881  0.999997323  0.002313877816
15  27  4.502266369e-17  0.003289809217  0.9999945886  0.003289803283
15  28  -8.648677895e-17  0.00380169043  0.9999927736  0.003801681272
15  29  -1.189910444e-16  0.003373522859  0.9999943097  0.00337351646
15  30  2.019186634e-17  0.002771380708  0.9999961597  0.00277137716
15  31  7.928559954e-17  0.002951410978  0.9999956446  0.002951406693
15  32  -3.857694795e-16  0.004102280066  0.9999915857  0.00410226856
15  33  2.037050774e-17  0.005740794603  0.9999835217  0.00574076307
15  34  -4.328541189e-17  0.007099457414  0.999974799  0.007099397776
15  35  -1.622180481e-16  0.00749842969  0.9999718869  0.007498359422
15  36  -1.622180481e-16  0.00749842969  0.9999718869  0.007498359422

16  0  1.590714379e-16  0.00736400372  0.9999728858  0.007363937163
16  1  -2.37156233e-16  0.007278681594  0.9999735105  0.007278617325
16  2  -6.482582785e-17  0.006025202652  0.9999818485  0.006025166196
16  3  -8.160638279e-17  0.004269246151  0.9999908868  0.004269233182
16  4  1.407169031e-16  0.002682024485  0.9999964034  0.002682021269
16  5  -1.190251408e-16  0.001556003601  0.9999987894  0.001556002973
16  6  8.243483058e-17  0.0008853422152  0.9999996081  0.0008853420996
16  7  -1.858822642e-16  0.0005617620357  0.9999998422  0.0005617620062
16  8  -2.733258326e-16  0.0004953355541  0.9999998773  0.0004953355339
16  9  1.015155113e-16  0.0006650662512  0.9999997788  0.0006650662021
16  10  -1.473358359e-16  0.001128487443  0.9999993633  0.001128487204
16  11  -1.428240778e-16  0.001997489173  0.999998005  0.001997487844
16  12  1.354756007e-17  0.003364552471  0.9999943399  0.003364546123
16  13  -2.557871644e-16  0.005140795406  0.9999867861  0.005140772763
16  14  1.936309957e-16  0.006844749758  0.9999765748  0.006844696312
16  15  4.161586823e-17  0.007667547635  0.9999706045  0.007667472504
16  16  1.272662878e-16  0.00711945136  0.9999746568  0.007119391217
16  17  4.795141039e-19  0.00560053945  0.999984317  0.005600510172
16  18  -1.5588544e-16  0.00405539649  0.9999917769  0.004055385374
16  19  -1.637593983e-16  0.003272813491  0.9999946444  0.003272807648
16  20  -1.899704674e-16  0.003515029684  0.9999938223  0.003515022446
16  21  -8.962425413e-18  0.004307811053  0.9999907214  0.00430779773
16  22  1.022756335e-16  0.004600227755  0.999989419  0.00460021153
16  23  9.717872322e-17  0.003793508555  0.9999928047  0.003793499456
16  24  -1.30123057e-17  0.002412645935  0.9999970896  0.002412643595
16  25  -3.449782044e-18  0.001364204457  0.9999990695  0.001364204034
16  26  1.189517652e-16  0.001171725585  0.9999993135  0.001171725317
16  27  1.153608134e-16  0.001908763996  0.9999981783  0.001908762837
16  28  -9.935176365e-17  0.003237553775  0.9999947591  0.003237548119
16  29  5.459528645e-17  0.004383802819  0.9999903912  0.004383788778
16  30  3.423750466e-16  0.004573870421  0.9999895399  0.004573854474
16  31  2.488960646e-16  0.003895274558  0.9999924134  0.003895264708
16  32  -1.952401806e-16  0.003281288636  0.9999946166  0.003281282747
16  33  2.051829302e-17  0.003520210676  0.9999938041  0.003520203405
16  34  -4.306127027e-17  0.004692962621  0.9999889881  0.004692945395
16  35  -1.134044629e-16  0.006265566177  0.9999803714  0.006265525183
16  36  -1.134044629e-16  0.006265566177  0.9999803714  0.006265525183

17  0  -1.348096075e-16  0.004847769275  0.9999882496  0.004847750287
17  1  -2.868512488e-16  0.006130886772  0.9999812062  0.006130848364
17  2  -4.042014548e-17  0.006767741339  0.9999770989  0.006767689676
17  3  3.033690864e-16  0.006164937647  0.9999809968  0.006164898596
17  4  -2.034214402e-16  0.004611522085  0.999989367  0.004611505741
17  5  -1.769871753e-16  0.00288437139  0.9999958402  0.00288436739
17  6  -6.124381324e-17  0.001533220473  0.9999988246  0.001533219872
17  7  1.772809909e-17  0.0007085758175  0.999999749  0.0007085757582
17  8  -2.21806359e-16  0.0003669234167  0.9999999327  0.0003669234085
17  9  -4.015293618e-17  0.0004585628632  0.9999998949  0.0004585628472
17  10  -2.021837497e-16  0.001002590952  0.9999994974  0.001002590784
17  11  -1.384005754e-16  0.002069389882  0.9999978588  0.002069388405
17  12  -2.794922121e-17  0.003659600577  0.9999933037  0.003659592408
17  13  1.117816378e-17  0.005465942304  0.9999850618  0.005465915086
17  14  -1.189511498e-16  0.006733663374  0.999977329  0.006733612488
17  15  1.559403068e-16  0.006732486729  0.9999773369  0.006732435869
17  16  4.960147002e-16  0.00560053945  0.999984317  0.005600510172
17  17  -1.122906071e-17  0.004283857555  0.9999908243  0.004283844453
17  18  -1.351839839e-16  0.003665716329  0.9999932813  0.003665708119
17  19  2.690673606e-17  0.00405539649  0.9999917769  0.004055385374
17  20  2.748124995e-16  0.00507522276  0.9999871211  0.005075200972
17  21  5.646424362e-17  0.005754220067  0.9999834445  0.005754188313
17  22  1.412791749e-16  0.005267686868  0.9999861258  0.005267662506
17  23  -4.968495041e-18  0.003794928436  0.9999927993  0.003794919328
17  24  -4.827218494e-17  0.002169225214  0.9999976472  0.002169223513
17  25  3.614261997e-17  0.001007095443  0.9999994929  0.001007095273
17  26  -1.1278011e-16  0.0005146755609  0.9999998676  0.0005146755382
17  27  1.199928766e-16  0.000715059  0.9999997443  0.0007150589391
17  28  -1.629689134e-16  0.001595303311  0.9999987275  0.001595302634
17  29  1.280914062e-16  0.003044263076  0.9999953662  0.003044258374
17  30  1.738339005e-16  0.004639469902  0.9999892377  0.004639453258
17  31  -9.735078254e-19  0.005613971442  0.9999842417  0.005613941953
17  32  -1.569868988e-16  0.005441128683  0.9999851971  0.005441101835
17  33  -7.626153479e-17  0.004501628514  0.9999898677  0.00450161331
17  34  1.319637714e-16  0.00374938364  0.9999929711  0.003749374855
17  35  1.007502337e-16  0.003856525135  0.9999925636  0.003856515575
17  36  1.007502337e-16  0.003856525135  0.9999925636  0.003856515575

18  0  8.230706074e-17  0.003856525135  0.9999925636  0.003856515575
18  1  -1.644525816e-16  0.00374938364  0.9999929711  0.003749374855
18  2  -9.450378017e-17  0.004501628514  0.9999898677  0.00450161331
18  3  -2.147437683e-17  0.005441128683  0.9999851971  0.005441101835
18  4  -1.352890648e-16  0.005613971442  0.9999842417  0.005613941953
18  5  1.766256768e-17  0.004639469902  0.9999892377  0.004639453258
18  6  -1.393260619e-16  0.003044263076  0.9999953662  0.003044258374
18  7  3.594394727e-18  0.001595303311  0.9999987275  0.001595302634
18  8  1.587565957e-18  0.000715059  0.9999997443  0.0007150589391
18  9  -1.286008757e-16  0.0005146755609  0.9999998676  0.0005146755382
18  10  -3.052330018e-16  0.001007095443  0.9999994929  0.001007095273
18  11  1.776891836e-16  0.002169225214  0.9999976472  0.002169223513
18  12  -1.176849436e-16  0.003794928436  0.9999927993  0.003794919328
18  13  2.608164951e-16  0.005267686868  0.9999861258  0.005267662506
18  14  3.662718063e-17  0.005754220067  0.9999834445  0.005754188313
18  15  -1.103733073e-16  0.00507522276  0.9999871211  0.005075200972
18  16  -2.50535687e-17  0.00405539649  0.9999917769  0.004055385374
18  17  -4.780515193e-17  0.003665716329  0.9999932813  0.003665708119
18  18  1.016797696e-16  0.004283857555  0.9999908243  0.004283844453
18  19  6.31211112e-17  0.00560053945  0.999984317  0.005600510172
18  20  2.80752842e-16  0.006732486729  0.9999773369  0.006732435869
18  21  4.667524583e-17  0.006733663374  0.999977329  0.006733612488
18  22  2.010546605e-16  0.005465942304  0.9999850618  0.005465915086
18  23  -2.20801431e-17  0.003659600577  0.9999933037  0.003659592408
18  24  -4.897918862e-16  0.002069389882  0.9999978588  0.002069388405
18  25  -1.912562444e-16  0.001002590952  0.9999994974  0.001002590784
18  26  -5.051326426e-17  0.0004585628632  0.9999998949  0.0004585628471
18  27  -1.122429464e-16  0.0003669234167  0.9999999327  0.0003669234085
18  28  -1.134798188e-16  0.0007085758174  0.999999749  0.0007085757581
18  29  -1.012033339e-16  0.001533220473  0.9999988246  0.001533219872
18  30  -2.937907428e-16  0.00288437139  0.9999958402  0.00288436739
18  31  4.16804548e-16  0.004611522085  0.999989367  0.004611505741
18  32  1.743286684e-18  0.006164937647  0.9999809968  0.006164898596
18  33  5.839164966e-17  0.006767741339  0.9999770989  0.006767689676
18  34  2.686752439e-16  0.006130886772  0.9999812062  0.006130848364
18  35  5.309239964e-17  0.004847769275  0.9999882496  0.004847750287
18  36  5.309239964e-17  0.004847769275  0.9999882496  0.004847750287

19  0  6.124393164e-17  0.006265566177  0.9999803714  0.006265525182
19  1  -3.074636318e-16  0.004692962621  0.9999889881  0.004692945395
19  2  -6.734717214e-17  0.003520210676  0.9999938041  0.003520203405
19  3  -6.004689585e-17  0.003281288636  0.9999946166  0.003281282747
19  4  -1.176451611e-16  0.003895274558  0.9999924134  0.003895264708
19  5  -1.038359299e-16  0.004573870421  0.9999895399  0.004573854474
19  6  -5.005877237e-16  0.004383802819  0.9999903912  0.004383788778
19  7  -1.246470332e-16  0.003237553775  0.9999947591  0.003237548119
19  8  -1.158272332e-16  0.001908763996  0.9999981783  0.001908762837
19  9  -1.846175406e-16  0.001171725585  0.9999993135  0.001171725317
19  10  -1.720109015e-16  0.001364204457  0.9999990695  0.001364204034
19  11  1.888251719e-16  0.002412645935  0.9999970896  0.002412643595
19  12  3.036391074e-17  0.003793508555  0.9999928047  0.003793499457
19  13  -1.778338867e-16  0.004600227755  0.999989419  0.00460021153
19  14  -1.756889107e-16  0.004307811053  0.9999907214  0.00430779773
19  15  6.915832008e-17  0.003515029684  0.9999938223  0.003515022446
19  16  -1.599951042e-16  0.003272813491  0.9999946444  0.003272807648
19  17  -1.633284406e-16  0.00405539649  0.9999917769  0.004055385374
19  18  -3.64474208e-16  0.00560053945  0.999984317  0.005600510172
19  19  5.92490535e-17  0.00711945136  0.9999746568  0.007119391217
19  20  4.212821998e-16  0.007667547635  0.9999706045  0.007667472504
19  21  -1.160963767e-16  0.006844749758  0.9999765748  0.006844696312
19  22  -1.509165149e-16  0.005140795406  0.9999867861  0.005140772763
19  23  -1.604667593e-16  0.003364552471  0.9999943399  0.003364546123
19  24  1.315435565e-16  0.001997489173  0.999998005  0.001997487844
19  25  5.686155706e-17  0.001128487443  0.9999993633  0.001128487203
19  26  1.999289368e-16  0.0006650662511  0.9999997788  0.0006650662021
19  27  1.837279912e-16  0.0004953355541  0.9999998773  0.0004953355339
19  28  2.581600995e-16  0.0005617620357  0.9999998422  0.0005617620062
19  29  -1.962388287e-18  0.0008853422153  0.9999996081  0.0008853420996
19  30  -3.152431976e-16  0.001556003601  0.9999987894  0.001556002973
19  31  -2.984618421e-18  0.002682024485  0.9999964034  0.002682021269
19  32  3.143954416e-16  0.004269246151  0.9999908868  0.004269233182
19  33  -1.480856104e-16  0.006025202652  0.9999818485  0.006025166196
19  34  2.389922396e-16  0.007278681594  0.9999735105  0.007278617325
19  35  3.489892502e-16  0.00736400372  0.9999728858  0.007363937163
19  36  3.489892502e-16  0.00736400372  0.9999728858  0.007363937163

20  0  -2.722856158e-16  0.00749842969  0.9999718869  0.007498359422
20  1  -4.842097205e-17  0.007099457414  0.999974799  0.007099397776
20  2  4.983811305e-17  0.005740794603  0.9999835217  0.00574076307
20  3  9.339936042e-17  0.004102280066  0.9999915857  0.00410226856
20  4  -3.128095492e-16  0.002951410978  0.9999956446  0.002951406693
20  5  1.924892223e-16  0.002771380708  0.9999961597  0.00277137716
20  6  1.54951772e-17  0.003373522859  0.9999943097  0.00337351646
20  7  4.935422542e-16  0.00380169043  0.9999927736  0.003801681273
20  8  -1.270628571e-16  0.003289809217  0.9999945886  0.003289803283
20  9  -5.693285659e-17  0.002313879881  0.999997323  0.002313877816
20  10  1.178837333e-16  0.001958114962  0.9999980829  0.001958113711
20  11  1.14657418e-16  0.002590655715  0.9999966443  0.002590652817
20  12  -2.762054471e-17  0.003464104742  0.999994  0.003464097814
20  13  -2.286098885e-16  0.003557975934  0.9999936704  0.003557968427
20  14  1.099512606e-16  0.002967498905  0.999995597  0.00296749455
20  15  2.851702999e-16  0.002744009313  0.9999962352  0.00274400587
20  16  1.434391853e-16  0.003515029684  0.9999938223  0.003515022446
20  17  5.097931748e-19  0.00507522276  0.9999871211  0.005075200972
20  18  -1.274778506e-16  0.006732486729  0.9999773369  0.006732435869
20  19  -1.759476819e-16  0.007667547635  0.9999706045  0.007667472504
20  20  1.479859326e-17  0.007388303302  0.9999727066  0.007388236084
20  21  -1.398372732e-16  0.006087418354  0.9999814717  0.006087380757
20  22  -2.469763353e-16  0.004417139555  0.9999902445  0.004417125191
20  23  1.916377337e-16  0.00294179676  0.9999956729  0.002941792517
20  24  -4.989807735e-17  0.001893536427  0.9999982073  0.001893535295
20  25  -2.170889605e-16  0.001261758307  0.999999204  0.001261757972
20  26  -4.878636082e-18  0.0009393372507  0.9999995588  0.0009393371126
20  27  -7.037955054e-17  0.0008096839886  0.9999996722  0.0008096839002
20  28  -2.391724959e-18  0.0007922116614  0.9999996862  0.0007922115785
20  29  1.074528863e-16  0.0008697051912  0.9999996218  0.0008697050815
20  30  -2.76859493e-16  0.001094714704  0.9999994008  0.001094714486
20  31  -2.410566059e-16  0.001570845195  0.9999987662  0.001570844549
20  32  1.041178809e-16  0.002414255437  0.9999970857  0.002414253092
20  33  1.247315154e-16  0.003685880805  0.9999932071  0.003685872459
20  34  1.244545106e-17  0.005270201784  0.9999861125  0.005270177388
20  35  4.221761632e-17  0.006750808369  0.9999772134  0.006750757093
20  36  4.221761632e-17  0.006750808369  0.9999772134  0.006750757093

21  0  -1.983990417e-16  0.005472071138  0.9999850283  0.005472043829
21  1  4.166661318e-16  0.006446173634  0.9999792235  0.006446128991
21  2  3.114015119e-17  0.006700780188  0.9999775499  0.006700730043
21  3  3.212658127e-16  0.006072622562  0.9999815617  0.006072585239
21  4  8.349620156e-17  0.004795616324  0.9999885011  0.004795597942
21  5  4.704629499e-17  0.003391318867  0.9999942495  0.003391312367
21  6  -1.669196094e-16  0.00242188672  0.9999970672  0.002421884353
21  7  2.951296105e-16  0.002103035761  0.9999977886  0.002103034211
21  8  -2.628647566e-16  0.001799014815  0.9999983818  0.001799013844
21  9  2.058438977e-16  0.0004666492557  0.9999998911  0.0004666492388
21  10  -6.732739368e-17  -0.001233166638  0.9999992397  -0.001233166326
21  11  -7.910498388e-17  -0.001114421711  0.999999379  -0.00111442148
21  12  9.555168341e-17  0.0005255369786  0.9999998619  0.0005255369544
21  13  1.720073895e-16  0.001639014013  0.9999986568  0.00163901328
21  14  -8.512091629e-17  0.002147238599  0.9999976947  0.002147236949
21  15  -6.0491406e-17  0.002967498905  0.999995597  0.00296749455
21  16  4.389295671e-17  0.004307811053  0.9999907214  0.00430779773
21  17  -1.588204101e-16  0.005754220067  0.9999834445  0.005754188313
21  18  2.346356286e-16  0.006733663374  0.999977329  0.006733612488
21  19  3.147739707e-17  0.006844749758  0.9999765748  0.006844696312
21  20  -8.158960244e-19  0.006087418354  0.9999814717  0.006087380757
21  21  -1.641124101e-16  0.004830828839  0.9999883316  0.004830810049
21  22  5.890249885e-18  0.003526696759  0.9999937812  0.003526689448
21  23  1.573955408e-16  0.002468278096  0.9999969538  0.00246827559
21  24  -3.625273533e-16  0.001754539992  0.9999984608  0.001754539092
21  25  1.130416335e-16  0.001361905469  0.9999990726  0.001361905048
21  26  2.546766689e-16  0.001208961529  0.9999992692  0.001208961234
21  27  1.125459126e-16  0.001190757642  0.999999291  0.00119075736
21  28  -7.97469342e-17  0.001207831777  0.9999992706  0.001207831484
21  29  2.8358782e-17  0.001205531467  0.9999992733  0.001205531175
21  30  1.145085385e-16  0.001202906609  0.9999992765  0.001202906319
21  31  -1.207282606e-16  0.001282802467  0.9999991772  0.001282802115
21  32  1.266816312e-17  0.001552973033  0.9999987941  0.001552972409
21  33  2.596058092e-16  0.002109243631  0.9999977755  0.002109242067
21  34  -5.934033954e-17  0.003003847959  0.9999954885  0.003003843442
21  35  -1.154732234e-16  0.004194418957  0.9999912034  0.004194406659
21  36  -1.154732234e-16  0.004194418957  0.9999912034  0.004194406659

22  0  -3.822025332e-16  0.003121310243  0.9999951287  0.003121305174
22  1  7.836335176e-17  0.00398713237  0.9999920514  0.003987121806
22  2  -7.960016992e-17  0.004773564298  0.9999886066  0.004773546169
22  3  -7.093397027e-17  0.005247647215  0.9999862311  0.00524762313
22  4  -1.271719789e-17  0.005233378593  0.9999863059  0.005233354704
22  5  -7.240237456e-17  0.004715391118  0.9999888826  0.004715373644
22  6  1.793995652e-16  0.003823700155  0.9999926897  0.003823690837
22  7  1.986755593e-16  0.002562136957  0.9999967177  0.002562134154
22  8  -3.23685483e-16  -7.926423782e-05  0.9999999969  -7.926423774e-05
22  9  2.699335009e-16  -0.008332047522  0.9999652887  -0.008331951116
22  10  4.098115964e-17  -0.02998625519  0.9995504459  -0.02998176158
22  11  2.584682852e-16  -0.0467540602  0.998907228  -0.04673702845
22  12  8.272101802e-17  -0.02329303596  0.9997287295  -0.02329092969
22  13  -2.957290346e-17  -0.004298353548  0.9999907621  -0.004298340312
22  14  -2.9499201e-16  0.001639014013  0.9999986568  0.00163901328
22  15  5.345072733e-17  0.003557975934  0.9999936704  0.003557968427
22  16  -5.235671302e-17  0.004600227755  0.999989419  0.00460021153
22  17  -1.852592372e-16  0.005267686868  0.9999861258  0.005267662506
22  18  3.775818175e-17  0.005465942304  0.9999850618  0.005465915086
22  19  -1.212424086e-17  0.005140795406  0.9999867861  0.005140772763
22  20  2.192684656e-16  0.004417139555  0.9999902445  0.004417125191
22  21  -4.443017936e-16  0.003526696759  0.9999937812  0.003526689448
22  22  -7.576303952e-17  0.002684611409  0.9999963964  0.002684608184
22  23  2.162912133e-16  0.002025026898  0.9999979496  0.002025025514
22  24  1.317503614e-16  0.001604935005  0.9999987121  0.001604934316
22  25  -4.406613205e-17  0.001429423694  0.9999989784  0.001429423207
22  26  -2.671267898e-17  0.001462725399  0.9999989302  0.001462724878
22  27  2.27823737e-17  0.001622153097  0.9999986843  0.001622152386
22  28  -7.125583692e-17  0.001782537989  0.9999984113  0.001782537045
22  29  1.547272673e-16  0.001826282696  0.9999983323  0.001826281681
22  30  1.818506868e-16  0.001722035303  0.9999985173  0.001722034452
22  31  -6.668004013e-17  0.001550404481  0.9999987981  0.00155040386
22  32  3.554582521e-16  0.001443874469  0.9999989576  0.001443873968
22  33  -3.035813776e-17  0.001512125518  0.9999988567  0.001512124942
22  34  -5.642880734e-17  0.001814151619  0.9999983544  0.001814150624
22  35  1.158905261e-16  0.002362437407  0.9999972094  0.00236243521
22  36  1.158905261e-16  0.002362437407  0.9999972094  0.00236243521

23  0  -2.48398029e-16  0.001859545232  0.999998271  0.001859544161
23  1  -1.80150451e-17  0.002261050934  0.9999974438  0.002261049007
23  2  5.389089226e-17  0.002720303756  0.9999963  0.002720300401
23  3  -1.217963638e-17  0.003157930999  0.9999950137  0.00315792575
23  4  -1.660988676e-16  0.003488533316  0.9999939151  0.00348852624
23  5  -8.847881699e-17  0.003653240119  0.9999933269  0.003653231993
23  6  -7.479227847e-17  0.003654424717  0.9999933226  0.003654416583
23  7  -2.098162826e-16  0.003477120387  0.9999939548  0.00347711338
23  8  -3.484363393e-16  0.00238455207  0.999997157  0.002384549811
23  9  1.930728317e-16  -0.005386436048  0.9999854932  -0.005386410002
23  10  -2.065929237e-16  -0.05985781905  0.9982090556  -0.05982208077
23  11  2.787739772e-16  -0.3063764901  0.9534326985  -0.3016058512
23  12  5.852705283e-16  -0.2074718916  0.9785547979  -0.2059866682
23  13  4.194129021e-17  -0.02329303596  0.9997287295  -0.02329092969
23  14  7.745703008e-17  0.0005255369786  0.9999998619  0.0005255369544
23  15  -9.980651457e-17  0.003464104742  0.999994  0.003464097814
23  16  -1.701795491e-17  0.003793508555  0.9999928047  0.003793499456
23  17  2.542892191e-17  0.003794928436  0.9999927993  0.003794919328
23  18  -3.518551942e-18  0.003659600577  0.9999933037  0.003659592408
23  19  -4.502200069e-16  0.003364552471  0.9999943399  0.003364546123
23  20  9.603150489e-18  0.00294179676  0.9999956729  0.002941792517
23  21  2.62577947e-17  0.002468278096  0.9999969538  0.00246827559
23  22  -2.095659142e-17  0.002025026898  0.9999979496  0.002025025514
23  23  -9.889288244e-17  0.001678827059  0.9999985908  0.001678826271
23  24  3.685535259e-16  0.001484522471  0.9999988981  0.001484521926
23  25  2.420166155e-17  0.001490497214  0.9999988892  0.001490496662
23  26  -1.660304819e-16  0.001727801918  0.9999985074  0.001727801058
23  27  1.285435748e-16  0.0021676336  0.9999976507  0.002167631903
23  28  -1.531700874e-16  0.002662724032  0.999996455  0.002662720885
23  29  3.051884675e-16  0.002960113719  0.9999956189  0.002960109396
23  30  3.476243897e-16  0.00287071248  0.9999958795  0.002870708537
23  31  -5.369381787e-17  0.002453520998  0.9999969901  0.002453518537
23  32  1.325195924e-16  0.001957098881  0.9999980849  0.001957097632
23  33  9.874071171e-18  0.001602794046  0.9999987155  0.001602793359
23  34  -1.124639535e-16  0.001479900587  0.9999989049  0.001479900047
23  35  -6.841907216e-17  0.001580637256  0.9999987508  0.001580636598
23  36  -6.841907216e-17  0.001580637256  0.9999987508  0.001580636598

24  0  -2.300256987e-16  0.001468181613  0.9999989222  0.001468181086
24  1  7.205302946e-17  0.001552555168  0.9999987948  0.001552554545
24  2  1.619947847e-16  0.001692799854  0.9999985672  0.001692799046
24  3  -4.794442536e-17  0.001838058794  0.9999983108  0.001838057759
24  4  -1.672954273e-16  0.001954684002  0.9999980896  0.001954682758
24  5  -1.682868867e-16  0.002028768817  0.999997942  0.002028767425
24  6  -3.112680196e-16  0.002087593252  0.999997821  0.002087591735
24  7  3.752184258e-17  0.002223432075  0.9999975282  0.002223430243
24  8  -2.383218319e-16  0.002477917022  0.99999693  0.002477914486
24  9  1.888453054e-16  0.001626510845  0.9999986772  0.001626510128
24  10  -2.727031842e-17  -0.01366072624  0.9999066937  -0.01366030136
24  11  -2.241459087e-16  -0.1755302226  0.9846340844  -0.1746302373
24  12  -1.489053555e-17  -0.3063764901  0.9534326985  -0.3016058512
24  13  -1.019191185e-16  -0.0467540602  0.998907228  -0.04673702845
24  14  -2.020341387e-16  -0.001114421711  0.999999379  -0.00111442148
24  15  -2.225933815e-16  0.002590655715  0.9999966443  0.002590652817
24  16  -2.638404552e-16  0.002412645935  0.9999970896  0.002412643595
24  17  1.846018201e-16  0.002169225214  0.9999976472  0.002169223513
24  18  2.40274942e-16  0.002069389882  0.9999978588  0.002069388405
24  19  4.924013362e-17  0.001997489173  0.999998005  0.001997487844
24  20  7.732446304e-17  0.001893536427  0.9999982073  0.001893535295
24  21  -1.502105641e-16  0.001754539992  0.9999984608  0.001754539092
24  22  -8.242047404e-17  0.001604935005  0.9999987121  0.001604934316
24  23  2.666785806e-16  0.001484522471  0.9999988981  0.001484521926
24  24  2.842937983e-16  0.001453915773  0.9999989431  0.00145391526
24  25  -1.353995357e-16  0.001610164895  0.9999987037  0.001610164199
24  26  -2.189722279e-16  0.002095742951  0.9999978039  0.002095741417
24  27  -2.564850435e-16  0.003053280992  0.9999953387  0.003053276248
24  28  -1.536674852e-16  0.00444250757  0.9999901321  0.004442492958
24  29  -1.725247046e-17  0.005757945056  0.9999834231  0.00575791324
24  30  -5.043316208e-17  0.006144349803  0.9999811235  0.006144311142
24  31  2.914891724e-17  0.00528119056  0.9999860545  0.005281166011
24  32  1.214737449e-16  0.003824203615  0.9999926877  0.003824194294
24  33  1.427538269e-16  0.002577900251  0.9999966772  0.002577897396
24  34  -1.891739616e-16  0.001835972397  0.9999983146  0.001835971365
24  35  -5.13679255e-17  0.001520253852  0.9999988444  0.001520253267
24  36  -5.13679255e-17  0.001520253852  0.9999988444  0.001520253267

25  0  -5.310735493e-18  0.001765462143  0.9999984416  0.001765461226
25  1  2.899891651e-16  0.001553470771  0.9999987934  0.001553470146
25  2  2.775993279e-16  0.001470342308  0.999998919  0.001470341778
25  3  7.741649516e-17  0.001408531072  0.999999008  0.001408530606
25  4  1.446479287e-16  0.001324299998  0.9999991231  0.001324299611
25  5  -2.265861483e-16  0.001204111542  0.9999992751  0.001204111251
25  6  -2.096704588e-16  0.00106508325  0.9999994328  0.001065083049
25  7  -1.740260424e-16  0.0009830418278  0.9999995168  0.0009830416695
25  8  1.633637992e-16  0.001131342268  0.99999936  0.001131342027
25  9  1.488740952e-16  0.001656581649  0.9999986279  0.001656580891
25  10  5.750742107e-17  0.001152000999  0.9999993364  0.001152000744
25  11  -1.973116014e-16  -0.01366072624  0.9999066937  -0.01366030136
25  12  1.846541477e-16  -0.05985781905  0.9982090556  -0.05982208077
25  13  5.110379765e-17  -0.02998625519  0.9995504459  -0.02998176158
25  14  -2.645081347e-16  -0.001233166638  0.9999992397  -0.001233166326
25  15  -3.458260018e-16  0.001958114962  0.9999980829  0.001958113711
25  16  -1.034061488e-16  0.001364204457  0.9999990695  0.001364204034
25  17  1.542473331e-16  0.001007095443  0.9999994929  0.001007095273
25  18  1.106204094e-17  0.001002590952  0.9999994974  0.001002590784
25  19  3.96404037e-16  0.001128487443  0.9999993633  0.001128487203
25  20  4.331536275e-16  0.001261758307  0.999999204  0.001261757972
25  21  -1.144460315e-16  0.001361905469  0.9999990726  0.001361905048
25  22  -4.113022172e-17  0.001429423694  0.9999989784  0.001429423207
25  23  1.096781171e-16  0.001490497214  0.9999988892  0.001490496662
25  24  6.543888564e-17  0.001610164895  0.9999987037  0.001610164199
25  25  1.497689114e-17  0.001944332353  0.9999981098  0.001944331128
25  26  -1.334361339e-16  0.002858087596  0.9999959157  0.002858083705
25  27  -3.090970475e-16  0.005118600998  0.9999869  0.005118578647
25  28  -3.64371218e-17  0.009913786699  0.9999508588  0.009913624307
25  29  8.232409295e-17  0.01755432741  0.9998459268  0.01755342585
25  30  7.120788446e-17  0.02398135172  0.9997124612  0.02397905316
25  31  1.115382593e-16  0.02244207241  0.9997481873  0.02244018865
25  32  7.346620844e-17  0.01463850663  0.999892859  0.01463798383
25  33  -1.307397496e-16  0.007715153874  0.9999702383  0.007715077335
25  34  -1.326340531e-16  0.003972410492  0.99999211  0.003972400044
25  35  -1.454009397e-16  0.002369696263  0.9999971923  0.002369694045
25  36  -1.454009397e-16  0.002369696263  0.9999971923  0.002369694045

26  0  1.061962199e-16  0.003909088441  0.9999923595  0.003909078485
26  1  -3.663606968e-17  0.002479660978  0.9999969256  0.002479658437
26  2  1.994501318e-16  0.001925538157  0.9999981462  0.001925536967
26  3  3.902398745e-17  0.001609800956  0.9999987043  0.00160980026
26  4  2.126357138e-16  0.001348279  0.9999990911  0.001348278591
26  5  8.549516456e-17  0.001083415458  0.9999994131  0.001083415246
26  6  1.729021878e-16  0.0008055888607  0.9999996755  0.0008055887736
26  7  2.267407327e-16  0.0005507921512  0.9999998483  0.0005507921234
26  8  1.459995801e-17  0.0004409924303  0.9999999028  0.000440992416
26  9  2.972829943e-16  0.0007384799565  0.9999997273  0.0007384798894
26  10  2.90487501e-16  0.001656581648  0.9999986279  0.001656580891
26  11  -3.372148602e-16  0.001626510845  0.9999986772  0.001626510128
26  12  -2.707443209e-17  -0.005386436048  0.9999854932  -0.005386410001
26  13  -2.959935923e-16  -0.008332047521  0.9999652887  -0.008331951115
26  14  2.069318756e-16  0.0004666492557  0.9999998911  0.0004666492388
26  15  1.089747602e-16  0.002313879881  0.999997323  0.002313877816
26  16  1.036420758e-16  0.001171725585  0.9999993135  0.001171725317
26  17  3.295805421e-16  0.0005146755609  0.9999998676  0.0005146755382
26  18  7.546722749e-17  0.0004585628633  0.9999998949  0.0004585628472
26  19  -1.317372979e-16  0.0006650662511  0.9999997788  0.0006650662021
26  20  3.545827947e-18  0.0009393372508  0.9999995588  0.0009393371126
26  21  1.468506009e-16  0.001208961529  0.9999992692  0.001208961234
26  22  7.854447924e-17  0.001462725399  0.9999989302  0.001462724878
26  23  3.160512956e-16  0.001727801918  0.9999985074  0.001727801058
26  24  2.621549758e-17  0.002095742951  0.9999978039  0.002095741417
26  25  -2.532237002e-16  0.002858087596  0.9999959157  0.002858083705
26  26  -1.654022134e-16  0.005023116709  0.9999873842  0.005023095585
26  27  -1.10227178e-16  0.01226466417  0.9999247899  0.01226435669
26  28  -9.147130779e-17  0.03688154472  0.9993199529  0.03687318395
26  29  -5.805825829e-17  0.1011886811  0.9948847923  0.1010160885
26  30  -4.662874879e-16  0.1867089228  0.9826204651  0.1856260263
26  31  -1.387310983e-16  0.2117821216  0.9776578609  0.2102025379
26  32  -9.398683046e-17  0.1532675426  0.9882775049  0.1526681806
26  33  2.740508917e-16  0.07299638382  0.9973369468  0.07293157455
26  34  -9.264829248e-17  0.02517340719  0.9996831665  0.02517074854
26  35  -2.690569609e-16  0.008602315912  0.9999630003  0.008602209818
26  36  -2.690569609e-16  0.008602315912  0.9999630003  0.008602209818

27  0  -3.177143718e-17  0.02724161178  0.9996289702  0.02723824255
27  1  -1.067102409e-16  0.008685759591  0.999962279  0.008685650379
27  2  8.375559903e-17  0.004108008785  0.9999915621  0.004107997231
27  3  1.407462043e-16  0.002630215861  0.999996541  0.002630212828
27  4  -9.078134234e-20  0.001908014757  0.9999981797  0.001908013599
27  5  2.827511849e-17  0.001413972696  0.9999990003  0.001413972225
27  6  -1.80780381e-17  0.00100163443  0.9999994984  0.001001634263
27  7  2.461921272e-16  0.0006422634427  0.9999997937  0.0006422633986
27  8  1.529240301e-17  0.0003927262231  0.9999999229  0.000392726213
27  9  2.694399635e-17  0.0004409924304  0.9999999028  0.0004409924161
27  10  1.041689994e-16  0.001131342268  0.99999936  0.001131342027
27  11  -6.908103465e-17  0.002477917022  0.99999693  0.002477914486
27  12  2.221146872e-16  0.00238455207  0.999997157  0.00238454981
27  13  -7.356086548e-17  -7.926423818e-05  0.9999999969  -7.92642381e-05
27  14  -7.652868106e-17  0.001799014815  0.9999983818  0.001799013844
27  15  -8.899815209e-17  0.003289809217  0.9999945886  0.003289803283
27  16  3.255682425e-19  0.001908763996  0.9999981783  0.001908762837
27  17  -1.001215632e-16  0.0007150590001  0.9999997443  0.0007150589391
27  18  1.142903167e-16  0.0003669234168  0.9999999327  0.0003669234085
27  19  1.715710367e-16  0.0004953355541  0.9999998773  0.0004953355339
27  20  2.647491677e-16  0.0008096839886  0.9999996722  0.0008096839002
27  21  3.198747781e-16  0.001190757642  0.999999291  0.00119075736
27  22  -1.986541181e-16  0.001622153097  0.9999986843  0.001622152386
27  23  -3.565011471e-16  0.0021676336  0.9999976507  0.002167631903
27  24  -2.012257579e-16  0.003053280992  0.9999953387  0.003053276248
27  25  -2.906403669e-16  0.005118600998  0.9999869  0.005118578647
27  26  6.414412776e-17  0.01226466417  0.9999247899  0.01226435669
27  27  -1.10390982e-16  0.04230170844  0.9991054161  0.04228909355
27  28  8.822186441e-17  0.1057189686  0.9944169527  0.1055221506
27  29  -4.250973756e-16  0.1300270821  0.9915583826  0.1296609961
27  30  -2.264476704e-16  0.1129970629  0.9936226219  0.1127567523
27  31  1.409518832e-16  0.09999376153  0.9950047881  0.09982720935
27  32  1.38889894e-16  0.1048873669  0.9945043612  0.1046951554
27  33  5.961055102e-17  0.1153867726  0.9933503291  0.1151308977
27  34  -5.012755702e-16  0.106479721  0.9943363887  0.1062786251
27  35  -7.745718856e-17  0.07142192774  0.9974505381  0.07136122159
27  36  -7.745718856e-17  0.07142192774  0.9974505381  0.07136122159

28  0  2.056884089e-16  0.0858572346  0.9963165312  0.0857517912
28  1  5.452525241e-18  0.07444739565  0.9972300723  0.07437864498
28  2  1.817037036e-17  0.02299045  0.9997357312  0.02298842475
28  3  2.842309622e-18  0.007077564234  0.9999749541  0.007077505146
28  4  -9.609213977e-17  0.003534407214  0.999993754  0.003534399855
28  5  1.098544236e-16  0.002217099996  0.9999975422  0.00221709818
28  6  2.078061806e-17  0.001489249208  0.9999988911  0.001489248657
28  7  1.82921057e-16  0.0009864624138  0.9999995134  0.0009864622538
28  8  1.526111246e-17  0.0006422634427  0.9999997937  0.0006422633986
28  9  3.124558138e-19  0.0005507921512  0.9999998483  0.0005507921234
28  10  -9.981792785e-17  0.0009830418278  0.9999995168  0.0009830416694
28  11  1.627377654e-16  0.002223432075  0.9999975282  0.002223430243
28  12  1.043569191e-16  0.003477120387  0.9999939548  0.00347711338
28  13  -1.003536985e-17  0.002562136957  0.9999967177  0.002562134154
28  14  -1.243850154e-16  0.002103035761  0.9999977886  0.002103034211
28  15  1.776270041e-16  0.00380169043  0.9999927736  0.003801681273
28  16  2.420575235e-17  0.003237553775  0.9999947591  0.003237548119
28  17  -7.916698645e-17  0.001595303311  0.9999987275  0.001595302634
28  18  -9.867308032e-17  0.0007085758175  0.999999749  0.0007085757582
28  19  3.758118025e-17  0.0005617620357  0.9999998422  0.0005617620062
28  20  1.096969747e-16  0.0007922116614  0.9999996862  0.0007922115785
28  21  1.175232298e-16  0.001207831777  0.9999992706  0.001207831484
28  22  5.551181667e-17  0.001782537989  0.9999984113  0.001782537045
28  23  -2.498543582e-16  0.002662724032  0.999996455  0.002662720885
28  24  -5.445545871e-17  0.00444250757  0.9999901321  0.004442492958
28  25  -7.248286552e-17  0.009913786699  0.9999508588  0.009913624307
28  26  6.061970231e-17  0.03688154472  0.9993199529  0.03687318395
28  27  -1.106247416e-17  0.1057189686  0.9944169527  0.1055221506
28  28  9.691490309e-17  0.07117232215  0.9974683192  0.07111225014
28  29  -1.093710482e-16  0.02809303416  0.9996054167  0.02808933905
28  30  -7.647747642e-17  0.01563024347  0.9998778502  0.01562960705
28  31  -1.866916994e-16  0.01210669404  0.9999267149  0.01210639829
28  32  -1.015055239e-16  0.01172233138  0.9999312943  0.01172206291
28  33  -3.29923875e-18  0.01396388946  0.9999025065  0.01396343566
28  34  1.025051374e-16  0.02210812398  0.9997556254  0.02210632306
28  35  6.160751015e-17  0.04800770833  0.9988478513  0.04798926957
28  36  6.160751015e-17  0.04800770833  0.9988478513  0.04798926957

29  0  -8.487003026e-17  0.01747975169  0.999847233  0.01747886157
29  1  -1.63659672e-16  0.06670331282  0.9977761588  0.06665385962
29  2  -1.998605279e-16  0.1341095959  0.9910207782  0.1337079551
29  3  5.886129571e-17  0.05590746724  0.9984375846  0.05587834731
29  4  2.110414961e-16  0.010832068  0.9999413337  0.01083185618
29  5  2.813623082e-16  0.004219150158  0.9999910994  0.00421913764
29  6  1.421338701e-17  0.002350245943  0.9999972382  0.002350243779
29  7  -1.924619789e-16  0.001489249208  0.9999988911  0.001489248657
29  8  -1.447522116e-16  0.00100163443  0.9999994984  0.001001634263
29  9  -1.512095997e-16  0.0008055888607  0.9999996755  0.0008055887736
29  10  -2.826094607e-16  0.00106508325  0.9999994328  0.001065083049
29  11  -2.611023704e-17  0.002087593252  0.999997821  0.002087591735
29  12  3.467823584e-16  0.003654424717  0.9999933226  0.003654416583
29  13  1.893117738e-16  0.003823700155  0.9999926897  0.003823690837
29  14  -8.64998991e-17  0.00242188672  0.9999970672  0.002421884353
29  15  1.870979755e-16  0.003373522859  0.9999943097  0.00337351646
29  16  -1.132167746e-16  0.004383802819  0.9999903912  0.004383788778
29  17  2.609129412e-16  0.003044263076  0.9999953662  0.003044258374
29  18  4.273848728e-16  0.001533220473  0.9999988246  0.001533219872
29  19  7.737275558e-17  0.0008853422152  0.9999996081  0.0008853420996
29  20  -9.712791732e-18  0.0008697051912  0.9999996218  0.0008697050815
29  21  1.373121285e-18  0.001205531467  0.9999992733  0.001205531175
29  22  -1.292713459e-17  0.001826282697  0.9999983323  0.001826281681
29  23  -1.832033288e-16  0.002960113719  0.9999956189  0.002960109396
29  24  -1.340157928e-16  0.005757945056  0.9999834231  0.00575791324
29  25  3.239430415e-16  0.01755432741  0.9998459268  0.01755342585
29  26  2.538085145e-16  0.1011886811  0.9948847923  0.1010160885
29  27  1.260144562e-16  0.1300270821  0.9915583826  0.1296609961
29  28  2.636979346e-17  0.02809303416  0.9996054167  0.02808933905
29  29  -9.136306105e-17  0.01011640888  0.9999488296  0.01011623632
29  30  1.117844007e-16  0.006628865156  0.9999780292  0.006628816609
29  31  5.193129259e-17  0.005687118855  0.9999838284  0.005687088199
29  32  1.251519838e-16  0.005452103688  0.9999851373  0.005452076677
29  33  7.567667649e-17  0.005556317374  0.9999845637  0.005556288784
29  34  -5.676735186e-17  0.00614218777  0.9999811368  0.00614214915
29  35  -6.895275171e-17  0.008221241001  0.9999662058  0.008221148391
29  36  -6.895275171e-17  0.008221241001  0.9999662058  0.008221148391

30  0  4.192586153e-17  0.00572261773  0.9999836259  0.005722586496
30  1  9.136949021e-17  0.00990246566  0.999950971  0.009902303823
30  2  1.81770497e-17  0.04558512282  0.9989611782  0.04556933679
30  3  3.23595056e-17  0.1837987476  0.9831565076  0.1827656465
30  4  2.102729564e-16  0.09423659249  0.9955630173  0.09409717584
30  5  3.4142188e-16  0.01275775206  0.999918621  0.01275740599
30  6  -1.330828529e-17  0.004219150158  0.9999910994  0.00421913764
30  7  -2.044159698e-16  0.002217099996  0.9999975422  0.00221709818
30  8  2.283014861e-16  0.001413972696  0.9999990003  0.001413972225
30  9  -1.011146149e-16  0.001083415458  0.9999994131  0.001083415246
30  10  -1.203347456e-16  0.001204111542  0.9999992751  0.001204111251
30  11  -1.172761042e-18  0.002028768817  0.999997942  0.002028767425
30  12  -5.870204779e-17  0.003653240119  0.9999933269  0.003653231993
30  13  -1.654238489e-16  0.004715391118  0.9999888826  0.004715373644
30  14  -2.770668953e-16  0.003391318867  0.9999942495  0.003391312367
30  15  3.158815761e-16  0.002771380708  0.9999961597  0.00277137716
30  16  4.891008651e-16  0.004573870421  0.9999895399  0.004573854474
30  17  -1.08960562e-16  0.004639469902  0.9999892377  0.004639453258
30  18  -6.414162018e-17  0.00288437139  0.9999958402  0.00288436739
30  19  1.360254395e-16  0.001556003601  0.9999987894  0.001556002973
30  20  -3.966078631e-17  0.001094714704  0.9999994008  0.001094714486
30  21  -9.780349116e-17  0.001202906609  0.9999992765  0.001202906319
30  22  5.834014384e-18  0.001722035303  0.9999985173  0.001722034452
30  23  3.515566108e-17  0.00287071248  0.9999958795  0.002870708537
30  24  -3.401963842e-16  0.006144349803  0.9999811235  0.006144311142
30  25  -4.562026356e-17  0.02398135172  0.9997124612  0.02397905316
30  26  1.282606673e-16  0.1867089228  0.9826204651  0.1856260263
30  27  1.136362359e-16  0.1129970629  0.9936226219  0.1127567523
30  28  -2.864659774e-16  0.01563024347  0.9998778502  0.01562960705
30  29  9.590328191e-18  0.006628865156  0.9999780292  0.006628816609
30  30  -2.625847669e-16  0.005119162334  0.9999868971  0.005119139976
30  31  2.087951779e-16  0.004860518469  0.9999881877  0.004860499331
30  32  1.491711845e-16  0.004866568858  0.9999881583  0.004866549648
30  33  3.710953632e-17  0.004882577642  0.9999880802  0.004882558243
30  34  9.179163322e-17  0.004871624047  0.9999881337  0.004871604777
30  35  1.450263167e-17  0.004970908047  0.9999876451  0.004970887575
30  36  1.450263167e-17  0.004970908047  0.9999876451  0.004970887575

31  0  3.35279869e-16  0.004885575281  0.9999880656  0.004885555846
31  1  -8.409288072e-17  0.005125550766  0.9999868644  0.005125528324
31  2  -2.771377052e-16  0.00778104274  0.9999697278  0.007780964224
31  3  1.513585506e-16  0.03561823147  0.9993657379  0.03561070072
31  4  5.220827184e-17  0.2039783409  0.9792684497  0.2025667873
31  5  1.625431435e-16  0.09423659248  0.9955630173  0.09409717584
31  6  2.241844284e-16  0.010832068  0.9999413337  0.01083185618
31  7  1.79816003e-16  0.003534407214  0.999993754  0.003534399855
31  8  1.197543787e-16  0.001908014757  0.9999981797  0.001908013599
31  9  4.403145082e-17  0.001348279  0.9999990911  0.001348278591
31  10  -1.054964028e-16  0.001324299998  0.9999991231  0.001324299611
31  11  4.091415044e-17  0.001954684002  0.9999980896  0.001954682758
31  12  1.400814877e-17  0.003488533316  0.9999939151  0.00348852624
31  13  -2.974147357e-17  0.005233378593  0.9999863059  0.005233354704
31  14  1.631649721e-17  0.004795616324  0.9999885011  0.004795597942
31  15  1.131099511e-16  0.002951410978  0.9999956446  0.002951406693
31  16  -1.830015481e-17  0.003895274558  0.9999924134  0.003895264708
31  17  2.832021966e-17  0.005613971442  0.9999842417  0.005613941953
31  18  2.532560174e-16  0.004611522085  0.999989367  0.004611505741
31  19  3.901480995e-16  0.002682024485  0.9999964034  0.002682021269
31  20  3.355805692e-17  0.001570845195  0.9999987662  0.001570844549
31  21  9.168503315e-17  0.001282802467  0.9999991772  0.001282802115
31  22  1.727439889e-16  0.001550404482  0.9999987981  0.00155040386
31  23  1.046777227e-16  0.002453520998  0.9999969901  0.002453518537
31  24  3.092148392e-16  0.00528119056  0.9999860545  0.005281166011
31  25  -7.2684962e-17  0.02244207241  0.9997481873  0.02244018865
31  26  -1.209620666e-16  0.2117821216  0.9776578609  0.2102025379
31  27  3.251000504e-16  0.09999376153  0.9950047881  0.09982720935
31  28  -1.160814366e-16  0.01210669404  0.9999267149  0.01210639829
31  29  3.482695785e-16  0.005687118855  0.9999838284  0.005687088199
31  30  -2.08817708e-16  0.004860518469  0.9999881877  0.004860499331
31  31  2.479289605e-16  0.004948496802  0.9999877562  0.004948476606
31  32  4.026791887e-16  0.005183114975  0.9999865677  0.005183091767
31  33  -9.682384217e-17  0.005321268315  0.9999858421  0.005321243202
31  34  1.682262497e-16  0.00527833178  0.9999860696  0.005278307271
31  35  -1.808589244e-17  0.005081665972  0.9999870884  0.005081644101
31  36  -1.808589244e-17  0.005081665972  0.9999870884  0.005081644101

32  0  3.329800856e-16  0.005431827381  0.9999852477  0.00543180067
32  1  3.023496421e-16  0.004998129861  0.9999875094  0.004998109052
32  2  -1.984794679e-17  0.004989694095  0.9999875515  0.004989673391
32  3  -3.705492954e-16  0.007292466392  0.9999734101  0.007292401756
32  4  -2.946413357e-16  0.03561823147  0.9993657379  0.03561070072
32  5  -3.002986991e-16  0.1837987476  0.9831565076  0.1827656465
32  6  -2.169533565e-16  0.05590746724  0.9984375846  0.05587834731
32  7  -7.093882167e-17  0.007077564233  0.9999749541  0.007077505146
32  8  -5.820791325e-17  0.002630215861  0.999996541  0.002630212828
32  9  1.984663145e-16  0.001609800956  0.9999987043  0.00160980026
32  10  -2.362436279e-17  0.001408531072  0.999999008  0.001408530606
32  11  -7.538484522e-17  0.001838058794  0.9999983108  0.001838057759
32  12  -1.536358559e-16  0.003157930999  0.9999950137  0.00315792575
32  13  -1.114446481e-16  0.005247647215  0.9999862311  0.00524762313
32  14  1.884657122e-16  0.006072622562  0.9999815617  0.006072585239
32  15  -1.248432711e-16  0.004102280066  0.9999915857  0.00410226856
32  16  6.34545632e-17  0.003281288636  0.9999946166  0.003281282747
32  17  3.350769924e-16  0.005441128683  0.9999851971  0.005441101835
32  18  2.555493937e-16  0.006164937647  0.9999809968  0.006164898596
32  19  4.552774785e-16  0.004269246151  0.9999908868  0.004269233182
32  20  1.582611402e-16  0.002414255437  0.9999970857  0.002414253092
32  21  -2.594626074e-16  0.001552973033  0.9999987941  0.001552972409
32  22  1.449055435e-16  0.001443874469  0.9999989576  0.001443873968
32  23  4.285088135e-16  0.001957098881  0.9999980849  0.001957097632
32  24  -3.022694084e-17  0.003824203615  0.9999926877  0.003824194294
32  25  -1.087672154e-16  0.01463850663  0.999892859  0.01463798383
32  26  -1.005239519e-16  0.1532675426  0.9882775049  0.1526681806
32  27  1.723447667e-16  0.1048873669  0.9945043612  0.1046951554
32  28  5.754830983e-17  0.01172233138  0.9999312943  0.01172206291
32  29  -5.319791303e-18  0.005452103688  0.9999851373  0.005452076677
32  30  -1.22480897e-16  0.004866568858  0.9999881583  0.004866549648
32  31  1.926543465e-16  0.005183114975  0.9999865677  0.005183091767
32  32  8.808453957e-17  0.005648819621  0.9999840455  0.005648789579
32  33  -1.283736774e-16  0.005990607677  0.9999820564  0.005990571846
32  34  1.050251313e-16  0.006069253923  0.9999815821  0.006069216662
32  35  1.844696559e-16  0.005854975764  0.9999828597  0.005854942312
32  36  1.844696559e-16  0.005854975764  0.9999828597  0.005854942312

33  0  1.695075403e-16  0.00631688241  0.9999800486  0.0063168404
33  1  4.205760994e-16  0.0056626761  0.9999839671  0.005662645837
33  2  -7.159930351e-17  0.005057075181  0.999987213  0.005057053626
33  3  -1.628752979e-17  0.004989694095  0.9999875515  0.004989673391
33  4  3.876287168e-16  0.007781042741  0.9999697278  0.007780964224
33  5  1.846269511e-16  0.04558512282  0.9989611782  0.04556933679
33  6  4.077117462e-20  0.1341095959  0.9910207782  0.1337079551
33  7  4.433665072e-17  0.02299045  0.9997357312  0.02298842475
33  8  6.21308322e-17  0.004108008785  0.9999915621  0.004107997231
33  9  2.941541125e-17  0.001925538157  0.9999981462  0.001925536967
33  10  -5.789542529e-17  0.001470342308  0.999998919  0.001470341778
33  11  1.783160643e-16  0.001692799854  0.9999985672  0.001692799046
33  12  2.582833895e-18  0.002720303756  0.9999963  0.002720300401
33  13  3.218922489e-17  0.004773564299  0.9999886066  0.004773546169
33  14  4.335707437e-17  0.006700780188  0.9999775499  0.006700730043
33  15  -1.997233265e-16  0.005740794603  0.9999835217  0.00574076307
33  16  2.619844444e-16  0.003520210676  0.9999938041  0.003520203405
33  17  3.920255281e-17  0.004501628514  0.9999898677  0.00450161331
33  18  -2.707133617e-16  0.006767741339  0.9999770989  0.006767689676
33  19  2.045631217e-16  0.006025202652  0.9999818485  0.006025166196
33  20  -1.382841376e-16  0.003685880805  0.9999932071  0.003685872459
33  21  -2.061434071e-16  0.002109243631  0.9999977755  0.002109242067
33  22  -1.309193162e-16  0.001512125518  0.9999988567  0.001512124942
33  23  -2.128486669e-16  0.001602794046  0.9999987155  0.001602793359
33  24  -2.428319996e-16  0.002577900251  0.9999966772  0.002577897396
33  25  1.402713433e-16  0.007715153874  0.9999702383  0.007715077335
33  26  3.247313471e-17  0.07299638381  0.9973369468  0.07293157455
33  27  -1.220392593e-16  0.1153867726  0.9933503291  0.1151308977
33  28  -9.812533792e-17  0.01396388946  0.9999025065  0.01396343566
33  29  1.824202123e-17  0.005556317374  0.9999845637  0.005556288784
33  30  -2.18392716e-16  0.004882577642  0.9999880802  0.004882558243
33  31  2.175596529e-16  0.005321268315  0.9999858421  0.005321243202
33  32  4.630374719e-16  0.005990607677  0.9999820564  0.005990571846
33  33  -4.450841584e-17  0.006572632912  0.9999784003  0.00657258559
33  34  -2.484435911e-16  0.006865580519  0.999976432  0.006865526583
33  35  -2.939140687e-17  0.006769374495  0.9999770879  0.006769322795
33  36  -2.939140687e-17  0.006769374495  0.9999770879  0.006769322795

34  0  -1.804470536e-17  0.007189795601  0.9999741535  0.007189733657
34  1  7.098088556e-17  0.006491734679  0.9999789288  0.006491689083
34  2  -2.008522506e-16  0.0056626761  0.9999839671  0.005662645837
34  3  -3.643307538e-16  0.004998129861  0.9999875094  0.004998109052
34  4  2.31471427e-16  0.005125550766  0.9999868644  0.005125528324
34  5  -6.692056146e-17  0.00990246566  0.999950971  0.009902303823
34  6  -5.364114569e-17  0.06670331282  0.9977761588  0.06665385962
34  7  1.982504734e-16  0.07444739564  0.9972300723  0.07437864498
34  8  1.149745056e-16  0.008685759591  0.999962279  0.008685650379
34  9  -1.60975228e-16  0.002479660978  0.9999969256  0.002479658437
34  10  -4.512541962e-17  0.001553470771  0.9999987934  0.001553470146
34  11  1.806620436e-16  0.001552555168  0.9999987948  0.001552554545
34  12  -1.405921442e-16  0.002261050934  0.9999974438  0.002261049007
34  13  1.325998651e-16  0.00398713237  0.9999920514  0.003987121806
34  14  5.939841305e-17  0.006446173634  0.9999792235  0.006446128991
34  15  -2.575919437e-16  0.007099457414  0.999974799  0.007099397776
34  16  -2.111667795e-16  0.004692962621  0.9999889881  0.004692945395
34  17  5.583179649e-17  0.00374938364  0.9999929711  0.003749374855
34  18  -2.832894061e-18  0.006130886772  0.9999812062  0.006130848364
34  19  -3.088904292e-16  0.007278681594  0.9999735105  0.007278617325
34  20  -2.946952586e-17  0.005270201784  0.9999861125  0.005270177388
34  21  -9.761884631e-17  0.003003847959  0.9999954885  0.003003843442
34  22  -3.645327686e-16  0.001814151619  0.9999983544  0.001814150624
34  23  -3.528010225e-16  0.001479900587  0.9999989049  0.001479900047
34  24  -1.949450052e-16  0.001835972397  0.9999983146  0.001835971365
34  25  1.075327188e-16  0.003972410491  0.99999211  0.003972400044
34  26  1.475900202e-16  0.02517340719  0.9996831665  0.02517074854
34  27  2.716058565e-16  0.106479721  0.9943363887  0.1062786251
34  28  -2.229848527e-16  0.02210812398  0.9997556254  0.02210632306
34  29  1.115064439e-16  0.00614218777  0.9999811368  0.00614214915
34  30  3.264254252e-16  0.004871624047  0.9999881337  0.004871604777
34  31  -8.735737947e-19  0.00527833178  0.9999860696  0.005278307271
34  32  6.527510941e-17  0.006069253923  0.9999815821  0.006069216662
34  33  -1.812949233e-17  0.006865580519  0.999976432  0.006865526583
34  34  -2.851649285e-16  0.007413475123  0.9999725203  0.007413407216
34  35  -3.320243369e-16  0.00753537672  0.9999716092  0.007535305408
34  36  -3.320243369e-16  0.00753537672  0.9999716092  0.007535305408

35  0  -4.502155959e-16  0.007787150402  0.9999696803  0.007787071701
35  1  -4.031039878e-16  0.007189795601  0.9999741535  0.007189733657
35  2  5.369286001e-18  0.00631688241  0.9999800486  0.0063168404
35  3  -1.716338188e-16  0.005431827381  0.9999852477  0.00543180067
35  4  1.9056194e-16  0.004885575281  0.9999880656  0.004885555846
35  5  -4.875965243e-17  0.00572261773  0.9999836259  0.005722586496
35  6  2.26655902e-16  0.01747975169  0.999847233  0.01747886157
35  7  2.070835702e-16  0.08585723459  0.9963165312  0.0857517912
35  8  1.538362198e-16  0.02724161178  0.9996289702  0.02723824255
35  9  5.250983072e-17  0.003909088441  0.9999923595  0.003909078485
35  10  2.145349947e-17  0.001765462143  0.9999984416  0.001765461226
35  11  1.084962843e-16  0.001468181613  0.9999989222  0.001468181086
35  12  1.006746969e-16  0.001859545232  0.999998271  0.001859544161
35  13  1.240557415e-16  0.003121310242  0.9999951287  0.003121305174
35  14  6.81464383e-17  0.005472071138  0.9999850283  0.005472043829
35  15  -2.872101279e-18  0.00749842969  0.9999718869  0.007498359422
35  16  3.341120362e-16  0.006265566177  0.9999803714  0.006265525182
35  17  2.483224866e-17  0.003856525135  0.9999925636  0.003856515575
35  18  1.696765807e-16  0.004847769275  0.9999882496  0.004847750287
35  19  1.923968617e-16  0.00736400372  0.9999728858  0.007363937163
35  20  5.977892777e-17  0.006750808369  0.9999772134  0.006750757093
35  21  -4.274198078e-16  0.004194418957  0.9999912034  0.004194406659
35  22  -8.544129879e-17  0.002362437407  0.9999972094  0.00236243521
35  23  3.66722161e-17  0.001580637256  0.9999987508  0.001580636598
35  24  -2.035422968e-17  0.001520253853  0.9999988444  0.001520253267
35  25  -2.982854295e-16  0.002369696263  0.9999971923  0.002369694045
35  26  -1.668972242e-16  0.008602315912  0.9999630003  0.008602209818
35  27  -2.575868511e-18  0.07142192774  0.9974505381  0.07136122159
35  28  -2.793847235e-16  0.04800770832  0.9988478513  0.04798926957
35  29  -9.842916671e-17  0.008221241001  0.9999662058  0.00822114839
35  30  -9.529549637e-17  0.004970908047  0.9999876451  0.004970887575
35  31  -1.01378401e-16  0.005081665972  0.9999870884  0.005081644101
35  32  -1.476012638e-16  0.005854975764  0.9999828597  0.005854942312
35  33  -4.380582051e-17  0.006769374495  0.9999770879  0.006769322795
35  34  5.682987619e-18  0.00753537672  0.9999716092  0.007535305408
35  35  -3.545980122e-16  0.007917022488  0.9999686605  0.007916939783
35  36  -3.545980122e-16  0.007917022488  0.9999686605  0.007916939783

36  0  -4.502155959e-16  0.007787150402  0.9999686605  0.007916939783
36  1  7.098088556e-17  0.006491734679  0.9999686605  0.007916939783
36  2  -7.159930351e-17  0.005057075181  0.9999686605  0.007916939783
36  3  -3.705492954e-16  0.007292466392  0.9999686605  0.007916939783
36  4  5.220827184e-17  0.2039783409  0.9999686605  0.007916939783
36  5  3.4142188e-16  0.01275775206  0.9999686605  0.007916939783
36  6  1.421338701e-17  0.002350245943  0.9999686605  0.007916939783
36  7  1.82921057e-16  0.0009864624138  0.9999686605  0.007916939783
36  8  1.529240301e-17  0.0003927262231  0.9999686605  0.007916939783
36  9  2.972829943e-16  0.0007384799565  0.9999686605  0.007916939783
36  10  5.750742107e-17  0.001152000999  0.9999686605  0.007916939783
36  11  -2.241459087e-16  -0.1755302226  0.9999686605  0.007916939783
36  12  5.852705283e-16  -0.2074718916  0.9999686605  0.007916939783
36  13  -2.957290346e-17  -0.004298353548  0.9999686605  0.007916939783
36  14  -8.512091629e-17  0.002147238599  0.9999686605  0.007916939783
36  15  2.851702999e-16  0.002744009313  0.9999686605  0.007916939783
36  16  -1.599951042e-16  0.003272813491  0.9999686605  0.007916939783
36  17  -4.780515193e-17  0.003665716329  0.9999686605  0.007916939783
36  18  -1.351839839e-16  0.003665716329  0.9999686605  0.007916939783
36  19  -1.637593983e-16  0.003272813491  0.9999686605  0.007916939783
36  20  1.76676581e-17  0.002744009313  0.9999686605  0.007916939783
36  21  8.421012537e-17  0.002147238599  0.9999686605  0.007916939783
36  22  2.970066919e-17  -0.004298353548  0.9999686605  0.007916939783
36  23  5.111244181e-17  -0.2074718916  0.9999686605  0.007916939783
36  24  -3.508514835e-16  -0.1755302226  0.9999686605  0.007916939783
36  25  6.392629066e-17  0.001152000999  0.9999686605  0.007916939783
36  26  1.882386762e-16  0.0007384799565  0.9999686605  0.007916939783
36  27  2.420731895e-16  0.0003927262232  0.9999686605  0.007916939783
36  28  1.656512307e-16  0.0009864624138  0.9999686605  0.007916939783
36  29  2.003836528e-16  0.002350245943  0.9999686605  0.007916939783
36  30  -1.364277637e-16  0.01275775206  0.9999686605  0.007916939783
36  31  -2.426382994e-17  0.2039783409  0.9999686605  0.007916939783
36  32  1.588423589e-16  0.007292466392  0.9999686605  0.007916939783
36  33  -7.257682184e-17  0.005057075181  0.9999686605  0.007916939783
36  34  -1.377870352e-16  0.006491734679  0.9999686605  0.007916939783
36  35  -6.238889526e-17  0.007787150402  0.9999686605  0.007916939783
36  36  -6.238889526e-17  0.007787150402  0.9999686605  0.007916939783

#Chern no*2pi*Iota= -2.247117446e-15  12.56637061
