#nx  ny  tilde_F(nx,ny).real()  tilde_F(nx,ny).imag()  ArgofLog.real()  ArgofLog.imag()
#Extra momentum point for pm3d corners2color c1
0  0  2.522885752e-16  -0.0197017703  0.9998059264  -0.01970049575
0  1  1.301333305e-16  -0.0251498132  0.9996837601  -0.02514716202
0  2  3.358411576e-16  -0.06082934071  0.9981504661  -0.06079183411
0  3  5.893662676e-16  -0.1382442731  0.9904594695  -0.1378043516
0  4  -5.871236416e-17  -0.1296662627  0.9916051022  -0.1293032142
0  5  1.085592206e-16  -0.06566513174  0.9978448198  -0.06561795156
0  6  2.372300668e-16  -0.03173730854  0.9994964139  -0.03173198087
0  7  4.248033664e-17  -0.01783276429  0.9998410005  -0.01783181915
0  8  6.229703444e-18  -0.01090860974  0.9999405017  -0.01090839339
0  9  1.115506312e-16  -0.003559797473  0.9999936639  -0.003559789954
0  10  -7.760490487e-17  0.01343259197  0.9999097841  0.01343218803
0  11  5.3963688e-20  0.06286202505  0.9980248335  0.06282063194
0  12  -2.47299278e-16  0.1623636009  0.9868479614  0.1616511707
0  13  1.478279892e-17  0.1583191546  0.987493678  0.1576586059
0  14  2.4384604e-16  0.06388245682  0.9979602097  0.0638390153
0  15  6.13876947e-17  0.02008059847  0.9997983916  0.02007924898
0  16  8.778656571e-17  0.004254297629  0.9999909505  0.004254284796
0  17  -2.305365289e-16  -0.003508319846  0.9999938459  -0.003508312649
0  18  -9.373558032e-17  -0.005283599092  0.9999860418  -0.005283574509
0  19  -9.429695698e-17  -0.0002359597752  0.9999999722  -0.000235959773
0  20  -1.29738509e-16  0.01064665247  0.9999433249  0.01064645133
0  21  1.296080256e-16  0.03715825714  0.9993097114  0.03714970677
0  22  -1.480443407e-16  0.1143652891  0.9934674152  0.1141161469
0  23  2.629669458e-17  0.1873365956  0.9825037591  0.1862427538
0  24  -2.360549555e-16  0.1027143656  0.9947295157  0.1025338507
0  25  2.45633418e-16  0.02912903708  0.9995757796  0.02912491792
0  26  -2.825602745e-17  0.002174408213  0.999997636  0.0021744065
0  27  1.314576025e-17  -0.007951718752  0.9999683853  -0.007951634954
0  28  -5.258467267e-17  -0.01419462084  0.9998992581  -0.01419414417
0  29  -2.237454719e-16  -0.02367803749  0.9997196884  -0.02367582504
0  30  -2.788373171e-17  -0.04590658275  0.9989464779  -0.04589046042
0  31  3.092069876e-17  -0.09673890396  0.9953244403  -0.0965880874
0  32  -5.821929049e-18  -0.1478363219  0.9890920992  -0.1472984021
0  33  -1.577866807e-16  -0.09802166321  0.9951997221  -0.09786476922
0  34  2.435676769e-18  -0.03714814408  0.999310087  -0.03713960069
0  35  -1.678325514e-16  -0.02118859916  0.99977553  -0.02118701374
0  36  -1.678325514e-16  -0.02118859916  0.99977553  -0.02118701374

1  0  3.758644579e-17  -0.0251498132  0.9996837601  -0.02514716202
1  1  3.633051017e-16  -0.02762419837  0.9996184761  -0.02762068518
1  2  5.036027879e-17  -0.0522411508  0.9986357414  -0.05221739182
1  3  -1.860094455e-17  -0.1089893198  0.994066541  -0.1087736732
1  4  -3.742356255e-16  -0.1084486813  0.994125203  -0.1082362266
1  5  -8.618776424e-17  -0.05443592396  0.9985187309  -0.05440904323
1  6  1.052906932e-16  -0.02319471168  0.9997310147  -0.02319263197
1  7  -1.014395152e-16  -0.01059852986  0.9999438361  -0.01059833144
1  8  2.777924145e-16  -0.005408919816  0.9999853718  -0.005408893442
1  9  6.954296825e-17  -0.002306283434  0.9999973405  -0.002306281389
1  10  -2.067514202e-16  0.002515029384  0.9999968373  0.002515026733
1  11  1.441775058e-17  0.01416633895  0.9998996591  0.01416586512
1  12  1.280443599e-16  0.03990140549  0.9992040445  0.03989081835
1  13  1.238860482e-16  0.06801012614  0.9976882027  0.06795770951
1  14  6.016223957e-18  0.05645201607  0.9984070081  0.05642203701
1  15  1.372074447e-16  0.02698781269  0.9996358511  0.02698453675
1  16  -1.085443069e-16  0.009059670851  0.9999589615  0.009059546918
1  17  2.111095357e-16  -0.0006313142351  0.9999998007  -0.0006313141932
1  18  2.25715511e-17  -0.005456034196  0.9999851159  -0.005456007127
1  19  6.80493516e-17  -0.003683534856  0.9999932158  -0.003683526526
1  20  -1.017161995e-16  0.003754179987  0.9999929531  0.003754171168
1  21  2.829074121e-17  0.01732251407  0.999849969  0.01732164776
1  22  -1.061267482e-16  0.04422498304  0.9990222348  0.04421056821
1  23  1.573302472e-17  0.0707571401  0.9974977578  0.07069811308
1  24  -8.798760037e-17  0.05291908951  0.9986001117  0.05289439361
1  25  1.283985044e-17  0.02220476278  0.9997534844  0.02220293815
1  26  -5.383459723e-16  0.006015189367  0.9999819088  0.006015153093
1  27  -2.554914439e-16  -0.0007659801872  0.9999997066  -0.0007659801123
1  28  1.03758146e-16  -0.004052508834  0.9999917886  -0.004052497741
1  29  2.381574272e-17  -0.007754396942  0.9999699348  -0.00775431923
1  30  1.060925164e-16  -0.01605812174  0.9998710711  -0.01605743161
1  31  1.276710484e-16  -0.03687313181  0.9993202631  -0.03686477675
1  32  4.189847516e-17  -0.08144590944  0.9966851149  -0.08135589492
1  33  -9.237047991e-17  -0.1163426199  0.9932398278  -0.1160803361
1  34  -7.787288468e-17  -0.0786167873  0.9969112917  -0.07853582918
1  35  -2.31466009e-16  -0.03714814408  0.999310087  -0.03713960069
1  36  -2.31466009e-16  -0.03714814408  0.999310087  -0.03713960069

2  0  -2.394707093e-18  -0.06082934071  0.9981504661  -0.06079183411
2  1  1.74980263e-16  -0.0522411508  0.9986357414  -0.05221739182
2  2  1.778147178e-16  -0.07498659164  0.9971898227  -0.0749163366
2  3  2.101946332e-16  -0.1198060058  0.9928318406  -0.1195196059
2  4  -1.344032966e-16  -0.1012671358  0.994876864  -0.1010941415
2  5  -1.321812161e-16  -0.04423905137  0.9990216127  -0.04422462278
2  6  -8.738312838e-17  -0.01500087656  0.999887489  -0.01500031397
2  7  4.665795773e-17  -0.003815294911  0.9999927218  -0.003815285654
2  8  5.276857586e-17  0.0004338933718  0.9999999059  0.0004338933582
2  9  1.321056044e-16  0.001818787159  0.999998346  0.001818786156
2  10  -2.143901114e-16  0.002363285609  0.9999972074  0.002363283409
2  11  -1.768985068e-16  0.003985130461  0.9999920594  0.003985119913
2  12  -1.310252505e-16  0.008561375011  0.9999633517  0.008561270424
2  13  -1.840278174e-17  0.01674158354  0.999859863  0.0167408015
2  14  -3.741126866e-17  0.02336574573  0.9997270334  0.02336361967
2  15  2.463204788e-16  0.02006211621  0.9997987625  0.02006077044
2  16  -2.052222148e-16  0.01059096513  0.9999439163  0.01059076713
2  17  -1.372599775e-16  0.001873309185  0.9999982454  0.001873308089
2  18  -2.901209711e-16  -0.004473179974  0.9999899953  -0.004473165057
2  19  -2.004627407e-16  -0.006016664988  0.9999818999  -0.006016628688
2  20  -8.752379946e-17  -0.001527431488  0.9999988335  -0.001527430894
2  21  3.20678832e-17  0.006397879916  0.9999795336  0.006397836269
2  22  -4.212414082e-16  0.01646246389  0.9998644967  0.01646172031
2  23  -1.883647474e-16  0.02373141122  0.9997184233  0.02372918377
2  24  1.197868171e-16  0.02017029066  0.9997965866  0.02016892301
2  25  -2.786660195e-17  0.01137430225  0.9999353133  0.01137405699
2  26  -5.938498403e-17  0.005276645499  0.9999860785  0.005276621013
2  27  -9.990839305e-17  0.002661781251  0.9999964575  0.002661778108
2  28  2.110798937e-16  0.001958696732  0.9999980818  0.001958695479
2  29  1.723995343e-16  0.001276020931  0.9999991859  0.001276020584
2  30  -2.4398974e-16  -0.001296496424  0.9999991595  -0.001296496061
2  31  -2.835762026e-16  -0.008450362393  0.9999642959  -0.008450261822
2  32  -3.067680983e-16  -0.02710433475  0.9996327  -0.02710101619
2  33  -9.485369236e-17  -0.07019712158  0.9975371936  -0.0701394848
2  34  -1.377375189e-19  -0.1163426199  0.9932398278  -0.1160803361
2  35  9.185087672e-17  -0.09802166322  0.9951997221  -0.09786476923
2  36  9.185087672e-17  -0.09802166322  0.9951997221  -0.09786476923

3  0  1.998263355e-17  -0.1382442731  0.9904594695  -0.1378043516
3  1  -4.264240868e-17  -0.1089893198  0.994066541  -0.1087736732
3  2  4.874926595e-17  -0.1198060058  0.9928318406  -0.119519606
3  3  1.665805909e-16  -0.1554318114  0.9879447756  -0.1548067195
3  4  -9.429076663e-17  -0.1215041161  0.9926274518  -0.1212053708
3  5  7.235044298e-17  -0.04830629372  0.9988334779  -0.0482875088
3  6  -9.356932966e-17  -0.01346522113  0.9999093453  -0.01346481424
3  7  -1.488077387e-16  -0.001020458737  0.9999994793  -0.00102045856
3  8  3.944760198e-16  0.003895040118  0.9999924143  0.003895030269
3  9  -9.529342694e-18  0.00577540769  0.9999833224  0.005775375583
3  10  -1.756906733e-16  0.005711131422  0.9999836915  0.005711100376
3  11  1.876464292e-17  0.004609978879  0.9999893741  0.00460996255
3  12  3.069014524e-16  0.003975218439  0.9999920988  0.00397520797
3  13  1.005847896e-16  0.004877188611  0.9999881065  0.004877169275
3  14  2.034677902e-16  0.007055626918  0.9999751092  0.007055568378
3  15  -2.755604833e-17  0.008459234976  0.9999642209  0.008459134088
3  16  -2.874485302e-16  0.006710955855  0.9999774816  0.006710905482
3  17  -5.055820435e-17  0.002106407613  0.9999977815  0.002106406056
3  18  -5.432457456e-17  -0.003492328687  0.9999939018  -0.003492321588
3  19  -3.153867315e-17  -0.007233763719  0.9999738364  -0.007233700632
3  20  -4.523676907e-18  -0.005744682332  0.9999834994  -0.005744650735
3  21  -2.877311893e-17  -0.0004777925725  0.9999998859  -0.0004777925544
3  22  -3.125963961e-16  0.004956954632  0.9999877143  0.004956934332
3  23  -1.588176287e-16  0.008189421763  0.9999664669  0.008189330223
3  24  -4.294171331e-17  0.007846212126  0.9999692186  0.00784613162
3  25  -2.149110323e-16  0.005580668414  0.9999844281  0.005580639446
3  26  -3.557436354e-17  0.003975180484  0.999992099  0.003975170014
3  27  -3.172984216e-17  0.003994897149  0.9999920204  0.003994886523
3  28  3.007277956e-16  0.005147137839  0.9999867535  0.005147115111
3  29  3.003382066e-16  0.005968660035  0.9999821876  0.005968624596
3  30  -9.748343344e-18  0.005138353369  0.9999867987  0.005138330758
3  31  8.338274011e-17  0.001912240713  0.9999981717  0.001912239547
3  32  -2.145926698e-18  -0.005949779331  0.9999823001  -0.005949744227
3  33  -4.195334667e-18  -0.02710433475  0.9996327  -0.02710101619
3  34  -1.983642507e-16  -0.08144590944  0.9966851149  -0.08135589492
3  35  -6.008336984e-17  -0.1478363219  0.9890920992  -0.1472984021
3  36  -6.008336984e-17  -0.1478363219  0.9890920992  -0.1472984021

4  0  -1.205405006e-16  -0.1296662627  0.9916051022  -0.1293032142
4  1  -2.625972594e-16  -0.1084486813  0.994125203  -0.1082362266
4  2  -1.196515488e-17  -0.1012671358  0.994876864  -0.1010941415
4  3  1.679389053e-16  -0.1215041161  0.9926274518  -0.1212053708
4  4  -1.555098435e-16  -0.1190916928  0.9929169618  -0.1188103828
4  5  3.571931281e-17  -0.06156677192  0.9981053649  -0.06152788482
4  6  1.229808825e-16  -0.01864004337  0.9998262794  -0.01863896397
4  7  -1.281331279e-16  -0.001985386369  0.9999980291  -0.001985385065
4  8  2.365279039e-16  0.004649834412  0.9999891895  0.004649817656
4  9  1.151109214e-16  0.008163756174  0.9999666767  0.008163665493
4  10  1.317449021e-16  0.01000217694  0.9999499786  0.01000201016
4  11  8.143375682e-17  0.009584210095  0.9999540718  0.009584063366
4  12  5.018078151e-17  0.007006413254  0.9999754552  0.007006355931
4  13  8.522547941e-17  0.004288716496  0.9999908035  0.004288703349
4  14  1.822232085e-16  0.002981140591  0.9999955564  0.002981136175
4  15  -1.136124833e-17  0.002768927186  0.9999961665  0.002768923648
4  16  -9.228055874e-17  0.002356932446  0.9999972224  0.002356930264
4  17  -1.621516802e-16  0.0004759633164  0.9999998867  0.0004759632984
4  18  8.96040094e-17  -0.00328325264  0.9999946101  -0.003283246741
4  19  -2.401168717e-16  -0.007604304207  0.9999710874  -0.00760423092
4  20  6.521728357e-17  -0.008773382936  0.9999615141  -0.008773270385
4  21  4.49656861e-17  -0.005408498695  0.9999853741  -0.005408472327
4  22  -5.311027626e-17  -0.001040034098  0.9999994592  -0.00104003391
4  23  2.551228585e-16  0.001723330065  0.9999985151  0.001723329212
4  24  2.477880975e-16  0.002632000621  0.9999965363  0.002631997582
4  25  7.670851612e-17  0.002695751759  0.9999963665  0.002695748494
4  26  9.326391108e-17  0.003309177277  0.9999945247  0.003309171237
4  27  1.366139927e-16  0.005404447054  0.999985396  0.005404420745
4  28  1.573356993e-17  0.008472567278  0.999964108  0.008472465912
4  29  -1.644262437e-16  0.01024645802  0.9999475055  0.01024627873
4  30  -1.727455135e-16  0.009399581561  0.9999558243  0.00939944315
4  31  -2.039681972e-16  0.00663873824  0.9999779637  0.006638689475
4  32  -4.026038013e-16  0.001912240713  0.9999981717  0.001912239547
4  33  -8.262768642e-17  -0.008450362393  0.9999642959  -0.008450261822
4  34  -1.730348999e-16  -0.03687313181  0.9993202631  -0.03686477675
4  35  5.005584921e-17  -0.09673890396  0.9953244403  -0.0965880874
4  36  5.005584921e-17  -0.09673890396  0.9953244403  -0.0965880874

5  0  -1.171270325e-16  -0.06566513174  0.9978448198  -0.06561795156
5  1  -1.597167494e-16  -0.05443592396  0.9985187309  -0.05440904323
5  2  3.659265543e-17  -0.04423905137  0.9990216127  -0.04422462278
5  3  1.112794244e-17  -0.04830629372  0.9988334779  -0.0482875088
5  4  1.103892314e-17  -0.06156677192  0.9981053649  -0.06152788482
5  5  -2.335372649e-16  -0.05694414839  0.99837912  -0.05691337852
5  6  -1.289731538e-16  -0.02812980281  0.9996043832  -0.02812609317
5  7  -3.743559181e-16  -0.006868385945  0.9999764127  -0.006868331943
5  8  2.706020004e-17  0.002516211522  0.9999968343  0.002516208867
5  9  2.087510711e-16  0.007418165597  0.9999724855  0.007418097561
5  10  1.083496136e-16  0.01148290689  0.9999340721  0.01148265454
5  11  1.318495626e-16  0.01522537024  0.9998840963  0.01522478201
5  12  3.177470801e-16  0.01629203981  0.9998672877  0.01629131908
5  13  2.26037931e-16  0.01221498112  0.999925398  0.01221467736
5  14  -1.124990818e-16  0.006138136714  0.9999811617  0.00613809817
5  15  -4.61235839e-17  0.002336380897  0.9999972707  0.002336378771
5  16  -2.070592307e-16  0.0005883988656  0.9999998269  0.0005883988316
5  17  -5.696716091e-17  -0.0008970776989  0.9999995976  -0.0008970775786
5  18  7.949348851e-17  -0.00352510384  0.9999937868  -0.00352509654
5  19  -1.166766011e-16  -0.007580659437  0.9999712669  -0.007580586832
5  20  -1.504828794e-16  -0.01065444552  0.9999432419  -0.01065424394
5  21  -5.801069429e-17  -0.009371724042  0.9999560857  -0.009371586857
5  22  2.503603172e-16  -0.005277992815  0.9999860714  -0.00527796831
5  23  8.415908371e-17  -0.001912977608  0.9999981703  -0.001912976441
5  24  -1.985130378e-16  -6.540386196e-05  0.9999999979  -6.540386192e-05
5  25  -1.276177132e-16  0.001267665731  0.9999991965  0.001267665392
5  26  -2.751168696e-16  0.003721670854  0.9999930746  0.003721662262
5  27  1.963385326e-16  0.008872098452  0.9999606432  0.008871982059
5  28  2.684958106e-17  0.01507729089  0.9998863398  0.01507671966
5  29  6.218739751e-17  0.01672627495  0.9998601191  0.01672549505
5  30  3.792182111e-17  0.01358316992  0.9999077502  0.01358275223
5  31  -4.222360463e-16  0.009399581561  0.9999558243  0.00939944315
5  32  -2.235138907e-16  0.005138353369  0.9999867987  0.005138330758
5  33  6.206189251e-18  -0.001296496424  0.9999991595  -0.001296496061
5  34  7.274630755e-17  -0.01605812174  0.9998710711  -0.01605743161
5  35  2.067154023e-16  -0.04590658275  0.9989464779  -0.04589046042
5  36  2.067154023e-16  -0.04590658275  0.9989464779  -0.04589046042

6  0  -1.94047874e-16  -0.03173730854  0.9994964139  -0.03173198087
6  1  1.406104519e-16  -0.02319471168  0.9997310147  -0.02319263197
6  2  -1.118139912e-16  -0.01500087656  0.999887489  -0.01500031397
6  3  6.231353155e-17  -0.01346522113  0.9999093453  -0.01346481424
6  4  1.341891524e-16  -0.01864004337  0.9998262794  -0.01863896397
6  5  1.889458699e-16  -0.02812980281  0.9996043832  -0.02812609317
6  6  1.889937641e-16  -0.02860559996  0.9995908877  -0.02860169888
6  7  3.67474687e-17  -0.01461093988  0.9998932621  -0.01461042003
6  8  1.057884393e-16  -0.002293863235  0.9999973691  -0.002293861223
6  9  -1.52247415e-16  0.003995393402  0.9999920184  0.003995382772
6  10  4.324151797e-17  0.008214013319  0.9999662652  0.008213920952
6  11  5.503486148e-17  0.0133693883  0.9999106311  0.01336899003
6  12  -3.384806811e-18  0.0212982569  0.9997732007  0.02129664673
6  13  -1.403523263e-17  0.02991410724  0.9995526065  0.02990964598
6  14  1.009535787e-16  0.02837404834  0.9995974837  0.02837024123
6  15  1.956845868e-16  0.01412240227  0.9999002805  0.01412193284
6  16  -2.897788731e-16  0.003722164849  0.9999930728  0.003722156254
6  17  1.19660483e-16  -0.0004628029399  0.9999998929  -0.0004628029234
6  18  1.762121773e-16  -0.003363306523  0.9999943441  -0.003363300182
6  19  -1.939745876e-17  -0.007301170787  0.9999733466  -0.00730110592
6  20  7.797824452e-17  -0.01161686861  0.9999325249  -0.01161660732
6  21  -2.114349317e-16  -0.01272911866  0.9999189859  -0.01272877491
6  22  1.471320649e-16  -0.009388687734  0.9999559266  -0.009388549804
6  23  -5.830316069e-18  -0.005009275289  0.9999874536  -0.00500925434
6  24  -5.516981793e-17  -0.001827094217  0.9999983309  -0.0018270932
6  25  -9.970172141e-18  0.001061941687  0.9999994361  0.001061941487
6  26  -9.848203206e-17  0.007142072076  0.9999744955  0.007142011358
6  27  2.600868604e-17  0.02134444504  0.999772216  0.02134282437
6  28  -3.44506093e-16  0.03304186779  0.9994541671  0.03303585579
6  29  -2.515378732e-17  0.02681085916  0.9996406104  0.02680764724
6  30  -1.559515464e-16  0.01672627495  0.9998601191  0.01672549505
6  31  -9.340510911e-17  0.01024645802  0.9999475055  0.01024627873
6  32  -1.825650905e-16  0.005968660035  0.9999821876  0.005968624596
6  33  2.010372451e-16  0.001276020931  0.9999991859  0.001276020584
6  34  7.068201557e-17  -0.007754396942  0.9999699348  -0.00775431923
6  35  1.469643022e-16  -0.02367803749  0.9997196884  -0.02367582504
6  36  1.469643022e-16  -0.02367803749  0.9997196884  -0.02367582504

7  0  -8.274128183e-17  -0.01783276429  0.9998410005  -0.01783181914
7  1  -4.474626466e-17  -0.01059852986  0.9999438361  -0.01059833144
7  2  -1.099712964e-16  -0.00381529491  0.9999927218  -0.003815285654
7  3  -5.189055453e-17  -0.001020458737  0.9999994793  -0.00102045856
7  4  3.831820592e-17  -0.001985386369  0.9999980291  -0.001985385065
7  5  -7.819168829e-17  -0.006868385945  0.9999764127  -0.006868331943
7  6  -1.875571492e-17  -0.01461093988  0.9998932621  -0.01461042003
7  7  -3.546651529e-16  -0.01691505355  0.9998569439  -0.01691424694
7  8  1.341471597e-16  -0.008627319306  0.9999627849  -0.008627212283
7  9  1.921349367e-16  -0.0003946860239  0.9999999221  -0.0003946860136
7  10  1.204472023e-16  0.003877774361  0.9999924814  0.003877764643
7  11  1.817999647e-16  0.006987771809  0.9999755856  0.006987714942
7  12  -5.085138062e-17  0.01182351034  0.9999301031  0.01182323486
7  13  -1.122106877e-16  0.02318675606  0.9997311992  0.02318467849
7  14  2.088722135e-16  0.05153279289  0.9986724795  0.05150998726
7  15  -3.488493422e-17  0.09649935978  0.9953475488  0.09634966045
7  16  6.276690808e-17  0.08027591706  0.9967796185  0.08018972552
7  17  -8.439484978e-17  0.01759068039  0.999845288  0.01758977321
7  18  9.912220507e-17  0.001287892098  0.9999991707  0.001287891742
7  19  -6.80406824e-17  -0.005098954904  0.9999870004  -0.00509893281
7  20  -2.550744803e-16  -0.01073505618  0.9999423798  -0.01073485
7  21  -2.499166161e-16  -0.01425685064  0.9998983728  -0.01425636768
7  22  -1.295610496e-16  -0.01283194469  0.9999176717  -0.01283159255
7  23  -1.149512279e-16  -0.007870211615  0.99996903  -0.007870130368
7  24  -2.779559837e-16  -0.002431293253  0.9999970444  -0.002431290857
7  25  -3.626395997e-17  0.004790581688  0.9999885252  0.004790563364
7  26  1.176552499e-16  0.03071212747  0.9995284197  0.03070729958
7  27  -2.838399848e-16  0.1115889012  0.9937804165  0.1113574597
7  28  -2.683191826e-16  0.08481412625  0.9964054375  0.08471247865
7  29  -1.169544085e-16  0.03304186779  0.9994541671  0.03303585579
7  30  -2.286577678e-16  0.01507729089  0.9998863398  0.01507671966
7  31  -5.303799716e-17  0.008472567278  0.999964108  0.008472465912
7  32  -9.238981897e-17  0.005147137839  0.9999867535  0.005147115111
7  33  2.223223343e-16  0.001958696732  0.9999980818  0.001958695479
7  34  -1.214484164e-17  -0.004052508834  0.9999917886  -0.004052497741
7  35  -1.98312168e-16  -0.01419462084  0.9998992581  -0.01419414417
7  36  -1.98312168e-16  -0.01419462084  0.9998992581  -0.01419414417

8  0  -6.461966027e-17  -0.01090860974  0.9999405017  -0.01090839339
8  1  8.45039652e-17  -0.005408919816  0.9999853718  -0.005408893442
8  2  -1.706549271e-16  0.0004338933718  0.9999999059  0.0004338933582
8  3  -1.265292376e-16  0.003895040118  0.9999924143  0.003895030269
8  4  1.556769081e-16  0.004649834412  0.9999891895  0.004649817656
8  5  -1.551799795e-16  0.002516211522  0.9999968343  0.002516208867
8  6  5.842483897e-17  -0.002293863235  0.9999973691  -0.002293861223
8  7  -1.878559276e-16  -0.008627319306  0.9999627849  -0.008627212283
8  8  4.617538042e-17  -0.01034303135  0.9999465113  -0.01034284694
8  9  -1.401873347e-16  -0.003924202918  0.9999923003  -0.003924192847
8  10  1.168416686e-16  0.0015502061  0.9999987984  0.001550205479
8  11  8.902315888e-17  0.003639111044  0.9999933784  0.003639103012
8  12  -7.636496246e-17  0.004906536056  0.999987963  0.004906516369
8  13  -3.909830142e-17  0.007359234364  0.999972921  0.007359167937
8  14  -1.720222199e-17  0.01517605395  0.9998848459  0.01517547141
8  15  -2.252363402e-16  0.05618842312  0.9984218458  0.05615886201
8  16  2.229836803e-16  0.3979025427  0.9218757557  0.387485601
8  17  -5.502623011e-17  1.303561694  0.2640652397  0.9645048207
8  18  -1.179858436e-17  0.1598370973  0.9872532236  0.1591573825
8  19  1.509770199e-16  0.01515505909  0.9998851643  0.01515447897
8  20  -1.258400074e-16  -0.002058531745  0.9999978812  -0.002058530291
8  21  -2.829175559e-16  -0.009455160904  0.9999553003  -0.009455020023
8  22  -8.255298023e-17  -0.01102959104  0.9999391747  -0.01102936741
8  23  1.384068204e-16  -0.006778287488  0.9999770275  -0.006778235583
8  24  -1.310452803e-16  0.002329140624  0.9999972876  0.002329138518
8  25  -1.274752151e-16  0.02606609041  0.9996602987  0.02606313878
8  26  -7.798837725e-18  0.3368610495  0.9437968188  0.3305261938
8  27  6.732736068e-17  1.449025431  0.1214701789  0.9925950814
8  28  -7.307880032e-17  0.1115889012  0.9937804165  0.1113574597
8  29  -2.248089625e-16  0.02134444504  0.999772216  0.02134282437
8  30  -2.882148184e-16  0.008872098452  0.9999606432  0.008871982059
8  31  4.558059524e-17  0.005404447053  0.999985396  0.005404420745
8  32  9.401299195e-17  0.003994897149  0.9999920204  0.003994886523
8  33  5.995689134e-17  0.002661781251  0.9999964575  0.002661778108
8  34  -2.374893535e-16  -0.0007659801872  0.9999997066  -0.0007659801123
8  35  9.576950697e-17  -0.007951718751  0.9999683853  -0.007951634954
8  36  9.576950697e-17  -0.007951718751  0.9999683853  -0.007951634954

9  0  1.884965751e-16  -0.003559797472  0.9999936639  -0.003559789954
9  1  -1.28752532e-16  -0.002306283434  0.9999973405  -0.002306281389
9  2  -2.170138553e-16  0.001818787159  0.999998346  0.001818786156
9  3  2.683090479e-16  0.00577540769  0.9999833224  0.005775375583
9  4  -1.887242761e-16  0.008163756174  0.9999666767  0.008163665493
9  5  -2.018682151e-16  0.007418165597  0.9999724855  0.007418097561
9  6  2.476988149e-17  0.003995393402  0.9999920184  0.003995382772
9  7  9.106365251e-17  -0.0003946860239  0.9999999221  -0.0003946860136
9  8  1.650500021e-16  -0.003924202918  0.9999923003  -0.003924192847
9  9  -1.655132238e-16  -0.001559188792  0.9999987845  -0.00155918816
9  10  1.326481586e-16  0.005091012338  0.9999870408  0.005090990346
9  11  1.34471348e-16  0.006373715293  0.9999796879  0.006373672139
9  12  -2.984245779e-16  0.004910947373  0.9999879413  0.004910927633
9  13  1.523821534e-16  0.003790767542  0.999992815  0.003790758464
9  14  -2.168341965e-16  0.003645733408  0.9999933543  0.003645725332
9  15  -2.354057196e-16  0.005537545314  0.9999846678  0.005537517013
9  16  3.548602057e-16  0.01789510876  0.9998398868  0.01789415367
9  17  9.933061227e-17  0.2028750159  0.9794913507  0.2014862128
9  18  -1.392167624e-16  0.3385559607  0.9432352509  0.3321253702
9  19  -7.388624265e-17  0.1064533208  0.9943391941  0.1062523743
9  20  1.009728214e-17  0.03016721494  0.9995450041  0.03016263948
9  21  -3.201376721e-16  0.007762551159  0.9999698716  0.007762473201
9  22  1.318095186e-16  0.000612561062  0.9999998124  0.0006125610237
9  23  1.713243806e-16  0.002447727317  0.9999970043  0.002447724872
9  24  3.14784436e-16  0.01391946791  0.9999031258  0.01391901843
9  25  -2.923371751e-17  0.05041529854  0.998729418  0.05039394447
9  26  -2.314251031e-17  0.2704157079  0.9636599307  0.2671320608
9  27  2.178203222e-16  0.3368610495  0.9437968188  0.3305261938
9  28  -4.746472815e-17  0.03071212747  0.9995284197  0.03070729958
9  29  2.090190332e-16  0.007142072076  0.9999744955  0.007142011358
9  30  2.815305819e-16  0.003721670854  0.9999930746  0.003721662262
9  31  2.302216532e-16  0.003309177277  0.9999945247  0.003309171237
9  32  2.063883539e-16  0.003975180484  0.999992099  0.003975170014
9  33  4.427078674e-17  0.0052766455  0.9999860785  0.005276621013
9  34  1.025240313e-17  0.006015189367  0.9999819088  0.006015153093
9  35  2.176751403e-16  0.002174408213  0.999997636  0.0021744065
9  36  2.176751403e-16  0.002174408213  0.999997636  0.0021744065

10  0  1.526832521e-16  0.01343259197  0.9999097841  0.01343218803
10  1  -2.033748585e-16  0.002515029384  0.9999968373  0.002515026732
10  2  -3.614397684e-16  0.002363285609  0.9999972074  0.002363283409
10  3  8.021495315e-17  0.005711131422  0.9999836915  0.005711100376
10  4  -1.026701806e-16  0.01000217694  0.9999499786  0.01000201016
10  5  2.032036497e-17  0.01148290689  0.9999340721  0.01148265454
10  6  -1.639284916e-16  0.008214013319  0.9999662652  0.008213920952
10  7  -4.905817964e-18  0.003877774361  0.9999924814  0.003877764643
10  8  3.042676825e-16  0.0015502061  0.9999987984  0.001550205479
10  9  2.374236768e-16  0.005091012338  0.9999870408  0.005090990347
10  10  2.245504155e-16  0.02095717873  0.9997804064  0.02095564468
10  11  3.49331681e-16  0.02893860703  0.9995813077  0.02893456813
10  12  -6.012653526e-16  0.01769686864  0.9998434145  0.01769594494
10  13  -6.319387627e-17  0.008625882739  0.9999627973  0.00862577577
10  14  1.581917755e-16  0.00416621066  0.9999913214  0.004166198607
10  15  1.39793386e-16  0.001975054619  0.9999980496  0.001975053335
10  16  3.838401431e-16  0.001048922921  0.9999994499  0.001048922728
10  17  -3.008820807e-17  0.002113438513  0.9999977667  0.00211343694
10  18  -1.460331801e-16  0.01305096497  0.9999148374  0.01305059448
10  19  -2.849620617e-16  0.04082256674  0.9991668747  0.04081122934
10  20  2.145136523e-16  0.04294065118  0.9990781919  0.04292745602
10  21  -3.8691882e-17  0.02628654266  0.9996545287  0.02628351551
10  22  3.357801489e-16  0.01520408592  0.9998844201  0.01520350016
10  23  -1.604475992e-16  0.01290597308  0.9999167191  0.01290561481
10  24  5.413490614e-17  0.01933690679  0.9998130478  0.01933570175
10  25  1.424630276e-16  0.03547058668  0.9993709847  0.03546314919
10  26  -4.320221445e-17  0.05041529854  0.998729418  0.05039394447
10  27  2.24363754e-16  0.02606609041  0.9996602987  0.02606313878
10  28  2.145409765e-16  0.004790581688  0.9999885252  0.004790563365
10  29  1.704152689e-17  0.001061941686  0.9999994361  0.001061941487
10  30  1.918082688e-17  0.001267665731  0.9999991965  0.001267665392
10  31  7.626426019e-17  0.002695751759  0.9999963665  0.002695748494
10  32  1.748325599e-16  0.005580668414  0.9999844281  0.005580639446
10  33  4.043686701e-17  0.01137430225  0.9999353133  0.01137405699
10  34  1.054045001e-16  0.02220476278  0.9997534844  0.02220293815
10  35  1.13160332e-16  0.02912903708  0.9995757796  0.02912491792
10  36  1.13160332e-16  0.02912903708  0.9995757796  0.02912491792

11  0  8.080712156e-17  0.06286202505  0.9980248335  0.06282063194
11  1  -2.914356441e-16  0.01416633895  0.9998996591  0.01416586512
11  2  -1.408648672e-16  0.003985130461  0.9999920594  0.003985119913
11  3  3.047978209e-16  0.004609978879  0.9999893741  0.00460996255
11  4  3.468464271e-16  0.009584210095  0.9999540718  0.009584063366
11  5  -9.319569781e-17  0.01522537024  0.9998840963  0.01522478201
11  6  3.337052091e-17  0.0133693883  0.9999106311  0.01336899003
11  7  -9.067101349e-18  0.006987771809  0.9999755856  0.006987714942
11  8  2.313612601e-16  0.003639111044  0.9999933784  0.003639103012
11  9  2.636512539e-16  0.006373715293  0.9999796879  0.006373672139
11  10  7.647726873e-17  0.02893860703  0.9995813077  0.02893456813
11  11  -1.148270847e-16  0.08842315466  0.9960932193  0.08830797468
11  12  -2.947240243e-16  0.08648759034  0.9962622791  0.08637980798
11  13  -2.623420089e-16  0.03608183395  0.9993491212  0.03607400531
11  14  1.230930456e-16  0.01352954836  0.9999084771  0.01352913561
11  15  2.332816231e-17  0.005029971294  0.9999873497  0.005029950084
11  16  1.626763015e-16  0.001158861188  0.9999993285  0.001158860929
11  17  -9.950621434e-18  -0.001129624433  0.999999362  -0.001129624193
11  18  -5.057143118e-17  -0.002753542354  0.999996209  -0.002753538874
11  19  -9.793871818e-18  -0.0015792517  0.999998753  -0.001579251044
11  20  2.785999021e-17  0.007748564679  0.99996998  0.007748487142
11  21  2.277343401e-16  0.01750886013  0.9998467238  0.01750796556
11  22  -1.172810034e-16  0.01877563271  0.999823743  0.01877452959
11  23  -9.659161611e-17  0.01738776178  0.9998488367  0.01738688564
11  24  -7.953647028e-18  0.01806108842  0.999836903  0.01806010651
11  25  1.890055578e-16  0.01933690679  0.9998130478  0.01933570175
11  26  1.268780431e-16  0.01391946791  0.9999031258  0.01391901843
11  27  -1.103565852e-16  0.002329140623  0.9999972876  0.002329138517
11  28  -4.72925905e-17  -0.002431293253  0.9999970444  -0.002431290858
11  29  3.588409015e-16  -0.001827094217  0.9999983309  -0.0018270932
11  30  1.344507359e-16  -6.540386196e-05  0.9999999979  -6.540386191e-05
11  31  -9.552899171e-17  0.002632000621  0.9999965363  0.002631997582
11  32  -1.551112488e-16  0.007846212126  0.9999692186  0.00784613162
11  33  6.178645627e-17  0.02017029066  0.9997965866  0.02016892301
11  34  -1.029033292e-16  0.05291908951  0.9986001117  0.0528943936
11  35  1.31825942e-16  0.1027143657  0.9947295157  0.1025338507
11  36  1.31825942e-16  0.1027143657  0.9947295157  0.1025338507

12  0  2.837737695e-16  0.1623636009  0.9868479614  0.1616511707
12  1  2.162869475e-16  0.03990140549  0.9992040445  0.03989081835
12  2  1.275754542e-16  0.008561375011  0.9999633517  0.008561270424
12  3  2.881123597e-16  0.003975218439  0.9999920988  0.003975207969
12  4  1.819962081e-16  0.007006413254  0.9999754552  0.007006355931
12  5  -4.625772722e-16  0.01629203981  0.9998672877  0.01629131908
12  6  2.634619954e-17  0.0212982569  0.9997732007  0.02129664673
12  7  3.414223787e-17  0.01182351034  0.9999301031  0.01182323486
12  8  3.487165947e-16  0.004906536056  0.999987963  0.004906516369
12  9  2.538271806e-18  0.004910947373  0.9999879413  0.004910927633
12  10  -1.217242768e-16  0.01769686864  0.9998434145  0.01769594494
12  11  5.197027443e-17  0.08648759034  0.9962622791  0.08637980798
12  12  -1.260217352e-19  0.2077216251  0.9785033256  0.2062310396
12  13  -6.569591897e-18  0.1265516217  0.9920030249  0.1262140981
12  14  1.20708592e-16  0.04202430299  0.9991171089  0.04201193463
12  15  2.817478506e-16  0.0145082367  0.9998947574  0.01450772773
12  16  -2.849416884e-16  0.004485089906  0.999989942  0.004485074869
12  17  -1.314471636e-16  -0.0003064150292  0.9999999531  -0.0003064150244
12  18  5.691213421e-17  -0.003681736649  0.9999932224  -0.003681728331
12  19  2.212603003e-17  -0.007067172771  0.9999750276  -0.007067113943
12  20  6.101122692e-17  -0.008738180778  0.9999618223  -0.008738069576
12  21  1.280257923e-16  -0.003128107812  0.9999951075  -0.003128102711
12  22  8.128828987e-17  0.008061215423  0.9999675086  0.008061128116
12  23  -8.712444068e-17  0.01580419323  0.9998751163  0.01580353533
12  24  -1.999813479e-16  0.01738776178  0.9998488367  0.01738688564
12  25  9.822001256e-17  0.01290597308  0.9999167191  0.01290561481
12  26  1.233662672e-16  0.002447727317  0.9999970043  0.002447724873
12  27  -5.220988924e-17  -0.006778287487  0.9999770275  -0.006778235583
12  28  1.751590487e-16  -0.007870211614  0.99996903  -0.007870130368
12  29  -2.816544408e-17  -0.005009275289  0.9999874536  -0.00500925434
12  30  -5.432068134e-17  -0.001912977608  0.9999981703  -0.001912976441
12  31  -9.633009818e-17  0.001723330065  0.9999985151  0.001723329212
12  32  5.984976883e-19  0.008189421763  0.9999664669  0.008189330223
12  33  1.742702961e-16  0.02373141122  0.9997184233  0.02372918377
12  34  1.189467376e-16  0.0707571401  0.9974977578  0.07069811308
12  35  3.16013153e-16  0.1873365956  0.9825037591  0.1862427538
12  36  3.16013153e-16  0.1873365956  0.9825037591  0.1862427538

13  0  -1.025375806e-17  0.1583191546  0.987493678  0.1576586059
13  1  -3.187392709e-17  0.06801012614  0.9976882027  0.06795770951
13  2  -5.631654907e-17  0.01674158354  0.999859863  0.0167408015
13  3  -2.351516871e-16  0.004877188611  0.9999881065  0.004877169275
13  4  1.064978246e-17  0.004288716496  0.9999908035  0.004288703349
13  5  -1.603919515e-17  0.01221498112  0.999925398  0.01221467736
13  6  -4.493663699e-17  0.02991410724  0.9995526065  0.02990964598
13  7  -5.344729122e-17  0.02318675606  0.9997311992  0.02318467849
13  8  2.743106164e-17  0.007359234364  0.999972921  0.007359167937
13  9  -1.20032672e-16  0.003790767542  0.999992815  0.003790758464
13  10  -5.71510916e-18  0.008625882739  0.9999627973  0.00862577577
13  11  1.417193484e-16  0.03608183395  0.9993491212  0.03607400531
13  12  1.65141234e-18  0.1265516217  0.9920030249  0.1262140981
13  13  -1.277953152e-16  0.1496867431  0.9888178419  0.1491283858
13  14  -1.102882471e-16  0.0682926322  0.9976689644  0.06823955976
13  15  7.820520065e-17  0.02612797495  0.9996586839  0.02612500225
13  16  2.040999609e-17  0.009430118464  0.9999555368  0.009429978699
13  17  1.971231466e-16  0.001483721934  0.9999988993  0.001483721389
13  18  1.780718134e-16  -0.003434538676  0.999994102  -0.003434531924
13  19  -4.735725971e-16  -0.007726521121  0.9999701506  -0.007726444243
13  20  -2.130845293e-16  -0.01201953429  0.9999277663  -0.01201924488
13  21  -7.919621148e-17  -0.0135119427  0.9999087151  -0.01351153155
13  22  1.195274224e-16  -0.006537704205  0.9999786293  -0.006537657633
13  23  -1.475088038e-16  0.008061215423  0.9999675086  0.008061128116
13  24  -3.271293535e-16  0.01877563271  0.999823743  0.01877452959
13  25  1.020031283e-17  0.01520408592  0.9998844201  0.01520350016
13  26  3.820151889e-17  0.000612561062  0.9999998124  0.0006125610237
13  27  -1.457874365e-16  -0.01102959104  0.9999391747  -0.01102936741
13  28  -4.310243134e-17  -0.01283194469  0.9999176717  -0.01283159255
13  29  2.718231464e-16  -0.009388687734  0.9999559266  -0.009388549803
13  30  3.548514553e-17  -0.005277992815  0.9999860714  -0.00527796831
13  31  1.56290351e-16  -0.001040034098  0.9999994592  -0.00104003391
13  32  -1.761148979e-16  0.004956954632  0.9999877143  0.004956934332
13  33  1.106866346e-16  0.01646246389  0.9998644967  0.01646172031
13  34  -4.265242995e-17  0.04422498304  0.9990222348  0.04421056821
13  35  1.6570696e-17  0.1143652891  0.9934674152  0.1141161469
13  36  1.6570696e-17  0.1143652891  0.9934674152  0.1141161469

14  0  -1.290365328e-16  0.06388245682  0.9979602097  0.0638390153
14  1  -4.265002958e-16  0.05645201607  0.9984070081  0.05642203701
14  2  4.203885432e-17  0.02336574573  0.9997270334  0.02336361967
14  3  -1.40782297e-16  0.007055626918  0.9999751092  0.007055568378
14  4  8.566992094e-17  0.002981140591  0.9999955564  0.002981136175
14  5  -3.465196387e-17  0.006138136714  0.9999811617  0.00613809817
14  6  -5.737976985e-17  0.02837404834  0.9995974837  0.02837024123
14  7  1.667294598e-17  0.05153279289  0.9986724795  0.05150998726
14  8  1.866120102e-16  0.01517605395  0.9998848459  0.01517547141
14  9  9.784807538e-17  0.003645733408  0.9999933543  0.003645725332
14  10  -3.311722358e-17  0.00416621066  0.9999913214  0.004166198607
14  11  3.432790385e-16  0.01352954836  0.9999084771  0.01352913561
14  12  1.808859479e-16  0.04202430299  0.9991171089  0.04201193463
14  13  -1.681473515e-17  0.0682926322  0.9976689644  0.06823955976
14  14  2.990840425e-16  0.04872107848  0.998813363  0.04870180554
14  15  2.02804538e-16  0.02433126217  0.9997040094  0.02432886152
14  16  8.372503737e-17  0.01059117757  0.999943914  0.01059097956
14  17  -6.937542229e-17  0.002386486234  0.9999971523  0.002386483968
14  18  -4.268602866e-17  -0.003343696795  0.9999944099  -0.003343690564
14  19  -1.702728e-16  -0.007862451353  0.9999690911  -0.007862370346
14  20  1.760571578e-17  -0.0117457666  0.9999310193  -0.01174549652
14  21  1.104589066e-16  -0.01455669029  0.9998940533  -0.01455617621
14  22  -2.562734427e-16  -0.0135119427  0.9999087151  -0.01351153155
14  23  -2.039586984e-16  -0.003128107812  0.9999951075  -0.003128102711
14  24  -8.219452307e-17  0.01750886013  0.9998467238  0.01750796556
14  25  -3.695827426e-16  0.02628654266  0.9996545287  0.02628351551
14  26  -1.622933046e-16  0.007762551159  0.9999698716  0.007762473201
14  27  -3.136430092e-16  -0.009455160904  0.9999553003  -0.009455020022
14  28  4.61048362e-17  -0.01425685064  0.9998983728  -0.01425636768
14  29  5.127706931e-17  -0.01272911866  0.9999189859  -0.01272877491
14  30  -7.949111688e-17  -0.009371724042  0.9999560857  -0.009371586857
14  31  6.128966116e-17  -0.005408498695  0.9999853741  -0.005408472327
14  32  -1.256664152e-16  -0.0004777925726  0.9999998859  -0.0004777925544
14  33  -1.985878253e-16  0.006397879916  0.9999795336  0.006397836269
14  34  -1.30786172e-16  0.01732251407  0.999849969  0.01732164776
14  35  -7.290878957e-17  0.03715825714  0.9993097114  0.03714970677
14  36  -7.290878957e-17  0.03715825714  0.9993097114  0.03714970677

15  0  -1.08320164e-16  0.02008059847  0.9997983916  0.02007924898
15  1  -7.2173812e-18  0.02698781269  0.9996358511  0.02698453675
15  2  -3.851739678e-17  0.02006211621  0.9997987625  0.02006077044
15  3  -1.052349184e-16  0.008459234976  0.9999642209  0.008459134088
15  4  -9.048189629e-17  0.002768927186  0.9999961665  0.002768923648
15  5  -5.325888902e-17  0.002336380897  0.9999972707  0.002336378771
15  6  -1.429053577e-17  0.01412240227  0.9999002805  0.01412193284
15  7  1.877583704e-16  0.09649935978  0.9953475488  0.09634966046
15  8  1.549798504e-16  0.05618842312  0.9984218458  0.05615886201
15  9  2.477272883e-16  0.005537545314  0.9999846678  0.005537517013
15  10  1.895692322e-16  0.001975054619  0.9999980496  0.001975053335
15  11  3.495979981e-16  0.005029971294  0.9999873497  0.005029950084
15  12  -8.427388759e-17  0.0145082367  0.9998947574  0.01450772773
15  13  -5.073342927e-17  0.02612797495  0.9996586839  0.02612500225
15  14  2.211367592e-16  0.02433126217  0.9997040094  0.02432886152
15  15  8.582510316e-17  0.01456576114  0.9998939212  0.01456524609
15  16  -1.00391002e-16  0.006634472949  0.999977992  0.006634424278
15  17  -1.838392022e-16  0.0007611159738  0.9999997104  0.0007611159003
15  18  -8.954409641e-17  -0.004028790553  0.9999918844  -0.004028779655
15  19  -4.193093448e-17  -0.007791855952  0.9999696436  -0.007791777107
15  20  -2.44195928e-16  -0.01031425156  0.9999468086  -0.01031406868
15  21  3.326087063e-16  -0.0117457666  0.9999310193  -0.01174549652
15  22  3.898349481e-16  -0.01201953429  0.9999277663  -0.01201924488
15  23  -2.1377442e-16  -0.008738180778  0.9999618223  -0.008738069576
15  24  -1.17415489e-16  0.007748564679  0.99996998  0.007748487141
15  25  -9.861345031e-17  0.04294065118  0.9990781919  0.04292745602
15  26  -3.384698517e-16  0.03016721494  0.9995450041  0.03016263948
15  27  1.055912706e-16  -0.002058531745  0.9999978812  -0.002058530291
15  28  -1.992407963e-16  -0.01073505618  0.9999423798  -0.01073485
15  29  -5.365057178e-17  -0.01161686861  0.9999325249  -0.01161660732
15  30  6.346419661e-17  -0.01065444552  0.9999432419  -0.01065424394
15  31  -1.384406772e-16  -0.008773382936  0.9999615141  -0.008773270385
15  32  -2.251108216e-16  -0.005744682332  0.9999834994  -0.005744650735
15  33  5.899037172e-17  -0.001527431488  0.9999988335  -0.001527430894
15  34  -3.197372543e-16  0.003754179987  0.9999929531  0.003754171168
15  35  -4.47181492e-16  0.01064665247  0.9999433249  0.01064645133
15  36  -4.47181492e-16  0.01064665247  0.9999433249  0.01064645133

16  0  -6.019381067e-17  0.004254297629  0.9999909505  0.004254284796
16  1  2.74025324e-17  0.009059670851  0.9999589615  0.009059546918
16  2  -2.712136138e-16  0.01059096513  0.9999439163  0.01059076713
16  3  -3.51902162e-16  0.006710955855  0.9999774816  0.006710905482
16  4  3.344057865e-16  0.002356932446  0.9999972224  0.002356930264
16  5  1.348660996e-16  0.0005883988656  0.9999998269  0.0005883988316
16  6  -7.229976397e-18  0.003722164849  0.9999930728  0.003722156254
16  7  2.020403268e-16  0.08027591706  0.9967796185  0.08018972552
16  8  -7.009161758e-17  0.3979025427  0.9218757557  0.387485601
16  9  -2.155531184e-16  0.01789510876  0.9998398868  0.01789415367
16  10  -1.163941186e-16  0.001048922921  0.9999994499  0.001048922728
16  11  -1.445547186e-16  0.001158861188  0.9999993285  0.001158860929
16  12  -1.710838319e-16  0.004485089906  0.999989942  0.004485074869
16  13  -2.405598362e-16  0.009430118464  0.9999555368  0.009429978699
16  14  1.625794678e-16  0.01059117757  0.999943914  0.01059097956
16  15  -1.11857174e-16  0.006634472949  0.999977992  0.006634424278
16  16  2.631226504e-17  0.001781051457  0.9999984139  0.001781050515
16  17  -2.339631603e-17  -0.002241278677  0.9999974883  -0.002241276801
16  18  -8.49834484e-17  -0.005236853133  0.9999862877  -0.005236829197
16  19  8.448513331e-17  -0.007061356955  0.9999750687  -0.007061298272
16  20  -1.223098362e-16  -0.007791855952  0.9999696436  -0.007791777108
16  21  -2.785171424e-16  -0.007862451353  0.9999690911  -0.007862370346
16  22  -1.967283378e-16  -0.007726521121  0.9999701506  -0.007726444243
16  23  8.089028169e-17  -0.007067172771  0.9999750276  -0.007067113943
16  24  1.583865526e-16  -0.0015792517  0.999998753  -0.001579251044
16  25  -5.253627332e-17  0.04082256674  0.9991668747  0.04081122934
16  26  -3.131568632e-17  0.1064533208  0.9943391941  0.1062523743
16  27  -2.42503661e-16  0.01515505909  0.9998851643  0.01515447897
16  28  5.307168696e-17  -0.005098954904  0.9999870004  -0.005098932809
16  29  3.115065878e-16  -0.007301170787  0.9999733466  -0.00730110592
16  30  -7.531263802e-17  -0.007580659437  0.9999712669  -0.007580586832
16  31  -1.228090595e-16  -0.007604304207  0.9999710874  -0.00760423092
16  32  2.491997569e-17  -0.007233763719  0.9999738364  -0.007233700632
16  33  3.924787189e-17  -0.006016664988  0.9999818999  -0.006016628688
16  34  -1.381000347e-16  -0.003683534856  0.9999932158  -0.003683526526
16  35  -9.440501877e-17  -0.0002359597752  0.9999999722  -0.000235959773
16  36  -9.440501877e-17  -0.0002359597752  0.9999999722  -0.000235959773

17  0  -1.228605063e-16  -0.003508319846  0.9999938459  -0.003508312649
17  1  -6.220123783e-17  -0.0006313142352  0.9999998007  -0.0006313141933
17  2  2.484696642e-17  0.001873309185  0.9999982454  0.001873308089
17  3  -2.503711858e-16  0.002106407613  0.9999977815  0.002106406056
17  4  2.745250744e-16  0.0004759633163  0.9999998867  0.0004759632984
17  5  -2.014504341e-16  -0.0008970776988  0.9999995976  -0.0008970775785
17  6  -1.988150616e-16  -0.00046280294  0.9999998929  -0.0004628029235
17  7  2.20548207e-16  0.01759068039  0.999845288  0.01758977321
17  8  2.100924077e-16  1.303561694  0.2640652396  0.9645048207
17  9  -2.008343647e-16  0.2028750159  0.9794913507  0.2014862128
17  10  -2.016996754e-16  0.002113438513  0.9999977667  0.00211343694
17  11  -2.70407386e-18  -0.001129624433  0.999999362  -0.001129624193
17  12  2.134895342e-16  -0.0003064150292  0.9999999531  -0.0003064150244
17  13  -7.32934758e-17  0.001483721933  0.9999988993  0.001483721389
17  14  -2.295451449e-16  0.002386486234  0.9999971523  0.002386483968
17  15  3.175199939e-17  0.0007611159738  0.9999997104  0.0007611159003
17  16  2.510131984e-16  -0.002241278677  0.9999974883  -0.002241276801
17  17  -1.989319443e-17  -0.004763668685  0.9999886538  -0.004763650668
17  18  2.187928713e-16  -0.005789057264  0.9999832435  -0.00578902493
17  19  5.998146103e-16  -0.005236853133  0.9999862877  -0.005236829197
17  20  1.804350136e-16  -0.004028790553  0.9999918844  -0.004028779655
17  21  -2.033966531e-16  -0.003343696795  0.9999944099  -0.003343690564
17  22  -1.244864338e-16  -0.003434538676  0.999994102  -0.003434531924
17  23  1.283595951e-16  -0.003681736648  0.9999932224  -0.003681728331
17  24  3.128783795e-17  -0.002753542354  0.999996209  -0.002753538874
17  25  -1.735407712e-16  0.01305096497  0.9999148374  0.01305059448
17  26  -1.705485455e-16  0.3385559607  0.9432352509  0.3321253701
17  27  -9.152925926e-17  0.1598370973  0.9872532236  0.1591573825
17  28  2.290783418e-17  0.001287892098  0.9999991707  0.001287891742
17  29  -3.118788114e-17  -0.003363306523  0.9999943441  -0.003363300182
17  30  -1.505472466e-16  -0.003525103841  0.9999937868  -0.00352509654
17  31  -4.633043235e-17  -0.00328325264  0.9999946101  -0.003283246741
17  32  -3.512038414e-17  -0.003492328687  0.9999939018  -0.003492321588
17  33  -2.184162695e-17  -0.004473179974  0.9999899953  -0.004473165057
17  34  1.984247109e-16  -0.005456034196  0.9999851159  -0.005456007127
17  35  2.020721518e-16  -0.005283599092  0.9999860418  -0.005283574509
17  36  2.020721518e-16  -0.005283599092  0.9999860418  -0.005283574509

18  0  -1.957683345e-16  -0.005283599092  0.9999860418  -0.005283574509
18  1  3.746907708e-17  -0.005456034196  0.9999851159  -0.005456007127
18  2  2.238616543e-16  -0.004473179974  0.9999899953  -0.004473165057
18  3  -5.912419321e-17  -0.003492328687  0.9999939018  -0.003492321588
18  4  1.653402557e-16  -0.00328325264  0.9999946101  -0.003283246741
18  5  -7.455660687e-18  -0.003525103841  0.9999937868  -0.00352509654
18  6  4.952911014e-17  -0.003363306523  0.9999943441  -0.003363300182
18  7  -6.161494639e-17  0.001287892098  0.9999991707  0.001287891742
18  8  3.666098358e-17  0.1598370973  0.9872532236  0.1591573825
18  9  -5.728855011e-17  0.3385559607  0.9432352509  0.3321253701
18  10  -2.910651098e-17  0.01305096497  0.9999148374  0.01305059448
18  11  -1.133745431e-16  -0.002753542354  0.999996209  -0.002753538874
18  12  1.313054977e-16  -0.003681736648  0.9999932224  -0.003681728331
18  13  -6.293971224e-17  -0.003434538676  0.999994102  -0.003434531924
18  14  -3.331395198e-16  -0.003343696795  0.9999944099  -0.003343690564
18  15  -7.384319248e-17  -0.004028790553  0.9999918844  -0.004028779655
18  16  1.277871399e-16  -0.005236853133  0.9999862877  -0.005236829197
18  17  1.154347479e-16  -0.005789057264  0.9999832435  -0.00578902493
18  18  3.771247721e-17  -0.004763668685  0.9999886538  -0.004763650668
18  19  8.233997773e-17  -0.002241278677  0.9999974883  -0.002241276801
18  20  3.536176963e-17  0.0007611159738  0.9999997104  0.0007611159003
18  21  -4.526366933e-17  0.002386486234  0.9999971523  0.002386483968
18  22  6.090985425e-18  0.001483721933  0.9999988993  0.001483721389
18  23  -1.298176986e-17  -0.0003064150292  0.9999999531  -0.0003064150244
18  24  1.617599259e-16  -0.001129624433  0.999999362  -0.001129624193
18  25  -3.055147066e-17  0.002113438513  0.9999977667  0.00211343694
18  26  1.610671662e-16  0.2028750159  0.9794913507  0.2014862128
18  27  5.656574805e-18  1.303561694  0.2640652396  0.9645048207
18  28  -3.692511661e-17  0.01759068039  0.999845288  0.01758977321
18  29  -3.281763135e-16  -0.0004628029399  0.9999998929  -0.0004628029234
18  30  -1.879247167e-17  -0.0008970776989  0.9999995976  -0.0008970775786
18  31  -1.349968065e-16  0.0004759633164  0.9999998867  0.0004759632984
18  32  -4.203289527e-17  0.002106407614  0.9999977815  0.002106406056
18  33  -1.940902331e-16  0.001873309185  0.9999982454  0.001873308089
18  34  8.834723005e-18  -0.0006313142351  0.9999998007  -0.0006313141932
18  35  1.445037644e-16  -0.003508319846  0.9999938459  -0.003508312649
18  36  1.445037644e-16  -0.003508319846  0.9999938459  -0.003508312649

19  0  1.304295389e-16  -0.0002359597752  0.9999999722  -0.000235959773
19  1  1.355684621e-16  -0.003683534856  0.9999932158  -0.003683526526
19  2  -4.084548073e-16  -0.006016664988  0.9999818999  -0.006016628688
19  3  -1.621306036e-16  -0.007233763719  0.9999738364  -0.007233700632
19  4  -1.590467924e-16  -0.007604304207  0.9999710874  -0.00760423092
19  5  -1.146974927e-16  -0.007580659437  0.9999712669  -0.007580586832
19  6  1.124935981e-16  -0.007301170787  0.9999733466  -0.00730110592
19  7  7.372089611e-17  -0.005098954904  0.9999870004  -0.005098932809
19  8  -2.072340274e-16  0.01515505909  0.9998851643  0.01515447897
19  9  -3.532566227e-17  0.1064533208  0.9943391941  0.1062523743
19  10  1.193413889e-17  0.04082256674  0.9991668747  0.04081122934
19  11  5.58542346e-17  -0.0015792517  0.999998753  -0.001579251043
19  12  -5.416024324e-17  -0.007067172771  0.9999750276  -0.007067113943
19  13  -1.144459049e-16  -0.007726521121  0.9999701506  -0.007726444243
19  14  -1.985923773e-16  -0.007862451353  0.9999690911  -0.007862370346
19  15  -1.447348669e-16  -0.007791855952  0.9999696436  -0.007791777108
19  16  1.381955284e-16  -0.007061356955  0.9999750687  -0.007061298272
19  17  2.580039441e-16  -0.005236853133  0.9999862877  -0.005236829197
19  18  5.744094204e-17  -0.002241278677  0.9999974883  -0.002241276801
19  19  1.239461223e-16  0.001781051457  0.9999984139  0.001781050515
19  20  -2.010599396e-16  0.006634472949  0.999977992  0.006634424278
19  21  -1.213082897e-16  0.01059117757  0.999943914  0.01059097956
19  22  4.072084992e-17  0.009430118464  0.9999555368  0.009429978699
19  23  3.006131744e-16  0.004485089906  0.999989942  0.004485074869
19  24  7.562417582e-17  0.001158861188  0.9999993285  0.001158860929
19  25  1.521154369e-16  0.001048922921  0.9999994499  0.001048922728
19  26  8.275751504e-17  0.01789510876  0.9998398868  0.01789415367
19  27  3.03549093e-18  0.3979025427  0.9218757557  0.387485601
19  28  -2.332959672e-16  0.08027591706  0.9967796185  0.08018972552
19  29  5.650252599e-17  0.003722164849  0.9999930728  0.003722156254
19  30  4.201780004e-17  0.0005883988656  0.9999998269  0.0005883988317
19  31  -2.862516117e-16  0.002356932446  0.9999972224  0.002356930264
19  32  -3.470242557e-16  0.006710955855  0.9999774816  0.006710905482
19  33  -5.682558656e-17  0.01059096513  0.9999439163  0.01059076713
19  34  -1.380598691e-16  0.009059670851  0.9999589615  0.009059546918
19  35  -5.322708339e-17  0.004254297629  0.9999909505  0.004254284796
19  36  -5.322708339e-17  0.004254297629  0.9999909505  0.004254284796

20  0  1.338383647e-16  0.01064665247  0.9999433249  0.01064645133
20  1  7.660225907e-17  0.003754179987  0.9999929531  0.003754171168
20  2  1.873089918e-18  -0.001527431488  0.9999988335  -0.001527430894
20  3  -2.792565673e-16  -0.005744682332  0.9999834994  -0.005744650735
20  4  1.297042042e-16  -0.008773382936  0.9999615141  -0.008773270385
20  5  -3.232000857e-17  -0.01065444552  0.9999432419  -0.01065424394
20  6  5.64837071e-17  -0.01161686861  0.9999325249  -0.01161660732
20  7  3.496576692e-16  -0.01073505618  0.9999423798  -0.01073485
20  8  -2.556255199e-16  -0.002058531745  0.9999978812  -0.002058530291
20  9  -2.334498828e-17  0.03016721494  0.9995450041  0.03016263948
20  10  3.25378526e-16  0.04294065118  0.9990781919  0.04292745603
20  11  1.070649137e-16  0.007748564679  0.99996998  0.007748487141
20  12  -4.224575948e-17  -0.008738180778  0.9999618223  -0.008738069576
20  13  -3.092431337e-16  -0.01201953429  0.9999277663  -0.01201924488
20  14  1.144727962e-16  -0.0117457666  0.9999310193  -0.01174549652
20  15  8.302808674e-17  -0.01031425156  0.9999468086  -0.01031406868
20  16  -2.264041735e-16  -0.007791855952  0.9999696436  -0.007791777107
20  17  -2.949914266e-16  -0.004028790553  0.9999918844  -0.004028779655
20  18  -9.891143484e-17  0.0007611159738  0.9999997104  0.0007611159003
20  19  2.332061771e-16  0.006634472949  0.999977992  0.006634424278
20  20  3.410130554e-16  0.01456576114  0.9998939212  0.01456524609
20  21  6.971791611e-17  0.02433126217  0.9997040094  0.02432886152
20  22  -1.153189362e-16  0.02612797495  0.9996586839  0.02612500225
20  23  -4.665665245e-17  0.0145082367  0.9998947574  0.01450772773
20  24  -2.756982834e-16  0.005029971294  0.9999873497  0.005029950084
20  25  -2.444050536e-16  0.001975054619  0.9999980496  0.001975053335
20  26  -1.017436341e-16  0.005537545314  0.9999846678  0.005537517013
20  27  -1.817667957e-16  0.05618842312  0.9984218458  0.05615886201
20  28  -2.225517348e-16  0.09649935978  0.9953475488  0.09634966045
20  29  -1.078242083e-16  0.01412240227  0.9999002805  0.01412193284
20  30  -1.285123805e-16  0.002336380897  0.9999972707  0.002336378771
20  31  -3.319094352e-16  0.002768927186  0.9999961665  0.002768923648
20  32  -4.17921583e-16  0.008459234976  0.9999642209  0.008459134088
20  33  -1.691809195e-17  0.02006211621  0.9997987625  0.02006077044
20  34  -2.104568451e-16  0.02698781269  0.9996358511  0.02698453675
20  35  -1.921355338e-17  0.02008059847  0.9997983916  0.02007924898
20  36  -1.921355338e-17  0.02008059847  0.9997983916  0.02007924898

21  0  1.996849698e-16  0.03715825714  0.9993097114  0.03714970677
21  1  9.836055052e-17  0.01732251407  0.999849969  0.01732164776
21  2  2.203470815e-16  0.006397879916  0.9999795336  0.006397836269
21  3  3.135756995e-16  -0.0004777925726  0.9999998859  -0.0004777925544
21  4  4.051058223e-16  -0.005408498695  0.9999853741  -0.005408472327
21  5  -1.764901356e-16  -0.009371724042  0.9999560857  -0.009371586857
21  6  2.437531953e-16  -0.01272911866  0.9999189859  -0.01272877491
21  7  9.933189489e-17  -0.01425685064  0.9998983728  -0.01425636768
21  8  -1.29142294e-17  -0.009455160904  0.9999553003  -0.009455020023
21  9  -1.017831365e-17  0.007762551159  0.9999698716  0.007762473201
21  10  2.387110539e-16  0.02628654266  0.9996545287  0.02628351551
21  11  1.104559741e-16  0.01750886013  0.9998467238  0.01750796556
21  12  3.175337373e-18  -0.003128107812  0.9999951075  -0.003128102711
21  13  -3.181272044e-16  -0.0135119427  0.9999087151  -0.01351153155
21  14  -1.936930425e-16  -0.01455669029  0.9998940533  -0.01455617621
21  15  -9.495915964e-17  -0.0117457666  0.9999310193  -0.01174549652
21  16  -6.051655605e-17  -0.007862451353  0.9999690911  -0.007862370346
21  17  7.454159499e-17  -0.003343696795  0.9999944099  -0.003343690564
21  18  6.181398711e-17  0.002386486234  0.9999971523  0.002386483968
21  19  2.259176663e-16  0.01059117757  0.999943914  0.01059097956
21  20  3.040737395e-16  0.02433126217  0.9997040094  0.02432886152
21  21  -7.399027708e-17  0.04872107848  0.998813363  0.04870180554
21  22  -6.345558304e-17  0.0682926322  0.9976689644  0.06823955976
21  23  9.60819324e-18  0.04202430299  0.9991171089  0.04201193463
21  24  -1.382496355e-16  0.01352954836  0.9999084771  0.01352913561
21  25  -1.683352366e-16  0.00416621066  0.9999913214  0.004166198607
21  26  8.167831661e-17  0.003645733408  0.9999933543  0.003645725332
21  27  1.674006715e-16  0.01517605395  0.9998848459  0.01517547141
21  28  2.220630536e-16  0.05153279289  0.9986724795  0.05150998726
21  29  -5.327337514e-17  0.02837404834  0.9995974837  0.02837024123
21  30  -2.49161626e-16  0.006138136715  0.9999811617  0.006138098171
21  31  -1.531084995e-16  0.002981140591  0.9999955564  0.002981136175
21  32  1.598310826e-16  0.007055626918  0.9999751092  0.007055568378
21  33  1.216099361e-16  0.02336574573  0.9997270334  0.02336361967
21  34  1.698094311e-16  0.05645201607  0.9984070081  0.05642203701
21  35  -1.329910389e-16  0.06388245682  0.9979602097  0.0638390153
21  36  -1.329910389e-16  0.06388245682  0.9979602097  0.0638390153

22  0  2.641452316e-16  0.1143652891  0.9934674152  0.1141161469
22  1  1.725437256e-17  0.04422498304  0.9990222348  0.04421056821
22  2  9.303418913e-17  0.01646246389  0.9998644967  0.01646172031
22  3  4.793011828e-17  0.004956954632  0.9999877143  0.004956934332
22  4  -1.902970706e-17  -0.001040034098  0.9999994592  -0.00104003391
22  5  -3.232107431e-16  -0.005277992815  0.9999860714  -0.00527796831
22  6  -3.436466229e-17  -0.009388687734  0.9999559266  -0.009388549803
22  7  -4.321513778e-16  -0.01283194469  0.9999176717  -0.01283159255
22  8  -1.221297342e-16  -0.01102959104  0.9999391747  -0.01102936741
22  9  -2.786702637e-16  0.0006125610622  0.9999998124  0.0006125610239
22  10  -3.43222159e-16  0.01520408592  0.9998844201  0.01520350016
22  11  -5.908688492e-17  0.01877563271  0.999823743  0.01877452959
22  12  3.728856892e-17  0.008061215423  0.9999675086  0.008061128116
22  13  5.51661666e-17  -0.006537704205  0.9999786293  -0.006537657633
22  14  -1.701939788e-16  -0.0135119427  0.9999087151  -0.01351153155
22  15  -2.709709422e-16  -0.01201953429  0.9999277663  -0.01201924488
22  16  -1.048491821e-16  -0.007726521121  0.9999701506  -0.007726444243
22  17  -1.193864174e-16  -0.003434538676  0.999994102  -0.003434531924
22  18  8.860145808e-17  0.001483721934  0.9999988993  0.001483721389
22  19  1.437184068e-16  0.009430118464  0.9999555368  0.009429978699
22  20  -1.136979844e-16  0.02612797495  0.9996586839  0.02612500225
22  21  1.11312553e-16  0.0682926322  0.9976689644  0.06823955976
22  22  1.253639146e-16  0.1496867431  0.9888178419  0.1491283858
22  23  1.00390914e-16  0.1265516217  0.9920030249  0.1262140981
22  24  -1.306288403e-16  0.03608183395  0.9993491212  0.03607400531
22  25  -1.464107604e-16  0.008625882739  0.9999627973  0.00862577577
22  26  1.090791628e-16  0.003790767543  0.999992815  0.003790758464
22  27  1.445245033e-16  0.007359234365  0.999972921  0.007359167938
22  28  -1.272278026e-16  0.02318675606  0.9997311992  0.02318467849
22  29  -4.937820226e-17  0.02991410724  0.9995526065  0.02990964598
22  30  1.655916375e-17  0.01221498112  0.999925398  0.01221467736
22  31  1.079666685e-16  0.004288716496  0.9999908035  0.004288703348
22  32  1.413321587e-17  0.004877188611  0.9999881065  0.004877169275
22  33  -1.615007584e-17  0.01674158354  0.999859863  0.0167408015
22  34  -5.472965802e-17  0.06801012614  0.9976882027  0.06795770951
22  35  -1.499991755e-16  0.1583191546  0.987493678  0.1576586059
22  36  -1.499991755e-16  0.1583191546  0.987493678  0.1576586059

23  0  2.11361871e-16  0.1873365956  0.9825037591  0.1862427538
23  1  2.937154021e-17  0.0707571401  0.9974977578  0.07069811308
23  2  2.660745367e-17  0.02373141122  0.9997184233  0.02372918377
23  3  -2.847638927e-16  0.008189421763  0.9999664669  0.008189330224
23  4  -4.948973217e-18  0.001723330065  0.9999985151  0.001723329212
23  5  8.297604376e-17  -0.001912977608  0.9999981703  -0.001912976441
23  6  1.404512753e-16  -0.005009275289  0.9999874536  -0.00500925434
23  7  -2.124407701e-16  -0.007870211614  0.99996903  -0.007870130367
23  8  -9.516921467e-17  -0.006778287488  0.9999770275  -0.006778235583
23  9  -1.477014685e-16  0.002447727316  0.9999970043  0.002447724872
23  10  -1.935362877e-16  0.01290597308  0.9999167191  0.01290561481
23  11  -3.555490136e-16  0.01738776178  0.9998488367  0.01738688564
23  12  -2.167726298e-16  0.01580419323  0.9998751163  0.01580353533
23  13  -2.96068367e-16  0.008061215422  0.9999675086  0.008061128115
23  14  4.88288943e-17  -0.003128107813  0.9999951075  -0.003128102711
23  15  -8.729562233e-17  -0.008738180778  0.9999618223  -0.008738069576
23  16  3.04981743e-16  -0.007067172771  0.9999750276  -0.007067113943
23  17  3.344374838e-16  -0.003681736648  0.9999932224  -0.003681728331
23  18  9.471092741e-17  -0.0003064150292  0.9999999531  -0.0003064150244
23  19  -5.911308e-18  0.004485089906  0.999989942  0.004485074869
23  20  1.627878506e-16  0.0145082367  0.9998947574  0.01450772773
23  21  6.480207515e-17  0.04202430299  0.9991171089  0.04201193463
23  22  -4.843711718e-18  0.1265516217  0.9920030249  0.1262140981
23  23  2.287676499e-17  0.2077216251  0.9785033256  0.2062310396
23  24  1.711101228e-16  0.08648759034  0.9962622791  0.08637980798
23  25  -9.236989636e-17  0.01769686864  0.9998434145  0.01769594494
23  26  -3.031270884e-16  0.004910947373  0.9999879413  0.004910927633
23  27  -2.710307127e-17  0.004906536056  0.999987963  0.004906516369
23  28  7.380221015e-17  0.01182351034  0.9999301031  0.01182323486
23  29  -8.066348174e-17  0.0212982569  0.9997732007  0.02129664673
23  30  -3.627431407e-16  0.01629203981  0.9998672877  0.01629131908
23  31  -5.259872468e-17  0.007006413255  0.9999754552  0.007006355931
23  32  -3.010375603e-16  0.003975218439  0.9999920988  0.003975207969
23  33  1.149925436e-16  0.008561375011  0.9999633517  0.008561270424
23  34  2.860123487e-16  0.03990140549  0.9992040445  0.03989081835
23  35  1.225900114e-16  0.1623636009  0.9868479614  0.1616511707
23  36  1.225900114e-16  0.1623636009  0.9868479614  0.1616511707

24  0  9.473797093e-17  0.1027143657  0.9947295157  0.1025338507
24  1  -1.963785405e-16  0.05291908952  0.9986001117  0.05289439361
24  2  -3.385524752e-16  0.02017029066  0.9997965866  0.02016892301
24  3  -7.171508978e-17  0.007846212126  0.9999692186  0.00784613162
24  4  -8.121502931e-17  0.002632000621  0.9999965363  0.002631997582
24  5  -8.418453811e-17  -6.540386201e-05  0.9999999979  -6.540386197e-05
24  6  -2.461582378e-17  -0.001827094217  0.9999983309  -0.0018270932
24  7  -1.454864135e-16  -0.002431293253  0.9999970444  -0.002431290858
24  8  -7.547209371e-17  0.002329140623  0.9999972876  0.002329138517
24  9  2.518291446e-17  0.01391946791  0.9999031258  0.01391901843
24  10  2.153547868e-17  0.01933690679  0.9998130478  0.01933570175
24  11  -6.286819018e-17  0.01806108842  0.999836903  0.01806010651
24  12  -3.722886956e-17  0.01738776178  0.9998488367  0.01738688564
24  13  -1.686063038e-16  0.01877563271  0.999823743  0.01877452959
24  14  -2.513511926e-17  0.01750886013  0.9998467238  0.01750796556
24  15  -1.659584477e-16  0.007748564679  0.99996998  0.007748487141
24  16  -3.894283128e-17  -0.0015792517  0.999998753  -0.001579251043
24  17  4.067520829e-17  -0.002753542354  0.999996209  -0.002753538874
24  18  5.745659276e-18  -0.001129624433  0.999999362  -0.001129624193
24  19  -1.625187885e-16  0.001158861188  0.9999993285  0.001158860929
24  20  -6.108081596e-17  0.005029971294  0.9999873497  0.005029950084
24  21  -8.586920299e-17  0.01352954836  0.9999084771  0.01352913561
24  22  -2.327152467e-18  0.03608183395  0.9993491212  0.03607400531
24  23  -1.432107775e-16  0.08648759034  0.9962622791  0.08637980798
24  24  2.315988028e-16  0.08842315466  0.9960932193  0.08830797468
24  25  1.357864152e-16  0.02893860703  0.9995813077  0.02893456813
24  26  -1.639123607e-16  0.006373715293  0.9999796879  0.006373672139
24  27  -2.093998477e-16  0.003639111044  0.9999933784  0.003639103012
24  28  6.245124225e-17  0.006987771809  0.9999755856  0.006987714942
24  29  6.663756947e-17  0.0133693883  0.9999106311  0.01336899003
24  30  6.569159543e-17  0.01522537024  0.9998840963  0.01522478201
24  31  -9.300092936e-18  0.009584210095  0.9999540718  0.009584063366
24  32  -2.927333029e-16  0.004609978879  0.9999893741  0.00460996255
24  33  -1.104143361e-16  0.003985130461  0.9999920594  0.003985119913
24  34  -3.528175692e-16  0.01416633895  0.9998996591  0.01416586512
24  35  -8.188317557e-17  0.06286202505  0.9980248335  0.06282063194
24  36  -8.188317557e-17  0.06286202505  0.9980248335  0.06282063194

25  0  -5.081589389e-17  0.02912903708  0.9995757796  0.02912491792
25  1  -1.93102232e-16  0.02220476278  0.9997534844  0.02220293815
25  2  -2.113286689e-16  0.01137430225  0.9999353133  0.01137405699
25  3  -3.450769019e-17  0.005580668414  0.9999844281  0.005580639446
25  4  -9.430196673e-17  0.002695751759  0.9999963665  0.002695748494
25  5  -1.740733066e-16  0.001267665731  0.9999991965  0.001267665392
25  6  -1.658346317e-16  0.001061941686  0.9999994361  0.001061941487
25  7  1.919064693e-16  0.004790581689  0.9999885252  0.004790563365
25  8  1.794120945e-16  0.02606609041  0.9996602987  0.02606313878
25  9  -3.622045057e-16  0.05041529854  0.998729418  0.05039394447
25  10  -2.411655957e-16  0.03547058668  0.9993709847  0.03546314919
25  11  -1.139655811e-16  0.01933690679  0.9998130478  0.01933570175
25  12  1.387265808e-16  0.01290597308  0.9999167191  0.01290561481
25  13  2.051960654e-16  0.01520408592  0.9998844201  0.01520350016
25  14  1.393464147e-16  0.02628654266  0.9996545287  0.02628351551
25  15  5.174897174e-17  0.04294065118  0.9990781919  0.04292745602
25  16  -1.895760795e-16  0.04082256674  0.9991668747  0.04081122934
25  17  -7.136619184e-17  0.01305096497  0.9999148374  0.01305059448
25  18  1.350060225e-16  0.002113438513  0.9999977667  0.00211343694
25  19  -4.228802592e-16  0.001048922921  0.9999994499  0.001048922728
25  20  -1.273803154e-16  0.001975054619  0.9999980496  0.001975053335
25  21  2.070508822e-17  0.00416621066  0.9999913214  0.004166198607
25  22  3.585244769e-17  0.008625882739  0.9999627973  0.00862577577
25  23  -3.986066957e-17  0.01769686864  0.9998434145  0.01769594494
25  24  -9.991164099e-17  0.02893860703  0.9995813077  0.02893456813
25  25  -8.821067036e-17  0.02095717873  0.9997804064  0.02095564468
25  26  -1.851123822e-16  0.005091012338  0.9999870408  0.005090990346
25  27  6.836332176e-17  0.0015502061  0.9999987984  0.001550205479
25  28  3.947305783e-16  0.003877774361  0.9999924814  0.003877764643
25  29  4.566614295e-17  0.008214013319  0.9999662652  0.008213920952
25  30  3.286654683e-16  0.01148290689  0.9999340721  0.01148265454
25  31  -1.902549193e-17  0.01000217694  0.9999499786  0.01000201016
25  32  4.906868143e-17  0.005711131422  0.9999836915  0.005711100375
25  33  -2.096618115e-17  0.002363285609  0.9999972074  0.002363283409
25  34  -1.009477727e-16  0.002515029384  0.9999968373  0.002515026732
25  35  -7.532918699e-17  0.01343259197  0.9999097841  0.01343218803
25  36  -7.532918699e-17  0.01343259197  0.9999097841  0.01343218803

26  0  -3.381595635e-17  0.002174408213  0.999997636  0.0021744065
26  1  -3.125987703e-16  0.006015189367  0.9999819088  0.006015153093
26  2  -3.273019493e-16  0.0052766455  0.9999860785  0.005276621013
26  3  -1.572144823e-16  0.003975180484  0.999992099  0.003975170014
26  4  1.593145519e-16  0.003309177277  0.9999945247  0.003309171237
26  5  1.459550575e-16  0.003721670854  0.9999930746  0.003721662262
26  6  4.039293328e-17  0.007142072076  0.9999744955  0.007142011358
26  7  1.747979969e-16  0.03071212747  0.9995284197  0.03070729958
26  8  -3.039684503e-17  0.3368610495  0.9437968188  0.3305261938
26  9  -2.642191644e-16  0.2704157079  0.9636599307  0.2671320608
26  10  2.29932371e-16  0.05041529854  0.998729418  0.05039394447
26  11  -4.519698983e-16  0.01391946791  0.9999031258  0.01391901843
26  12  -3.128862269e-16  0.002447727317  0.9999970043  0.002447724873
26  13  4.958261177e-17  0.0006125610619  0.9999998124  0.0006125610236
26  14  5.924479446e-17  0.00776255116  0.9999698716  0.007762473202
26  15  2.032599429e-16  0.03016721494  0.9995450041  0.03016263948
26  16  -3.981330255e-17  0.1064533208  0.9943391941  0.1062523743
26  17  1.09788296e-16  0.3385559607  0.9432352509  0.3321253702
26  18  -2.40137622e-16  0.2028750159  0.9794913507  0.2014862128
26  19  1.091285577e-17  0.01789510876  0.9998398868  0.01789415367
26  20  2.112511057e-16  0.005537545314  0.9999846678  0.005537517013
26  21  1.249070465e-16  0.003645733408  0.9999933543  0.003645725332
26  22  -3.5078105e-17  0.003790767542  0.999992815  0.003790758464
26  23  1.975917864e-16  0.004910947373  0.9999879413  0.004910927633
26  24  -4.594116268e-17  0.006373715293  0.9999796879  0.006373672139
26  25  4.726696645e-17  0.005091012338  0.9999870408  0.005090990346
26  26  4.82283825e-16  -0.001559188792  0.9999987845  -0.00155918816
26  27  2.541173517e-16  -0.003924202918  0.9999923003  -0.003924192847
26  28  -2.334091651e-17  -0.0003946860239  0.9999999221  -0.0003946860136
26  29  -6.728863542e-17  0.003995393402  0.9999920184  0.003995382772
26  30  3.024752591e-16  0.007418165597  0.9999724855  0.007418097561
26  31  -2.553409231e-16  0.008163756174  0.9999666767  0.008163665493
26  32  6.227107188e-17  0.00577540769  0.9999833224  0.005775375583
26  33  -1.524480722e-16  0.001818787159  0.999998346  0.001818786156
26  34  -6.513153484e-17  -0.002306283434  0.9999973405  -0.002306281389
26  35  8.197642478e-17  -0.003559797472  0.9999936639  -0.003559789954
26  36  8.197642478e-17  -0.003559797472  0.9999936639  -0.003559789954

27  0  -1.81405861e-16  -0.007951718752  0.9999683853  -0.007951634954
27  1  5.993469913e-17  -0.0007659801872  0.9999997066  -0.0007659801123
27  2  9.815246316e-17  0.002661781251  0.9999964575  0.002661778108
27  3  -2.387812561e-17  0.003994897149  0.9999920204  0.003994886523
27  4  -9.467144025e-17  0.005404447054  0.999985396  0.005404420745
27  5  -3.074539627e-17  0.008872098452  0.9999606432  0.008871982059
27  6  -3.085755235e-18  0.02134444504  0.999772216  0.02134282437
27  7  9.319015316e-17  0.1115889012  0.9937804165  0.1113574597
27  8  3.354001993e-16  1.449025431  0.1214701789  0.9925950814
27  9  1.782101861e-16  0.3368610495  0.9437968188  0.3305261938
27  10  3.253801924e-16  0.02606609041  0.9996602987  0.02606313878
27  11  7.759539523e-18  0.002329140623  0.9999972876  0.002329138517
27  12  1.842644416e-16  -0.006778287488  0.9999770275  -0.006778235583
27  13  1.981950772e-16  -0.01102959104  0.9999391747  -0.01102936741
27  14  7.054232208e-17  -0.009455160904  0.9999553003  -0.009455020022
27  15  8.593549821e-17  -0.002058531745  0.9999978812  -0.002058530291
27  16  -1.038645906e-16  0.01515505909  0.9998851643  0.01515447897
27  17  8.299544136e-17  0.1598370973  0.9872532236  0.1591573825
27  18  -1.036743128e-16  1.303561694  0.2640652397  0.9645048207
27  19  -1.410327945e-16  0.3979025427  0.9218757557  0.387485601
27  20  6.528576244e-17  0.05618842312  0.9984218458  0.05615886201
27  21  6.231336468e-18  0.01517605395  0.9998848459  0.01517547141
27  22  -1.526605935e-16  0.007359234365  0.999972921  0.007359167937
27  23  1.237150546e-16  0.004906536056  0.999987963  0.004906516369
27  24  1.830560288e-16  0.003639111044  0.9999933784  0.003639103012
27  25  8.657120696e-17  0.0015502061  0.9999987984  0.001550205479
27  26  2.978011709e-16  -0.003924202918  0.9999923003  -0.003924192847
27  27  1.422839664e-16  -0.01034303135  0.9999465113  -0.01034284694
27  28  -1.99532562e-16  -0.008627319306  0.9999627849  -0.008627212284
27  29  -5.91950111e-17  -0.002293863235  0.9999973691  -0.002293861223
27  30  -2.026001228e-17  0.002516211522  0.9999968343  0.002516208867
27  31  -2.342756569e-16  0.004649834412  0.9999891895  0.004649817656
27  32  1.617718124e-16  0.003895040118  0.9999924143  0.003895030269
27  33  2.377389078e-16  0.0004338933717  0.9999999059  0.0004338933581
27  34  2.911519149e-16  -0.005408919816  0.9999853718  -0.005408893442
27  35  1.462004154e-16  -0.01090860974  0.9999405017  -0.01090839339
27  36  1.462004154e-16  -0.01090860974  0.9999405017  -0.01090839339

28  0  -3.118600649e-16  -0.01419462084  0.9998992581  -0.01419414417
28  1  1.136366453e-16  -0.004052508833  0.9999917886  -0.004052497741
28  2  2.04128005e-16  0.001958696732  0.9999980818  0.001958695479
28  3  6.386455584e-17  0.005147137839  0.9999867535  0.005147115112
28  4  2.28369611e-16  0.008472567278  0.999964108  0.008472465912
28  5  -9.718333912e-17  0.01507729089  0.9998863398  0.01507671966
28  6  -9.809227689e-17  0.03304186779  0.9994541671  0.03303585579
28  7  -1.845692185e-16  0.08481412625  0.9964054375  0.08471247865
28  8  -7.661075284e-17  0.1115889012  0.9937804165  0.1113574597
28  9  -3.839032298e-16  0.03071212747  0.9995284197  0.03070729958
28  10  2.431044086e-16  0.004790581688  0.9999885252  0.004790563365
28  11  3.40272701e-16  -0.002431293253  0.9999970444  -0.002431290858
28  12  2.033772767e-16  -0.007870211614  0.99996903  -0.007870130367
28  13  -2.452836225e-17  -0.01283194469  0.9999176717  -0.01283159255
28  14  3.841155198e-16  -0.01425685064  0.9998983728  -0.01425636768
28  15  2.6175341e-16  -0.01073505618  0.9999423798  -0.01073485
28  16  2.498378342e-17  -0.005098954904  0.9999870004  -0.005098932809
28  17  3.151880778e-16  0.001287892098  0.9999991707  0.001287891742
28  18  -1.029378868e-16  0.01759068039  0.999845288  0.01758977321
28  19  9.626621909e-17  0.08027591706  0.9967796185  0.08018972552
28  20  2.828035159e-16  0.09649935978  0.9953475488  0.09634966045
28  21  3.226682535e-16  0.05153279289  0.9986724795  0.05150998726
28  22  2.200516222e-17  0.02318675606  0.9997311992  0.02318467849
28  23  -4.10264472e-16  0.01182351034  0.9999301031  0.01182323486
28  24  -6.354637815e-17  0.006987771809  0.9999755856  0.006987714942
28  25  -1.517663932e-16  0.003877774361  0.9999924814  0.003877764643
28  26  5.379837424e-17  -0.0003946860238  0.9999999221  -0.0003946860136
28  27  1.091126355e-16  -0.008627319306  0.9999627849  -0.008627212283
28  28  -3.783717718e-18  -0.01691505355  0.9998569439  -0.01691424694
28  29  9.794268366e-17  -0.01461093988  0.9998932621  -0.01461042003
28  30  1.632623871e-17  -0.006868385946  0.9999764127  -0.006868331943
28  31  1.602632228e-16  -0.001985386369  0.9999980291  -0.001985385065
28  32  -2.300621256e-17  -0.001020458737  0.9999994793  -0.00102045856
28  33  5.746917794e-17  -0.003815294911  0.9999927218  -0.003815285654
28  34  -2.195617145e-16  -0.01059852986  0.9999438361  -0.01059833144
28  35  7.703872104e-17  -0.01783276429  0.9998410005  -0.01783181914
28  36  7.703872104e-17  -0.01783276429  0.9998410005  -0.01783181914

29  0  1.850620741e-16  -0.02367803749  0.9997196884  -0.02367582504
29  1  -1.151092515e-16  -0.007754396942  0.9999699348  -0.007754319229
29  2  -7.826710584e-17  0.001276020931  0.9999991859  0.001276020584
29  3  -1.153060703e-16  0.005968660035  0.9999821876  0.005968624596
29  4  9.702679138e-18  0.01024645802  0.9999475055  0.01024627873
29  5  7.407834968e-17  0.01672627495  0.9998601191  0.01672549505
29  6  -2.372817605e-16  0.02681085916  0.9996406104  0.02680764724
29  7  -2.063151935e-16  0.03304186779  0.9994541671  0.03303585579
29  8  2.303875829e-16  0.02134444504  0.999772216  0.02134282437
29  9  -4.25356443e-17  0.007142072076  0.9999744955  0.007142011358
29  10  -2.020996853e-16  0.001061941686  0.9999994361  0.001061941487
29  11  1.108685057e-16  -0.001827094217  0.9999983309  -0.0018270932
29  12  -3.621693304e-16  -0.005009275289  0.9999874536  -0.00500925434
29  13  -2.832498613e-16  -0.009388687734  0.9999559266  -0.009388549804
29  14  1.032367997e-16  -0.01272911866  0.9999189859  -0.01272877491
29  15  8.316406633e-17  -0.01161686861  0.9999325249  -0.01161660732
29  16  1.386318592e-16  -0.007301170787  0.9999733466  -0.00730110592
29  17  2.783528587e-16  -0.003363306523  0.9999943441  -0.003363300182
29  18  -1.983869498e-16  -0.00046280294  0.9999998929  -0.0004628029235
29  19  -6.591633883e-18  0.003722164849  0.9999930728  0.003722156254
29  20  -2.620746145e-16  0.01412240227  0.9999002805  0.01412193284
29  21  -1.334431967e-16  0.02837404834  0.9995974837  0.02837024123
29  22  1.833547692e-17  0.02991410724  0.9995526065  0.02990964598
29  23  1.857138246e-16  0.0212982569  0.9997732007  0.02129664673
29  24  1.176526092e-16  0.0133693883  0.9999106311  0.01336899003
29  25  1.683466976e-16  0.008214013319  0.9999662652  0.008213920952
29  26  -6.152213969e-17  0.003995393402  0.9999920184  0.003995382772
29  27  -1.84521847e-16  -0.002293863235  0.9999973691  -0.002293861223
29  28  -1.272897062e-16  -0.01461093988  0.9998932621  -0.01461042003
29  29  -6.422371335e-17  -0.02860559996  0.9995908877  -0.02860169888
29  30  2.488162148e-18  -0.02812980281  0.9996043832  -0.02812609317
29  31  8.112569978e-17  -0.01864004337  0.9998262794  -0.01863896397
29  32  -1.749194593e-16  -0.01346522113  0.9999093453  -0.01346481424
29  33  -4.826720773e-17  -0.01500087656  0.999887489  -0.01500031397
29  34  4.755687908e-18  -0.02319471168  0.9997310147  -0.02319263197
29  35  -1.287283911e-17  -0.03173730854  0.9994964139  -0.03173198087
29  36  -1.287283911e-17  -0.03173730854  0.9994964139  -0.03173198087

30  0  1.85695566e-16  -0.04590658275  0.9989464779  -0.04589046042
30  1  -5.865316204e-17  -0.01605812174  0.9998710711  -0.01605743161
30  2  1.478696212e-16  -0.001296496424  0.9999991595  -0.001296496061
30  3  1.278952052e-16  0.005138353369  0.9999867987  0.005138330758
30  4  -9.60095227e-17  0.009399581561  0.9999558243  0.00939944315
30  5  -1.089476158e-16  0.01358316992  0.9999077502  0.01358275223
30  6  -2.248250003e-16  0.01672627495  0.9998601191  0.01672549505
30  7  -3.256736684e-16  0.01507729089  0.9998863398  0.01507671966
30  8  4.398188967e-17  0.008872098452  0.9999606432  0.008871982059
30  9  6.961060879e-17  0.003721670854  0.9999930746  0.003721662262
30  10  -1.82737904e-16  0.001267665731  0.9999991965  0.001267665392
30  11  -8.402608037e-17  -6.540386202e-05  0.9999999979  -6.540386197e-05
30  12  -2.342610801e-16  -0.001912977608  0.9999981703  -0.001912976441
30  13  1.020710545e-17  -0.005277992815  0.9999860714  -0.00527796831
30  14  9.839612278e-17  -0.009371724042  0.9999560857  -0.009371586857
30  15  -1.789740612e-16  -0.01065444552  0.9999432419  -0.01065424394
30  16  -7.248688646e-17  -0.007580659437  0.9999712669  -0.007580586832
30  17  7.963057815e-17  -0.00352510384  0.9999937868  -0.00352509654
30  18  -4.518531051e-17  -0.0008970776989  0.9999995976  -0.0008970775786
30  19  1.428717069e-17  0.0005883988656  0.9999998269  0.0005883988316
30  20  -2.403125504e-16  0.002336380897  0.9999972707  0.002336378771
30  21  -1.022171853e-16  0.006138136715  0.9999811617  0.00613809817
30  22  1.583023319e-16  0.01221498112  0.999925398  0.01221467736
30  23  6.574915257e-17  0.01629203981  0.9998672877  0.01629131908
30  24  -1.303114097e-16  0.01522537024  0.9998840963  0.01522478201
30  25  -3.731108057e-17  0.01148290689  0.9999340721  0.01148265454
30  26  6.808314959e-17  0.007418165597  0.9999724855  0.007418097561
30  27  -3.191048408e-16  0.002516211522  0.9999968343  0.002516208867
30  28  -8.813772272e-18  -0.006868385945  0.9999764127  -0.006868331943
30  29  1.686465888e-16  -0.02812980281  0.9996043832  -0.02812609317
30  30  2.468159302e-16  -0.05694414839  0.99837912  -0.05691337852
30  31  3.112251788e-16  -0.06156677192  0.9981053649  -0.06152788482
30  32  -1.818470425e-17  -0.04830629372  0.9988334779  -0.0482875088
30  33  3.278279145e-16  -0.04423905137  0.9990216127  -0.04422462278
30  34  2.084193124e-16  -0.05443592397  0.9985187309  -0.05440904323
30  35  2.141239607e-16  -0.06566513174  0.9978448198  -0.06561795156
30  36  2.141239607e-16  -0.06566513174  0.9978448198  -0.06561795156

31  0  1.954285188e-16  -0.09673890396  0.9953244403  -0.0965880874
31  1  2.08347153e-16  -0.03687313181  0.9993202631  -0.03686477675
31  2  7.379668432e-17  -0.008450362393  0.9999642959  -0.008450261822
31  3  1.379773302e-16  0.001912240713  0.9999981717  0.001912239547
31  4  7.1273961e-17  0.00663873824  0.9999779637  0.006638689475
31  5  -7.754177205e-17  0.009399581561  0.9999558243  0.00939944315
31  6  -2.629846771e-16  0.01024645802  0.9999475055  0.01024627873
31  7  -1.770602687e-16  0.008472567278  0.999964108  0.008472465912
31  8  -1.689606265e-16  0.005404447053  0.999985396  0.005404420745
31  9  -3.414116203e-17  0.003309177277  0.9999945247  0.003309171237
31  10  3.428908948e-17  0.002695751759  0.9999963665  0.002695748494
31  11  -1.805528787e-16  0.002632000621  0.9999965363  0.002631997582
31  12  4.730558045e-17  0.001723330065  0.9999985151  0.001723329212
31  13  -2.409767667e-16  -0.001040034098  0.9999994592  -0.00104003391
31  14  -1.663872215e-16  -0.005408498695  0.9999853741  -0.005408472327
31  15  -2.683885471e-16  -0.008773382936  0.9999615141  -0.008773270385
31  16  -1.602966912e-16  -0.007604304207  0.9999710874  -0.00760423092
31  17  -5.236316219e-17  -0.00328325264  0.9999946101  -0.003283246741
31  18  3.577472336e-16  0.0004759633163  0.9999998867  0.0004759632983
31  19  1.522912833e-16  0.002356932446  0.9999972224  0.002356930264
31  20  -8.762433548e-17  0.002768927186  0.9999961665  0.002768923648
31  21  3.110853226e-16  0.002981140591  0.9999955564  0.002981136175
31  22  2.727504785e-16  0.004288716496  0.9999908035  0.004288703349
31  23  -8.177225745e-17  0.007006413255  0.9999754552  0.007006355931
31  24  -4.11754935e-16  0.009584210095  0.9999540718  0.009584063366
31  25  7.541604479e-18  0.01000217694  0.9999499786  0.01000201016
31  26  1.701624772e-16  0.008163756174  0.9999666767  0.008163665493
31  27  -1.616103702e-16  0.004649834412  0.9999891895  0.004649817656
31  28  4.091988767e-16  -0.001985386369  0.9999980291  -0.001985385065
31  29  1.730239113e-16  -0.01864004337  0.9998262794  -0.01863896397
31  30  -1.361342413e-16  -0.06156677192  0.9981053649  -0.06152788482
31  31  6.626322589e-18  -0.1190916928  0.9929169618  -0.1188103828
31  32  -1.778993371e-16  -0.1215041161  0.9926274518  -0.1212053708
31  33  1.901375678e-17  -0.1012671358  0.994876864  -0.1010941415
31  34  1.688271839e-16  -0.1084486813  0.994125203  -0.1082362266
31  35  -1.546823503e-17  -0.1296662627  0.9916051022  -0.1293032142
31  36  -1.546823503e-17  -0.1296662627  0.9916051022  -0.1293032142

32  0  -4.015402246e-16  -0.1478363219  0.9890920992  -0.1472984021
32  1  6.080535169e-17  -0.08144590944  0.9966851149  -0.08135589492
32  2  -5.17702721e-17  -0.02710433475  0.9996327  -0.02710101619
32  3  -7.271376294e-18  -0.005949779331  0.9999823001  -0.005949744228
32  4  -1.343442767e-16  0.001912240713  0.9999981717  0.001912239547
32  5  -1.57147673e-16  0.005138353369  0.9999867987  0.005138330758
32  6  -3.27496339e-17  0.005968660035  0.9999821876  0.005968624596
32  7  -3.997550327e-16  0.005147137839  0.9999867535  0.005147115112
32  8  -7.042260412e-17  0.003994897149  0.9999920204  0.003994886523
32  9  1.673567198e-16  0.003975180484  0.999992099  0.003975170014
32  10  -9.762733757e-17  0.005580668414  0.9999844281  0.005580639446
32  11  -1.587045181e-16  0.007846212126  0.9999692186  0.00784613162
32  12  -5.200409126e-17  0.008189421763  0.9999664669  0.008189330223
32  13  1.134636348e-16  0.004956954632  0.9999877143  0.004956934332
32  14  -3.647240196e-17  -0.0004777925725  0.9999998859  -0.0004777925543
32  15  8.496275554e-17  -0.005744682332  0.9999834994  -0.005744650735
32  16  -1.161592826e-16  -0.007233763719  0.9999738364  -0.007233700632
32  17  -1.914199157e-16  -0.003492328687  0.9999939018  -0.003492321588
32  18  -1.597240122e-16  0.002106407613  0.9999977815  0.002106406056
32  19  1.335775447e-17  0.006710955855  0.9999774816  0.006710905482
32  20  1.013043595e-16  0.008459234976  0.9999642209  0.008459134088
32  21  4.022029362e-16  0.007055626918  0.9999751092  0.007055568378
32  22  1.764589127e-16  0.004877188611  0.9999881065  0.004877169275
32  23  -3.684171177e-16  0.003975218439  0.9999920988  0.003975207969
32  24  1.848223328e-17  0.004609978879  0.9999893741  0.00460996255
32  25  1.792918237e-16  0.005711131422  0.9999836915  0.005711100375
32  26  -1.219662573e-16  0.00577540769  0.9999833224  0.005775375583
32  27  1.792728698e-16  0.003895040118  0.9999924143  0.003895030269
32  28  4.049439607e-16  -0.001020458737  0.9999994793  -0.00102045856
32  29  -1.40552026e-17  -0.01346522113  0.9999093453  -0.01346481424
32  30  4.198956962e-17  -0.04830629372  0.9988334779  -0.0482875088
32  31  -3.572046957e-16  -0.1215041161  0.9926274518  -0.1212053708
32  32  -3.007444189e-16  -0.1554318114  0.9879447756  -0.1548067195
32  33  8.209705516e-18  -0.1198060058  0.9928318406  -0.1195196059
32  34  2.739908374e-16  -0.1089893198  0.994066541  -0.1087736732
32  35  -4.736817403e-17  -0.1382442731  0.9904594695  -0.1378043516
32  36  -4.736817403e-17  -0.1382442731  0.9904594695  -0.1378043516

33  0  -2.41908495e-16  -0.09802166322  0.9951997221  -0.09786476923
33  1  -7.753571501e-18  -0.1163426199  0.9932398278  -0.1160803361
33  2  8.783960963e-17  -0.07019712158  0.9975371936  -0.0701394848
33  3  -7.487171724e-17  -0.02710433475  0.9996327  -0.02710101619
33  4  -7.741388922e-17  -0.008450362393  0.9999642959  -0.008450261822
33  5  3.075494734e-18  -0.001296496424  0.9999991595  -0.001296496061
33  6  -2.435034097e-16  0.001276020931  0.9999991859  0.001276020584
33  7  -1.064040868e-16  0.001958696732  0.9999980818  0.001958695479
33  8  3.194574557e-16  0.002661781251  0.9999964575  0.002661778108
33  9  3.744113158e-16  0.0052766455  0.9999860785  0.005276621013
33  10  9.197760021e-17  0.01137430225  0.9999353133  0.01137405699
33  11  3.620834058e-17  0.02017029066  0.9997965866  0.02016892301
33  12  1.139989199e-16  0.02373141122  0.9997184233  0.02372918377
33  13  1.854726858e-16  0.01646246389  0.9998644967  0.01646172031
33  14  8.357984809e-17  0.006397879916  0.9999795336  0.006397836269
33  15  1.390528074e-16  -0.001527431488  0.9999988335  -0.001527430894
33  16  -8.988048208e-17  -0.006016664989  0.9999818999  -0.006016628688
33  17  -1.26895606e-16  -0.004473179974  0.9999899953  -0.004473165057
33  18  -1.456577884e-16  0.001873309185  0.9999982454  0.001873308089
33  19  1.756927968e-16  0.01059096513  0.9999439163  0.01059076713
33  20  1.55142687e-16  0.02006211621  0.9997987625  0.02006077044
33  21  -5.414681446e-17  0.02336574573  0.9997270334  0.02336361967
33  22  1.149433345e-16  0.01674158354  0.999859863  0.0167408015
33  23  -1.800194956e-17  0.008561375011  0.9999633517  0.008561270424
33  24  3.054922984e-17  0.003985130461  0.9999920594  0.003985119913
33  25  2.118635033e-17  0.002363285609  0.9999972074  0.002363283409
33  26  -2.933552134e-16  0.001818787159  0.999998346  0.001818786156
33  27  3.527617659e-17  0.0004338933718  0.9999999059  0.0004338933582
33  28  3.103976266e-16  -0.00381529491  0.9999927218  -0.003815285654
33  29  -2.315725606e-17  -0.01500087656  0.999887489  -0.01500031397
33  30  3.444178994e-17  -0.04423905137  0.9990216127  -0.04422462278
33  31  -2.700587652e-17  -0.1012671358  0.994876864  -0.1010941415
33  32  -1.736555324e-16  -0.1198060058  0.9928318406  -0.1195196059
33  33  -1.569604974e-16  -0.07498659164  0.9971898227  -0.0749163366
33  34  1.698663392e-16  -0.0522411508  0.9986357414  -0.05221739182
33  35  3.756895294e-16  -0.06082934071  0.9981504661  -0.06079183411
33  36  3.756895294e-16  -0.06082934071  0.9981504661  -0.06079183411

34  0  -1.479491098e-16  -0.03714814408  0.999310087  -0.03713960069
34  1  7.113773969e-17  -0.0786167873  0.9969112917  -0.07853582918
34  2  8.018973119e-17  -0.1163426199  0.9932398278  -0.1160803361
34  3  7.926181983e-19  -0.08144590944  0.9966851149  -0.08135589492
34  4  -1.731300737e-16  -0.03687313181  0.9993202631  -0.03686477675
34  5  1.662729071e-17  -0.01605812174  0.9998710711  -0.01605743161
34  6  -2.461627876e-16  -0.007754396942  0.9999699348  -0.00775431923
34  7  -1.924451162e-16  -0.004052508834  0.9999917886  -0.004052497741
34  8  3.872763075e-17  -0.0007659801871  0.9999997066  -0.0007659801122
34  9  5.213302421e-17  0.006015189367  0.9999819088  0.006015153093
34  10  9.670795095e-17  0.02220476278  0.9997534844  0.02220293815
34  11  -6.137545848e-17  0.05291908952  0.9986001117  0.05289439361
34  12  2.41506039e-16  0.0707571401  0.9974977578  0.07069811308
34  13  3.24860967e-16  0.04422498304  0.9990222348  0.04421056821
34  14  5.082281193e-17  0.01732251407  0.999849969  0.01732164776
34  15  1.099405811e-16  0.003754179987  0.9999929531  0.003754171168
34  16  -1.81027071e-17  -0.003683534856  0.9999932158  -0.003683526526
34  17  -8.911177075e-17  -0.005456034196  0.9999851159  -0.005456007127
34  18  -1.033133772e-16  -0.0006313142351  0.9999998007  -0.0006313141932
34  19  1.93370821e-16  0.009059670851  0.9999589615  0.009059546919
34  20  1.135516655e-16  0.02698781269  0.9996358511  0.02698453675
34  21  1.416713294e-16  0.05645201607  0.9984070081  0.05642203701
34  22  -2.004787757e-16  0.06801012614  0.9976882027  0.06795770951
34  23  -2.695054663e-16  0.03990140549  0.9992040445  0.03989081835
34  24  -6.482904994e-17  0.01416633895  0.9998996591  0.01416586512
34  25  -1.794421047e-17  0.002515029384  0.9999968373  0.002515026732
34  26  1.305074605e-16  -0.002306283434  0.9999973405  -0.002306281389
34  27  -2.249845423e-16  -0.005408919816  0.9999853718  -0.005408893442
34  28  2.765548205e-16  -0.01059852986  0.9999438361  -0.01059833144
34  29  1.741417852e-16  -0.02319471168  0.9997310147  -0.02319263197
34  30  2.344921483e-16  -0.05443592397  0.9985187309  -0.05440904323
34  31  -2.875074677e-17  -0.1084486813  0.994125203  -0.1082362266
34  32  -7.816077166e-17  -0.1089893198  0.994066541  -0.1087736732
34  33  1.090700357e-16  -0.0522411508  0.9986357414  -0.05221739182
34  34  -5.963390835e-17  -0.02762419837  0.9996184761  -0.02762068518
34  35  -4.492746192e-17  -0.0251498132  0.9996837601  -0.02514716202
34  36  -4.492746192e-17  -0.0251498132  0.9996837601  -0.02514716202

35  0  3.3805519e-18  -0.02118859916  0.99977553  -0.02118701374
35  1  1.791979837e-16  -0.03714814408  0.999310087  -0.03713960069
35  2  4.021786395e-17  -0.09802166322  0.9951997221  -0.09786476922
35  3  -3.396668317e-16  -0.1478363219  0.9890920992  -0.1472984021
35  4  -7.348670691e-17  -0.09673890396  0.9953244403  -0.0965880874
35  5  4.499385251e-17  -0.04590658275  0.9989464779  -0.04589046042
35  6  9.771451122e-17  -0.02367803749  0.9997196884  -0.02367582504
35  7  -2.74435862e-16  -0.01419462084  0.9998992581  -0.01419414417
35  8  1.544539604e-16  -0.007951718751  0.9999683853  -0.007951634954
35  9  2.0617339e-16  0.002174408213  0.999997636  0.0021744065
35  10  3.124248242e-16  0.02912903708  0.9995757796  0.02912491792
35  11  2.133079188e-16  0.1027143657  0.9947295157  0.1025338507
35  12  9.772811335e-17  0.1873365956  0.9825037591  0.1862427538
35  13  1.454698821e-16  0.1143652891  0.9934674152  0.1141161469
35  14  3.256590264e-16  0.03715825714  0.9993097114  0.03714970677
35  15  2.785702275e-16  0.01064665247  0.9999433249  0.01064645133
35  16  1.30861786e-16  -0.0002359597752  0.9999999722  -0.000235959773
35  17  2.75394523e-16  -0.005283599092  0.9999860418  -0.005283574509
35  18  1.451786826e-16  -0.003508319846  0.9999938459  -0.003508312649
35  19  5.276519448e-17  0.004254297629  0.9999909505  0.004254284796
35  20  -6.79596848e-17  0.02008059847  0.9997983916  0.02007924898
35  21  -1.414514379e-16  0.06388245682  0.9979602097  0.0638390153
35  22  -1.99590483e-16  0.1583191546  0.9874936779  0.1576586059
35  23  -8.37261624e-17  0.1623636009  0.9868479614  0.1616511707
35  24  1.551112856e-16  0.06286202505  0.9980248335  0.06282063194
35  25  -5.072319171e-17  0.01343259197  0.9999097841  0.01343218803
35  26  1.021759809e-16  -0.003559797472  0.9999936639  -0.003559789954
35  27  1.236995363e-16  -0.01090860974  0.9999405017  -0.01090839339
35  28  1.015170841e-16  -0.01783276429  0.9998410005  -0.01783181915
35  29  -1.228501643e-16  -0.03173730854  0.9994964139  -0.03173198087
35  30  -3.473383619e-16  -0.06566513174  0.9978448198  -0.06561795156
35  31  -7.010863127e-17  -0.1296662627  0.9916051022  -0.1293032142
35  32  7.478936328e-17  -0.1382442731  0.9904594695  -0.1378043516
35  33  1.071410125e-17  -0.06082934071  0.9981504661  -0.06079183411
35  34  5.528488247e-19  -0.0251498132  0.9996837601  -0.02514716202
35  35  -1.791310377e-16  -0.0197017703  0.9998059264  -0.01970049575
35  36  -1.791310377e-16  -0.0197017703  0.9998059264  -0.01970049575

36  0  3.3805519e-18  -0.02118859916  0.9998059264  -0.01970049575
36  1  7.113773969e-17  -0.0786167873  0.9998059264  -0.01970049575
36  2  8.783960963e-17  -0.07019712158  0.9998059264  -0.01970049575
36  3  -7.271376294e-18  -0.005949779331  0.9998059264  -0.01970049575
36  4  7.1273961e-17  0.00663873824  0.9998059264  -0.01970049575
36  5  -1.089476158e-16  0.01358316992  0.9998059264  -0.01970049575
36  6  -2.372817605e-16  0.02681085916  0.9998059264  -0.01970049575
36  7  -1.845692185e-16  0.08481412625  0.9998059264  -0.01970049575
36  8  3.354001993e-16  1.449025431  0.9998059264  -0.01970049575
36  9  -2.642191644e-16  0.2704157079  0.9998059264  -0.01970049575
36  10  -2.411655957e-16  0.03547058668  0.9998059264  -0.01970049575
36  11  -6.286819018e-17  0.01806108842  0.9998059264  -0.01970049575
36  12  -2.167726298e-16  0.01580419323  0.9998059264  -0.01970049575
36  13  5.51661666e-17  -0.006537704205  0.9998059264  -0.01970049575
36  14  -1.936930425e-16  -0.01455669029  0.9998059264  -0.01970049575
36  15  8.302808674e-17  -0.01031425156  0.9998059264  -0.01970049575
36  16  1.381955284e-16  -0.007061356955  0.9998059264  -0.01970049575
36  17  1.154347479e-16  -0.005789057264  0.9998059264  -0.01970049575
36  18  2.187928713e-16  -0.005789057264  0.9998059264  -0.01970049575
36  19  8.448513331e-17  -0.007061356955  0.9998059264  -0.01970049575
36  20  -2.44195928e-16  -0.01031425156  0.9998059264  -0.01970049575
36  21  1.104589066e-16  -0.01455669029  0.9998059264  -0.01970049575
36  22  1.195274224e-16  -0.006537704205  0.9998059264  -0.01970049575
36  23  -8.712444068e-17  0.01580419323  0.9998059264  -0.01970049575
36  24  -7.953647028e-18  0.01806108842  0.9998059264  -0.01970049575
36  25  1.424630276e-16  0.03547058668  0.9998059264  -0.01970049575
36  26  -2.314251031e-17  0.2704157079  0.9998059264  -0.01970049575
36  27  6.732736068e-17  1.449025431  0.9998059264  -0.01970049575
36  28  -2.683191826e-16  0.08481412625  0.9998059264  -0.01970049575
36  29  -2.515378732e-17  0.02681085916  0.9998059264  -0.01970049575
36  30  3.792182111e-17  0.01358316992  0.9998059264  -0.01970049575
36  31  -2.039681972e-16  0.00663873824  0.9998059264  -0.01970049575
36  32  -2.145926698e-18  -0.005949779331  0.9998059264  -0.01970049575
36  33  -9.485369236e-17  -0.07019712158  0.9998059264  -0.01970049575
36  34  -7.787288468e-17  -0.0786167873  0.9998059264  -0.01970049575
36  35  -1.678325514e-16  -0.02118859916  0.9998059264  -0.01970049575
36  36  -1.678325514e-16  -0.02118859916  0.9998059264  -0.01970049575

#Chern no*2pi*Iota= -8.362150703e-15  18.84955592
