#nx  ny  tilde_F(nx,ny).real()  tilde_F(nx,ny).imag()  ArgofLog.real()  ArgofLog.imag()
#Extra momentum point for pm3d corners2color c1
0  0  -9.398885201e-17  -0.0009287466202  0.9999995687  -0.0009287464867
0  1  -4.356796403e-16  -0.0005668436401  0.9999998393  -0.0005668436097
0  2  -4.063676893e-17  -3.799434777e-06  1  -3.799434777e-06
0  3  -1.370719038e-16  0.0003362353959  0.9999999435  0.0003362353895
0  4  3.880101818e-17  1.361404656e-05  0.9999999999  1.361404656e-05
0  5  -8.912617701e-17  -0.001945646148  0.9999981072  -0.00194564492
0  6  2.65122268e-17  -0.009547594872  0.9999544221  -0.009547449818
0  7  2.873689978e-17  -0.039518794  0.9992192341  -0.03950850849
0  8  2.078027462e-16  -0.07871926915  0.996903238  -0.07863799409
0  9  -7.514551217e-17  1.061193279  0.4878307707  0.8729382219
0  10  -5.34650964e-17  0.3175149203  0.9500142092  0.312206666
0  11  2.402046957e-17  0.03146989376  0.9995048638  0.03146469963
0  12  2.032363223e-16  -0.1199546953  0.9928140584  -0.1196672283
0  13  6.799797284e-17  1.054097736  0.4940124093  0.8694548519
0  14  -7.347773272e-18  -0.2793141661  0.9612447463  -0.2756964592
0  15  -9.688586083e-17  -0.07623810626  0.9970952829  -0.07616427525
0  16  3.054384456e-16  -0.04725313915  0.9988837781  -0.04723555618
0  17  4.88978944e-17  -0.03201233516  0.999487649  -0.03200686778
0  18  9.038406715e-17  -0.02876314589  0.9995863692  -0.02875918001
0  19  -3.026493367e-16  -0.0374976517  0.9992970454  -0.0374888649
0  20  -7.989074301e-17  -0.05691213933  0.9983809413  -0.05688142132
0  21  -2.838719773e-16  -0.112818741  0.9936427131  -0.1125795658
0  22  -5.050353623e-17  1.71848855  -0.1471558734  0.9891133145
0  23  2.522313223e-16  -0.9960248424  0.543643008  -0.8393165552
0  24  1.464981707e-16  0.009567016941  0.9999542364  0.009566871
0  25  1.026875285e-16  0.08544056202  0.9963521751  0.08533664599
0  26  -4.936571525e-17  1.287183372  0.2798260876  0.9600507074
0  27  -1.468531069e-17  -0.01251388445  0.9999217024  -0.01251355785
0  28  8.702487153e-17  -0.06523981433  0.997872638  -0.06519354486
0  29  -1.131186647e-17  -0.0196045625  0.9998078367  -0.01960330672
0  30  -2.985122655e-16  -0.004484377465  0.9999899452  -0.004484362435
0  31  2.372163027e-17  -0.0006504129792  0.9999997885  -0.0006504129333
0  32  5.217057851e-17  0.0002840368427  0.9999999597  0.0002840368389
0  33  -1.517911101e-16  0.0002107402776  0.9999999778  0.000210740276
0  34  -2.941597011e-16  -0.0002911583731  0.9999999576  -0.000291158369
0  35  -3.40898661e-17  -0.0008022166114  0.9999996782  -0.0008022165254
0  36  -3.40898661e-17  -0.0008022166114  0.9999996782  -0.0008022165254

1  0  -5.616601419e-16  -0.0005668436401  0.9999998393  -0.0005668436097
1  1  -1.422132741e-16  -0.0004580006773  0.9999998951  -0.0004580006613
1  2  2.439561955e-16  -5.806434586e-05  0.9999999983  -5.806434583e-05
1  3  1.397007549e-16  0.000287976964  0.9999999585  0.00028797696
1  4  1.488522944e-16  0.0001767673752  0.9999999844  0.0001767673743
1  5  -8.42436029e-17  -0.001040464562  0.9999994587  -0.001040464375
1  6  2.190534629e-17  -0.005517260146  0.99998478  -0.005517232155
1  7  -1.404806917e-16  -0.02238279569  0.9997495157  -0.02238092681
1  8  1.56409735e-16  -0.07086396329  0.9974901999  -0.07080466857
1  9  -5.455143261e-17  -0.09000042038  0.9959526952  -0.08987896788
1  10  -2.235042523e-17  -0.03178071424  0.9994950356  -0.03177536469
1  11  -3.575844622e-17  0.01265264236  0.9999199564  0.01265230477
1  12  1.358474007e-16  -0.08097861526  0.9967230233  -0.08089014091
1  13  5.49776409e-17  -0.2290516464  0.9738821604  -0.2270540411
1  14  -1.860817712e-16  -0.1136594543  0.9935477149  -0.1134148946
1  15  1.755213511e-17  -0.09240641776  0.9957335642  -0.09227496499
1  16  2.709498767e-16  -0.02623294472  0.999655936  -0.02622993605
1  17  -4.477158544e-17  -0.004956732265  0.9999877154  -0.004956711968
1  18  4.759896482e-17  0.005910946394  0.9999825304  0.005910911973
1  19  -7.558018475e-17  0.003753136555  0.999992957  0.003753127744
1  20  -6.797603951e-17  -0.01053131196  0.9999445462  -0.0105311173
1  21  6.003618517e-17  -0.03373855088  0.9994309091  -0.03373215054
1  22  -2.169537694e-17  0.00581287095  0.9999831053  0.005812838214
1  23  -2.39129615e-18  -0.2194862565  0.9760094346  -0.2177282333
1  24  -4.864597112e-17  -0.2848193654  0.9597124238  -0.2809840986
1  25  -1.473078661e-17  -0.0007374834978  0.9999997281  -0.0007374834309
1  26  1.445411994e-17  -0.02202271913  0.9997575097  -0.022020939
1  27  3.002291088e-16  -0.05789353401  0.9983246374  -0.05786119951
1  28  1.889009335e-16  -0.07700910952  0.9970362636  -0.07693301624
1  29  2.716492517e-16  -0.04059427219  0.9991761657  -0.04058312393
1  30  4.683092307e-17  -0.01104993287  0.9999389501  -0.01104970801
1  31  1.233602382e-16  -0.002612239622  0.9999965881  -0.002612236651
1  32  4.618886032e-16  -0.0002523493195  0.9999999682  -0.0002523493168
1  33  3.161125656e-16  0.0002928860035  0.9999999571  0.0002928859993
1  34  -2.377551301e-16  0.0001248567629  0.9999999922  0.0001248567626
1  35  -1.769552332e-16  -0.0002911583732  0.9999999576  -0.000291158369
1  36  -1.769552332e-16  -0.0002911583732  0.9999999576  -0.000291158369

2  0  -2.626260888e-16  -3.799434792e-06  1  -3.799434792e-06
2  1  2.448385517e-16  -5.806434588e-05  0.9999999983  -5.806434585e-05
2  2  -7.571835878e-17  0.0001167171995  0.9999999932  0.0001167171993
2  3  5.03984853e-17  0.0003195955676  0.9999999489  0.0003195955621
2  4  4.446331436e-17  0.0001986029542  0.9999999803  0.0001986029529
2  5  1.195096037e-16  -0.0007872305603  0.9999996901  -0.000787230479
2  6  -1.217459902e-16  -0.004081517605  0.9999916706  -0.004081506272
2  7  -1.638571776e-16  -0.01504557474  0.9998868175  -0.0150450071
2  8  -2.976812555e-16  -0.05046818021  0.9987267517  -0.05044675888
2  9  -2.174942501e-17  -0.1045832871  0.9945361509  -0.1043927419
2  10  4.467683808e-16  -0.08404104147  0.9964706297  -0.08394214753
2  11  -3.271173958e-17  -0.02245505416  0.9997478959  -0.02245316712
2  12  -1.963708853e-17  -0.1304243823  0.99150679  -0.1300549322
2  13  1.575431893e-16  -0.1825536909  0.9833832991  -0.1815414196
2  14  -3.305544657e-17  -1.21657248  0.3468625029  -0.9379159899
2  15  9.123313205e-18  -0.05435476555  0.9985231434  -0.05432800485
2  16  -2.441187455e-16  -0.04924755639  0.9987875842  -0.04922765195
2  17  -5.05913126e-16  0.02572055687  0.9996692447  0.02571772107
2  18  4.447543269e-17  0.07784665721  0.9969714789  0.07776805458
2  19  6.211979437e-17  0.1051467883  0.9944771676  0.1049531476
2  20  2.652670352e-17  0.05980642342  0.9982121289  0.05977077711
2  21  2.327700004e-16  0.008035305205  0.9999677171  0.008035218737
2  22  1.701390157e-16  -0.06601950815  0.9978215037  -0.0659715601
2  23  -3.765504424e-17  -0.7653481542  0.721141204  -0.6927881089
2  24  1.903886603e-16  -0.5970736618  0.8269844136  -0.562224848
2  25  1.163955393e-16  -0.1787331172  0.9840697127  -0.1777830154
2  26  -3.235627309e-16  -0.04073455136  0.9991704629  -0.04072328713
2  27  -1.473080635e-16  -0.05888576515  0.9982667343  -0.05885173966
2  28  2.595924714e-16  -0.1004888299  0.9949552448  -0.1003197925
2  29  2.623474318e-16  -0.07260894704  0.9973651283  -0.07254516408
2  30  -3.930424968e-17  -0.02707332237  0.99963354  -0.02707001519
2  31  -1.271772665e-16  -0.007891446247  0.9999688627  -0.007891364341
2  32  2.021299486e-16  -0.002024060828  0.9999979516  -0.002024059446
2  33  -1.480335377e-16  -0.0001775243177  0.9999999842  -0.0001775243168
2  34  -1.708033045e-17  0.0002928860035  0.9999999571  0.0002928859993
2  35  2.924209235e-16  0.0002107402776  0.9999999778  0.000210740276
2  36  2.924209235e-16  0.0002107402776  0.9999999778  0.000210740276

3  0  -1.319787428e-16  0.0003362353959  0.9999999435  0.0003362353895
3  1  2.515063635e-16  0.000287976964  0.9999999585  0.00028797696
3  2  -1.713090271e-16  0.0003195955676  0.9999999489  0.0003195955621
3  3  -1.021583488e-16  0.0003677074362  0.9999999324  0.0003677074279
3  4  3.646290318e-17  0.0001512783861  0.9999999886  0.0001512783856
3  5  -5.398452872e-17  -0.0008402199831  0.999999647  -0.0008402198842
3  6  -3.120465531e-16  -0.003820028262  0.9999927037  -0.003820018972
3  7  -4.584876298e-17  -0.01268257343  0.9999195772  -0.01268223344
3  8  -2.083341149e-16  -0.0395819557  0.9992167367  -0.0395716208
3  9  -1.100536077e-16  -0.09563422232  0.995430532  -0.09548851205
3  10  -2.619334282e-17  -0.1009882361  0.9949050204  -0.1008166668
3  11  -3.665067845e-17  -0.05728693563  0.9983595522  -0.0572556068
3  12  -1.916392476e-16  -0.1904900552  0.9819115659  -0.1893401085
3  13  -9.149860993e-17  -0.05056051056  0.9987220897  -0.05053897145
3  14  2.000132195e-16  -0.49634768  0.8793277203  -0.4762171357
3  15  2.871655155e-17  -0.1398708499  0.99023401  -0.139415227
3  16  -2.097319346e-16  -0.1255742617  0.9921259077  -0.1252444939
3  17  -1.39304703e-16  -0.04537816337  0.9989705878  -0.04536259136
3  18  1.639536229e-16  0.0760962018  0.9971060809  0.07602278222
3  19  1.691567358e-16  0.218673154  0.9761861473  0.2169345657
3  20  -1.337927223e-16  0.1583360108  0.9874910203  0.1576752513
3  21  -6.132391655e-17  0.03195020739  0.9994896355  0.03194477178
3  22  -1.405152196e-16  -0.1388977221  0.9903692099  -0.1384515369
3  23  -2.254703128e-16  -0.06871480147  0.9976400668  -0.06866073885
3  24  1.236279998e-16  -0.6068934472  0.8214237029  -0.5703184201
3  25  7.808192145e-17  -0.02814571763  0.9996039354  -0.02814200169
3  26  -7.887436766e-18  -0.1294177011  0.9916372114  -0.1290567353
3  27  1.246255023e-16  -0.1132542073  0.9935935943  -0.1130122531
3  28  -2.630914865e-17  -0.08148994838  0.9966815312  -0.0813997878
3  29  -2.694476558e-16  -0.1081730757  0.9941549957  -0.1079622361
3  30  -1.448010075e-16  -0.06199782836  0.9980787502  -0.06195811883
3  31  -3.147103702e-16  -0.02212010609  0.9997553604  -0.02211830224
3  32  2.523363473e-17  -0.007109911933  0.9999747247  -0.007109852032
3  33  -9.797328642e-17  -0.002024060828  0.9999979516  -0.002024059446
3  34  -8.66337838e-17  -0.0002523493195  0.9999999682  -0.0002523493169
3  35  1.505322981e-16  0.0002840368426  0.9999999597  0.0002840368388
3  36  1.505322981e-16  0.0002840368426  0.9999999597  0.0002840368388

4  0  -1.829966515e-16  1.361404657e-05  0.9999999999  1.361404657e-05
4  1  3.405951732e-17  0.0001767673752  0.9999999844  0.0001767673743
4  2  -1.743207375e-16  0.0001986029542  0.9999999803  0.0001986029529
4  3  -1.841331068e-16  0.0001512783862  0.9999999886  0.0001512783856
4  4  -5.009148807e-18  -0.0001731381561  0.999999985  -0.0001731381552
4  5  -2.187840363e-18  -0.001300863882  0.9999991539  -0.001300863515
4  6  -6.046486812e-17  -0.00446945182  0.999990012  -0.004469436939
4  7  2.310011363e-16  -0.0132026184  0.9999128467  -0.01320223485
4  8  3.52352802e-17  -0.03730817827  0.9993041306  -0.037299524
4  9  -2.052414013e-16  -0.08792640997  0.996136963  -0.08781315979
4  10  -1.009190107e-17  -0.1066395834  0.994319386  -0.1064375808
4  11  9.419738109e-17  -0.1018006418  0.9948227881  -0.1016248999
4  12  6.615864589e-17  -0.3304658409  0.9458912884  -0.3244836985
4  13  -1.63274134e-17  -0.006529682981  0.9999786817  -0.006529636581
4  14  2.149963403e-16  0.003113104936  0.9999951543  0.003113099907
4  15  2.241931684e-16  -0.07136917259  0.9974543014  -0.07130860084
4  16  1.123104547e-16  -0.01995501679  0.9998009053  -0.01995369246
4  17  -2.417794383e-16  -0.2715737323  0.9633499392  -0.2682478232
4  18  -2.779055833e-17  -0.0629704192  0.9980180182  -0.06292881163
4  19  4.075002811e-17  0.09978162099  0.9950259431  0.09961612624
4  20  9.617994323e-17  0.15613106  0.9878362857  0.1554975006
4  21  1.492000553e-16  0.04218709865  0.9991102563  0.04217458601
4  22  -3.005225864e-16  -0.2616443456  0.9659659425  -0.2586692828
4  23  -2.524580637e-16  -0.09877400615  0.9951258126  -0.09861347293
4  24  4.651081219e-17  -0.05042948285  0.9987287031  -0.05040811076
4  25  -1.968205601e-16  -0.04166781319  0.9991320223  -0.04165575692
4  26  -3.289592233e-16  0.01793455879  0.9998391801  0.01793359737
4  27  1.222871075e-16  -0.1114016123  0.9938012551  -0.1111713337
4  28  8.757869953e-17  -0.2783837779  0.961500835  -0.2748020092
4  29  1.905187901e-16  -0.1023383842  0.9947679963  -0.1021598436
4  30  1.032104916e-16  -0.1060443583  0.9943825642  -0.1058457181
4  31  -6.881720132e-17  -0.05815038507  0.9983097427  -0.05811761834
4  32  2.84361028e-17  -0.02212010609  0.9997553604  -0.02211830224
4  33  -2.977397357e-16  -0.007891446247  0.9999688627  -0.007891364341
4  34  -2.359157482e-16  -0.002612239622  0.9999965881  -0.002612236651
4  35  -1.765807747e-16  -0.0006504129792  0.9999997885  -0.0006504129334
4  36  -1.765807747e-16  -0.0006504129792  0.9999997885  -0.0006504129334

5  0  2.815187995e-16  -0.001945646148  0.9999981072  -0.00194564492
5  1  1.558645009e-16  -0.001040464562  0.9999994587  -0.001040464375
5  2  -1.007426921e-17  -0.0007872305603  0.9999996901  -0.000787230479
5  3  -1.532531156e-16  -0.0008402199831  0.999999647  -0.0008402198843
5  4  -2.047890603e-16  -0.001300863882  0.9999991539  -0.001300863515
5  5  -1.682023424e-16  -0.002763604493  0.9999961812  -0.002763600976
5  6  -1.18175716e-16  -0.006744615724  0.9999772552  -0.006744564588
5  7  -1.294269599e-16  -0.01715625304  0.9998528351  -0.01715541143
5  8  -3.587396811e-16  -0.04269221565  0.9990888258  -0.04267924818
5  9  -1.987100538e-16  -0.08950007582  0.995997541  -0.08938063713
5  10  -6.724419249e-17  -0.1066348298  0.994319892  -0.1064328542
5  11  -7.791515362e-17  -0.1479976645  0.9890683209  -0.1474579827
5  12  1.346762373e-16  -0.7164019904  0.7541733301  -0.6566754055
5  13  -8.456007222e-17  0.008906438864  0.9999603379  0.008906321115
5  14  1.729613129e-17  0.04809348717  0.9988437311  0.0480749494
5  15  -6.955795965e-17  0.02362274931  0.9997209958  0.02362055232
5  16  1.936471133e-16  -0.007143690993  0.9999744839  -0.007143630234
5  17  1.02510655e-16  -0.0218175985  0.9997620056  -0.02181586765
5  18  1.086770469e-16  -0.3959895258  0.9226153349  -0.3857213292
5  19  7.505935514e-17  -0.07575469865  0.9971319848  -0.07568226292
5  20  1.426496614e-16  0.06735641028  0.9977324145  0.06730549044
5  21  5.673420847e-17  0.03879267195  0.9992476587  0.03878294302
5  22  -1.054665713e-16  -0.3642105987  0.9344052463  -0.3562117848
5  23  7.00116367e-17  -0.1377469218  0.9905278842  -0.1373117282
5  24  -3.133250941e-16  -0.005809270519  0.9999831262  -0.005809237845
5  25  -4.99443914e-16  -0.01939860211  0.999811853  -0.01939738549
5  26  -3.441458263e-16  0.06393085037  0.9979571191  0.06388731007
5  27  2.221567032e-16  0.03253601817  0.9994707505  0.03253027807
5  28  -1.041127188e-17  -0.1386464074  0.9904039735  -0.1382026382
5  29  1.148576611e-16  -0.6669760111  0.7856959339  -0.6186128833
5  30  -9.901662775e-17  -0.1121791025  0.9937145201  -0.1119439707
5  31  -1.394723825e-16  -0.1060443583  0.9943825642  -0.1058457181
5  32  3.940090503e-17  -0.06199782836  0.9980787502  -0.06195811883
5  33  -1.921242314e-16  -0.02707332237  0.99963354  -0.02707001519
5  34  -4.595110738e-17  -0.01104993287  0.9999389501  -0.01104970801
5  35  -2.289343879e-16  -0.004484377465  0.9999899452  -0.004484362435
5  36  -2.289343879e-16  -0.004484377465  0.9999899452  -0.004484362435

6  0  -4.122528324e-17  -0.009547594872  0.9999544221  -0.009547449818
6  1  -7.234559426e-17  -0.005517260146  0.99998478  -0.005517232155
6  2  1.144598476e-16  -0.004081517605  0.9999916706  -0.004081506272
6  3  2.854582872e-17  -0.003820028262  0.9999927037  -0.003820018972
6  4  -9.303828489e-18  -0.00446945182  0.999990012  -0.004469436939
6  5  2.246391954e-16  -0.006744615724  0.9999772552  -0.006744564588
6  6  -2.152774778e-16  -0.01289003931  0.9999169246  -0.01288968236
6  7  1.460670087e-17  -0.02813444617  0.9996042526  -0.02813073469
6  8  -1.044508889e-16  -0.05876258738  0.9982739759  -0.05872877494
6  9  4.581835344e-17  -0.09846937644  0.995155807  -0.09831032347
6  10  -5.420499315e-17  -0.1026341543  0.9947377369  -0.1024540618
6  11  -1.079294632e-17  -0.1381521926  0.9904721544  -0.137713149
6  12  -8.353182225e-17  -0.7805398677  0.7105337566  -0.703663116
6  13  -1.15412599e-16  0.01415066076  0.9998998811  0.0141501885
6  14  2.51992023e-16  0.0625124127  0.9980467353  0.0624717063
6  15  -1.726926868e-17  0.1020354793  0.9947988953  0.1018585188
6  16  7.849757798e-18  0.01196889528  0.9999283736  0.01196860951
6  17  2.634737244e-16  0.001118846182  0.9999993741  0.001118845949
6  18  -1.969855e-17  -0.02291232179  0.9997375242  -0.02291031711
6  19  5.747999537e-17  -0.3485808215  0.9398583999  -0.3415643251
6  20  1.082773876e-16  -0.07300111583  0.9973366017  -0.07293629397
6  21  -1.784340398e-16  0.01148727764  0.999934022  0.011487025
6  22  -4.891213025e-16  -0.3053925115  0.9537290106  -0.300667548
6  23  2.42816916e-16  -0.1407078395  0.990116974  -0.1402439936
6  24  1.076794279e-16  -0.001145211768  0.9999993442  -0.001145211517
6  25  -4.308089055e-17  2.386785377e-05  0.9999999997  2.386785377e-05
6  26  -2.844122421e-16  0.04522211584  0.9989776544  0.04520670391
6  27  -2.306555671e-16  0.1057107543  0.9944178194  0.1055139821
6  28  1.964657152e-16  0.03920157986  0.9992317165  0.03919154004
6  29  2.908629942e-16  -0.2010628934  0.97985486  -0.1997109246
6  30  3.591369356e-16  -0.6669760111  0.7856959339  -0.6186128833
6  31  1.909634045e-16  -0.1023383842  0.9947679963  -0.1021598436
6  32  -1.190761473e-16  -0.1081730757  0.9941549957  -0.1079622361
6  33  -2.693372946e-16  -0.07260894704  0.9973651283  -0.07254516408
6  34  2.577917174e-17  -0.04059427219  0.9991761657  -0.04058312393
6  35  -1.686969728e-16  -0.0196045625  0.9998078367  -0.01960330672
6  36  -1.686969728e-16  -0.0196045625  0.9998078367  -0.01960330672

7  0  -2.188368843e-16  -0.039518794  0.9992192341  -0.03950850849
7  1  -1.888705658e-16  -0.02238279569  0.9997495157  -0.02238092681
7  2  8.884773264e-17  -0.01504557474  0.9998868175  -0.0150450071
7  3  1.199837731e-16  -0.01268257343  0.9999195772  -0.01268223344
7  4  -1.608068872e-17  -0.0132026184  0.9999128467  -0.01320223485
7  5  2.825721372e-16  -0.01715625304  0.9998528351  -0.01715541143
7  6  5.919800038e-17  -0.02813444617  0.9996042526  -0.02813073469
7  7  1.95429391e-16  -0.05271850231  0.9986107016  -0.05269408614
7  8  -4.344889605e-19  -0.0841251576  0.9964635653  -0.08402596649
7  9  6.849159107e-17  -0.09688207372  0.9953106016  -0.09673058677
7  10  -2.282574736e-17  -0.08719007956  0.9962013524  -0.08707965012
7  11  -7.545852491e-17  -0.08259812422  0.9965907139  -0.08250423599
7  12  -4.516063313e-17  -0.364161308  0.9344228031  -0.3561657269
7  13  -1.704217259e-16  0.0124292694  0.9999227576  0.01242894937
7  14  7.871267386e-17  0.06650796367  0.9977891605  0.06645894363
7  15  -1.467325569e-16  0.1561734427  0.9878296944  0.1555393677
7  16  1.331851146e-16  0.05884536967  0.9982691108  0.05881141415
7  17  7.72247521e-17  0.01343356036  0.9999097711  0.01343315633
7  18  -5.758084179e-17  0.007269350674  0.9999735784  0.007269286651
7  19  1.851105144e-16  -0.0219153398  0.9997598686  -0.02191358558
7  20  -6.958678419e-17  -0.2394389372  0.9714711881  -0.2371576074
7  21  7.967332262e-18  -0.101740394  0.994828909  -0.1015649639
7  22  -1.465712637e-16  -0.2091041141  0.9782172785  -0.2075836122
7  23  -1.988817291e-16  -0.1321675372  0.9912785778  -0.1317830837
7  24  -9.296355592e-17  0.002842581725  0.9999959599  0.002842577897
7  25  -2.508933761e-16  0.008731147196  0.9999618838  0.008731036263
7  26  -2.784097252e-16  0.0239108392  0.9997141495  0.02390856085
7  27  1.110344592e-16  0.1183258594  0.9930076595  0.118049939
7  28  2.150482981e-16  0.1220247412  0.9925642147  0.1217221411
7  29  8.427442025e-17  0.03920157986  0.9992317165  0.03919154004
7  30  -2.874476013e-16  -0.1386464074  0.9904039735  -0.1382026382
7  31  -1.645970894e-16  -0.2783837779  0.961500835  -0.2748020092
7  32  -3.892696461e-17  -0.08148994838  0.9966815312  -0.0813997878
7  33  -2.031307402e-16  -0.1004888299  0.9949552448  -0.1003197925
7  34  -2.688500403e-16  -0.07700910952  0.9970362636  -0.07693301624
7  35  -1.112411456e-16  -0.06523981433  0.997872638  -0.06519354486
7  36  -1.112411456e-16  -0.06523981433  0.997872638  -0.06519354486

8  0  1.61612283e-16  -0.07871926915  0.996903238  -0.07863799408
8  1  3.760851673e-16  -0.07086396329  0.9974901999  -0.07080466857
8  2  6.19688237e-17  -0.05046818021  0.9987267517  -0.05044675888
8  3  2.289476065e-16  -0.0395819557  0.9992167367  -0.0395716208
8  4  1.156334083e-16  -0.03730817827  0.9993041306  -0.037299524
8  5  2.672780868e-18  -0.04269221565  0.9990888258  -0.04267924818
8  6  -1.877427391e-16  -0.05876258738  0.9982739759  -0.05872877494
8  7  1.038469615e-17  -0.0841251576  0.9964635653  -0.08402596649
8  8  -2.824862243e-17  -0.07967741196  0.996827434  -0.07959313351
8  9  -3.048988954e-16  -0.03091108375  0.9995222905  -0.03090616142
8  10  -4.130182721e-17  -0.04832739889  0.9988324585  -0.04830858935
8  11  1.29548159e-16  -0.03783179051  0.9992844632  -0.03782276673
8  12  6.871915333e-17  -0.190647459  0.9818817509  -0.1894946628
8  13  6.305146908e-17  0.002455766931  0.9999969846  0.002455764462
8  14  7.656636613e-17  0.05936968153  0.9982381381  0.05933481037
8  15  -3.820135482e-17  0.1438550068  0.9896707001  0.1433593577
8  16  -2.738079127e-17  0.07481241678  0.9972028561  0.07474265006
8  17  9.069788835e-18  0.02997775552  0.9995507007  0.02997326572
8  18  -1.499225656e-17  0.0196424044  0.9998070942  0.01964114133
8  19  -2.22857857e-16  0.01408835548  0.9999007608  0.01408788944
8  20  -1.343997481e-16  -0.02876552144  0.9995863009  -0.02876155457
8  21  -6.579855026e-17  -0.190419906  0.9819248456  -0.1892712278
8  22  2.107889824e-16  -0.1989698954  0.980270708  -0.1976596545
8  23  4.547645864e-18  -0.1566543266  0.9877547838  -0.1560143811
8  24  1.80220859e-17  0.005729801735  0.9999835847  0.005729770383
8  25  1.163435736e-16  0.01678486249  0.9998591375  0.01678407436
8  26  -2.220609308e-16  0.02382015995  0.9997163134  0.02381790742
8  27  -2.189585801e-16  0.04793839713  0.9988511751  0.04792003811
8  28  -2.453284146e-16  0.1183258594  0.9930076595  0.118049939
8  29  -1.192994365e-16  0.1057107543  0.9944178194  0.1055139821
8  30  -2.936664744e-17  0.03253601817  0.9994707505  0.03253027807
8  31  -1.885030116e-16  -0.1114016123  0.9938012551  -0.1111713337
8  32  -7.794017584e-17  -0.1132542073  0.9935935943  -0.1130122531
8  33  -1.838023231e-16  -0.05888576516  0.9982667343  -0.05885173966
8  34  1.743991085e-17  -0.05789353401  0.9983246374  -0.05786119951
8  35  1.286005474e-17  -0.01251388445  0.9999217024  -0.01251355785
8  36  1.286005474e-17  -0.01251388445  0.9999217024  -0.01251355785

9  0  -2.944650226e-16  1.061193279  0.4878307706  0.8729382219
9  1  6.312824986e-17  -0.09000042038  0.9959526952  -0.08987896788
9  2  3.521220699e-16  -0.1045832871  0.9945361509  -0.1043927419
9  3  -1.510059483e-17  -0.09563422232  0.995430532  -0.09548851205
9  4  1.288407288e-16  -0.08792640996  0.996136963  -0.08781315979
9  5  1.354011961e-16  -0.08950007582  0.995997541  -0.08938063713
9  6  -2.354446006e-16  -0.09846937644  0.995155807  -0.09831032347
9  7  -2.988318099e-16  -0.09688207371  0.9953106016  -0.09673058677
9  8  -1.890054753e-16  -0.03091108375  0.9995222905  -0.03090616142
9  9  -2.057831744e-16  2.067736915  -0.4767384125  0.8790452128
9  10  -1.115147272e-16  0.2211918286  0.975636664  0.2193925703
9  11  2.948386983e-17  -0.002138692786  0.999997713  -0.002138691156
9  12  -1.074798106e-16  -0.1333471355  0.9911224371  -0.1329523023
9  13  -3.141121526e-16  -0.02470317559  0.9996948921  -0.02470066316
9  14  1.714872476e-16  0.0424774777  0.9990979676  0.04246470491
9  15  5.994691638e-17  0.07153176976  0.9974426937  0.07147078314
9  16  -1.485884098e-16  0.02756115364  0.9996202154  0.02755766445
9  17  5.632094081e-17  0.02191724469  0.9997598268  0.02191549002
9  18  1.351963495e-16  0.02344703661  0.9997251308  0.02344488829
9  19  -2.432774848e-16  0.02224742987  0.9997525361  0.02224559469
9  20  -1.1763543e-16  0.01389717526  0.9999034358  0.01389672794
9  21  2.042096224e-17  -0.068525037  0.9976530782  -0.06847142097
9  22  6.052808802e-17  -0.09615815922  0.9953803654  -0.09601004172
9  23  -1.350188639e-16  -0.1905377461  0.981902535  -0.1893869365
9  24  -1.93336104e-16  -0.02091196178  0.9997813529  -0.02091043765
9  25  1.287413485e-17  0.01976640709  0.9998046509  0.01976511995
9  26  -1.625888586e-16  0.02378372551  0.9997171805  0.02378148331
9  27  1.866757069e-16  0.02382015995  0.9997163134  0.02381790742
9  28  7.974535633e-17  0.0239108392  0.9997141495  0.02390856085
9  29  -7.733465199e-17  0.04522211583  0.9989776544  0.04520670391
9  30  -2.762552627e-16  0.06393085037  0.9979571191  0.06388731007
9  31  2.449309768e-16  0.01793455879  0.9998391801  0.01793359737
9  32  2.090597567e-16  -0.1294177011  0.9916372114  -0.1290567353
9  33  9.638852193e-17  -0.04073455136  0.9991704629  -0.04072328713
9  34  1.430117894e-16  -0.02202271913  0.9997575097  -0.02202093901
9  35  1.588882232e-16  1.287183371  0.2798260878  0.9600507073
9  36  1.588882232e-16  1.287183371  0.2798260878  0.9600507073

10  0  -2.999777084e-16  0.3175149203  0.9500142092  0.312206666
10  1  -2.260125212e-16  -0.03178071425  0.9994950356  -0.03177536469
10  2  9.063928425e-17  -0.08404104147  0.9964706297  -0.08394214753
10  3  -1.670318611e-17  -0.1009882361  0.9949050204  -0.1008166668
10  4  2.235451493e-16  -0.1066395834  0.994319386  -0.1064375808
10  5  4.425275404e-16  -0.1066348298  0.994319892  -0.1064328542
10  6  -9.323047885e-17  -0.1026341543  0.9947377369  -0.1024540618
10  7  1.405819153e-16  -0.08719007956  0.9962013524  -0.08707965012
10  8  6.350242164e-17  -0.0483273989  0.9988324585  -0.04830858935
10  9  -1.072718898e-17  0.2211918286  0.975636664  0.2193925703
10  10  8.189230862e-17  0.1284000123  0.9917680375  0.1280474905
10  11  8.83843864e-17  0.02379283187  0.9997169639  0.02379058708
10  12  -2.288995464e-16  -0.1052186496  0.9944696229  -0.1050246117
10  13  3.503835659e-18  -0.1027986799  0.9947208671  -0.1026177202
10  14  1.417203031e-16  -0.01710983652  0.9998536303  -0.01710900172
10  15  -5.96634799e-17  -0.04261154149  0.9990922656  -0.04259864739
10  16  -1.464447687e-16  -0.004742802216  0.9999887529  -0.004742784435
10  17  -1.917587168e-16  0.005138847378  0.9999867962  0.00513882476
10  18  -3.549045288e-17  0.01303707597  0.9999150185  0.01303670667
10  19  2.931145192e-17  0.01905319906  0.9998184933  0.01905204629
10  20  -1.873350758e-16  0.01671512109  0.9998603056  0.01671434275
10  21  -3.237516252e-18  -0.08423240397  0.9964545481  -0.08413283311
10  22  2.88472874e-17  -0.5748898974  0.8392521749  -0.5437423902
10  23  -6.091142548e-17  0.03054076602  0.9995336671  0.03053601848
10  24  1.180076708e-16  -0.7577726335  0.726368692  -0.687305262
10  25  7.979432421e-17  0.0001320472113  0.9999999913  0.0001320472109
10  26  -6.734130224e-17  0.01976640709  0.9998046509  0.01976511995
10  27  2.316882822e-16  0.01678486249  0.9998591375  0.01678407436
10  28  -3.128707362e-17  0.008731147196  0.9999618838  0.008731036263
10  29  6.287553425e-17  2.386785356e-05  0.9999999997  2.386785356e-05
10  30  -1.05482055e-16  -0.01939860211  0.999811853  -0.0193973855
10  31  1.306900829e-16  -0.04166781319  0.9991320223  -0.04165575692
10  32  7.473817384e-17  -0.02814571763  0.9996039354  -0.02814200169
10  33  1.27174762e-17  -0.1787331172  0.9840697127  -0.1777830154
10  34  -2.903596722e-16  -0.0007374834989  0.9999997281  -0.0007374834321
10  35  1.112070501e-16  0.08544056201  0.9963521751  0.08533664599
10  36  1.112070501e-16  0.08544056201  0.9963521751  0.08533664599

11  0  5.54760333e-17  0.03146989376  0.9995048638  0.03146469963
11  1  -2.750617013e-17  0.01265264236  0.9999199564  0.01265230477
11  2  8.056316686e-17  -0.02245505416  0.9997478959  -0.02245316712
11  3  -3.548988079e-17  -0.05728693563  0.9983595522  -0.0572556068
11  4  1.147739917e-16  -0.1018006418  0.9948227881  -0.1016248999
11  5  1.214424485e-17  -0.1479976645  0.9890683209  -0.1474579827
11  6  -2.246536293e-16  -0.1381521926  0.9904721544  -0.137713149
11  7  -1.414150098e-16  -0.08259812422  0.9965907139  -0.08250423599
11  8  1.255115289e-16  -0.03783179051  0.9992844632  -0.03782276673
11  9  1.252148053e-16  -0.002138692786  0.999997713  -0.002138691156
11  10  1.467396759e-16  0.02379283187  0.9997169639  0.02379058708
11  11  2.357231884e-17  0.02045867574  0.9997907286  0.02045724859
11  12  -5.124620726e-17  -0.07835117672  0.9969321165  -0.07827103622
11  13  2.125700932e-16  -0.3128799733  0.9514510609  -0.3078000628
11  14  1.546728639e-16  -0.9855206132  0.5524292271  -0.8335598053
11  15  1.023845456e-16  -0.1573569631  0.9876449186  -0.1567083751
11  16  1.229437725e-16  -0.009416940635  0.9999556609  -0.009416801455
11  17  -1.835296808e-16  -0.002313403413  0.9999973241  -0.00231340135
11  18  2.773021215e-16  0.001412992906  0.9999990017  0.001412992435
11  19  2.347874537e-16  0.005913800011  0.9999825135  0.005913765541
11  20  3.790022572e-16  0.004825413497  0.9999883577  0.004825394771
11  21  -6.816398378e-17  -0.1024584671  0.9947557214  -0.1022792975
11  22  1.239551969e-16  -1.659265909  -0.08835422053  -0.9960891184
11  23  2.351037677e-16  0.5801452631  0.8363830334  0.5481454382
11  24  9.428793739e-17  -0.818188749  0.6835443761  -0.7299089572
11  25  3.860832589e-17  -0.7577726334  0.7263686921  -0.687305262
11  26  2.519521619e-16  -0.02091196178  0.9997813529  -0.02091043765
11  27  7.828575521e-18  0.005729801735  0.9999835847  0.005729770383
11  28  -1.144698335e-16  0.002842581725  0.9999959599  0.002842577897
11  29  -1.676003042e-16  -0.001145211768  0.9999993442  -0.001145211518
11  30  -3.341964355e-17  -0.00580927052  0.9999831262  -0.005809237845
11  31  1.321039815e-16  -0.05042948285  0.9987287031  -0.05040811076
11  32  9.308344671e-17  -0.6068934471  0.821423703  -0.57031842
11  33  1.280835279e-16  -0.5970736617  0.8269844136  -0.562224848
11  34  -2.330641777e-16  -0.2848193654  0.9597124238  -0.2809840986
11  35  2.524984022e-16  0.009567016941  0.9999542364  0.009566871
11  36  2.524984022e-16  0.009567016941  0.9999542364  0.009566871

12  0  -1.219159143e-16  -0.1199546953  0.9928140584  -0.1196672283
12  1  -2.193534046e-16  -0.08097861526  0.9967230233  -0.08089014091
12  2  -1.747981149e-16  -0.1304243823  0.99150679  -0.1300549322
12  3  3.723275493e-17  -0.1904900552  0.9819115659  -0.1893401085
12  4  -9.380748914e-18  -0.3304658409  0.9458912884  -0.3244836985
12  5  4.851783561e-17  -0.7164019904  0.7541733301  -0.6566754055
12  6  -2.866735332e-16  -0.7805398677  0.7105337566  -0.703663116
12  7  -1.059959015e-16  -0.364161308  0.9344228031  -0.3561657269
12  8  8.821019755e-17  -0.190647459  0.9818817509  -0.1894946628
12  9  9.159346324e-17  -0.1333471355  0.9911224371  -0.1329523023
12  10  3.690150196e-16  -0.1052186496  0.9944696229  -0.1050246117
12  11  -4.670439878e-17  -0.07835117672  0.9969321165  -0.07827103622
12  12  -1.865896311e-16  -0.2385847488  0.9716734109  -0.2363277016
12  13  -4.432568524e-17  -0.8986536048  0.6226640721  -0.7824892672
12  14  1.147875975e-16  -0.9228134021  0.6035794147  -0.7973028848
12  15  -4.050163891e-17  -0.06727368972  0.9977379786  -0.06722295723
12  16  -1.182996035e-17  -0.05572644865  0.9984476832  -0.05569761063
12  17  -5.463461311e-16  -0.104244258  0.9945714859  -0.1040555591
12  18  1.251162735e-16  -0.1400098367  0.9902146235  -0.1395528551
12  19  7.015804153e-17  -0.1411404463  0.9900562109  -0.1406723118
12  20  4.433114565e-17  -0.1388337205  0.990378069  -0.1383881514
12  21  -1.913867014e-16  -0.1706764669  0.9854700952  -0.1698490258
12  22  -1.308037234e-16  -0.0415884402  0.9991353255  -0.04157645269
12  23  -5.939651601e-17  0.3444987668  0.9412448498  0.3377249365
12  24  1.871875309e-16  0.5801452631  0.8363830334  0.5481454382
12  25  1.054316263e-16  0.03054076601  0.9995336671  0.03053601848
12  26  1.243704501e-16  -0.1905377461  0.981902535  -0.1893869365
12  27  6.406933908e-18  -0.1566543266  0.9877547838  -0.1560143811
12  28  5.621494926e-18  -0.1321675372  0.9912785778  -0.1317830837
12  29  -1.255211359e-16  -0.1407078395  0.990116974  -0.1402439936
12  30  -1.73371601e-16  -0.1377469217  0.9905278842  -0.1373117282
12  31  -1.721260616e-16  -0.09877400614  0.9951258126  -0.09861347293
12  32  5.866942831e-17  -0.06871480147  0.9976400668  -0.06866073885
12  33  -9.824465596e-17  -0.7653481543  0.721141204  -0.6927881089
12  34  -2.357269056e-16  -0.2194862565  0.9760094346  -0.2177282334
12  35  1.902422972e-16  -0.9960248422  0.5436430081  -0.8393165552
12  36  1.902422972e-16  -0.9960248422  0.5436430081  -0.8393165552

13  0  -3.682505561e-17  1.054097736  0.4940124093  0.8694548519
13  1  9.032331258e-17  -0.2290516464  0.9738821604  -0.2270540411
13  2  4.898595652e-18  -0.1825536909  0.9833832991  -0.1815414196
13  3  3.447265091e-16  -0.05056051056  0.9987220897  -0.05053897146
13  4  -1.737742961e-16  -0.006529682981  0.9999786817  -0.00652963658
13  5  5.241035385e-17  0.008906438865  0.9999603379  0.008906321115
13  6  9.390577458e-17  0.01415066076  0.9998998811  0.0141501885
13  7  5.443297345e-17  0.0124292694  0.9999227576  0.01242894937
13  8  -1.246446256e-16  0.002455766931  0.9999969846  0.002455764463
13  9  5.147814213e-17  -0.02470317559  0.9996948921  -0.02470066316
13  10  2.192704475e-16  -0.1027986799  0.9947208671  -0.1026177202
13  11  -1.03474069e-16  -0.3128799733  0.9514510609  -0.3078000628
13  12  5.474458214e-17  -0.8986536048  0.6226640721  -0.7824892672
13  13  7.78983006e-17  -2.4215249  -0.7517610518  -0.659435608
13  14  2.057933729e-17  -0.1284359884  0.9917634302  -0.1280831704
13  15  -3.810503021e-17  -0.09234768814  0.9957389817  -0.09221648578
13  16  -5.834839924e-17  -0.1357978926  0.9907936272  -0.1353809009
13  17  -3.28519757e-16  -0.2418496352  0.9708966504  -0.2394988397
13  18  1.452634096e-16  -0.3525574753  0.9384926891  -0.3452991059
13  19  1.152309537e-16  -0.3161038916  0.9504537959  -0.3108658584
13  20  -3.289605145e-16  -0.2052235363  0.9790154554  -0.2037860105
13  21  -1.137966682e-16  -0.1422644768  0.9898974655  -0.1417850761
13  22  6.382803567e-17  -0.08484686955  0.9964026632  -0.08474510421
13  23  -3.371683419e-17  -0.0415884402  0.9991353255  -0.04157645269
13  24  -1.196058426e-16  -1.659265909  -0.08835422051  -0.9960891184
13  25  1.906550267e-16  -0.5748898974  0.8392521749  -0.5437423902
13  26  1.932450818e-16  -0.09615815922  0.9953803654  -0.09601004172
13  27  4.13109373e-17  -0.1989698954  0.980270708  -0.1976596545
13  28  2.324796838e-16  -0.2091041141  0.9782172785  -0.2075836122
13  29  -8.07330783e-17  -0.3053925115  0.9537290106  -0.300667548
13  30  -8.119599432e-17  -0.3642105987  0.9344052463  -0.3562117848
13  31  5.676476284e-17  -0.2616443456  0.9659659425  -0.2586692828
13  32  1.96647794e-17  -0.1388977221  0.9903692099  -0.1384515369
13  33  -5.615278505e-18  -0.06601950815  0.9978215037  -0.0659715601
13  34  -8.404241019e-17  0.005812870952  0.9999831053  0.005812838216
13  35  1.327174803e-16  1.71848855  -0.1471558731  0.9891133145
13  36  1.327174803e-16  1.71848855  -0.1471558731  0.9891133145

14  0  -2.281668017e-16  -0.2793141661  0.9612447463  -0.2756964592
14  1  -2.223875583e-16  -0.1136594543  0.9935477149  -0.1134148946
14  2  -6.956637039e-17  -1.21657248  0.3468625029  -0.9379159899
14  3  1.34539498e-16  -0.49634768  0.8793277203  -0.4762171357
14  4  -2.588503258e-17  0.003113104936  0.9999951543  0.003113099907
14  5  -6.905667687e-17  0.04809348717  0.9988437311  0.0480749494
14  6  -7.159081983e-17  0.0625124127  0.9980467353  0.0624717063
14  7  1.515391115e-16  0.06650796367  0.9977891605  0.06645894363
14  8  3.901810594e-17  0.05936968153  0.9982381381  0.05933481037
14  9  -1.987427064e-16  0.0424774777  0.9990979676  0.04246470491
14  10  -2.961880415e-16  -0.01710983652  0.9998536303  -0.01710900172
14  11  -1.528578091e-16  -0.9855206132  0.5524292271  -0.8335598053
14  12  -1.579287943e-16  -0.9228134021  0.6035794148  -0.7973028848
14  13  1.096387429e-17  -0.1284359884  0.9917634302  -0.1280831704
14  14  1.144694551e-16  -0.1339450245  0.9910427692  -0.1335448597
14  15  -2.716609304e-16  -0.06015985206  0.9981909418  -0.06012357012
14  16  -2.998092393e-16  -0.0169078695  0.9998570654  -0.01690706392
14  17  2.088901298e-17  0.01500452779  0.9998874342  0.01500396478
14  18  1.945198439e-17  0.03415266194  0.9994168545  0.03414602302
14  19  -5.515969182e-17  0.0410559426  0.9991573232  0.04104440966
14  20  -5.377529988e-17  0.03083487462  0.9995246429  0.0308299886
14  21  -1.373356885e-16  -0.01337142272  0.9999106039  -0.01337102426
14  22  2.581558064e-16  -0.1422644768  0.9898974655  -0.1417850761
14  23  2.041370641e-16  -0.1706764669  0.9854700952  -0.1698490258
14  24  -8.17405677e-17  -0.1024584671  0.9947557214  -0.1022792975
14  25  -3.908260186e-17  -0.08423240398  0.9964545481  -0.08413283311
14  26  -1.595149141e-16  -0.068525037  0.9976530782  -0.06847142097
14  27  -2.201473834e-16  -0.190419906  0.9819248456  -0.1892712278
14  28  4.567029298e-17  -0.101740394  0.994828909  -0.1015649639
14  29  2.583130939e-16  0.01148727764  0.999934022  0.011487025
14  30  4.539822066e-17  0.03879267195  0.9992476587  0.03878294302
14  31  1.816679715e-17  0.04218709865  0.9991102563  0.04217458601
14  32  -1.551210968e-16  0.03195020739  0.9994896355  0.03194477178
14  33  1.854763904e-16  0.008035305205  0.9999677171  0.008035218738
14  34  -2.042092021e-16  -0.03373855088  0.9994309091  -0.03373215054
14  35  -1.089347936e-16  -0.112818741  0.9936427131  -0.1125795658
14  36  -1.089347936e-16  -0.112818741  0.9936427131  -0.1125795658

15  0  3.14719627e-16  -0.07623810626  0.9970952829  -0.07616427525
15  1  1.868901372e-16  -0.09240641776  0.9957335642  -0.09227496499
15  2  -2.078893638e-16  -0.05435476555  0.9985231434  -0.05432800485
15  3  1.381275475e-17  -0.1398708499  0.99023401  -0.139415227
15  4  4.313620213e-17  -0.07136917259  0.9974543014  -0.07130860084
15  5  -1.30648796e-16  0.02362274931  0.9997209958  0.02362055232
15  6  1.039389691e-16  0.1020354793  0.9947988953  0.1018585188
15  7  -4.434071658e-17  0.1561734427  0.9878296944  0.1555393677
15  8  -7.774487662e-17  0.1438550068  0.9896707001  0.1433593577
15  9  1.745741262e-16  0.07153176976  0.9974426937  0.07147078314
15  10  3.279292913e-17  -0.04261154149  0.9990922656  -0.04259864739
15  11  -4.680306363e-17  -0.1573569631  0.9876449186  -0.1567083751
15  12  9.800399232e-17  -0.06727368972  0.9977379786  -0.06722295723
15  13  -7.046906506e-18  -0.09234768814  0.9957389817  -0.09221648578
15  14  -2.459834966e-16  -0.06015985206  0.9981909418  -0.06012357012
15  15  -7.95624377e-17  -0.06078375506  0.9981532363  -0.06074633271
15  16  1.672734741e-16  -0.03332827897  0.9994446643  -0.03332210928
15  17  1.338140943e-17  0.01647901492  0.9998642241  0.01647826909
15  18  1.114008619e-16  0.09323638876  0.9956566357  0.0931013631
15  19  -5.846118144e-17  0.1739869933  0.9849024063  0.1731105138
15  20  -2.190632722e-16  0.1259691199  0.9920763765  0.1256362332
15  21  -1.019968319e-16  0.03083487462  0.9995246429  0.0308299886
15  22  1.790173896e-16  -0.2052235363  0.9790154554  -0.2037860104
15  23  4.218424206e-16  -0.1388337205  0.990378069  -0.1383881514
15  24  2.629704589e-18  0.004825413497  0.9999883577  0.00482539477
15  25  6.153169699e-18  0.01671512109  0.9998603056  0.01671434275
15  26  8.689424103e-17  0.01389717526  0.9999034358  0.01389672794
15  27  2.193664554e-16  -0.02876552144  0.9995863009  -0.02876155457
15  28  -1.46162016e-16  -0.2394389372  0.9714711881  -0.2371576074
15  29  4.509898926e-17  -0.07300111583  0.9973366017  -0.07293629397
15  30  3.532253626e-17  0.06735641028  0.9977324145  0.06730549044
15  31  4.961935382e-17  0.15613106  0.9878362857  0.1554975006
15  32  9.85360762e-17  0.1583360108  0.9874910203  0.1576752513
15  33  2.737468275e-16  0.05980642342  0.9982121289  0.05977077711
15  34  -1.470314761e-16  -0.01053131196  0.9999445462  -0.01053111729
15  35  -3.299183252e-16  -0.05691213933  0.9983809413  -0.05688142132
15  36  -3.299183252e-16  -0.05691213933  0.9983809413  -0.05688142132

16  0  7.534916157e-17  -0.04725313915  0.9988837781  -0.04723555618
16  1  -2.971741215e-17  -0.02623294472  0.999655936  -0.02622993605
16  2  -1.742598917e-16  -0.04924755639  0.9987875842  -0.04922765195
16  3  -7.943804703e-17  -0.1255742617  0.9921259077  -0.1252444939
16  4  1.465720591e-16  -0.01995501679  0.9998009053  -0.01995369246
16  5  -7.868470443e-17  -0.007143690994  0.9999744839  -0.007143630234
16  6  4.801978685e-17  0.01196889527  0.9999283736  0.01196860951
16  7  -4.370208102e-17  0.05884536967  0.9982691108  0.05881141415
16  8  -2.670750698e-16  0.07481241678  0.9972028561  0.07474265006
16  9  -2.494826378e-16  0.02756115363  0.9996202154  0.02755766445
16  10  -8.857131469e-17  -0.004742802216  0.9999887529  -0.004742784435
16  11  5.458780199e-17  -0.009416940635  0.9999556609  -0.009416801455
16  12  -1.040075375e-16  -0.05572644864  0.9984476832  -0.05569761063
16  13  -3.55439552e-17  -0.1357978926  0.9907936272  -0.1353809009
16  14  -2.403536773e-17  -0.0169078695  0.9998570654  -0.01690706392
16  15  7.2763821e-17  -0.03332827897  0.9994446643  -0.03332210928
16  16  9.612744869e-17  -0.0414657547  0.9991404188  -0.04145387295
16  17  5.963994943e-18  -0.01799821182  0.9998380366  -0.01799724012
16  18  -1.826413627e-17  0.04322911753  0.9990657672  0.04321565467
16  19  8.0273715e-17  0.180873663  0.9836869058  0.1798890529
16  20  2.466548901e-16  0.1739869933  0.9849024063  0.1731105138
16  21  5.55815318e-17  0.0410559426  0.9991573232  0.04104440966
16  22  4.959982625e-17  -0.3161038916  0.9504537959  -0.3108658584
16  23  -2.82278518e-17  -0.1411404463  0.9900562109  -0.1406723118
16  24  -1.679725185e-16  0.005913800011  0.9999825135  0.005913765541
16  25  -8.777757362e-17  0.01905319906  0.9998184933  0.01905204629
16  26  -2.233714296e-16  0.02224742987  0.9997525361  0.02224559469
16  27  2.220497425e-16  0.01408835548  0.9999007608  0.01408788944
16  28  -8.845333061e-17  -0.0219153398  0.9997598686  -0.02191358558
16  29  -1.4362829e-16  -0.3485808215  0.9398583999  -0.3415643251
16  30  -7.777870076e-17  -0.07575469865  0.9971319848  -0.07568226292
16  31  6.503807576e-17  0.09978162099  0.9950259431  0.09961612624
16  32  7.520899348e-17  0.218673154  0.9761861473  0.2169345657
16  33  1.863115636e-16  0.1051467883  0.9944771676  0.1049531476
16  34  3.715298847e-17  0.003753136557  0.999992957  0.003753127746
16  35  -9.231814954e-17  -0.03749765169  0.9992970454  -0.0374888649
16  36  -9.231814954e-17  -0.03749765169  0.9992970454  -0.0374888649

17  0  -1.409559756e-17  -0.03201233516  0.999487649  -0.03200686778
17  1  -3.255753988e-17  -0.004956732265  0.9999877154  -0.004956711968
17  2  1.121852661e-17  0.02572055687  0.9996692447  0.02571772107
17  3  1.792571839e-16  -0.04537816337  0.9989705878  -0.04536259136
17  4  -1.723466244e-16  -0.2715737323  0.9633499392  -0.2682478232
17  5  1.238206732e-16  -0.0218175985  0.9997620056  -0.02181586765
17  6  -1.288769472e-16  0.001118846182  0.9999993741  0.001118845949
17  7  -4.584858942e-16  0.01343356036  0.9999097711  0.01343315633
17  8  -3.625751684e-16  0.02997775552  0.9995507007  0.02997326572
17  9  -1.849866553e-16  0.02191724469  0.9997598268  0.02191549002
17  10  -1.276096041e-16  0.005138847378  0.9999867962  0.00513882476
17  11  -2.846304735e-17  -0.002313403414  0.9999973241  -0.00231340135
17  12  -1.909371221e-16  -0.104244258  0.9945714859  -0.1040555591
17  13  -2.352223708e-16  -0.2418496352  0.9708966504  -0.2394988397
17  14  1.677248684e-16  0.01500452779  0.9998874342  0.01500396478
17  15  6.431056256e-18  0.01647901492  0.9998642241  0.01647826909
17  16  1.483282663e-16  -0.01799821182  0.9998380366  -0.01799724012
17  17  -2.34150002e-16  -0.03049512162  0.9995350598  -0.03049039533
17  18  6.175052625e-18  -0.01259121271  0.9999207317  -0.01259088002
17  19  1.363617993e-16  0.04322911753  0.9990657672  0.04321565467
17  20  5.273520799e-17  0.09323638876  0.9956566357  0.0931013631
17  21  -6.204997616e-18  0.03415266194  0.9994168545  0.03414602302
17  22  -1.345075639e-16  -0.3525574753  0.9384926891  -0.3452991059
17  23  -1.800276804e-16  -0.1400098367  0.9902146235  -0.1395528551
17  24  -1.818857361e-16  0.001412992906  0.9999990017  0.001412992435
17  25  -1.510035091e-16  0.01303707597  0.9999150185  0.01303670667
17  26  -2.742822963e-16  0.02344703661  0.9997251308  0.02344488829
17  27  1.639812949e-17  0.0196424044  0.9998070942  0.01964114133
17  28  -2.972755654e-16  0.007269350674  0.9999735784  0.007269286651
17  29  -1.004591351e-16  -0.02291232179  0.9997375242  -0.02291031711
17  30  -1.075522197e-16  -0.3959895258  0.9226153349  -0.3857213292
17  31  1.292197978e-16  -0.06297041921  0.9980180182  -0.06292881163
17  32  -1.943718836e-16  0.0760962018  0.9971060809  0.07602278222
17  33  2.696013382e-16  0.07784665721  0.9969714789  0.07776805458
17  34  -1.828032096e-16  0.005910946395  0.9999825304  0.005910911975
17  35  1.221891461e-17  -0.02876314589  0.9995863692  -0.02875918001
17  36  1.221891461e-17  -0.02876314589  0.9995863692  -0.02875918001

18  0  -5.091764723e-17  -0.02876314589  0.9995863692  -0.02875918001
18  1  2.103444728e-16  0.005910946394  0.9999825304  0.005910911973
18  2  2.916352895e-16  0.07784665721  0.9969714789  0.07776805458
18  3  -2.100323315e-16  0.0760962018  0.9971060809  0.07602278222
18  4  -3.44716822e-16  -0.0629704192  0.9980180182  -0.06292881163
18  5  4.496650921e-17  -0.3959895258  0.9226153349  -0.3857213292
18  6  -6.834796284e-17  -0.02291232179  0.9997375242  -0.02291031711
18  7  -2.58353672e-16  0.007269350674  0.9999735784  0.007269286652
18  8  9.729046047e-17  0.0196424044  0.9998070942  0.01964114133
18  9  5.365900963e-17  0.02344703661  0.9997251308  0.02344488829
18  10  -2.335026872e-16  0.01303707597  0.9999150185  0.01303670667
18  11  -6.768685259e-17  0.001412992906  0.9999990017  0.001412992435
18  12  -2.04594539e-16  -0.1400098367  0.9902146235  -0.1395528551
18  13  -2.385421348e-16  -0.3525574753  0.9384926891  -0.3452991059
18  14  -9.362361823e-17  0.03415266194  0.9994168545  0.03414602302
18  15  -1.195512017e-16  0.09323638876  0.9956566357  0.0931013631
18  16  -2.119543164e-18  0.04322911753  0.9990657672  0.04321565467
18  17  -1.139096373e-16  -0.01259121271  0.9999207317  -0.01259088002
18  18  -2.529924405e-16  -0.03049512162  0.9995350598  -0.03049039534
18  19  1.75793443e-16  -0.01799821182  0.9998380366  -0.01799724012
18  20  -4.811685435e-17  0.01647901492  0.9998642241  0.01647826909
18  21  8.493264042e-18  0.01500452779  0.9998874342  0.01500396478
18  22  -7.710974483e-17  -0.2418496352  0.9708966504  -0.2394988397
18  23  -2.343539082e-16  -0.104244258  0.9945714859  -0.1040555591
18  24  -3.868277192e-16  -0.002313403414  0.9999973241  -0.00231340135
18  25  -5.893115311e-17  0.005138847378  0.9999867962  0.00513882476
18  26  1.080835023e-16  0.02191724469  0.9997598268  0.02191549002
18  27  9.561040745e-17  0.02997775552  0.9995507007  0.02997326572
18  28  -3.078819254e-16  0.01343356036  0.9999097711  0.01343315633
18  29  1.583624343e-17  0.001118846182  0.9999993741  0.001118845949
18  30  -6.780430864e-17  -0.0218175985  0.9997620056  -0.02181586765
18  31  2.309442192e-16  -0.2715737323  0.9633499392  -0.2682478232
18  32  -2.406844784e-17  -0.04537816337  0.9989705878  -0.04536259136
18  33  -1.346246798e-16  0.02572055687  0.9996692447  0.02571772107
18  34  7.462832172e-17  -0.004956732264  0.9999877154  -0.004956711967
18  35  -2.61246288e-16  -0.03201233515  0.999487649  -0.03200686778
18  36  -2.61246288e-16  -0.03201233515  0.999487649  -0.03200686778

19  0  5.454187242e-17  -0.0374976517  0.9992970454  -0.0374888649
19  1  2.12478814e-16  0.003753136555  0.999992957  0.003753127744
19  2  -9.815499685e-17  0.1051467883  0.9944771676  0.1049531476
19  3  -2.10218393e-16  0.218673154  0.9761861473  0.2169345657
19  4  -4.717405818e-17  0.09978162099  0.9950259431  0.09961612624
19  5  2.08822481e-16  -0.07575469865  0.9971319848  -0.07568226292
19  6  1.164736388e-18  -0.3485808215  0.9398583999  -0.3415643251
19  7  -2.903868913e-17  -0.0219153398  0.9997598686  -0.02191358558
19  8  1.567039684e-16  0.01408835548  0.9999007608  0.01408788944
19  9  -1.830303252e-16  0.02224742987  0.9997525361  0.02224559469
19  10  1.700466866e-16  0.01905319906  0.9998184933  0.01905204629
19  11  2.567198939e-17  0.005913800011  0.9999825135  0.005913765541
19  12  -3.186869752e-16  -0.1411404463  0.9900562109  -0.1406723118
19  13  4.244934779e-17  -0.3161038916  0.9504537959  -0.3108658584
19  14  1.990054091e-16  0.0410559426  0.9991573232  0.04104440966
19  15  -7.60438687e-17  0.1739869933  0.9849024063  0.1731105138
19  16  -1.089406318e-16  0.180873663  0.9836869058  0.1798890529
19  17  1.186404659e-17  0.04322911753  0.9990657672  0.04321565467
19  18  1.318601701e-16  -0.01799821182  0.9998380366  -0.01799724012
19  19  5.106576655e-17  -0.0414657547  0.9991404188  -0.04145387295
19  20  -2.567367235e-16  -0.03332827897  0.9994446643  -0.03332210928
19  21  1.161595496e-17  -0.0169078695  0.9998570654  -0.01690706392
19  22  5.186341831e-17  -0.1357978926  0.9907936272  -0.1353809009
19  23  1.324774542e-16  -0.05572644865  0.9984476832  -0.05569761063
19  24  -1.853770399e-18  -0.009416940635  0.9999556609  -0.009416801455
19  25  6.792219742e-19  -0.004742802216  0.9999887529  -0.004742784435
19  26  2.575446895e-16  0.02756115363  0.9996202154  0.02755766445
19  27  1.963239621e-17  0.07481241678  0.9972028561  0.07474265006
19  28  -1.366935722e-16  0.05884536967  0.9982691108  0.05881141415
19  29  -4.064749983e-18  0.01196889527  0.9999283736  0.01196860951
19  30  -5.796031722e-17  -0.007143690994  0.9999744839  -0.007143630234
19  31  -2.767313334e-17  -0.0199550168  0.9998009053  -0.01995369246
19  32  3.38532153e-16  -0.1255742617  0.9921259077  -0.1252444939
19  33  -2.062502045e-16  -0.04924755639  0.9987875842  -0.04922765194
19  34  1.397144883e-16  -0.02623294472  0.999655936  -0.02622993605
19  35  -1.706451093e-16  -0.04725313915  0.9988837781  -0.04723555618
19  36  -1.706451093e-16  -0.04725313915  0.9988837781  -0.04723555618

20  0  -4.115003317e-16  -0.05691213933  0.9983809413  -0.05688142132
20  1  -1.582722562e-17  -0.01053131196  0.9999445462  -0.0105311173
20  2  -2.108741631e-16  0.05980642342  0.9982121289  0.05977077711
20  3  -1.031951972e-16  0.1583360108  0.9874910203  0.1576752513
20  4  -3.811522357e-16  0.15613106  0.9878362857  0.1554975006
20  5  -3.296414538e-16  0.06735641028  0.9977324145  0.06730549044
20  6  -2.141387948e-16  -0.07300111583  0.9973366017  -0.07293629397
20  7  2.343362031e-16  -0.2394389372  0.9714711881  -0.2371576074
20  8  1.095658214e-16  -0.02876552144  0.9995863009  -0.02876155457
20  9  -3.939479176e-19  0.01389717526  0.9999034358  0.01389672794
20  10  -1.066851109e-16  0.01671512109  0.9998603056  0.01671434275
20  11  1.776357767e-16  0.004825413497  0.9999883577  0.004825394771
20  12  -2.403149432e-16  -0.1388337205  0.990378069  -0.1383881514
20  13  -4.275742306e-16  -0.2052235363  0.9790154554  -0.2037860104
20  14  9.502822667e-17  0.03083487462  0.9995246429  0.0308299886
20  15  6.216448528e-18  0.1259691199  0.9920763765  0.1256362332
20  16  2.087387324e-17  0.1739869933  0.9849024063  0.1731105138
20  17  -1.765327889e-17  0.09323638876  0.9956566357  0.0931013631
20  18  -8.240857008e-17  0.01647901492  0.9998642241  0.01647826909
20  19  5.840271053e-17  -0.03332827897  0.9994446643  -0.03332210928
20  20  3.190857813e-17  -0.06078375506  0.9981532363  -0.06074633271
20  21  1.53567778e-16  -0.06015985206  0.9981909418  -0.06012357012
20  22  -2.419213086e-16  -0.09234768814  0.9957389817  -0.09221648578
20  23  -1.03899154e-16  -0.06727368972  0.9977379786  -0.06722295723
20  24  1.515428533e-16  -0.1573569631  0.9876449186  -0.1567083751
20  25  -7.447274147e-17  -0.04261154149  0.9990922656  -0.04259864739
20  26  1.39379901e-16  0.07153176976  0.9974426937  0.07147078314
20  27  5.422342436e-17  0.1438550068  0.9896707001  0.1433593577
20  28  7.426875173e-17  0.1561734427  0.9878296944  0.1555393677
20  29  -3.535220754e-16  0.1020354793  0.9947988953  0.1018585188
20  30  -9.548020196e-17  0.0236227493  0.9997209958  0.02362055231
20  31  1.392131419e-16  -0.0713691726  0.9974543014  -0.07130860085
20  32  -9.5331155e-17  -0.1398708499  0.99023401  -0.139415227
20  33  -2.564704044e-16  -0.05435476555  0.9985231434  -0.05432800485
20  34  -1.626795254e-16  -0.09240641775  0.9957335642  -0.09227496498
20  35  -4.115958664e-17  -0.07623810626  0.9970952829  -0.07616427525
20  36  -4.115958664e-17  -0.07623810626  0.9970952829  -0.07616427525

21  0  2.170271813e-16  -0.112818741  0.9936427131  -0.1125795658
21  1  1.429790641e-16  -0.03373855088  0.9994309091  -0.03373215054
21  2  -1.103330917e-16  0.008035305205  0.9999677171  0.008035218738
21  3  -1.205465595e-16  0.03195020739  0.9994896355  0.03194477178
21  4  -1.092339757e-16  0.04218709865  0.9991102563  0.04217458601
21  5  -3.240690069e-17  0.03879267195  0.9992476587  0.03878294302
21  6  -1.282440188e-16  0.01148727764  0.999934022  0.011487025
21  7  -1.303857886e-16  -0.101740394  0.994828909  -0.1015649639
21  8  2.893900408e-16  -0.190419906  0.9819248456  -0.1892712278
21  9  3.21525795e-18  -0.068525037  0.9976530782  -0.06847142097
21  10  -1.054803678e-16  -0.08423240397  0.9964545481  -0.08413283311
21  11  1.613987451e-16  -0.1024584671  0.9947557214  -0.1022792975
21  12  5.77291279e-17  -0.1706764669  0.9854700952  -0.1698490258
21  13  -4.308011906e-17  -0.1422644768  0.9898974655  -0.1417850761
21  14  6.817611096e-17  -0.01337142272  0.9999106039  -0.01337102426
21  15  1.3210217e-16  0.03083487462  0.9995246429  0.0308299886
21  16  -1.990555221e-16  0.0410559426  0.9991573232  0.04104440966
21  17  -3.226438895e-16  0.03415266194  0.9994168545  0.03414602302
21  18  -2.191572564e-16  0.01500452779  0.9998874342  0.01500396478
21  19  2.234136573e-16  -0.0169078695  0.9998570654  -0.01690706392
21  20  2.227916061e-16  -0.06015985206  0.9981909418  -0.06012357012
21  21  -2.397316891e-17  -0.1339450245  0.9910427692  -0.1335448597
21  22  -1.169098602e-16  -0.1284359884  0.9917634302  -0.1280831704
21  23  -1.861498387e-17  -0.9228134021  0.6035794148  -0.7973028848
21  24  2.408343647e-17  -0.9855206132  0.5524292271  -0.8335598053
21  25  -1.947240811e-16  -0.01710983652  0.9998536303  -0.01710900172
21  26  6.471766604e-17  0.0424774777  0.9990979676  0.04246470491
21  27  1.620545668e-16  0.05936968153  0.9982381381  0.05933481037
21  28  -1.119359585e-16  0.06650796367  0.9977891605  0.06645894363
21  29  -5.072616953e-17  0.0625124127  0.9980467353  0.0624717063
21  30  -8.42790574e-17  0.04809348717  0.9988437311  0.0480749494
21  31  1.768292673e-16  0.003113104932  0.9999951543  0.003113099904
21  32  6.009539848e-18  -0.4963476799  0.8793277203  -0.4762171357
21  33  1.365498323e-16  -1.21657248  0.346862503  -0.9379159899
21  34  -1.31674383e-16  -0.1136594543  0.9935477149  -0.1134148946
21  35  1.896229448e-17  -0.2793141661  0.9612447464  -0.2756964592
21  36  1.896229448e-17  -0.2793141661  0.9612447464  -0.2756964592

22  0  6.65678959e-17  1.71848855  -0.1471558734  0.9891133145
22  1  2.380348729e-17  0.005812870952  0.9999831053  0.005812838217
22  2  -4.529918571e-17  -0.06601950815  0.9978215037  -0.0659715601
22  3  3.74555177e-17  -0.1388977221  0.9903692099  -0.1384515369
22  4  -3.438913212e-16  -0.2616443456  0.9659659425  -0.2586692828
22  5  -1.705192624e-16  -0.3642105987  0.9344052463  -0.3562117848
22  6  3.725957878e-17  -0.3053925115  0.9537290106  -0.300667548
22  7  2.498621373e-17  -0.2091041141  0.9782172785  -0.2075836122
22  8  -7.837983435e-18  -0.1989698954  0.980270708  -0.1976596545
22  9  2.197396183e-16  -0.09615815922  0.9953803654  -0.09601004172
22  10  1.92531595e-16  -0.5748898974  0.8392521749  -0.5437423902
22  11  1.728337369e-16  -1.659265909  -0.08835422052  -0.9960891184
22  12  -3.902488716e-17  -0.0415884402  0.9991353255  -0.04157645269
22  13  -1.650456343e-16  -0.08484686955  0.9964026632  -0.08474510421
22  14  1.266320777e-17  -0.1422644768  0.9898974655  -0.1417850761
22  15  -7.166388098e-17  -0.2052235363  0.9790154554  -0.2037860104
22  16  -1.497632068e-16  -0.3161038916  0.9504537959  -0.3108658584
22  17  1.23719657e-16  -0.3525574753  0.9384926891  -0.3452991059
22  18  -8.599503017e-17  -0.2418496352  0.9708966504  -0.2394988397
22  19  2.600836442e-17  -0.1357978926  0.9907936272  -0.1353809009
22  20  9.154480277e-17  -0.09234768814  0.9957389817  -0.09221648578
22  21  2.544782723e-16  -0.1284359884  0.9917634302  -0.1280831704
22  22  2.881851046e-16  -2.4215249  -0.7517610517  -0.659435608
22  23  1.989240353e-16  -0.8986536048  0.6226640721  -0.7824892672
22  24  9.370866379e-17  -0.3128799733  0.9514510609  -0.3078000628
22  25  -2.389956367e-16  -0.1027986799  0.9947208671  -0.1026177202
22  26  -2.888463202e-16  -0.02470317559  0.9996948921  -0.02470066316
22  27  -2.188553401e-16  0.002455766931  0.9999969846  0.002455764463
22  28  -1.924144238e-16  0.0124292694  0.9999227576  0.01242894937
22  29  -6.345422948e-17  0.01415066076  0.9998998811  0.0141501885
22  30  -3.26433543e-17  0.008906438865  0.9999603379  0.008906321115
22  31  -7.398528583e-17  -0.00652968298  0.9999786817  -0.00652963658
22  32  -1.886299988e-16  -0.05056051056  0.9987220897  -0.05053897145
22  33  1.006905057e-16  -0.1825536908  0.9833832991  -0.1815414196
22  34  2.780293877e-16  -0.2290516464  0.9738821604  -0.2270540412
22  35  -8.743352035e-17  1.054097735  0.4940124094  0.8694548518
22  36  -8.743352035e-17  1.054097735  0.4940124094  0.8694548518

23  0  -2.61531225e-16  -0.9960248424  0.543643008  -0.8393165552
23  1  1.23383141e-16  -0.2194862565  0.9760094346  -0.2177282333
23  2  -6.061736144e-17  -0.7653481542  0.721141204  -0.6927881089
23  3  7.860542734e-17  -0.06871480147  0.9976400668  -0.06866073885
23  4  5.519532048e-17  -0.09877400615  0.9951258126  -0.09861347293
23  5  8.856617988e-17  -0.1377469218  0.9905278842  -0.1373117282
23  6  -2.795671181e-16  -0.1407078395  0.990116974  -0.1402439936
23  7  -5.101701323e-17  -0.1321675372  0.9912785778  -0.1317830837
23  8  1.272257958e-16  -0.1566543266  0.9877547838  -0.1560143811
23  9  1.829107253e-16  -0.1905377461  0.981902535  -0.1893869365
23  10  2.11424653e-16  0.03054076601  0.9995336671  0.03053601848
23  11  6.53090353e-18  0.5801452631  0.8363830334  0.5481454382
23  12  1.556676672e-16  0.3444987668  0.9412448498  0.3377249365
23  13  -1.980135755e-16  -0.0415884402  0.9991353255  -0.04157645269
23  14  -2.926977932e-16  -0.1706764669  0.9854700952  -0.1698490258
23  15  -2.726595577e-16  -0.1388337205  0.990378069  -0.1383881514
23  16  -2.578609369e-17  -0.1411404463  0.9900562109  -0.1406723118
23  17  2.12657579e-16  -0.1400098367  0.9902146235  -0.1395528551
23  18  2.030321462e-17  -0.104244258  0.9945714859  -0.1040555591
23  19  1.469844205e-16  -0.05572644865  0.9984476832  -0.05569761063
23  20  1.952113214e-16  -0.06727368972  0.9977379786  -0.06722295723
23  21  9.044511546e-17  -0.9228134021  0.6035794148  -0.7973028848
23  22  -3.264516692e-17  -0.8986536048  0.6226640721  -0.7824892672
23  23  1.387798911e-16  -0.2385847489  0.9716734109  -0.2363277017
23  24  4.792165607e-20  -0.07835117672  0.9969321165  -0.07827103622
23  25  -5.392480147e-17  -0.1052186496  0.9944696229  -0.1050246117
23  26  -5.175015894e-17  -0.1333471355  0.9911224371  -0.1329523023
23  27  2.351010375e-16  -0.190647459  0.9818817509  -0.1894946628
23  28  2.871365014e-16  -0.364161308  0.9344228031  -0.3561657269
23  29  3.719029144e-17  -0.7805398677  0.7105337566  -0.703663116
23  30  4.881874996e-17  -0.7164019904  0.7541733301  -0.6566754055
23  31  -8.62167958e-17  -0.3304658409  0.9458912884  -0.3244836985
23  32  1.616726695e-16  -0.1904900552  0.9819115659  -0.1893401085
23  33  2.563614581e-16  -0.1304243823  0.99150679  -0.1300549323
23  34  -4.29167738e-17  -0.08097861527  0.9967230233  -0.08089014091
23  35  -9.17746655e-17  -0.1199546954  0.9928140584  -0.1196672283
23  36  -9.17746655e-17  -0.1199546954  0.9928140584  -0.1196672283

24  0  1.972732484e-16  0.009567016941  0.9999542364  0.009566871001
24  1  -2.9584622e-18  -0.2848193654  0.9597124238  -0.2809840986
24  2  1.728162163e-17  -0.5970736618  0.8269844136  -0.562224848
24  3  1.187169551e-16  -0.6068934472  0.8214237029  -0.5703184201
24  4  1.069262959e-16  -0.05042948285  0.9987287031  -0.05040811076
24  5  -3.3049702e-16  -0.005809270519  0.9999831262  -0.005809237845
24  6  -9.273465508e-17  -0.001145211768  0.9999993442  -0.001145211518
24  7  1.757874043e-16  0.002842581725  0.9999959599  0.002842577897
24  8  2.736190248e-16  0.005729801735  0.9999835847  0.005729770383
24  9  1.765093819e-16  -0.02091196178  0.9997813529  -0.02091043765
24  10  8.891309642e-17  -0.7577726334  0.726368692  -0.687305262
24  11  3.26155376e-16  -0.818188749  0.6835443761  -0.7299089572
24  12  1.452028135e-16  0.5801452631  0.8363830334  0.5481454382
24  13  -3.989594113e-17  -1.659265909  -0.08835422051  -0.9960891184
24  14  9.829697138e-17  -0.1024584671  0.9947557214  -0.1022792975
24  15  -2.97900392e-17  0.004825413497  0.9999883577  0.00482539477
24  16  -2.921250309e-17  0.005913800011  0.9999825135  0.005913765541
24  17  1.739667399e-16  0.001412992906  0.9999990017  0.001412992435
24  18  4.108272142e-17  -0.002313403413  0.9999973241  -0.00231340135
24  19  3.384523572e-16  -0.009416940635  0.9999556609  -0.009416801455
24  20  -8.709063811e-17  -0.1573569631  0.9876449186  -0.1567083751
24  21  3.658527928e-17  -0.9855206132  0.5524292271  -0.8335598053
24  22  -9.274173062e-17  -0.3128799733  0.9514510609  -0.3078000628
24  23  5.332314251e-17  -0.07835117672  0.9969321165  -0.07827103623
24  24  3.16845966e-17  0.02045867574  0.9997907286  0.02045724858
24  25  1.03028559e-17  0.02379283187  0.9997169639  0.02379058708
24  26  3.083475801e-16  -0.002138692786  0.999997713  -0.002138691156
24  27  -2.840155681e-16  -0.03783179051  0.9992844632  -0.03782276673
24  28  9.701479021e-17  -0.08259812422  0.9965907139  -0.08250423599
24  29  -3.652528707e-17  -0.1381521926  0.9904721544  -0.137713149
24  30  -9.870409633e-17  -0.1479976645  0.9890683209  -0.1474579827
24  31  -2.163269281e-16  -0.1018006418  0.9948227881  -0.1016248999
24  32  -2.304347933e-16  -0.05728693563  0.9983595522  -0.0572556068
24  33  1.510632947e-16  -0.02245505416  0.9997478959  -0.02245316712
24  34  5.756445437e-16  0.01265264236  0.9999199564  0.01265230477
24  35  3.093532732e-16  0.03146989376  0.9995048638  0.03146469963
24  36  3.093532732e-16  0.03146989376  0.9995048638  0.03146469963

25  0  -9.833349287e-17  0.08544056202  0.9963521751  0.08533664599
25  1  -3.01595358e-16  -0.000737483498  0.9999997281  -0.0007374834311
25  2  -1.735429802e-17  -0.1787331172  0.9840697127  -0.1777830154
25  3  1.909742935e-16  -0.02814571763  0.9996039354  -0.02814200169
25  4  -1.190001926e-16  -0.04166781319  0.9991320223  -0.04165575692
25  5  -1.328101415e-16  -0.01939860211  0.999811853  -0.01939738549
25  6  6.736672261e-17  2.386785375e-05  0.9999999997  2.386785374e-05
25  7  -1.03075554e-16  0.008731147196  0.9999618838  0.008731036263
25  8  2.62231276e-16  0.01678486249  0.9998591375  0.01678407436
25  9  6.190280625e-17  0.01976640709  0.9998046509  0.01976511995
25  10  1.584835869e-16  0.0001320472111  0.9999999913  0.0001320472107
25  11  1.829541938e-18  -0.7577726334  0.726368692  -0.687305262
25  12  -1.700654293e-16  0.03054076601  0.9995336671  0.03053601848
25  13  8.292898438e-17  -0.5748898974  0.8392521749  -0.5437423902
25  14  -8.768684769e-17  -0.08423240398  0.9964545481  -0.08413283311
25  15  -6.378495079e-17  0.01671512109  0.9998603056  0.01671434275
25  16  3.357922443e-16  0.01905319906  0.9998184933  0.01905204629
25  17  -6.236173477e-17  0.01303707597  0.9999150185  0.01303670667
25  18  5.791852296e-17  0.005138847378  0.9999867962  0.00513882476
25  19  9.705648922e-17  -0.004742802216  0.9999887529  -0.004742784435
25  20  2.162347295e-16  -0.04261154149  0.9990922656  -0.04259864739
25  21  -8.955138794e-17  -0.01710983652  0.9998536303  -0.01710900172
25  22  9.604614002e-17  -0.1027986799  0.9947208671  -0.1026177202
25  23  -6.835736219e-17  -0.1052186496  0.9944696229  -0.1050246117
25  24  -1.073578616e-16  0.02379283187  0.9997169639  0.02379058708
25  25  -7.314743536e-17  0.1284000122  0.9917680375  0.1280474905
25  26  2.374684531e-16  0.2211918286  0.975636664  0.2193925703
25  27  9.516756414e-17  -0.04832739889  0.9988324585  -0.04830858935
25  28  4.854856621e-17  -0.08719007956  0.9962013524  -0.08707965012
25  29  7.442310333e-17  -0.1026341543  0.9947377369  -0.1024540618
25  30  5.889971975e-17  -0.1066348298  0.994319892  -0.1064328542
25  31  -9.231845844e-17  -0.1066395834  0.994319386  -0.1064375808
25  32  -2.018789896e-16  -0.1009882361  0.9949050204  -0.1008166668
25  33  1.61255032e-16  -0.08404104147  0.9964706297  -0.08394214753
25  34  -1.573477671e-17  -0.03178071425  0.9994950356  -0.03177536469
25  35  -1.908657642e-16  0.3175149202  0.9500142092  0.312206666
25  36  -1.908657642e-16  0.3175149202  0.9500142092  0.312206666

26  0  2.799858801e-16  1.287183372  0.2798260876  0.9600507074
26  1  -8.735635454e-17  -0.02202271913  0.9997575097  -0.02202093901
26  2  1.134806297e-16  -0.04073455136  0.9991704629  -0.04072328713
26  3  -3.474018222e-17  -0.1294177011  0.9916372114  -0.1290567353
26  4  4.031584458e-16  0.01793455879  0.9998391801  0.01793359737
26  5  1.770462604e-16  0.06393085037  0.9979571191  0.06388731007
26  6  8.190707606e-17  0.04522211584  0.9989776544  0.04520670391
26  7  -1.636198081e-18  0.0239108392  0.9997141495  0.02390856085
26  8  -1.176809211e-16  0.02382015995  0.9997163134  0.02381790742
26  9  -2.89386018e-16  0.02378372551  0.9997171805  0.02378148331
26  10  -2.730507512e-16  0.01976640709  0.9998046509  0.01976511995
26  11  -1.845092548e-16  -0.02091196178  0.9997813529  -0.02091043765
26  12  3.974124812e-17  -0.1905377461  0.981902535  -0.1893869365
26  13  2.457605483e-16  -0.09615815922  0.9953803654  -0.09601004172
26  14  -1.113614778e-16  -0.068525037  0.9976530782  -0.06847142097
26  15  -2.189290339e-16  0.01389717526  0.9999034358  0.01389672794
26  16  8.642873191e-17  0.02224742987  0.9997525361  0.02224559469
26  17  6.446371889e-17  0.02344703661  0.9997251308  0.02344488829
26  18  2.862191432e-16  0.02191724469  0.9997598268  0.02191549002
26  19  -5.958920399e-17  0.02756115363  0.9996202154  0.02755766445
26  20  -3.322497764e-17  0.07153176976  0.9974426937  0.07147078314
26  21  3.226605247e-16  0.0424774777  0.9990979676  0.04246470491
26  22  1.383830434e-16  -0.02470317559  0.9996948921  -0.02470066316
26  23  -4.781186336e-17  -0.1333471355  0.9911224371  -0.1329523023
26  24  7.047812446e-17  -0.002138692786  0.999997713  -0.002138691156
26  25  -1.21707561e-16  0.2211918286  0.975636664  0.2193925703
26  26  6.738786536e-17  2.067736915  -0.4767384125  0.8790452128
26  27  2.806665797e-16  -0.03091108375  0.9995222905  -0.03090616142
26  28  3.404198969e-16  -0.09688207371  0.9953106016  -0.09673058677
26  29  2.192413584e-16  -0.09846937644  0.995155807  -0.09831032347
26  30  -6.174853769e-17  -0.08950007582  0.995997541  -0.08938063713
26  31  -6.888943093e-17  -0.08792640997  0.996136963  -0.08781315979
26  32  6.43317484e-17  -0.09563422232  0.995430532  -0.09548851205
26  33  7.00319243e-17  -0.1045832871  0.9945361509  -0.1043927419
26  34  -4.447425715e-17  -0.09000042038  0.9959526952  -0.08987896788
26  35  1.25802333e-16  1.061193279  0.4878307708  0.8729382218
26  36  1.25802333e-16  1.061193279  0.4878307708  0.8729382218

27  0  -2.6392385e-16  -0.01251388445  0.9999217024  -0.01251355785
27  1  -2.252407692e-17  -0.05789353401  0.9983246374  -0.05786119951
27  2  -4.201302274e-17  -0.05888576515  0.9982667343  -0.05885173966
27  3  -1.913821829e-16  -0.1132542073  0.9935935943  -0.1130122531
27  4  -1.32262386e-16  -0.1114016123  0.9938012551  -0.1111713337
27  5  7.085841506e-17  0.03253601817  0.9994707505  0.03253027807
27  6  3.006730586e-16  0.1057107543  0.9944178194  0.1055139821
27  7  1.230332907e-16  0.1183258594  0.9930076595  0.118049939
27  8  -2.401370758e-17  0.04793839713  0.9988511751  0.04792003811
27  9  -3.844603565e-17  0.02382015995  0.9997163134  0.02381790742
27  10  -1.386812848e-16  0.01678486249  0.9998591375  0.01678407436
27  11  5.712495507e-17  0.005729801735  0.9999835847  0.005729770383
27  12  -1.890174743e-16  -0.1566543266  0.9877547838  -0.1560143811
27  13  1.701685137e-16  -0.1989698954  0.980270708  -0.1976596545
27  14  -1.371487871e-16  -0.190419906  0.9819248456  -0.1892712278
27  15  -1.684860681e-16  -0.02876552144  0.9995863009  -0.02876155457
27  16  -1.946312826e-16  0.01408835548  0.9999007608  0.01408788944
27  17  -1.084856845e-16  0.0196424044  0.9998070942  0.01964114133
27  18  3.213054199e-16  0.02997775552  0.9995507007  0.02997326572
27  19  4.407912773e-16  0.07481241678  0.9972028561  0.07474265006
27  20  1.084904869e-17  0.1438550068  0.9896707001  0.1433593577
27  21  2.267491709e-16  0.05936968153  0.9982381381  0.05933481037
27  22  2.444086332e-17  0.002455766931  0.9999969846  0.002455764463
27  23  -1.333192541e-16  -0.190647459  0.9818817509  -0.1894946628
27  24  3.228814124e-18  -0.03783179051  0.9992844632  -0.03782276673
27  25  8.38854302e-17  -0.04832739889  0.9988324585  -0.04830858935
27  26  1.655345239e-18  -0.03091108375  0.9995222905  -0.03090616142
27  27  -4.120488056e-16  -0.07967741196  0.996827434  -0.07959313351
27  28  -1.625036185e-16  -0.0841251576  0.9964635653  -0.08402596649
27  29  8.527573588e-17  -0.05876258738  0.9982739759  -0.05872877494
27  30  -8.106209061e-17  -0.04269221565  0.9990888258  -0.04267924818
27  31  -1.445931013e-16  -0.03730817827  0.9993041306  -0.037299524
27  32  4.052984569e-16  -0.03958195571  0.9992167367  -0.0395716208
27  33  1.791042229e-16  -0.05046818021  0.9987267517  -0.05044675888
27  34  6.743656673e-18  -0.07086396329  0.9974901999  -0.07080466857
27  35  1.562802245e-16  -0.07871926915  0.996903238  -0.07863799408
27  36  1.562802245e-16  -0.07871926915  0.996903238  -0.07863799408

28  0  -1.493903877e-16  -0.06523981433  0.997872638  -0.06519354486
28  1  -2.257530781e-17  -0.07700910952  0.9970362636  -0.07693301624
28  2  2.649193447e-17  -0.1004888299  0.9949552448  -0.1003197925
28  3  1.687920738e-16  -0.08148994838  0.9966815312  -0.0813997878
28  4  -3.02386363e-16  -0.2783837779  0.961500835  -0.2748020092
28  5  -2.507074926e-16  -0.1386464074  0.9904039735  -0.1382026382
28  6  2.708293339e-16  0.03920157986  0.9992317165  0.03919154004
28  7  5.637134021e-17  0.1220247412  0.9925642147  0.1217221411
28  8  1.642813781e-16  0.1183258594  0.9930076595  0.118049939
28  9  1.370220769e-16  0.0239108392  0.9997141495  0.02390856085
28  10  -7.937054553e-17  0.008731147196  0.9999618838  0.008731036263
28  11  2.310796784e-16  0.002842581725  0.9999959599  0.002842577897
28  12  -2.658218386e-16  -0.1321675372  0.9912785778  -0.1317830837
28  13  -1.9443139e-17  -0.2091041141  0.9782172785  -0.2075836122
28  14  -9.31861192e-17  -0.101740394  0.994828909  -0.1015649639
28  15  1.256832436e-17  -0.2394389372  0.9714711881  -0.2371576074
28  16  -4.775339196e-16  -0.0219153398  0.9997598686  -0.02191358558
28  17  -1.426257478e-16  0.007269350674  0.9999735784  0.007269286651
28  18  -5.722533542e-17  0.01343356036  0.9999097711  0.01343315633
28  19  1.623514005e-16  0.05884536967  0.9982691108  0.05881141415
28  20  1.24471774e-16  0.1561734427  0.9878296944  0.1555393677
28  21  1.35944608e-16  0.06650796367  0.9977891605  0.06645894363
28  22  -1.965742677e-16  0.0124292694  0.9999227576  0.01242894937
28  23  -3.262567374e-16  -0.364161308  0.9344228031  -0.3561657269
28  24  1.692319965e-16  -0.08259812422  0.9965907139  -0.08250423599
28  25  1.056605016e-16  -0.08719007956  0.9962013524  -0.08707965012
28  26  4.465019304e-17  -0.09688207371  0.9953106016  -0.09673058677
28  27  -2.682732758e-16  -0.0841251576  0.9964635653  -0.08402596649
28  28  2.753737644e-16  -0.05271850231  0.9986107016  -0.05269408614
28  29  4.94195324e-17  -0.02813444617  0.9996042526  -0.02813073469
28  30  1.143525001e-16  -0.01715625304  0.9998528351  -0.01715541143
28  31  -1.678926378e-16  -0.0132026184  0.9999128467  -0.01320223485
28  32  1.991717627e-16  -0.01268257343  0.9999195772  -0.01268223344
28  33  3.703779444e-16  -0.01504557474  0.9998868175  -0.0150450071
28  34  1.379142701e-16  -0.02238279569  0.9997495157  -0.02238092681
28  35  2.267773596e-17  -0.039518794  0.9992192341  -0.03950850849
28  36  2.267773596e-17  -0.039518794  0.9992192341  -0.03950850849

29  0  2.152947813e-16  -0.0196045625  0.9998078367  -0.01960330672
29  1  1.469670937e-16  -0.04059427219  0.9991761657  -0.04058312393
29  2  -4.749578732e-17  -0.07260894704  0.9973651283  -0.07254516408
29  3  9.546838254e-17  -0.1081730757  0.9941549957  -0.1079622361
29  4  -3.863550495e-17  -0.1023383842  0.9947679963  -0.1021598436
29  5  5.428451048e-17  -0.6669760111  0.7856959339  -0.6186128833
29  6  2.624963846e-16  -0.2010628934  0.97985486  -0.1997109246
29  7  8.728180779e-17  0.03920157986  0.9992317165  0.03919154004
29  8  -6.868954108e-17  0.1057107543  0.9944178194  0.1055139821
29  9  7.387402442e-17  0.04522211583  0.9989776544  0.04520670391
29  10  -5.049206349e-17  2.386785346e-05  0.9999999997  2.386785346e-05
29  11  3.439115929e-17  -0.001145211768  0.9999993442  -0.001145211518
29  12  -1.695892014e-16  -0.1407078395  0.990116974  -0.1402439936
29  13  -2.008269725e-16  -0.3053925115  0.9537290106  -0.300667548
29  14  1.7728569e-17  0.01148727764  0.999934022  0.011487025
29  15  3.375314376e-16  -0.07300111583  0.9973366017  -0.07293629397
29  16  -3.129553573e-17  -0.3485808215  0.9398583999  -0.3415643251
29  17  -3.601612069e-16  -0.02291232179  0.9997375242  -0.02291031711
29  18  -7.487653402e-17  0.001118846182  0.9999993741  0.001118845949
29  19  -2.406490546e-16  0.01196889527  0.9999283736  0.01196860951
29  20  -2.831387669e-16  0.1020354793  0.9947988953  0.1018585188
29  21  -8.510907186e-17  0.0625124127  0.9980467353  0.0624717063
29  22  -1.097110393e-17  0.01415066076  0.9998998811  0.0141501885
29  23  -2.919720992e-16  -0.7805398677  0.7105337566  -0.703663116
29  24  -3.222353394e-17  -0.1381521926  0.9904721544  -0.137713149
29  25  2.23371861e-16  -0.1026341543  0.9947377369  -0.1024540618
29  26  -4.294176056e-17  -0.09846937644  0.995155807  -0.09831032347
29  27  -3.077420914e-16  -0.05876258738  0.9982739759  -0.05872877494
29  28  -1.016249722e-16  -0.02813444617  0.9996042526  -0.02813073469
29  29  -3.410677663e-17  -0.01289003931  0.9999169246  -0.01288968236
29  30  2.101567282e-17  -0.006744615724  0.9999772552  -0.006744564589
29  31  1.863465037e-16  -0.00446945182  0.999990012  -0.004469436939
29  32  1.450466299e-17  -0.003820028262  0.9999927037  -0.003820018972
29  33  2.177800365e-17  -0.004081517605  0.9999916706  -0.004081506272
29  34  -1.638295946e-16  -0.005517260146  0.99998478  -0.005517232155
29  35  -2.376710812e-16  -0.009547594872  0.9999544221  -0.009547449818
29  36  -2.376710812e-16  -0.009547594872  0.9999544221  -0.009547449818

30  0  5.173403889e-17  -0.004484377465  0.9999899452  -0.004484362435
30  1  -8.453459739e-17  -0.01104993287  0.9999389501  -0.01104970801
30  2  -5.074543346e-17  -0.02707332237  0.99963354  -0.02707001519
30  3  1.470658056e-16  -0.06199782836  0.9980787502  -0.06195811883
30  4  -6.703082739e-17  -0.1060443583  0.9943825642  -0.1058457181
30  5  5.096914581e-17  -0.1121791025  0.9937145201  -0.1119439707
30  6  2.723299139e-16  -0.6669760111  0.7856959339  -0.6186128833
30  7  3.488840798e-17  -0.1386464074  0.9904039735  -0.1382026382
30  8  -1.009263575e-16  0.03253601817  0.9994707505  0.03253027807
30  9  -7.384734979e-17  0.06393085037  0.9979571191  0.06388731007
30  10  -2.215619743e-17  -0.01939860211  0.999811853  -0.0193973855
30  11  7.551475275e-17  -0.00580927052  0.9999831262  -0.005809237845
30  12  -3.108865914e-17  -0.1377469218  0.9905278842  -0.1373117282
30  13  -1.127151199e-17  -0.3642105987  0.9344052463  -0.3562117848
30  14  -1.898581953e-16  0.03879267195  0.9992476587  0.03878294302
30  15  5.742232717e-17  0.06735641028  0.9977324145  0.06730549044
30  16  5.312519758e-19  -0.07575469865  0.9971319848  -0.07568226292
30  17  -1.823456403e-16  -0.3959895258  0.9226153349  -0.3857213292
30  18  3.862189301e-16  -0.0218175985  0.9997620056  -0.02181586765
30  19  -4.046751982e-17  -0.007143690994  0.9999744839  -0.007143630234
30  20  -3.427200871e-16  0.0236227493  0.9997209958  0.02362055231
30  21  -1.27165577e-16  0.04809348717  0.9988437311  0.0480749494
30  22  -7.612427518e-17  0.008906438865  0.9999603379  0.008906321115
30  23  1.361777991e-16  -0.7164019904  0.7541733301  -0.6566754055
30  24  9.757638581e-17  -0.1479976645  0.9890683209  -0.1474579827
30  25  9.79006082e-17  -0.1066348298  0.994319892  -0.1064328542
30  26  8.770888936e-17  -0.08950007582  0.995997541  -0.08938063714
30  27  -7.516269546e-17  -0.04269221565  0.9990888258  -0.04267924818
30  28  -9.154356618e-17  -0.01715625304  0.9998528351  -0.01715541143
30  29  -9.132510809e-17  -0.006744615724  0.9999772552  -0.006744564589
30  30  -3.438078882e-17  -0.002763604493  0.9999961812  -0.002763600976
30  31  -2.747583978e-17  -0.001300863882  0.9999991539  -0.001300863516
30  32  -9.284411135e-18  -0.0008402199832  0.999999647  -0.0008402198843
30  33  -1.868346076e-16  -0.0007872305604  0.9999996901  -0.0007872304791
30  34  -1.382159979e-16  -0.001040464562  0.9999994587  -0.001040464375
30  35  6.856110753e-17  -0.001945646148  0.9999981072  -0.00194564492
30  36  6.856110753e-17  -0.001945646148  0.9999981072  -0.00194564492

31  0  -1.842892286e-16  -0.0006504129792  0.9999997885  -0.0006504129333
31  1  -3.234644874e-16  -0.002612239622  0.9999965881  -0.002612236651
31  2  -1.407604091e-16  -0.007891446247  0.9999688627  -0.007891364341
31  3  2.562394652e-17  -0.02212010609  0.9997553604  -0.02211830224
31  4  2.10898518e-16  -0.05815038507  0.9983097427  -0.05811761834
31  5  1.82649947e-16  -0.1060443583  0.9943825642  -0.1058457181
31  6  3.944582078e-17  -0.1023383842  0.9947679963  -0.1021598436
31  7  2.928203385e-16  -0.2783837779  0.961500835  -0.2748020092
31  8  2.177467735e-16  -0.1114016123  0.9938012551  -0.1111713337
31  9  -2.2225536e-16  0.01793455879  0.9998391801  0.01793359737
31  10  -3.581046141e-16  -0.0416678132  0.9991320223  -0.04165575692
31  11  -1.676646166e-16  -0.05042948285  0.9987287031  -0.05040811076
31  12  3.290997323e-16  -0.09877400614  0.9951258126  -0.09861347293
31  13  -1.212381175e-16  -0.2616443456  0.9659659425  -0.2586692827
31  14  -7.144596407e-17  0.04218709865  0.9991102563  0.04217458601
31  15  -7.767475789e-17  0.15613106  0.9878362857  0.1554975006
31  16  -2.553449422e-16  0.09978162099  0.9950259431  0.09961612624
31  17  -2.293243818e-16  -0.06297041921  0.9980180182  -0.06292881163
31  18  2.244431959e-16  -0.2715737323  0.9633499392  -0.2682478232
31  19  2.027185057e-16  -0.0199550168  0.9998009053  -0.01995369246
31  20  -2.146500566e-17  -0.0713691726  0.9974543014  -0.07130860085
31  21  2.154689657e-16  0.003113104933  0.9999951543  0.003113099904
31  22  4.112203308e-17  -0.006529682981  0.9999786817  -0.00652963658
31  23  1.117736247e-16  -0.3304658409  0.9458912884  -0.3244836985
31  24  1.117366007e-16  -0.1018006418  0.9948227881  -0.1016248999
31  25  4.171600472e-17  -0.1066395834  0.994319386  -0.1064375808
31  26  1.726362877e-16  -0.08792640997  0.996136963  -0.08781315979
31  27  -1.925660549e-16  -0.03730817827  0.9993041306  -0.037299524
31  28  -3.300958951e-17  -0.0132026184  0.9999128467  -0.01320223485
31  29  -1.360486227e-16  -0.00446945182  0.999990012  -0.004469436939
31  30  -2.456568918e-16  -0.001300863882  0.9999991539  -0.001300863516
31  31  -1.121317465e-16  -0.0001731381561  0.999999985  -0.0001731381552
31  32  -7.340682228e-17  0.0001512783861  0.9999999886  0.0001512783856
31  33  -6.33142852e-17  0.0001986029542  0.9999999803  0.0001986029529
31  34  1.460066519e-16  0.0001767673752  0.9999999844  0.0001767673743
31  35  3.819274887e-17  1.361404651e-05  0.9999999999  1.361404651e-05
31  36  3.819274887e-17  1.361404651e-05  0.9999999999  1.361404651e-05

32  0  1.662620628e-16  0.0002840368427  0.9999999597  0.0002840368389
32  1  1.793171937e-17  -0.0002523493195  0.9999999682  -0.0002523493168
32  2  -2.258033966e-16  -0.002024060828  0.9999979516  -0.002024059446
32  3  -2.582202249e-16  -0.007109911933  0.9999747247  -0.007109852032
32  4  -3.260225527e-16  -0.02212010609  0.9997553604  -0.02211830224
32  5  -3.813118633e-16  -0.06199782836  0.9980787502  -0.06195811883
32  6  -2.32528155e-16  -0.1081730757  0.9941549957  -0.1079622361
32  7  7.2681535e-17  -0.08148994838  0.9966815312  -0.0813997878
32  8  2.815291835e-16  -0.1132542073  0.9935935943  -0.1130122531
32  9  2.283096009e-16  -0.1294177011  0.9916372114  -0.1290567353
32  10  -3.721126501e-16  -0.02814571763  0.9996039354  -0.02814200169
32  11  -2.611577832e-16  -0.6068934471  0.821423703  -0.57031842
32  12  2.93939292e-16  -0.06871480147  0.9976400668  -0.06866073885
32  13  1.894967572e-16  -0.1388977221  0.9903692099  -0.1384515369
32  14  1.532558296e-17  0.03195020739  0.9994896355  0.03194477178
32  15  3.944973949e-17  0.1583360108  0.9874910203  0.1576752513
32  16  -1.651521837e-16  0.218673154  0.9761861473  0.2169345657
32  17  4.136116702e-17  0.0760962018  0.9971060809  0.07602278222
32  18  2.714703439e-16  -0.04537816337  0.9989705878  -0.04536259136
32  19  5.960022713e-17  -0.1255742617  0.9921259077  -0.1252444939
32  20  7.120038076e-17  -0.1398708499  0.99023401  -0.139415227
32  21  1.712559443e-17  -0.4963476799  0.8793277203  -0.4762171357
32  22  2.652802502e-16  -0.05056051056  0.9987220897  -0.05053897145
32  23  -3.892348229e-17  -0.1904900552  0.9819115659  -0.1893401085
32  24  3.689872599e-17  -0.05728693563  0.9983595522  -0.0572556068
32  25  3.983499938e-16  -0.1009882361  0.9949050204  -0.1008166668
32  26  3.005173161e-16  -0.09563422232  0.995430532  -0.09548851205
32  27  4.221248566e-17  -0.0395819557  0.9992167367  -0.0395716208
32  28  -2.709257261e-16  -0.01268257343  0.9999195772  -0.01268223344
32  29  -1.811376423e-16  -0.003820028262  0.9999927037  -0.003820018972
32  30  -1.608825061e-17  -0.0008402199831  0.999999647  -0.0008402198843
32  31  -4.061210251e-16  0.0001512783862  0.9999999886  0.0001512783856
32  32  -8.636722153e-17  0.0003677074362  0.9999999324  0.0003677074279
32  33  1.786816074e-16  0.0003195955676  0.9999999489  0.0003195955622
32  34  4.061695136e-17  0.0002879769641  0.9999999585  0.0002879769601
32  35  -2.419161467e-16  0.0003362353959  0.9999999435  0.0003362353895
32  36  -2.419161467e-16  0.0003362353959  0.9999999435  0.0003362353895

33  0  1.799758013e-16  0.0002107402776  0.9999999778  0.000210740276
33  1  4.296752443e-16  0.0002928860035  0.9999999571  0.0002928859993
33  2  -3.983365005e-17  -0.0001775243177  0.9999999842  -0.0001775243168
33  3  9.610692097e-17  -0.002024060828  0.9999979516  -0.002024059446
33  4  1.144311901e-16  -0.007891446247  0.9999688627  -0.007891364341
33  5  7.82053595e-17  -0.02707332237  0.99963354  -0.02707001519
33  6  3.611775896e-17  -0.07260894704  0.9973651283  -0.07254516408
33  7  -8.449024868e-17  -0.1004888299  0.9949552448  -0.1003197925
33  8  1.993946031e-16  -0.05888576515  0.9982667343  -0.05885173966
33  9  2.645063623e-16  -0.04073455136  0.9991704629  -0.04072328713
33  10  -2.472767369e-16  -0.1787331172  0.9840697127  -0.1777830154
33  11  -9.207745864e-17  -0.5970736617  0.8269844136  -0.562224848
33  12  -1.838701475e-16  -0.7653481543  0.721141204  -0.6927881089
33  13  2.626646021e-16  -0.06601950815  0.9978215037  -0.0659715601
33  14  -1.582424479e-18  0.008035305205  0.9999677171  0.008035218738
33  15  -2.04004113e-17  0.05980642342  0.9982121289  0.05977077711
33  16  -6.071960505e-18  0.1051467883  0.9944771676  0.1049531476
33  17  -1.808936428e-16  0.07784665721  0.9969714789  0.07776805458
33  18  1.191705136e-16  0.02572055687  0.9996692447  0.02571772107
33  19  -4.463218292e-17  -0.04924755639  0.9987875842  -0.04922765194
33  20  -6.285207753e-17  -0.05435476555  0.9985231434  -0.05432800485
33  21  -4.435023825e-16  -1.21657248  0.346862503  -0.9379159899
33  22  6.359809672e-17  -0.1825536908  0.9833832991  -0.1815414196
33  23  -2.471252516e-17  -0.1304243823  0.99150679  -0.1300549323
33  24  1.156205997e-16  -0.02245505416  0.9997478959  -0.02245316712
33  25  1.640544344e-16  -0.08404104147  0.9964706297  -0.08394214753
33  26  7.736275736e-17  -0.1045832871  0.9945361509  -0.1043927419
33  27  -2.065640311e-16  -0.05046818021  0.9987267517  -0.05044675888
33  28  -1.565718985e-16  -0.01504557474  0.9998868175  -0.0150450071
33  29  2.626259954e-16  -0.004081517605  0.9999916706  -0.004081506272
33  30  3.606182954e-16  -0.0007872305604  0.9999996901  -0.0007872304791
33  31  4.833297654e-17  0.0001986029542  0.9999999803  0.0001986029529
33  32  -4.250902162e-17  0.0003195955676  0.9999999489  0.0003195955622
33  33  4.588452566e-17  0.0001167171996  0.9999999932  0.0001167171994
33  34  -3.159086569e-16  -5.806434578e-05  0.9999999983  -5.806434575e-05
33  35  -2.629594468e-16  -3.799434704e-06  1  -3.799434704e-06
33  36  -2.629594468e-16  -3.799434704e-06  1  -3.799434704e-06

34  0  3.746853509e-16  -0.0002911583731  0.9999999576  -0.000291158369
34  1  2.077367258e-16  0.0001248567629  0.9999999922  0.0001248567626
34  2  2.003753205e-16  0.0002928860034  0.9999999571  0.0002928859993
34  3  1.335809928e-16  -0.0002523493195  0.9999999682  -0.0002523493169
34  4  5.230058114e-17  -0.002612239622  0.9999965881  -0.002612236651
34  5  -1.40795301e-16  -0.01104993287  0.9999389501  -0.01104970801
34  6  -4.698324654e-17  -0.04059427219  0.9991761657  -0.04058312393
34  7  4.104109231e-17  -0.07700910952  0.9970362636  -0.07693301624
34  8  -1.829904491e-16  -0.05789353401  0.9983246374  -0.05786119951
34  9  1.136396385e-16  -0.02202271913  0.9997575097  -0.02202093901
34  10  -3.397385464e-17  -0.0007374834986  0.9999997281  -0.0007374834318
34  11  1.466627693e-16  -0.2848193654  0.9597124238  -0.2809840986
34  12  4.533196391e-17  -0.2194862565  0.9760094346  -0.2177282334
34  13  -1.956276254e-16  0.005812870954  0.9999831053  0.005812838218
34  14  -1.992142739e-16  -0.03373855088  0.9994309091  -0.03373215054
34  15  -9.630893939e-17  -0.01053131196  0.9999445462  -0.01053111729
34  16  7.749271857e-17  0.003753136557  0.999992957  0.003753127746
34  17  2.698214699e-17  0.005910946395  0.9999825304  0.005910911975
34  18  4.795896259e-17  -0.004956732264  0.9999877154  -0.004956711967
34  19  1.758562401e-17  -0.02623294472  0.999655936  -0.02622993605
34  20  -1.864889126e-16  -0.09240641775  0.9957335642  -0.09227496498
34  21  -1.746322485e-16  -0.1136594543  0.9935477149  -0.1134148946
34  22  -1.167345535e-16  -0.2290516464  0.9738821604  -0.2270540412
34  23  1.253030694e-16  -0.08097861526  0.9967230233  -0.08089014091
34  24  -2.716526284e-17  0.01265264236  0.9999199564  0.01265230477
34  25  1.173609464e-16  -0.03178071425  0.9994950356  -0.03177536469
34  26  1.852405438e-16  -0.09000042038  0.9959526952  -0.08987896788
34  27  -3.987082634e-16  -0.07086396329  0.9974901999  -0.07080466857
34  28  -2.429873266e-16  -0.02238279569  0.9997495157  -0.02238092681
34  29  2.048343837e-16  -0.005517260146  0.99998478  -0.005517232155
34  30  3.175977188e-16  -0.001040464562  0.9999994587  -0.001040464375
34  31  -1.862126904e-16  0.0001767673752  0.9999999844  0.0001767673743
34  32  -6.920839979e-17  0.0002879769641  0.9999999585  0.0002879769601
34  33  -9.342190476e-17  -5.806434579e-05  0.9999999983  -5.806434576e-05
34  34  -9.288664116e-17  -0.0004580006771  0.9999998951  -0.0004580006611
34  35  1.859656629e-17  -0.0005668436399  0.9999998393  -0.0005668436096
34  36  1.859656629e-17  -0.0005668436399  0.9999998393  -0.0005668436096

35  0  5.053907486e-16  -0.0008022166114  0.9999996782  -0.0008022165254
35  1  -1.802968376e-16  -0.0002911583731  0.9999999576  -0.000291158369
35  2  2.890927186e-16  0.0002107402776  0.9999999778  0.000210740276
35  3  -6.670625463e-17  0.0002840368427  0.9999999597  0.0002840368388
35  4  5.397557727e-17  -0.0006504129792  0.9999997885  -0.0006504129334
35  5  -1.377810967e-16  -0.004484377465  0.9999899452  -0.004484362435
35  6  -2.382091026e-16  -0.0196045625  0.9998078367  -0.01960330672
35  7  1.292869114e-16  -0.06523981433  0.997872638  -0.06519354486
35  8  8.777602954e-18  -0.01251388445  0.9999217024  -0.01251355785
35  9  3.849060556e-17  1.287183371  0.2798260878  0.9600507073
35  10  1.180102596e-16  0.08544056201  0.9963521751  0.08533664599
35  11  7.354952316e-17  0.009567016941  0.9999542364  0.009566871
35  12  -1.185489172e-16  -0.9960248422  0.5436430081  -0.8393165551
35  13  1.398237879e-16  1.718488549  -0.1471558731  0.9891133145
35  14  -5.117806073e-17  -0.112818741  0.9936427131  -0.1125795658
35  15  3.78717783e-17  -0.05691213933  0.9983809413  -0.05688142131
35  16  -4.532922032e-17  -0.03749765169  0.9992970454  -0.0374888649
35  17  5.323151449e-17  -0.02876314589  0.9995863692  -0.02875918001
35  18  6.845716478e-17  -0.03201233516  0.999487649  -0.03200686778
35  19  1.564983949e-16  -0.04725313915  0.9988837781  -0.04723555618
35  20  -3.077553161e-16  -0.07623810626  0.9970952829  -0.07616427525
35  21  -3.676712413e-17  -0.2793141661  0.9612447464  -0.2756964592
35  22  -1.312104117e-17  1.054097736  0.4940124094  0.8694548518
35  23  1.98761181e-16  -0.1199546954  0.9928140584  -0.1196672283
35  24  -1.146915761e-16  0.03146989376  0.9995048638  0.03146469963
35  25  -6.332421179e-17  0.3175149202  0.9500142092  0.312206666
35  26  -1.040012071e-16  1.061193279  0.4878307708  0.8729382218
35  27  -1.791205249e-17  -0.07871926915  0.996903238  -0.07863799408
35  28  3.248912044e-17  -0.039518794  0.9992192341  -0.03950850849
35  29  -1.135522363e-16  -0.009547594872  0.9999544221  -0.009547449818
35  30  -2.726865474e-16  -0.001945646148  0.9999981072  -0.00194564492
35  31  1.493288834e-16  1.361404652e-05  0.9999999999  1.361404652e-05
35  32  8.920435176e-17  0.0003362353959  0.9999999435  0.0003362353895
35  33  -1.518776806e-16  -3.79943472e-06  1  -3.79943472e-06
35  34  -2.084924187e-16  -0.0005668436399  0.9999998393  -0.0005668436095
35  35  1.623146578e-16  -0.00092874662  0.9999995687  -0.0009287464865
35  36  1.623146578e-16  -0.00092874662  0.9999995687  -0.0009287464865

36  0  5.053907486e-16  -0.0008022166114  0.9999995687  -0.0009287464865
36  1  2.077367258e-16  0.0001248567629  0.9999995687  -0.0009287464865
36  2  -3.983365005e-17  -0.0001775243177  0.9999995687  -0.0009287464865
36  3  -2.582202249e-16  -0.007109911933  0.9999995687  -0.0009287464865
36  4  2.10898518e-16  -0.05815038507  0.9999995687  -0.0009287464865
36  5  5.096914581e-17  -0.1121791025  0.9999995687  -0.0009287464865
36  6  2.624963846e-16  -0.2010628934  0.9999995687  -0.0009287464865
36  7  5.637134021e-17  0.1220247412  0.9999995687  -0.0009287464865
36  8  -2.401370758e-17  0.04793839713  0.9999995687  -0.0009287464865
36  9  -2.89386018e-16  0.02378372551  0.9999995687  -0.0009287464865
36  10  1.584835869e-16  0.0001320472111  0.9999995687  -0.0009287464865
36  11  3.26155376e-16  -0.818188749  0.9999995687  -0.0009287464865
36  12  1.556676672e-16  0.3444987668  0.9999995687  -0.0009287464865
36  13  -1.650456343e-16  -0.08484686955  0.9999995687  -0.0009287464865
36  14  6.817611096e-17  -0.01337142272  0.9999995687  -0.0009287464865
36  15  6.216448528e-18  0.1259691199  0.9999995687  -0.0009287464865
36  16  -1.089406318e-16  0.180873663  0.9999995687  -0.0009287464865
36  17  -1.139096373e-16  -0.01259121271  0.9999995687  -0.0009287464865
36  18  6.175052625e-18  -0.01259121271  0.9999995687  -0.0009287464865
36  19  8.0273715e-17  0.180873663  0.9999995687  -0.0009287464865
36  20  -2.190632722e-16  0.1259691199  0.9999995687  -0.0009287464865
36  21  -1.373356885e-16  -0.01337142272  0.9999995687  -0.0009287464865
36  22  6.382803567e-17  -0.08484686955  0.9999995687  -0.0009287464865
36  23  -5.939651601e-17  0.3444987668  0.9999995687  -0.0009287464865
36  24  9.428793739e-17  -0.818188749  0.9999995687  -0.0009287464865
36  25  7.979432421e-17  0.0001320472113  0.9999995687  -0.0009287464865
36  26  -1.625888586e-16  0.02378372551  0.9999995687  -0.0009287464865
36  27  -2.189585801e-16  0.04793839713  0.9999995687  -0.0009287464865
36  28  2.150482981e-16  0.1220247412  0.9999995687  -0.0009287464865
36  29  2.908629942e-16  -0.2010628934  0.9999995687  -0.0009287464865
36  30  -9.901662775e-17  -0.1121791025  0.9999995687  -0.0009287464865
36  31  -6.881720132e-17  -0.05815038507  0.9999995687  -0.0009287464865
36  32  2.523363473e-17  -0.007109911933  0.9999995687  -0.0009287464865
36  33  -1.480335377e-16  -0.0001775243177  0.9999995687  -0.0009287464865
36  34  -2.377551301e-16  0.0001248567629  0.9999995687  -0.0009287464865
36  35  -3.40898661e-17  -0.0008022166114  0.9999995687  -0.0009287464865
36  36  -3.40898661e-17  -0.0008022166114  0.9999995687  -0.0009287464865

#Chern no*2pi*Iota= -1.125856264e-14  -81.68140899
