#nx  ny  tilde_F(nx,ny).real()  tilde_F(nx,ny).imag()  ArgofLog.real()  ArgofLog.imag()
#Extra momentum point for pm3d corners2color c1
0  0  -2.040535968e-16  -0.007917022488  0.9999686605  -0.007916939783
0  1  -1.707772899e-16  -0.00753537672  0.9999716092  -0.007535305408
0  2  -1.270042895e-16  -0.006769374495  0.9999770879  -0.006769322795
0  3  4.173425817e-16  -0.005854975764  0.9999828597  -0.005854942312
0  4  2.123628281e-16  -0.005081665972  0.9999870884  -0.005081644101
0  5  8.749825558e-17  -0.004970908047  0.9999876451  -0.004970887575
0  6  -1.548341462e-16  -0.008221241001  0.9999662058  -0.00822114839
0  7  -1.09604577e-16  -0.04800770833  0.9988478513  -0.04798926957
0  8  1.10334582e-16  -0.07142192774  0.9974505381  -0.07136122159
0  9  -2.34540532e-17  -0.008602315912  0.9999630003  -0.008602209818
0  10  -3.531620312e-17  -0.002369696263  0.9999971923  -0.002369694045
0  11  -2.638919131e-16  -0.001520253852  0.9999988444  -0.001520253267
0  12  1.43726753e-16  -0.001580637256  0.9999987508  -0.001580636598
0  13  1.240916964e-17  -0.002362437407  0.9999972094  -0.00236243521
0  14  2.955618243e-16  -0.004194418957  0.9999912034  -0.004194406659
0  15  6.404635517e-17  -0.006750808369  0.9999772134  -0.006750757093
0  16  -1.354235131e-16  -0.00736400372  0.9999728858  -0.007363937163
0  17  -4.964494067e-16  -0.004847769275  0.9999882496  -0.004847750287
0  18  -1.685240361e-16  -0.003856525135  0.9999925636  -0.003856515575
0  19  -3.659134733e-17  -0.006265566177  0.9999803714  -0.006265525182
0  20  2.723006809e-16  -0.00749842969  0.9999718869  -0.007498359422
0  21  1.562522249e-16  -0.005472071138  0.9999850283  -0.005472043829
0  22  -3.816259546e-18  -0.003121310242  0.9999951287  -0.003121305174
0  23  2.636966213e-16  -0.001859545233  0.999998271  -0.001859544161
0  24  -1.155295604e-16  -0.001468181613  0.9999989222  -0.001468181086
0  25  1.795690297e-16  -0.001765462143  0.9999984416  -0.001765461226
0  26  2.316481398e-16  -0.003909088441  0.9999923595  -0.003909078485
0  27  -2.129032401e-16  -0.02724161178  0.9996289702  -0.02723824255
0  28  8.983896714e-17  -0.0858572346  0.9963165312  -0.0857517912
0  29  3.197165941e-16  -0.01747975169  0.999847233  -0.01747886157
0  30  3.565407758e-17  -0.00572261773  0.9999836259  -0.005722586496
0  31  2.95209651e-16  -0.004885575281  0.9999880656  -0.004885555846
0  32  2.486679851e-16  -0.005431827381  0.9999852477  -0.00543180067
0  33  3.606256371e-17  -0.00631688241  0.9999800486  -0.0063168404
0  34  -1.685056168e-16  -0.007189795601  0.9999741535  -0.007189733657
0  35  -4.302459947e-17  -0.007787150402  0.9999696803  -0.007787071701
0  36  -4.302459947e-17  -0.007787150402  0.9999696803  -0.007787071701

1  0  5.702789507e-16  -0.00753537672  0.9999716092  -0.007535305408
1  1  1.215338731e-16  -0.007413475123  0.9999725203  -0.007413407216
1  2  2.752878289e-16  -0.006865580519  0.999976432  -0.006865526583
1  3  2.289426944e-16  -0.006069253923  0.9999815821  -0.006069216662
1  4  7.504216792e-17  -0.00527833178  0.9999860696  -0.005278307271
1  5  6.690716863e-16  -0.004871624047  0.9999881337  -0.004871604777
1  6  1.557387442e-16  -0.00614218777  0.9999811368  -0.00614214915
1  7  -9.635050265e-18  -0.02210812398  0.9997556254  -0.02210632306
1  8  6.124166738e-18  -0.106479721  0.9943363887  -0.1062786251
1  9  9.671108169e-17  -0.02517340718  0.9996831665  -0.02517074854
1  10  5.356862765e-17  -0.003972410492  0.99999211  -0.003972400044
1  11  1.551382756e-16  -0.001835972397  0.9999983146  -0.001835971365
1  12  2.098382468e-16  -0.001479900587  0.9999989049  -0.001479900047
1  13  5.052732425e-17  -0.001814151619  0.9999983544  -0.001814150624
1  14  1.98272442e-16  -0.003003847959  0.9999954885  -0.003003843442
1  15  3.402018629e-16  -0.005270201784  0.9999861125  -0.005270177388
1  16  -1.152358271e-16  -0.007278681594  0.9999735105  -0.007278617325
1  17  -3.167152458e-16  -0.006130886772  0.9999812062  -0.006130848364
1  18  -7.348073663e-17  -0.00374938364  0.9999929711  -0.003749374855
1  19  -2.178356779e-17  -0.004692962621  0.9999889881  -0.004692945395
1  20  7.436598513e-17  -0.007099457414  0.999974799  -0.007099397776
1  21  2.052828256e-16  -0.006446173634  0.9999792235  -0.006446128991
1  22  1.222834684e-16  -0.00398713237  0.9999920514  -0.003987121806
1  23  -2.537086683e-16  -0.002261050934  0.9999974438  -0.002261049007
1  24  -2.563753775e-17  -0.001552555168  0.9999987948  -0.001552554545
1  25  -4.324981019e-17  -0.001553470771  0.9999987934  -0.001553470146
1  26  -1.906775494e-16  -0.002479660978  0.9999969256  -0.002479658437
1  27  -3.831687987e-16  -0.008685759591  0.999962279  -0.008685650379
1  28  -1.637099122e-17  -0.07444739564  0.9972300723  -0.07437864497
1  29  2.098862457e-16  -0.06670331281  0.9977761588  -0.06665385962
1  30  1.212370117e-16  -0.00990246566  0.999950971  -0.009902303823
1  31  -2.515510491e-17  -0.005125550766  0.9999868644  -0.005125528324
1  32  -4.343682476e-17  -0.004998129861  0.9999875094  -0.004998109052
1  33  3.18892457e-16  -0.0056626761  0.9999839671  -0.005662645837
1  34  2.257183197e-16  -0.006491734679  0.9999789288  -0.006491689083
1  35  -1.610927473e-16  -0.007189795601  0.9999741535  -0.007189733657
1  36  -1.610927473e-16  -0.007189795601  0.9999741535  -0.007189733657

2  0  -8.13690156e-17  -0.006769374495  0.9999770879  -0.006769322795
2  1  4.772231447e-17  -0.006865580519  0.999976432  -0.006865526583
2  2  7.157716312e-17  -0.006572632912  0.9999784003  -0.00657258559
2  3  1.066049653e-16  -0.005990607677  0.9999820564  -0.005990571846
2  4  3.016632037e-17  -0.005321268315  0.9999858421  -0.005321243202
2  5  1.611760604e-16  -0.004882577642  0.9999880802  -0.004882558243
2  6  4.713570713e-17  -0.005556317374  0.9999845637  -0.005556288784
2  7  -3.311984619e-16  -0.01396388946  0.9999025065  -0.01396343566
2  8  -3.636081326e-17  -0.1153867726  0.9933503291  -0.1151308977
2  9  2.185382073e-16  -0.07299638381  0.9973369468  -0.07293157455
2  10  -1.594394515e-17  -0.007715153874  0.9999702383  -0.007715077335
2  11  -3.609841567e-18  -0.002577900251  0.9999966772  -0.002577897396
2  12  3.20199832e-17  -0.001602794046  0.9999987155  -0.001602793359
2  13  -1.193802173e-16  -0.001512125518  0.9999988567  -0.001512124942
2  14  1.595240193e-16  -0.002109243631  0.9999977755  -0.002109242067
2  15  1.150638336e-16  -0.003685880805  0.9999932071  -0.003685872459
2  16  1.363943681e-16  -0.006025202652  0.9999818485  -0.006025166196
2  17  -9.925401243e-17  -0.006767741339  0.9999770989  -0.006767689676
2  18  3.135266737e-16  -0.004501628514  0.9999898677  -0.00450161331
2  19  2.467912747e-16  -0.003520210676  0.9999938041  -0.003520203405
2  20  2.894411145e-16  -0.005740794603  0.9999835217  -0.00574076307
2  21  2.569806011e-16  -0.006700780188  0.9999775499  -0.006700730043
2  22  7.37599239e-17  -0.004773564299  0.9999886066  -0.004773546169
2  23  -1.037638508e-16  -0.002720303756  0.9999963  -0.002720300401
2  24  -5.695439077e-17  -0.001692799854  0.9999985672  -0.001692799046
2  25  -3.036964176e-16  -0.001470342308  0.999998919  -0.001470341778
2  26  -7.954573623e-17  -0.001925538157  0.9999981462  -0.001925536967
2  27  -3.123187053e-16  -0.004108008785  0.9999915621  -0.004107997231
2  28  1.759837807e-16  -0.02299045  0.9997357312  -0.02298842475
2  29  -4.841456622e-17  -0.1341095959  0.9910207782  -0.1337079551
2  30  1.770088099e-16  -0.04558512282  0.9989611782  -0.04556933679
2  31  2.988829484e-17  -0.00778104274  0.9999697278  -0.007780964224
2  32  5.005838166e-17  -0.004989694095  0.9999875515  -0.004989673391
2  33  9.878569343e-17  -0.005057075181  0.999987213  -0.005057053626
2  34  1.063450295e-16  -0.0056626761  0.9999839671  -0.005662645837
2  35  -1.922040167e-17  -0.00631688241  0.9999800486  -0.0063168404
2  36  -1.922040167e-17  -0.00631688241  0.9999800486  -0.0063168404

3  0  -1.216229626e-16  -0.005854975764  0.9999828597  -0.005854942312
3  1  -1.312813832e-16  -0.006069253923  0.9999815821  -0.006069216662
3  2  1.137054194e-16  -0.005990607677  0.9999820564  -0.005990571846
3  3  1.364269699e-16  -0.005648819621  0.9999840455  -0.005648789579
3  4  1.420337162e-16  -0.005183114975  0.9999865677  -0.005183091767
3  5  1.003504165e-16  -0.004866568858  0.9999881583  -0.004866549648
3  6  1.0850591e-16  -0.005452103688  0.9999851373  -0.005452076677
3  7  1.644175101e-18  -0.01172233138  0.9999312943  -0.01172206291
3  8  8.405714955e-17  -0.1048873669  0.9945043612  -0.1046951554
3  9  -1.102873059e-16  -0.1532675426  0.9882775049  -0.1526681806
3  10  1.927170463e-16  -0.01463850663  0.999892859  -0.01463798383
3  11  -6.044729052e-17  -0.003824203615  0.9999926877  -0.003824194294
3  12  -2.07909065e-17  -0.001957098881  0.9999980849  -0.001957097632
3  13  1.258120471e-16  -0.001443874469  0.9999989576  -0.001443873968
3  14  2.86418668e-16  -0.001552973033  0.9999987941  -0.001552972409
3  15  4.884737691e-17  -0.002414255437  0.9999970857  -0.002414253092
3  16  -1.623351004e-16  -0.004269246151  0.9999908868  -0.004269233182
3  17  -2.099505637e-16  -0.006164937647  0.9999809968  -0.006164898596
3  18  2.765214533e-16  -0.005441128683  0.9999851971  -0.005441101835
3  19  1.098969855e-16  -0.003281288636  0.9999946166  -0.003281282748
3  20  2.215853533e-16  -0.004102280066  0.9999915857  -0.00410226856
3  21  -2.311076328e-16  -0.006072622562  0.9999815617  -0.006072585239
3  22  2.336736888e-17  -0.005247647215  0.9999862311  -0.00524762313
3  23  -2.662866169e-16  -0.003157930999  0.9999950137  -0.00315792575
3  24  -1.526596439e-16  -0.001838058794  0.9999983108  -0.001838057759
3  25  -4.583915187e-16  -0.001408531072  0.999999008  -0.001408530606
3  26  -4.193907359e-17  -0.001609800956  0.9999987043  -0.00160980026
3  27  1.050750787e-16  -0.002630215861  0.999996541  -0.002630212828
3  28  3.582334766e-16  -0.007077564234  0.9999749541  -0.007077505146
3  29  5.500998232e-17  -0.05590746724  0.9984375846  -0.05587834731
3  30  5.452710795e-17  -0.1837987476  0.9831565076  -0.1827656465
3  31  -1.111049258e-17  -0.03561823148  0.9993657379  -0.03561070073
3  32  -1.460904155e-17  -0.007292466392  0.9999734101  -0.007292401756
3  33  -1.769013038e-16  -0.004989694095  0.9999875515  -0.004989673391
3  34  -5.29194463e-16  -0.004998129861  0.9999875094  -0.004998109052
3  35  -2.94362735e-17  -0.005431827381  0.9999852477  -0.00543180067
3  36  -2.94362735e-17  -0.005431827381  0.9999852477  -0.00543180067

4  0  1.291716949e-16  -0.005081665972  0.9999870884  -0.005081644101
4  1  1.116586257e-16  -0.00527833178  0.9999860696  -0.005278307271
4  2  1.625657818e-16  -0.005321268315  0.9999858421  -0.005321243202
4  3  -8.0593923e-17  -0.005183114975  0.9999865677  -0.005183091768
4  4  1.032053108e-16  -0.004948496802  0.9999877562  -0.004948476606
4  5  3.542129721e-16  -0.004860518469  0.9999881877  -0.004860499331
4  6  -8.350027396e-17  -0.005687118855  0.9999838284  -0.005687088199
4  7  6.240050994e-17  -0.01210669404  0.9999267149  -0.01210639829
4  8  -3.063303448e-17  -0.09999376153  0.9950047881  -0.09982720934
4  9  -6.531693238e-17  -0.2117821216  0.9776578609  -0.2102025379
4  10  1.690762569e-16  -0.02244207241  0.9997481873  -0.02244018865
4  11  -1.826229997e-16  -0.00528119056  0.9999860545  -0.005281166011
4  12  -3.904444737e-17  -0.002453520998  0.9999969901  -0.002453518537
4  13  -1.49161002e-16  -0.001550404482  0.9999987981  -0.00155040386
4  14  -1.779058964e-17  -0.001282802467  0.9999991772  -0.001282802115
4  15  4.473592864e-17  -0.001570845195  0.9999987662  -0.001570844549
4  16  2.696349632e-16  -0.002682024485  0.9999964034  -0.002682021269
4  17  3.310864331e-18  -0.004611522085  0.999989367  -0.004611505741
4  18  -3.235176234e-16  -0.005613971442  0.9999842417  -0.005613941953
4  19  -6.954681371e-17  -0.003895274558  0.9999924134  -0.003895264708
4  20  -1.642873088e-16  -0.002951410978  0.9999956446  -0.002951406693
4  21  -2.209001503e-16  -0.004795616324  0.9999885011  -0.004795597942
4  22  1.959004295e-16  -0.005233378593  0.9999863059  -0.005233354704
4  23  1.357592786e-16  -0.003488533316  0.9999939151  -0.00348852624
4  24  2.625395632e-16  -0.001954684002  0.9999980896  -0.001954682758
4  25  2.71151935e-17  -0.001324299998  0.9999991231  -0.001324299611
4  26  1.14542899e-16  -0.001348279  0.9999990911  -0.001348278591
4  27  3.821426578e-16  -0.001908014757  0.9999981797  -0.001908013599
4  28  1.380518196e-17  -0.003534407214  0.999993754  -0.003534399855
4  29  -2.046038104e-17  -0.010832068  0.9999413337  -0.01083185618
4  30  2.409052381e-16  -0.09423659248  0.9955630173  -0.09409717584
4  31  1.331490571e-16  -0.2039783409  0.9792684497  -0.2025667873
4  32  1.365732535e-16  -0.03561823147  0.9993657379  -0.03561070072
4  33  7.545429891e-17  -0.007781042741  0.9999697278  -0.007780964224
4  34  -2.878983372e-17  -0.005125550766  0.9999868644  -0.005125528324
4  35  2.012744518e-16  -0.004885575281  0.9999880656  -0.004885555846
4  36  2.012744518e-16  -0.004885575281  0.9999880656  -0.004885555846

5  0  1.699179923e-16  -0.004970908047  0.9999876451  -0.004970887575
5  1  -1.340887199e-16  -0.004871624047  0.9999881337  -0.004871604777
5  2  1.961482296e-16  -0.004882577642  0.9999880802  -0.004882558243
5  3  -2.203366195e-17  -0.004866568858  0.9999881583  -0.004866549648
5  4  2.5578421e-17  -0.004860518469  0.9999881877  -0.004860499331
5  5  4.523110533e-17  -0.005119162334  0.9999868971  -0.005119139976
5  6  -9.576587481e-18  -0.006628865156  0.9999780292  -0.006628816609
5  7  -8.093194568e-17  -0.01563024347  0.9998778502  -0.01562960705
5  8  -3.01262689e-16  -0.1129970629  0.9936226219  -0.1127567523
5  9  -2.943771043e-17  -0.1867089228  0.9826204651  -0.1856260263
5  10  -3.40379381e-16  -0.02398135172  0.9997124612  -0.02397905316
5  11  -1.800261201e-16  -0.006144349803  0.9999811235  -0.006144311142
5  12  -2.710314517e-17  -0.00287071248  0.9999958795  -0.002870708537
5  13  -7.772925718e-18  -0.001722035303  0.9999985173  -0.001722034452
5  14  7.400983973e-18  -0.001202906609  0.9999992765  -0.001202906319
5  15  -3.592729939e-17  -0.001094714704  0.9999994008  -0.001094714486
5  16  1.041312801e-16  -0.001556003601  0.9999987894  -0.001556002973
5  17  -3.059762104e-17  -0.00288437139  0.9999958402  -0.00288436739
5  18  7.531030359e-17  -0.004639469902  0.9999892377  -0.004639453258
5  19  -2.613071661e-16  -0.004573870421  0.9999895399  -0.004573854473
5  20  -4.23363517e-18  -0.002771380708  0.9999961597  -0.00277137716
5  21  -1.125335617e-16  -0.003391318867  0.9999942495  -0.003391312367
5  22  -4.217150983e-16  -0.004715391118  0.9999888826  -0.004715373644
5  23  6.052004122e-17  -0.003653240119  0.9999933269  -0.003653231993
5  24  2.467333339e-16  -0.002028768817  0.999997942  -0.002028767425
5  25  1.152874209e-16  -0.001204111542  0.9999992751  -0.001204111251
5  26  1.845191472e-16  -0.001083415458  0.9999994131  -0.001083415246
5  27  -7.37402048e-17  -0.001413972696  0.9999990003  -0.001413972225
5  28  -8.761598158e-18  -0.002217099996  0.9999975422  -0.00221709818
5  29  -1.993608891e-16  -0.004219150158  0.9999910994  -0.00421913764
5  30  -2.210234691e-16  -0.01275775206  0.999918621  -0.01275740599
5  31  1.283504051e-16  -0.09423659248  0.9955630173  -0.09409717584
5  32  7.39794429e-17  -0.1837987476  0.9831565076  -0.1827656465
5  33  8.05565722e-17  -0.04558512282  0.9989611782  -0.04556933679
5  34  7.051868757e-17  -0.00990246566  0.999950971  -0.009902303823
5  35  4.738221417e-18  -0.00572261773  0.9999836259  -0.005722586496
5  36  4.738221417e-18  -0.00572261773  0.9999836259  -0.005722586496

6  0  2.481365122e-16  -0.008221241001  0.9999662058  -0.00822114839
6  1  -2.201889886e-16  -0.00614218777  0.9999811368  -0.00614214915
6  2  6.174786201e-17  -0.005556317374  0.9999845637  -0.005556288784
6  3  -8.340775188e-18  -0.005452103688  0.9999851373  -0.005452076677
6  4  -3.244041726e-16  -0.005687118855  0.9999838284  -0.005687088199
6  5  1.488658272e-16  -0.006628865156  0.9999780292  -0.006628816609
6  6  3.159438197e-16  -0.01011640888  0.9999488296  -0.01011623632
6  7  2.305413099e-16  -0.02809303416  0.9996054167  -0.02808933905
6  8  -4.011560429e-16  -0.1300270821  0.9915583826  -0.1296609961
6  9  -2.630490882e-16  -0.1011886811  0.9948847923  -0.1010160885
6  10  -1.383161417e-16  -0.01755432741  0.9998459268  -0.01755342585
6  11  5.357786562e-17  -0.005757945056  0.9999834231  -0.00575791324
6  12  1.67363499e-16  -0.002960113719  0.9999956189  -0.002960109396
6  13  2.5618503e-17  -0.001826282696  0.9999983323  -0.001826281681
6  14  -2.111707134e-16  -0.001205531467  0.9999992733  -0.001205531175
6  15  -1.051541897e-17  -0.0008697051912  0.9999996218  -0.0008697050815
6  16  2.949572414e-16  -0.0008853422152  0.9999996081  -0.0008853420996
6  17  1.220963943e-16  -0.001533220473  0.9999988246  -0.001533219872
6  18  6.176754906e-17  -0.003044263076  0.9999953662  -0.003044258374
6  19  -1.289400732e-16  -0.004383802819  0.9999903912  -0.004383788778
6  20  -1.176240918e-16  -0.003373522859  0.9999943097  -0.00337351646
6  21  -2.7487934e-16  -0.00242188672  0.9999970672  -0.002421884353
6  22  -2.820542507e-16  -0.003823700155  0.9999926897  -0.003823690837
6  23  9.201524183e-17  -0.003654424717  0.9999933226  -0.003654416583
6  24  2.935963354e-17  -0.002087593252  0.999997821  -0.002087591735
6  25  -9.24817723e-17  -0.00106508325  0.9999994328  -0.001065083049
6  26  6.925185748e-17  -0.0008055888607  0.9999996755  -0.0008055887736
6  27  -2.188157209e-16  -0.00100163443  0.9999994984  -0.001001634263
6  28  2.720074541e-16  -0.001489249208  0.9999988911  -0.001489248657
6  29  1.537914333e-16  -0.002350245943  0.9999972382  -0.002350243779
6  30  -3.788883907e-16  -0.004219150158  0.9999910994  -0.00421913764
6  31  -3.260044724e-16  -0.010832068  0.9999413337  -0.01083185618
6  32  -4.553019594e-17  -0.05590746724  0.9984375846  -0.05587834731
6  33  -1.984515382e-17  -0.1341095959  0.9910207782  -0.1337079551
6  34  5.627028231e-17  -0.06670331282  0.9977761588  -0.06665385962
6  35  -1.501085135e-16  -0.01747975169  0.999847233  -0.01747886157
6  36  -1.501085135e-16  -0.01747975169  0.999847233  -0.01747886157

7  0  1.606160657e-16  -0.04800770833  0.9988478513  -0.04798926957
7  1  7.66164182e-17  -0.02210812398  0.9997556254  -0.02210632306
7  2  2.529492278e-16  -0.01396388946  0.9999025065  -0.01396343566
7  3  1.814609953e-16  -0.01172233138  0.9999312943  -0.01172206291
7  4  3.095027977e-16  -0.01210669404  0.9999267149  -0.01210639829
7  5  -2.183644763e-18  -0.01563024347  0.9998778502  -0.01562960705
7  6  -3.077398457e-17  -0.02809303416  0.9996054167  -0.02808933905
7  7  2.423047133e-16  -0.07117232215  0.9974683192  -0.07111225014
7  8  2.292350431e-18  -0.1057189686  0.9944169527  -0.1055221506
7  9  1.056403357e-16  -0.03688154472  0.9993199529  -0.03687318395
7  10  8.251151866e-17  -0.009913786699  0.9999508588  -0.009913624307
7  11  -1.411577889e-16  -0.00444250757  0.9999901321  -0.004442492958
7  12  -3.134197937e-16  -0.002662724032  0.999996455  -0.002662720886
7  13  -9.940730637e-17  -0.001782537989  0.9999984113  -0.001782537045
7  14  1.203560127e-16  -0.001207831777  0.9999992706  -0.001207831484
7  15  -1.142341441e-17  -0.0007922116614  0.9999996862  -0.0007922115785
7  16  1.445475889e-16  -0.0005617620357  0.9999998422  -0.0005617620062
7  17  1.897694902e-17  -0.0007085758175  0.999999749  -0.0007085757582
7  18  1.467849173e-16  -0.001595303311  0.9999987275  -0.001595302634
7  19  3.568209666e-16  -0.003237553775  0.9999947591  -0.003237548119
7  20  2.726651491e-16  -0.00380169043  0.9999927736  -0.003801681273
7  21  1.380517786e-16  -0.002103035761  0.9999977886  -0.002103034211
7  22  -1.430709654e-16  -0.002562136957  0.9999967177  -0.002562134154
7  23  6.436187473e-18  -0.003477120387  0.9999939548  -0.00347711338
7  24  1.135353519e-17  -0.002223432075  0.9999975282  -0.002223430243
7  25  2.810417095e-16  -0.0009830418278  0.9999995168  -0.0009830416695
7  26  4.453647141e-16  -0.0005507921512  0.9999998483  -0.0005507921234
7  27  2.477970594e-16  -0.0006422634427  0.9999997937  -0.0006422633986
7  28  1.895559594e-16  -0.0009864624138  0.9999995134  -0.0009864622538
7  29  -2.234328389e-16  -0.001489249208  0.9999988911  -0.001489248657
7  30  -1.498212959e-16  -0.002217099996  0.9999975422  -0.00221709818
7  31  -2.390205469e-16  -0.003534407214  0.999993754  -0.003534399855
7  32  2.304486094e-17  -0.007077564234  0.9999749541  -0.007077505146
7  33  1.23192799e-16  -0.02299045  0.9997357312  -0.02298842475
7  34  -6.13186201e-17  -0.07444739564  0.9972300723  -0.07437864498
7  35  -7.120075295e-17  -0.08585723459  0.9963165312  -0.0857517912
7  36  -7.120075295e-17  -0.08585723459  0.9963165312  -0.0857517912

8  0  2.897467284e-17  -0.07142192774  0.9974505381  -0.07136122159
8  1  1.396862224e-16  -0.106479721  0.9943363887  -0.1062786251
8  2  4.91170868e-18  -0.1153867726  0.9933503291  -0.1151308977
8  3  -1.083844884e-16  -0.1048873669  0.9945043612  -0.1046951554
8  4  -1.447337382e-16  -0.09999376153  0.9950047881  -0.09982720934
8  5  -3.160023473e-16  -0.1129970629  0.9936226219  -0.1127567523
8  6  1.965656395e-17  -0.1300270821  0.9915583826  -0.1296609961
8  7  2.310654065e-16  -0.1057189686  0.9944169527  -0.1055221506
8  8  -1.806424135e-16  -0.04230170845  0.9991054161  -0.04228909355
8  9  1.900346036e-16  -0.01226466417  0.9999247899  -0.01226435669
8  10  5.261981574e-16  -0.005118600998  0.9999869  -0.005118578647
8  11  1.008545833e-16  -0.003053280992  0.9999953387  -0.003053276248
8  12  7.373428813e-17  -0.0021676336  0.9999976507  -0.002167631903
8  13  1.566861753e-17  -0.001622153097  0.9999986843  -0.001622152386
8  14  1.020101425e-16  -0.001190757642  0.999999291  -0.00119075736
8  15  1.551132198e-16  -0.0008096839886  0.9999996722  -0.0008096839002
8  16  3.926884619e-16  -0.0004953355541  0.9999998773  -0.0004953355339
8  17  5.358322667e-18  -0.0003669234168  0.9999999327  -0.0003669234085
8  18  1.235553902e-16  -0.0007150590001  0.9999997443  -0.0007150589391
8  19  2.39203786e-16  -0.001908763996  0.9999981783  -0.001908762837
8  20  8.018826405e-17  -0.003289809217  0.9999945886  -0.003289803283
8  21  1.147914814e-16  -0.001799014815  0.9999983818  -0.001799013844
8  22  -9.784033641e-17  7.926423787e-05  0.9999999969  7.926423779e-05
8  23  2.061280449e-16  -0.00238455207  0.999997157  -0.002384549811
8  24  -1.046594569e-17  -0.002477917022  0.99999693  -0.002477914486
8  25  2.451241779e-16  -0.001131342268  0.99999936  -0.001131342027
8  26  1.491972797e-17  -0.0004409924303  0.9999999028  -0.000440992416
8  27  -2.064497003e-16  -0.0003927262231  0.9999999229  -0.000392726213
8  28  -4.088981014e-16  -0.0006422634427  0.9999997937  -0.0006422633986
8  29  -2.235045224e-16  -0.00100163443  0.9999994984  -0.001001634263
8  30  1.736126928e-16  -0.001413972696  0.9999990003  -0.001413972225
8  31  -5.725895932e-17  -0.001908014757  0.9999981797  -0.001908013599
8  32  1.439699629e-16  -0.002630215861  0.999996541  -0.002630212828
8  33  2.489112472e-16  -0.004108008785  0.9999915621  -0.004107997231
8  34  2.408811812e-16  -0.008685759591  0.999962279  -0.008685650379
8  35  -2.83004295e-16  -0.02724161178  0.9996289702  -0.02723824255
8  36  -2.83004295e-16  -0.02724161178  0.9996289702  -0.02723824255

9  0  -1.172249276e-16  -0.008602315913  0.9999630003  -0.008602209818
9  1  3.211019138e-16  -0.02517340718  0.9996831665  -0.02517074854
9  2  1.343654346e-16  -0.07299638382  0.9973369468  -0.07293157455
9  3  1.725350537e-17  -0.1532675426  0.9882775049  -0.1526681806
9  4  -1.639680476e-16  -0.2117821216  0.9776578609  -0.2102025379
9  5  -1.060733178e-16  -0.1867089228  0.9826204651  -0.1856260263
9  6  -1.118102838e-16  -0.1011886811  0.9948847923  -0.1010160885
9  7  -1.210649993e-16  -0.03688154472  0.9993199529  -0.03687318395
9  8  -1.929981912e-16  -0.01226466417  0.9999247899  -0.01226435669
9  9  -7.667903125e-17  -0.005023116709  0.9999873842  -0.005023095585
9  10  -1.411183593e-16  -0.002858087596  0.9999959157  -0.002858083705
9  11  6.17021113e-17  -0.002095742951  0.9999978039  -0.002095741417
9  12  2.93272142e-16  -0.001727801918  0.9999985074  -0.001727801058
9  13  7.916805099e-17  -0.001462725399  0.9999989302  -0.001462724878
9  14  -8.387289745e-17  -0.001208961529  0.9999992692  -0.001208961234
9  15  -3.397834614e-16  -0.0009393372507  0.9999995588  -0.0009393371126
9  16  -1.263803527e-16  -0.0006650662511  0.9999997788  -0.0006650662021
9  17  -3.495368062e-17  -0.0004585628633  0.9999998949  -0.0004585628472
9  18  -1.050750756e-16  -0.000514675561  0.9999998676  -0.0005146755382
9  19  -2.222453912e-16  -0.001171725585  0.9999993135  -0.001171725317
9  20  -4.519991402e-16  -0.002313879881  0.999997323  -0.002313877816
9  21  -3.002341016e-16  -0.0004666492556  0.9999998911  -0.0004666492386
9  22  -1.613791348e-16  0.008332047522  0.9999652887  0.008331951116
9  23  -5.052057244e-17  0.005386436048  0.9999854932  0.005386410001
9  24  -2.838537775e-16  -0.001626510845  0.9999986772  -0.001626510128
9  25  -1.494384621e-16  -0.001656581649  0.9999986279  -0.001656580891
9  26  8.640159278e-17  -0.0007384799566  0.9999997273  -0.0007384798894
9  27  -2.031376759e-16  -0.0004409924303  0.9999999028  -0.000440992416
9  28  -3.318810996e-16  -0.0005507921512  0.9999998483  -0.0005507921234
9  29  -2.773217877e-16  -0.0008055888607  0.9999996755  -0.0008055887736
9  30  -1.391955417e-16  -0.001083415458  0.9999994131  -0.001083415246
9  31  -8.534753301e-17  -0.001348279  0.9999990911  -0.001348278591
9  32  -2.48932977e-17  -0.001609800956  0.9999987043  -0.00160980026
9  33  4.422284669e-17  -0.001925538157  0.9999981462  -0.001925536967
9  34  1.858853215e-16  -0.002479660978  0.9999969256  -0.002479658437
9  35  -6.428239934e-17  -0.003909088441  0.9999923595  -0.003909078485
9  36  -6.428239934e-17  -0.003909088441  0.9999923595  -0.003909078485

10  0  -5.450911322e-16  -0.002369696263  0.9999971923  -0.002369694045
10  1  -2.259847239e-16  -0.003972410491  0.99999211  -0.003972400044
10  2  1.781949514e-16  -0.007715153874  0.9999702383  -0.007715077335
10  3  3.788628542e-16  -0.01463850663  0.999892859  -0.01463798383
10  4  -1.214551404e-16  -0.02244207241  0.9997481873  -0.02244018865
10  5  1.464341658e-16  -0.02398135172  0.9997124612  -0.02397905316
10  6  6.275195119e-17  -0.01755432741  0.9998459268  -0.01755342585
10  7  1.016847818e-16  -0.009913786699  0.9999508588  -0.009913624307
10  8  8.439744435e-17  -0.005118600998  0.9999869  -0.005118578647
10  9  1.928964697e-16  -0.002858087596  0.9999959157  -0.002858083705
10  10  -2.106567091e-17  -0.001944332353  0.9999981098  -0.001944331128
10  11  2.678889774e-16  -0.001610164895  0.9999987037  -0.001610164199
10  12  -1.487417484e-16  -0.001490497214  0.9999988892  -0.001490496662
10  13  -4.984062629e-17  -0.001429423694  0.9999989784  -0.001429423207
10  14  1.773235661e-16  -0.001361905469  0.9999990726  -0.001361905048
10  15  1.278606833e-16  -0.001261758307  0.999999204  -0.001261757972
10  16  -1.454054026e-17  -0.001128487443  0.9999993633  -0.001128487204
10  17  -2.31560877e-16  -0.001002590952  0.9999994974  -0.001002590784
10  18  1.472740556e-16  -0.001007095443  0.9999994929  -0.001007095273
10  19  5.007722055e-16  -0.001364204457  0.9999990695  -0.001364204034
10  20  2.325320484e-16  -0.001958114962  0.9999980829  -0.001958113711
10  21  -2.517465092e-16  0.001233166639  0.9999992397  0.001233166326
10  22  1.187198652e-16  0.02998625519  0.9995504459  0.02998176158
10  23  1.457706613e-16  0.05985781905  0.9982090556  0.05982208077
10  24  3.066251112e-17  0.01366072624  0.9999066937  0.01366030136
10  25  -1.789527737e-17  -0.001152000999  0.9999993364  -0.001152000744
10  26  2.395323851e-16  -0.001656581649  0.9999986279  -0.001656580891
10  27  -2.824443339e-16  -0.001131342268  0.99999936  -0.001131342027
10  28  1.715167189e-16  -0.0009830418278  0.9999995168  -0.0009830416695
10  29  1.408861579e-17  -0.00106508325  0.9999994328  -0.001065083049
10  30  1.095134553e-16  -0.001204111542  0.9999992751  -0.001204111251
10  31  1.451992792e-16  -0.001324299998  0.9999991231  -0.001324299611
10  32  8.274313138e-17  -0.001408531072  0.999999008  -0.001408530606
10  33  3.038018174e-17  -0.001470342308  0.999998919  -0.001470341778
10  34  1.781262062e-16  -0.001553470771  0.9999987934  -0.001553470146
10  35  -1.489157284e-16  -0.001765462143  0.9999984416  -0.001765461226
10  36  -1.489157284e-16  -0.001765462143  0.9999984416  -0.001765461226

11  0  -4.97750452e-17  -0.001520253852  0.9999988444  -0.001520253267
11  1  1.38500306e-17  -0.001835972397  0.9999983146  -0.001835971365
11  2  -1.165681248e-16  -0.002577900251  0.9999966772  -0.002577897396
11  3  5.080544502e-17  -0.003824203615  0.9999926877  -0.003824194294
11  4  1.325309413e-16  -0.00528119056  0.9999860545  -0.005281166011
11  5  1.545941601e-16  -0.006144349803  0.9999811235  -0.006144311142
11  6  1.042235208e-16  -0.005757945056  0.9999834231  -0.00575791324
11  7  -9.563615047e-17  -0.00444250757  0.9999901321  -0.004442492957
11  8  -2.897635561e-16  -0.003053280992  0.9999953387  -0.003053276248
11  9  -2.312239702e-16  -0.002095742951  0.9999978039  -0.002095741417
11  10  -1.157354807e-16  -0.001610164895  0.9999987037  -0.001610164199
11  11  -3.959973043e-17  -0.001453915773  0.9999989431  -0.00145391526
11  12  -8.080927595e-17  -0.001484522471  0.9999988981  -0.001484521926
11  13  1.644647829e-16  -0.001604935005  0.9999987121  -0.001604934316
11  14  9.300221633e-17  -0.001754539992  0.9999984608  -0.001754539092
11  15  2.579478447e-16  -0.001893536427  0.9999982073  -0.001893535295
11  16  -6.318184334e-17  -0.001997489173  0.999998005  -0.001997487844
11  17  -5.439098352e-17  -0.002069389882  0.9999978588  -0.002069388405
11  18  9.577237237e-17  -0.002169225214  0.9999976472  -0.002169223513
11  19  3.331081521e-16  -0.002412645935  0.9999970896  -0.002412643595
11  20  2.173553031e-16  -0.002590655715  0.9999966443  -0.002590652817
11  21  9.701846278e-17  0.001114421711  0.999999379  0.001114421481
11  22  -2.713192007e-17  0.0467540602  0.998907228  0.04673702845
11  23  2.476430125e-16  0.3063764901  0.9534326985  0.3016058512
11  24  -1.296244935e-16  0.1755302226  0.9846340844  0.1746302373
11  25  -1.184957189e-18  0.01366072624  0.9999066937  0.01366030136
11  26  2.293401235e-16  -0.001626510845  0.9999986772  -0.001626510128
11  27  -3.397012417e-17  -0.002477917022  0.99999693  -0.002477914486
11  28  1.035840807e-16  -0.002223432075  0.9999975282  -0.002223430243
11  29  -1.168334093e-16  -0.002087593252  0.999997821  -0.002087591735
11  30  -2.408072665e-16  -0.002028768817  0.999997942  -0.002028767425
11  31  6.747116286e-17  -0.001954684002  0.9999980896  -0.001954682758
11  32  1.437833378e-16  -0.001838058794  0.9999983108  -0.001838057759
11  33  2.619461789e-16  -0.001692799854  0.9999985672  -0.001692799046
11  34  -1.469479322e-16  -0.001552555168  0.9999987948  -0.001552554545
11  35  -2.164456908e-16  -0.001468181613  0.9999989222  -0.001468181086
11  36  -2.164456908e-16  -0.001468181613  0.9999989222  -0.001468181086

12  0  -7.276234854e-17  -0.001580637256  0.9999987508  -0.001580636598
12  1  -3.629431538e-17  -0.001479900587  0.9999989049  -0.001479900047
12  2  5.803560787e-18  -0.001602794046  0.9999987155  -0.001602793359
12  3  1.328154641e-17  -0.001957098881  0.9999980849  -0.001957097632
12  4  -2.471390209e-17  -0.002453520998  0.9999969901  -0.002453518537
12  5  3.672547169e-18  -0.00287071248  0.9999958795  -0.002870708537
12  6  9.75600973e-17  -0.002960113719  0.9999956189  -0.002960109397
12  7  -2.133796631e-16  -0.002662724032  0.999996455  -0.002662720886
12  8  -1.48836229e-16  -0.0021676336  0.9999976507  -0.002167631903
12  9  1.068053097e-16  -0.001727801918  0.9999985074  -0.001727801058
12  10  -9.015076982e-17  -0.001490497214  0.9999988892  -0.001490496662
12  11  -8.473650937e-17  -0.001484522471  0.9999988981  -0.001484521926
12  12  1.240658716e-16  -0.001678827059  0.9999985908  -0.001678826271
12  13  -2.175983773e-16  -0.002025026898  0.9999979496  -0.002025025514
12  14  -1.302706852e-16  -0.002468278096  0.9999969538  -0.00246827559
12  15  -3.553972611e-17  -0.00294179676  0.9999956729  -0.002941792517
12  16  -3.340754216e-17  -0.003364552471  0.9999943399  -0.003364546123
12  17  -2.257639129e-17  -0.003659600577  0.9999933037  -0.003659592408
12  18  -1.699745781e-16  -0.003794928436  0.9999927993  -0.003794919328
12  19  6.959254383e-17  -0.003793508555  0.9999928047  -0.003793499456
12  20  -4.238598569e-17  -0.003464104742  0.999994  -0.003464097814
12  21  -4.304015286e-17  -0.0005255369786  0.9999998619  -0.0005255369544
12  22  -1.291816331e-16  0.02329303596  0.9997287295  0.02329092969
12  23  2.396924196e-17  0.2074718916  0.9785547979  0.2059866682
12  24  1.938550674e-16  0.3063764901  0.9534326985  0.3016058512
12  25  -2.399761426e-16  0.05985781905  0.9982090556  0.05982208077
12  26  -5.878213872e-17  0.005386436048  0.9999854932  0.005386410001
12  27  8.588158606e-17  -0.00238455207  0.999997157  -0.00238454981
12  28  -4.442396933e-17  -0.003477120387  0.9999939548  -0.00347711338
12  29  3.548640183e-17  -0.003654424717  0.9999933226  -0.003654416583
12  30  -1.57716762e-16  -0.003653240119  0.9999933269  -0.003653231993
12  31  -1.282882935e-16  -0.003488533316  0.9999939151  -0.00348852624
12  32  3.254380008e-17  -0.003157930999  0.9999950137  -0.00315792575
12  33  2.950653758e-16  -0.002720303756  0.9999963  -0.002720300401
12  34  -3.999558512e-17  -0.002261050934  0.9999974438  -0.002261049007
12  35  1.754926075e-17  -0.001859545232  0.999998271  -0.001859544161
12  36  1.754926075e-17  -0.001859545232  0.999998271  -0.001859544161

13  0  1.659619894e-16  -0.002362437407  0.9999972094  -0.00236243521
13  1  8.669321913e-17  -0.001814151619  0.9999983544  -0.001814150624
13  2  1.096967148e-16  -0.001512125518  0.9999988567  -0.001512124942
13  3  4.186841069e-17  -0.001443874469  0.9999989576  -0.001443873968
13  4  -1.748835901e-16  -0.001550404481  0.9999987981  -0.00155040386
13  5  -1.883451598e-16  -0.001722035303  0.9999985173  -0.001722034452
13  6  9.030147221e-17  -0.001826282697  0.9999983323  -0.001826281681
13  7  1.522726755e-16  -0.001782537989  0.9999984113  -0.001782537045
13  8  -1.17358908e-16  -0.001622153097  0.9999986843  -0.001622152386
13  9  -1.039668349e-16  -0.001462725399  0.9999989302  -0.001462724878
13  10  4.645923707e-17  -0.001429423694  0.9999989784  -0.001429423207
13  11  1.207475301e-16  -0.001604935005  0.9999987121  -0.001604934316
13  12  -3.300657703e-17  -0.002025026898  0.9999979496  -0.002025025514
13  13  4.751273315e-17  -0.002684611409  0.9999963964  -0.002684608184
13  14  3.053070156e-16  -0.003526696759  0.9999937812  -0.003526689448
13  15  1.057410024e-16  -0.004417139555  0.9999902445  -0.004417125191
13  16  -2.971270648e-16  -0.005140795406  0.9999867861  -0.005140772763
13  17  4.774496008e-17  -0.005465942304  0.9999850618  -0.005465915086
13  18  -1.169884771e-16  -0.005267686868  0.9999861258  -0.005267662506
13  19  1.106686464e-16  -0.004600227755  0.999989419  -0.00460021153
13  20  2.775657699e-16  -0.003557975934  0.9999936704  -0.003557968427
13  21  -4.528967438e-17  -0.001639014013  0.9999986568  -0.001639013279
13  22  -1.48219647e-16  0.004298353548  0.9999907621  0.004298340312
13  23  -1.209414324e-16  0.02329303596  0.9997287295  0.02329092969
13  24  -2.948754831e-16  0.0467540602  0.998907228  0.04673702845
13  25  -3.743023603e-18  0.02998625519  0.9995504459  0.02998176158
13  26  1.16146435e-16  0.008332047522  0.9999652887  0.008331951116
13  27  1.922433312e-17  7.926423795e-05  0.9999999969  7.926423787e-05
13  28  1.972088432e-16  -0.002562136957  0.9999967177  -0.002562134154
13  29  -4.235641216e-18  -0.003823700155  0.9999926897  -0.003823690837
13  30  -2.826577365e-16  -0.004715391118  0.9999888826  -0.004715373644
13  31  3.784813165e-17  -0.005233378593  0.9999863059  -0.005233354704
13  32  1.6005464e-16  -0.005247647215  0.9999862311  -0.00524762313
13  33  3.172923853e-16  -0.004773564298  0.9999886066  -0.004773546169
13  34  -1.379110823e-16  -0.00398713237  0.9999920514  -0.003987121806
13  35  3.112717735e-16  -0.003121310243  0.9999951287  -0.003121305174
13  36  3.112717735e-16  -0.003121310243  0.9999951287  -0.003121305174

14  0  2.60214357e-16  -0.004194418957  0.9999912034  -0.004194406659
14  1  -6.268569736e-17  -0.003003847959  0.9999954885  -0.003003843442
14  2  -8.774490487e-17  -0.002109243631  0.9999977755  -0.002109242067
14  3  6.211677751e-17  -0.001552973033  0.9999987941  -0.001552972409
14  4  8.85607022e-17  -0.001282802467  0.9999991772  -0.001282802115
14  5  3.078882776e-17  -0.001202906609  0.9999992765  -0.001202906319
14  6  -3.896862055e-18  -0.001205531467  0.9999992733  -0.001205531175
14  7  -1.240070719e-16  -0.001207831777  0.9999992706  -0.001207831484
14  8  6.119423276e-17  -0.001190757642  0.999999291  -0.00119075736
14  9  1.552735348e-17  -0.001208961529  0.9999992692  -0.001208961234
14  10  1.991769561e-16  -0.001361905469  0.9999990726  -0.001361905048
14  11  -1.242117899e-16  -0.001754539992  0.9999984608  -0.001754539092
14  12  1.341155268e-16  -0.002468278096  0.9999969538  -0.00246827559
14  13  9.095563073e-17  -0.003526696759  0.9999937812  -0.003526689448
14  14  3.955430299e-16  -0.004830828839  0.9999883316  -0.004830810049
14  15  1.242384861e-16  -0.006087418354  0.9999814717  -0.006087380757
14  16  -1.864033621e-16  -0.006844749758  0.9999765748  -0.006844696312
14  17  3.099663793e-16  -0.006733663374  0.999977329  -0.006733612488
14  18  1.709798705e-16  -0.005754220067  0.9999834445  -0.005754188313
14  19  8.996779527e-17  -0.004307811053  0.9999907214  -0.00430779773
14  20  -9.466156459e-17  -0.002967498905  0.999995597  -0.00296749455
14  21  -1.538967746e-16  -0.002147238599  0.9999976947  -0.002147236949
14  22  -1.968752995e-16  -0.001639014013  0.9999986568  -0.00163901328
14  23  -7.319895936e-18  -0.0005255369786  0.9999998619  -0.0005255369545
14  24  1.809541856e-16  0.001114421711  0.999999379  0.00111442148
14  25  1.21720612e-16  0.001233166639  0.9999992397  0.001233166326
14  26  1.005723478e-16  -0.0004666492557  0.9999998911  -0.0004666492388
14  27  -7.893778586e-17  -0.001799014815  0.9999983818  -0.001799013844
14  28  3.834020342e-17  -0.002103035761  0.9999977886  -0.002103034211
14  29  1.265532734e-16  -0.00242188672  0.9999970672  -0.002421884353
14  30  6.268328023e-17  -0.003391318867  0.9999942495  -0.003391312367
14  31  3.236903905e-16  -0.004795616324  0.9999885011  -0.004795597942
14  32  -2.629950967e-16  -0.006072622562  0.9999815617  -0.006072585239
14  33  -3.139688433e-17  -0.006700780188  0.9999775499  -0.006700730043
14  34  -2.390491394e-16  -0.006446173634  0.9999792235  -0.006446128991
14  35  -4.162119422e-17  -0.005472071138  0.9999850283  -0.005472043829
14  36  -4.162119422e-17  -0.005472071138  0.9999850283  -0.005472043829

15  0  1.566545455e-16  -0.006750808369  0.9999772134  -0.006750757093
15  1  4.491556635e-17  -0.005270201784  0.9999861125  -0.005270177388
15  2  -2.242285376e-16  -0.003685880805  0.9999932071  -0.003685872459
15  3  -3.438230513e-16  -0.002414255437  0.9999970857  -0.002414253092
15  4  -2.975682531e-16  -0.001570845195  0.9999987662  -0.001570844549
15  5  6.845973649e-17  -0.001094714704  0.9999994008  -0.001094714486
15  6  -2.448950533e-16  -0.0008697051911  0.9999996218  -0.0008697050815
15  7  -1.143979685e-16  -0.0007922116614  0.9999996862  -0.0007922115785
15  8  3.518733586e-17  -0.0008096839886  0.9999996722  -0.0008096839002
15  9  -2.224192323e-16  -0.0009393372507  0.9999995588  -0.0009393371126
15  10  2.359083166e-16  -0.001261758307  0.999999204  -0.001261757972
15  11  4.410239909e-17  -0.001893536427  0.9999982073  -0.001893535295
15  12  5.625835458e-17  -0.00294179676  0.9999956729  -0.002941792517
15  13  -5.19588921e-17  -0.004417139555  0.9999902445  -0.004417125191
15  14  5.299447253e-17  -0.006087418354  0.9999814717  -0.006087380757
15  15  1.567867046e-16  -0.007388303302  0.9999727066  -0.007388236084
15  16  8.405523701e-17  -0.007667547635  0.9999706045  -0.007667472504
15  17  -2.938075859e-17  -0.006732486729  0.9999773369  -0.006732435869
15  18  -2.984818762e-17  -0.00507522276  0.9999871211  -0.005075200972
15  19  2.953616755e-17  -0.003515029684  0.9999938223  -0.003515022446
15  20  8.747915857e-17  -0.002744009313  0.9999962352  -0.00274400587
15  21  -2.244414584e-17  -0.002967498905  0.999995597  -0.00296749455
15  22  -1.880484471e-16  -0.003557975934  0.9999936704  -0.003557968427
15  23  1.370735171e-16  -0.003464104742  0.999994  -0.003464097814
15  24  -1.309981765e-16  -0.002590655715  0.9999966443  -0.002590652817
15  25  -2.594932934e-16  -0.001958114962  0.9999980829  -0.001958113711
15  26  2.490059861e-16  -0.002313879881  0.999997323  -0.002313877816
15  27  2.525248884e-16  -0.003289809217  0.9999945886  -0.003289803283
15  28  -1.982803438e-16  -0.00380169043  0.9999927736  -0.003801681273
15  29  1.711615213e-16  -0.003373522859  0.9999943097  -0.00337351646
15  30  -7.441340145e-17  -0.002771380708  0.9999961597  -0.00277137716
15  31  -5.211863804e-17  -0.002951410978  0.9999956446  -0.002951406693
15  32  -9.388746444e-17  -0.004102280066  0.9999915857  -0.00410226856
15  33  -2.205583876e-16  -0.005740794603  0.9999835217  -0.00574076307
15  34  1.900039487e-16  -0.007099457414  0.999974799  -0.007099397776
15  35  3.84281393e-16  -0.00749842969  0.9999718869  -0.007498359422
15  36  3.84281393e-16  -0.00749842969  0.9999718869  -0.007498359422

16  0  -1.39711851e-16  -0.00736400372  0.9999728858  -0.007363937163
16  1  1.439244777e-16  -0.007278681594  0.9999735105  -0.007278617325
16  2  -1.028920018e-16  -0.006025202652  0.9999818485  -0.006025166196
16  3  -5.517116268e-17  -0.004269246151  0.9999908868  -0.004269233182
16  4  -1.942656632e-16  -0.002682024485  0.9999964034  -0.002682021269
16  5  2.714106544e-17  -0.001556003601  0.9999987894  -0.001556002973
16  6  -3.635524834e-16  -0.0008853422152  0.9999996081  -0.0008853420996
16  7  -1.927154704e-16  -0.0005617620357  0.9999998422  -0.0005617620062
16  8  5.535875599e-17  -0.0004953355541  0.9999998773  -0.0004953355338
16  9  9.60734803e-17  -0.0006650662511  0.9999997788  -0.0006650662021
16  10  2.905029215e-16  -0.001128487443  0.9999993633  -0.001128487204
16  11  -6.855273138e-17  -0.001997489173  0.999998005  -0.001997487844
16  12  -1.145388911e-16  -0.003364552471  0.9999943399  -0.003364546123
16  13  -8.934498688e-17  -0.005140795406  0.9999867861  -0.005140772763
16  14  -2.884670908e-17  -0.006844749758  0.9999765748  -0.006844696312
16  15  2.19436196e-16  -0.007667547635  0.9999706045  -0.007667472504
16  16  -3.473577885e-17  -0.00711945136  0.9999746568  -0.007119391217
16  17  1.583153894e-16  -0.00560053945  0.999984317  -0.005600510172
16  18  2.042493017e-16  -0.00405539649  0.9999917769  -0.004055385374
16  19  -5.315197468e-17  -0.003272813491  0.9999946444  -0.003272807648
16  20  1.316769304e-16  -0.003515029684  0.9999938223  -0.003515022446
16  21  9.190154519e-18  -0.004307811053  0.9999907214  -0.00430779773
16  22  1.058052433e-18  -0.004600227755  0.999989419  -0.00460021153
16  23  2.259877848e-16  -0.003793508555  0.9999928047  -0.003793499456
16  24  -2.561726595e-16  -0.002412645935  0.9999970896  -0.002412643595
16  25  -2.019923024e-16  -0.001364204457  0.9999990695  -0.001364204034
16  26  -3.172628243e-18  -0.001171725585  0.9999993135  -0.001171725317
16  27  2.101134174e-16  -0.001908763996  0.9999981783  -0.001908762837
16  28  -2.973351867e-16  -0.003237553775  0.9999947591  -0.003237548119
16  29  -9.656099584e-17  -0.004383802819  0.9999903912  -0.004383788778
16  30  8.354221655e-17  -0.004573870421  0.9999895399  -0.004573854474
16  31  5.548635918e-17  -0.003895274558  0.9999924134  -0.003895264708
16  32  1.088294985e-16  -0.003281288636  0.9999946166  -0.003281282748
16  33  -2.359660444e-16  -0.003520210676  0.9999938041  -0.003520203405
16  34  -5.229866905e-17  -0.004692962621  0.9999889881  -0.004692945395
16  35  4.506813736e-16  -0.006265566177  0.9999803714  -0.006265525182
16  36  4.506813736e-16  -0.006265566177  0.9999803714  -0.006265525182

17  0  -2.609887404e-16  -0.004847769275  0.9999882496  -0.004847750287
17  1  5.401432762e-17  -0.006130886772  0.9999812062  -0.006130848364
17  2  1.492824187e-16  -0.006767741339  0.9999770989  -0.006767689676
17  3  -1.905756916e-16  -0.006164937647  0.9999809968  -0.006164898596
17  4  4.339010277e-19  -0.004611522085  0.999989367  -0.00461150574
17  5  4.337666584e-16  -0.00288437139  0.9999958402  -0.00288436739
17  6  1.144151446e-16  -0.001533220473  0.9999988246  -0.001533219872
17  7  -9.028513551e-17  -0.0007085758175  0.999999749  -0.0007085757582
17  8  -2.179974793e-16  -0.0003669234168  0.9999999327  -0.0003669234085
17  9  -2.483561703e-16  -0.0004585628633  0.9999998949  -0.0004585628472
17  10  3.942172589e-17  -0.001002590952  0.9999994974  -0.001002590784
17  11  1.371827823e-16  -0.002069389882  0.9999978588  -0.002069388405
17  12  -6.809320759e-17  -0.003659600577  0.9999933037  -0.003659592408
17  13  1.199374233e-16  -0.005465942304  0.9999850618  -0.005465915086
17  14  -1.226479046e-16  -0.006733663374  0.999977329  -0.006733612488
17  15  3.671768097e-16  -0.006732486729  0.9999773369  -0.006732435869
17  16  -3.912019736e-17  -0.00560053945  0.999984317  -0.005600510172
17  17  1.898572816e-16  -0.004283857555  0.9999908243  -0.004283844453
17  18  -7.298386076e-18  -0.003665716329  0.9999932813  -0.003665708119
17  19  8.826122176e-17  -0.00405539649  0.9999917769  -0.004055385374
17  20  6.875894592e-17  -0.00507522276  0.9999871211  -0.005075200972
17  21  1.202402544e-16  -0.005754220067  0.9999834445  -0.005754188313
17  22  -5.616517721e-18  -0.005267686868  0.9999861258  -0.005267662506
17  23  -2.133747475e-16  -0.003794928436  0.9999927993  -0.003794919328
17  24  -1.377021152e-16  -0.002169225214  0.9999976472  -0.002169223513
17  25  1.53409413e-16  -0.001007095443  0.9999994929  -0.001007095273
17  26  -1.133733887e-16  -0.0005146755609  0.9999998676  -0.0005146755382
17  27  -1.121041125e-16  -0.000715059  0.9999997443  -0.0007150589391
17  28  3.06375148e-17  -0.001595303311  0.9999987275  -0.001595302634
17  29  1.100709161e-17  -0.003044263076  0.9999953662  -0.003044258374
17  30  -4.612254417e-17  -0.004639469902  0.9999892377  -0.004639453258
17  31  -2.769614287e-17  -0.005613971442  0.9999842417  -0.005613941953
17  32  1.068407035e-17  -0.005441128683  0.9999851971  -0.005441101835
17  33  -3.312194956e-16  -0.004501628514  0.9999898677  -0.00450161331
17  34  4.646855888e-18  -0.00374938364  0.9999929711  -0.003749374855
17  35  -9.756220797e-17  -0.003856525135  0.9999925636  -0.003856515575
17  36  -9.756220797e-17  -0.003856525135  0.9999925636  -0.003856515575

18  0  2.188675672e-16  -0.003856525135  0.9999925636  -0.003856515575
18  1  -9.602264484e-17  -0.00374938364  0.9999929711  -0.003749374855
18  2  -1.061117921e-16  -0.004501628514  0.9999898677  -0.00450161331
18  3  -7.31731119e-17  -0.005441128683  0.9999851971  -0.005441101835
18  4  4.233784102e-16  -0.005613971442  0.9999842417  -0.005613941953
18  5  2.018690479e-16  -0.004639469902  0.9999892377  -0.004639453258
18  6  1.586364005e-16  -0.003044263076  0.9999953662  -0.003044258374
18  7  1.254537293e-16  -0.001595303311  0.9999987275  -0.001595302634
18  8  -5.879819804e-18  -0.000715059  0.9999997443  -0.0007150589391
18  9  -3.433528996e-16  -0.0005146755609  0.9999998676  -0.0005146755382
18  10  -9.511724271e-17  -0.001007095443  0.9999994929  -0.001007095273
18  11  -1.197826952e-16  -0.002169225214  0.9999976472  -0.002169223513
18  12  2.545393479e-16  -0.003794928436  0.9999927993  -0.003794919328
18  13  2.46419674e-16  -0.005267686868  0.9999861258  -0.005267662506
18  14  2.952833009e-16  -0.005754220067  0.9999834445  -0.005754188313
18  15  1.009525754e-16  -0.00507522276  0.9999871211  -0.005075200972
18  16  -3.413790453e-16  -0.00405539649  0.9999917769  -0.004055385374
18  17  1.407071138e-18  -0.003665716329  0.9999932813  -0.003665708119
18  18  1.889750808e-16  -0.004283857555  0.9999908243  -0.004283844453
18  19  1.073667187e-16  -0.00560053945  0.999984317  -0.005600510172
18  20  -3.039404839e-16  -0.006732486729  0.9999773369  -0.006732435869
18  21  2.981007112e-17  -0.006733663374  0.999977329  -0.006733612488
18  22  -8.631897137e-17  -0.005465942304  0.9999850618  -0.005465915086
18  23  2.181606087e-16  -0.003659600577  0.9999933037  -0.003659592408
18  24  -1.831341781e-16  -0.002069389882  0.9999978588  -0.002069388405
18  25  1.257505587e-16  -0.001002590952  0.9999994974  -0.001002590784
18  26  7.551505571e-17  -0.0004585628633  0.9999998949  -0.0004585628472
18  27  -2.223295707e-16  -0.0003669234167  0.9999999327  -0.0003669234085
18  28  2.378674146e-16  -0.0007085758175  0.999999749  -0.0007085757582
18  29  1.987231642e-16  -0.001533220473  0.9999988246  -0.001533219872
18  30  4.081659326e-16  -0.00288437139  0.9999958402  -0.00288436739
18  31  4.84145632e-17  -0.004611522085  0.999989367  -0.004611505741
18  32  -1.2809904e-16  -0.006164937647  0.9999809968  -0.006164898596
18  33  -1.282811224e-16  -0.006767741339  0.9999770989  -0.006767689676
18  34  1.142320403e-17  -0.006130886772  0.9999812062  -0.006130848364
18  35  -2.032629882e-16  -0.004847769275  0.9999882496  -0.004847750287
18  36  -2.032629882e-16  -0.004847769275  0.9999882496  -0.004847750287

19  0  2.134400289e-17  -0.006265566177  0.9999803714  -0.006265525182
19  1  6.603576884e-17  -0.004692962621  0.9999889881  -0.004692945395
19  2  -1.715559511e-16  -0.003520210676  0.9999938041  -0.003520203405
19  3  -1.326897085e-16  -0.003281288636  0.9999946166  -0.003281282747
19  4  3.118963024e-17  -0.003895274558  0.9999924134  -0.003895264708
19  5  1.0065552e-16  -0.004573870421  0.9999895399  -0.004573854474
19  6  6.613155765e-17  -0.004383802819  0.9999903912  -0.004383788778
19  7  1.505489287e-16  -0.003237553775  0.9999947591  -0.003237548119
19  8  1.976154191e-16  -0.001908763996  0.9999981783  -0.001908762837
19  9  4.859225358e-16  -0.001171725585  0.9999993135  -0.001171725317
19  10  -1.77311899e-16  -0.001364204457  0.9999990695  -0.001364204034
19  11  1.287797749e-16  -0.002412645935  0.9999970896  -0.002412643595
19  12  2.150142925e-16  -0.003793508555  0.9999928047  -0.003793499457
19  13  1.960216948e-16  -0.004600227755  0.999989419  -0.00460021153
19  14  1.461928612e-16  -0.004307811053  0.9999907214  -0.00430779773
19  15  -2.472082741e-16  -0.003515029684  0.9999938223  -0.003515022446
19  16  -2.578983411e-17  -0.003272813491  0.9999946444  -0.003272807648
19  17  1.876316728e-16  -0.00405539649  0.9999917769  -0.004055385374
19  18  1.81552509e-16  -0.00560053945  0.999984317  -0.005600510172
19  19  2.127606746e-16  -0.00711945136  0.9999746568  -0.007119391217
19  20  -3.317139771e-17  -0.007667547635  0.9999706045  -0.007667472504
19  21  5.540183427e-16  -0.006844749758  0.9999765748  -0.006844696312
19  22  7.184392359e-18  -0.005140795406  0.9999867861  -0.005140772763
19  23  -8.607239961e-17  -0.003364552471  0.9999943399  -0.003364546123
19  24  5.905239955e-17  -0.001997489173  0.999998005  -0.001997487844
19  25  7.042732744e-17  -0.001128487443  0.9999993633  -0.001128487204
19  26  -3.458667819e-16  -0.0006650662512  0.9999997788  -0.0006650662021
19  27  -4.45319025e-17  -0.0004953355541  0.9999998773  -0.0004953355339
19  28  2.527106858e-16  -0.0005617620357  0.9999998422  -0.0005617620062
19  29  -4.837190959e-17  -0.0008853422152  0.9999996081  -0.0008853420996
19  30  3.667667104e-16  -0.001556003601  0.9999987894  -0.001556002973
19  31  3.77463288e-17  -0.002682024485  0.9999964034  -0.002682021269
19  32  -2.950535099e-16  -0.004269246151  0.9999908868  -0.004269233182
19  33  -1.87299849e-16  -0.006025202652  0.9999818485  -0.006025166196
19  34  -2.863665267e-16  -0.007278681594  0.9999735105  -0.007278617325
19  35  1.098487233e-16  -0.00736400372  0.9999728858  -0.007363937163
19  36  1.098487233e-16  -0.00736400372  0.9999728858  -0.007363937163

20  0  -2.994190561e-17  -0.00749842969  0.9999718869  -0.007498359422
20  1  -1.353267433e-16  -0.007099457414  0.999974799  -0.007099397776
20  2  -2.54208964e-17  -0.005740794603  0.9999835217  -0.00574076307
20  3  1.145875853e-17  -0.004102280066  0.9999915857  -0.00410226856
20  4  2.482539594e-16  -0.002951410978  0.9999956446  -0.002951406693
20  5  -3.88181308e-17  -0.002771380708  0.9999961597  -0.00277137716
20  6  -2.686648195e-16  -0.003373522859  0.9999943097  -0.00337351646
20  7  -1.794981661e-16  -0.00380169043  0.9999927736  -0.003801681273
20  8  -3.273639089e-16  -0.003289809217  0.9999945886  -0.003289803283
20  9  -8.66665439e-17  -0.002313879881  0.999997323  -0.002313877816
20  10  -2.372455762e-17  -0.001958114962  0.9999980829  -0.001958113711
20  11  -7.402197688e-17  -0.002590655715  0.9999966443  -0.002590652817
20  12  -3.519985383e-16  -0.003464104742  0.999994  -0.003464097814
20  13  -2.99659045e-16  -0.003557975934  0.9999936704  -0.003557968427
20  14  -7.003375193e-17  -0.002967498905  0.999995597  -0.00296749455
20  15  -1.514532001e-16  -0.002744009313  0.9999962352  -0.00274400587
20  16  7.783395797e-17  -0.003515029684  0.9999938223  -0.003515022446
20  17  4.500709618e-16  -0.00507522276  0.9999871211  -0.005075200972
20  18  -4.128164635e-17  -0.006732486729  0.9999773369  -0.006732435869
20  19  9.717413859e-17  -0.007667547635  0.9999706045  -0.007667472504
20  20  8.240993894e-17  -0.007388303302  0.9999727066  -0.007388236084
20  21  7.333816285e-17  -0.006087418354  0.9999814717  -0.006087380757
20  22  -2.129804462e-17  -0.004417139555  0.9999902445  -0.004417125191
20  23  -2.248412612e-16  -0.00294179676  0.9999956729  -0.002941792517
20  24  -7.555369633e-17  -0.001893536427  0.9999982073  -0.001893535295
20  25  3.344248152e-16  -0.001261758307  0.999999204  -0.001261757972
20  26  -1.152084527e-17  -0.0009393372507  0.9999995588  -0.0009393371126
20  27  -7.035374142e-17  -0.0008096839886  0.9999996722  -0.0008096839002
20  28  -9.174768355e-18  -0.0007922116614  0.9999996862  -0.0007922115785
20  29  1.191905553e-16  -0.0008697051912  0.9999996218  -0.0008697050815
20  30  1.901146241e-16  -0.001094714704  0.9999994008  -0.001094714486
20  31  2.446479646e-16  -0.001570845195  0.9999987662  -0.001570844549
20  32  -1.568798932e-16  -0.002414255437  0.9999970857  -0.002414253092
20  33  -4.017454083e-18  -0.003685880805  0.9999932071  -0.003685872459
20  34  -4.517539883e-16  -0.005270201784  0.9999861125  -0.005270177388
20  35  -6.477841038e-17  -0.006750808369  0.9999772134  -0.006750757093
20  36  -6.477841038e-17  -0.006750808369  0.9999772134  -0.006750757093

21  0  2.401019395e-16  -0.005472071138  0.9999850283  -0.005472043829
21  1  1.852803831e-16  -0.006446173634  0.9999792235  -0.006446128991
21  2  1.055907489e-16  -0.006700780188  0.9999775499  -0.006700730043
21  3  7.250440785e-18  -0.006072622562  0.9999815617  -0.006072585239
21  4  2.174808985e-18  -0.004795616324  0.9999885011  -0.004795597942
21  5  4.599194781e-16  -0.003391318867  0.9999942495  -0.003391312367
21  6  1.954194096e-16  -0.00242188672  0.9999970672  -0.002421884353
21  7  5.903325386e-17  -0.002103035761  0.9999977886  -0.00210303421
21  8  -3.108679875e-17  -0.001799014815  0.9999983818  -0.001799013844
21  9  2.526754901e-16  -0.0004666492556  0.9999998911  -0.0004666492386
21  10  -6.517908425e-18  0.001233166639  0.9999992397  0.001233166326
21  11  -1.317717703e-16  0.001114421711  0.999999379  0.00111442148
21  12  -1.603248163e-16  -0.0005255369788  0.9999998619  -0.0005255369546
21  13  -3.542837673e-17  -0.001639014013  0.9999986568  -0.00163901328
21  14  2.42364179e-16  -0.002147238599  0.9999976947  -0.002147236949
21  15  2.624333141e-16  -0.002967498905  0.999995597  -0.00296749455
21  16  1.625439965e-16  -0.004307811053  0.9999907214  -0.00430779773
21  17  1.151195266e-16  -0.005754220067  0.9999834445  -0.005754188313
21  18  -1.750858398e-16  -0.006733663374  0.999977329  -0.006733612488
21  19  -1.799389738e-16  -0.006844749758  0.9999765748  -0.006844696312
21  20  4.779292411e-17  -0.006087418354  0.9999814717  -0.006087380757
21  21  7.531564667e-18  -0.004830828839  0.9999883316  -0.004830810049
21  22  -1.183015228e-16  -0.003526696759  0.9999937812  -0.003526689448
21  23  -6.501233868e-17  -0.002468278096  0.9999969538  -0.00246827559
21  24  -2.593947175e-16  -0.001754539992  0.9999984608  -0.001754539092
21  25  1.048153087e-16  -0.001361905469  0.9999990726  -0.001361905048
21  26  -3.061357125e-16  -0.001208961529  0.9999992692  -0.001208961234
21  27  1.09680619e-16  -0.001190757642  0.999999291  -0.00119075736
21  28  1.248938083e-16  -0.001207831777  0.9999992706  -0.001207831484
21  29  -1.042986035e-16  -0.001205531467  0.9999992733  -0.001205531175
21  30  -1.084770119e-16  -0.001202906609  0.9999992765  -0.001202906319
21  31  9.415734917e-17  -0.001282802467  0.9999991772  -0.001282802115
21  32  -1.278422853e-16  -0.001552973033  0.9999987941  -0.001552972409
21  33  1.953770196e-17  -0.002109243631  0.9999977755  -0.002109242067
21  34  -3.508962109e-16  -0.003003847959  0.9999954885  -0.003003843442
21  35  1.456131724e-16  -0.004194418957  0.9999912034  -0.004194406659
21  36  1.456131724e-16  -0.004194418957  0.9999912034  -0.004194406659

22  0  -9.81827074e-17  -0.003121310242  0.9999951287  -0.003121305174
22  1  6.576139074e-17  -0.00398713237  0.9999920514  -0.003987121806
22  2  -9.547501535e-17  -0.004773564298  0.9999886066  -0.004773546169
22  3  -4.983126159e-17  -0.005247647215  0.9999862311  -0.00524762313
22  4  -1.589283026e-18  -0.005233378593  0.9999863059  -0.005233354704
22  5  6.546848874e-17  -0.004715391118  0.9999888826  -0.004715373644
22  6  6.000872834e-17  -0.003823700155  0.9999926897  -0.003823690837
22  7  9.006525713e-18  -0.002562136957  0.9999967177  -0.002562134154
22  8  -9.817199011e-17  7.926423787e-05  0.9999999969  7.926423779e-05
22  9  1.697233591e-16  0.008332047522  0.9999652887  0.008331951116
22  10  -9.774981493e-17  0.02998625519  0.9995504459  0.02998176158
22  11  2.599987779e-16  0.0467540602  0.998907228  0.04673702845
22  12  -3.388501598e-16  0.02329303596  0.9997287295  0.02329092969
22  13  4.300287643e-17  0.004298353548  0.9999907621  0.004298340312
22  14  3.252458933e-16  -0.001639014013  0.9999986568  -0.00163901328
22  15  1.348754225e-17  -0.003557975934  0.9999936704  -0.003557968427
22  16  4.369559573e-17  -0.004600227755  0.999989419  -0.00460021153
22  17  8.808601221e-17  -0.005267686868  0.9999861258  -0.005267662506
22  18  -2.093175824e-16  -0.005465942304  0.9999850618  -0.005465915086
22  19  -6.483747013e-17  -0.005140795406  0.9999867861  -0.005140772763
22  20  1.984609719e-16  -0.004417139555  0.9999902445  -0.004417125191
22  21  -2.188769384e-16  -0.003526696759  0.9999937812  -0.003526689448
22  22  -1.951653085e-16  -0.002684611409  0.9999963964  -0.002684608184
22  23  3.265580234e-16  -0.002025026898  0.9999979496  -0.002025025514
22  24  1.396951879e-16  -0.001604935005  0.9999987121  -0.001604934316
22  25  5.069772507e-16  -0.001429423694  0.9999989784  -0.001429423207
22  26  8.852511615e-17  -0.001462725399  0.9999989302  -0.001462724878
22  27  -7.580759332e-17  -0.001622153097  0.9999986843  -0.001622152386
22  28  2.692341617e-16  -0.001782537989  0.9999984113  -0.001782537045
22  29  1.831418997e-16  -0.001826282696  0.9999983323  -0.001826281681
22  30  3.922172086e-18  -0.001722035303  0.9999985173  -0.001722034452
22  31  2.858007813e-16  -0.001550404482  0.9999987981  -0.00155040386
22  32  2.349126488e-17  -0.001443874469  0.9999989576  -0.001443873968
22  33  8.70723166e-17  -0.001512125518  0.9999988567  -0.001512124942
22  34  -4.618516064e-17  -0.001814151619  0.9999983544  -0.001814150624
22  35  3.392866986e-17  -0.002362437407  0.9999972094  -0.00236243521
22  36  3.392866986e-17  -0.002362437407  0.9999972094  -0.00236243521

23  0  1.021972721e-16  -0.001859545232  0.999998271  -0.001859544161
23  1  -2.379724216e-16  -0.002261050934  0.9999974438  -0.002261049007
23  2  -3.80069767e-16  -0.002720303756  0.9999963  -0.002720300401
23  3  -3.708606092e-16  -0.003157930999  0.9999950137  -0.00315792575
23  4  1.958685902e-16  -0.003488533316  0.9999939151  -0.00348852624
23  5  2.149777812e-16  -0.003653240119  0.9999933269  -0.003653231993
23  6  3.970922423e-17  -0.003654424717  0.9999933226  -0.003654416583
23  7  1.770942885e-16  -0.003477120387  0.9999939548  -0.00347711338
23  8  1.06699228e-16  -0.00238455207  0.999997157  -0.002384549811
23  9  1.825704915e-17  0.005386436048  0.9999854932  0.005386410001
23  10  4.429467951e-17  0.05985781905  0.9982090556  0.05982208077
23  11  3.909986278e-17  0.3063764901  0.9534326985  0.3016058512
23  12  -2.384167125e-17  0.2074718916  0.9785547979  0.2059866682
23  13  1.323124912e-17  0.02329303596  0.9997287295  0.02329092969
23  14  9.458076413e-17  -0.0005255369786  0.9999998619  -0.0005255369544
23  15  -7.925654312e-17  -0.003464104742  0.999994  -0.003464097814
23  16  -2.531721913e-16  -0.003793508555  0.9999928047  -0.003793499456
23  17  -2.381205425e-16  -0.003794928436  0.9999927993  -0.003794919328
23  18  -3.526721258e-16  -0.003659600577  0.9999933037  -0.003659592408
23  19  1.417735183e-18  -0.003364552471  0.9999943399  -0.003364546123
23  20  1.807700835e-17  -0.00294179676  0.9999956729  -0.002941792517
23  21  -4.727829454e-17  -0.002468278096  0.9999969538  -0.00246827559
23  22  -1.066421686e-16  -0.002025026898  0.9999979496  -0.002025025514
23  23  -7.999824833e-17  -0.001678827059  0.9999985908  -0.001678826271
23  24  -9.557889268e-17  -0.001484522471  0.9999988981  -0.001484521926
23  25  3.574029733e-16  -0.001490497214  0.9999988892  -0.001490496662
23  26  -3.192272193e-17  -0.001727801918  0.9999985074  -0.001727801058
23  27  1.600590606e-16  -0.0021676336  0.9999976507  -0.002167631903
23  28  1.720605173e-16  -0.002662724032  0.999996455  -0.002662720885
23  29  8.712957308e-17  -0.002960113719  0.9999956189  -0.002960109396
23  30  -4.133414075e-16  -0.00287071248  0.9999958795  -0.002870708537
23  31  5.583423258e-17  -0.002453520998  0.9999969901  -0.002453518537
23  32  8.458441099e-17  -0.001957098881  0.9999980849  -0.001957097632
23  33  1.586584021e-17  -0.001602794046  0.9999987155  -0.001602793359
23  34  -3.297936206e-16  -0.001479900587  0.9999989049  -0.001479900047
23  35  2.459759921e-16  -0.001580637256  0.9999987508  -0.001580636598
23  36  2.459759921e-16  -0.001580637256  0.9999987508  -0.001580636598

24  0  1.61937297e-17  -0.001468181613  0.9999989222  -0.001468181086
24  1  -2.61934569e-16  -0.001552555168  0.9999987948  -0.001552554545
24  2  -3.976558204e-16  -0.001692799854  0.9999985672  -0.001692799046
24  3  -1.688382042e-16  -0.001838058794  0.9999983108  -0.001838057759
24  4  -7.024357329e-17  -0.001954684002  0.9999980896  -0.001954682758
24  5  -5.784902491e-17  -0.002028768817  0.999997942  -0.002028767425
24  6  -1.051652766e-16  -0.002087593252  0.999997821  -0.002087591735
24  7  -2.244181984e-17  -0.002223432075  0.9999975282  -0.002223430243
24  8  -1.79195385e-17  -0.002477917022  0.99999693  -0.002477914486
24  9  -1.35753695e-16  -0.001626510845  0.9999986772  -0.001626510128
24  10  -1.778626794e-16  0.01366072624  0.9999066937  0.01366030136
24  11  -1.705426836e-16  0.1755302226  0.9846340844  0.1746302373
24  12  -3.305294161e-16  0.3063764901  0.9534326985  0.3016058512
24  13  -5.872437423e-17  0.0467540602  0.998907228  0.04673702845
24  14  -2.676623335e-16  0.001114421711  0.999999379  0.00111442148
24  15  -1.337901151e-16  -0.002590655715  0.9999966443  -0.002590652817
24  16  -9.793560877e-17  -0.002412645935  0.9999970896  -0.002412643595
24  17  -2.997789827e-16  -0.002169225214  0.9999976472  -0.002169223513
24  18  -4.150341492e-16  -0.002069389882  0.9999978588  -0.002069388405
24  19  -1.26432474e-16  -0.001997489173  0.999998005  -0.001997487844
24  20  -3.350794549e-17  -0.001893536427  0.9999982073  -0.001893535295
24  21  1.662040754e-16  -0.001754539992  0.9999984608  -0.001754539092
24  22  2.883408637e-16  -0.001604935005  0.9999987121  -0.001604934316
24  23  -7.309934415e-17  -0.001484522471  0.9999988981  -0.001484521926
24  24  1.603182127e-16  -0.001453915773  0.9999989431  -0.00145391526
24  25  5.417185695e-17  -0.001610164895  0.9999987037  -0.001610164199
24  26  -1.566346724e-16  -0.002095742951  0.9999978039  -0.002095741417
24  27  2.482916731e-16  -0.003053280992  0.9999953387  -0.003053276248
24  28  1.329154259e-16  -0.00444250757  0.9999901321  -0.004442492958
24  29  -3.014556603e-16  -0.005757945056  0.9999834231  -0.00575791324
24  30  -2.040200351e-16  -0.006144349803  0.9999811235  -0.006144311142
24  31  -2.449508153e-16  -0.00528119056  0.9999860545  -0.005281166011
24  32  2.706127954e-16  -0.003824203615  0.9999926877  -0.003824194294
24  33  -3.337664111e-17  -0.002577900251  0.9999966772  -0.002577897396
24  34  -7.230834615e-17  -0.001835972397  0.9999983146  -0.001835971365
24  35  2.731632376e-16  -0.001520253852  0.9999988444  -0.001520253267
24  36  2.731632376e-16  -0.001520253852  0.9999988444  -0.001520253267

25  0  -2.960028827e-16  -0.001765462143  0.9999984416  -0.001765461226
25  1  4.774429902e-17  -0.001553470771  0.9999987934  -0.001553470146
25  2  1.483605003e-16  -0.001470342308  0.999998919  -0.001470341778
25  3  -2.336398346e-16  -0.001408531072  0.999999008  -0.001408530606
25  4  -9.362456364e-17  -0.001324299998  0.9999991231  -0.001324299611
25  5  -1.072839229e-16  -0.001204111542  0.9999992751  -0.001204111251
25  6  -1.054437825e-16  -0.00106508325  0.9999994328  -0.001065083049
25  7  1.712643336e-16  -0.0009830418278  0.9999995168  -0.0009830416695
25  8  3.791278569e-17  -0.001131342268  0.99999936  -0.001131342027
25  9  7.626694434e-17  -0.001656581649  0.9999986279  -0.001656580891
25  10  1.044738822e-16  -0.001152000999  0.9999993364  -0.001152000744
25  11  -3.260227708e-16  0.01366072624  0.9999066937  0.01366030136
25  12  -8.031470414e-17  0.05985781905  0.9982090556  0.05982208077
25  13  1.173505153e-16  0.02998625519  0.9995504459  0.02998176158
25  14  -2.160290131e-16  0.001233166639  0.9999992397  0.001233166326
25  15  -5.859070909e-17  -0.001958114962  0.9999980829  -0.001958113711
25  16  -1.06676675e-16  -0.001364204457  0.9999990695  -0.001364204034
25  17  -2.745236766e-16  -0.001007095443  0.9999994929  -0.001007095273
25  18  -2.304269071e-16  -0.001002590952  0.9999994974  -0.001002590784
25  19  -3.557411577e-17  -0.001128487443  0.9999993633  -0.001128487204
25  20  -2.335448672e-17  -0.001261758307  0.999999204  -0.001261757972
25  21  2.237150647e-16  -0.001361905469  0.9999990726  -0.001361905048
25  22  2.016412741e-16  -0.001429423694  0.9999989784  -0.001429423207
25  23  -2.375827154e-16  -0.001490497214  0.9999988892  -0.001490496662
25  24  -5.617225481e-17  -0.001610164895  0.9999987037  -0.001610164199
25  25  9.032153562e-17  -0.001944332353  0.9999981098  -0.001944331128
25  26  -7.214304554e-17  -0.002858087596  0.9999959157  -0.002858083705
25  27  3.449002314e-16  -0.005118600998  0.9999869  -0.005118578647
25  28  3.585877492e-17  -0.009913786699  0.9999508588  -0.009913624307
25  29  6.364265017e-17  -0.01755432741  0.9998459268  -0.01755342585
25  30  2.716581564e-16  -0.02398135172  0.9997124612  -0.02397905316
25  31  2.731396859e-17  -0.02244207241  0.9997481873  -0.02244018865
25  32  1.717064937e-16  -0.01463850663  0.999892859  -0.01463798383
25  33  -3.231170774e-16  -0.007715153874  0.9999702383  -0.007715077335
25  34  -2.191921002e-16  -0.003972410492  0.99999211  -0.003972400044
25  35  3.622255803e-16  -0.002369696263  0.9999971923  -0.002369694045
25  36  3.622255803e-16  -0.002369696263  0.9999971923  -0.002369694045

26  0  -2.808731115e-16  -0.003909088441  0.9999923595  -0.003909078485
26  1  1.620638083e-16  -0.002479660978  0.9999969256  -0.002479658437
26  2  3.879245696e-16  -0.001925538157  0.9999981462  -0.001925536967
26  3  9.347887436e-17  -0.001609800956  0.9999987043  -0.00160980026
26  4  -1.146210868e-16  -0.001348279  0.9999990911  -0.001348278591
26  5  -2.384310717e-17  -0.001083415458  0.9999994131  -0.001083415246
26  6  1.619459936e-16  -0.0008055888607  0.9999996755  -0.0008055887736
26  7  2.256304742e-16  -0.0005507921512  0.9999998483  -0.0005507921234
26  8  4.281639405e-18  -0.0004409924303  0.9999999028  -0.000440992416
26  9  1.929222258e-16  -0.0007384799566  0.9999997273  -0.0007384798894
26  10  1.603049598e-16  -0.001656581649  0.9999986279  -0.001656580891
26  11  -4.725029248e-17  -0.001626510845  0.9999986772  -0.001626510128
26  12  -1.009271782e-16  0.005386436048  0.9999854932  0.005386410001
26  13  2.159218932e-16  0.008332047522  0.9999652887  0.008331951116
26  14  -2.015519128e-16  -0.0004666492558  0.9999998911  -0.0004666492388
26  15  2.757423388e-16  -0.002313879881  0.999997323  -0.002313877816
26  16  -6.351352202e-17  -0.001171725585  0.9999993135  -0.001171725317
26  17  -3.298963205e-16  -0.000514675561  0.9999998676  -0.0005146755382
26  18  -1.529586925e-16  -0.0004585628632  0.9999998949  -0.0004585628472
26  19  -1.287895792e-16  -0.0006650662511  0.9999997788  -0.0006650662021
26  20  -1.265290353e-16  -0.0009393372507  0.9999995588  -0.0009393371126
26  21  1.529765613e-16  -0.001208961529  0.9999992692  -0.001208961234
26  22  -1.495719418e-16  -0.001462725399  0.9999989302  -0.001462724878
26  23  6.231927117e-17  -0.001727801918  0.9999985074  -0.001727801058
26  24  4.801887836e-17  -0.002095742951  0.9999978039  -0.002095741417
26  25  -2.676712682e-16  -0.002858087596  0.9999959157  -0.002858083705
26  26  -1.405854107e-16  -0.005023116709  0.9999873842  -0.005023095585
26  27  -1.293852538e-17  -0.01226466417  0.9999247899  -0.01226435669
26  28  1.199685732e-16  -0.03688154472  0.9993199529  -0.03687318395
26  29  3.050740818e-16  -0.1011886811  0.9948847923  -0.1010160885
26  30  -1.348482361e-16  -0.1867089228  0.9826204651  -0.1856260263
26  31  -1.824491929e-16  -0.2117821216  0.9776578609  -0.2102025379
26  32  -4.16013615e-17  -0.1532675426  0.9882775049  -0.1526681806
26  33  -3.06029904e-16  -0.07299638381  0.9973369468  -0.07293157455
26  34  -4.229409504e-18  -0.02517340719  0.9996831665  -0.02517074854
26  35  4.248888446e-17  -0.008602315912  0.9999630003  -0.008602209818
26  36  4.248888446e-17  -0.008602315912  0.9999630003  -0.008602209818

27  0  2.852199913e-16  -0.02724161178  0.9996289702  -0.02723824255
27  1  3.246518491e-16  -0.008685759591  0.999962279  -0.008685650379
27  2  3.522932844e-16  -0.004108008785  0.9999915621  -0.004107997231
27  3  -1.884387648e-16  -0.002630215861  0.999996541  -0.002630212828
27  4  3.030274008e-17  -0.001908014757  0.9999981797  -0.001908013599
27  5  -1.411654259e-16  -0.001413972696  0.9999990003  -0.001413972225
27  6  1.211204568e-16  -0.00100163443  0.9999994984  -0.001001634263
27  7  1.45531437e-16  -0.0006422634427  0.9999997937  -0.0006422633986
27  8  -9.854217915e-17  -0.0003927262231  0.9999999229  -0.000392726213
27  9  -9.670079362e-17  -0.0004409924303  0.9999999028  -0.000440992416
27  10  -1.832171216e-16  -0.001131342268  0.99999936  -0.001131342027
27  11  -6.412017395e-17  -0.002477917022  0.99999693  -0.002477914486
27  12  -1.141534237e-16  -0.00238455207  0.999997157  -0.002384549811
27  13  -8.74881209e-17  7.9264238e-05  0.9999999969  7.926423792e-05
27  14  -5.445844322e-17  -0.001799014815  0.9999983818  -0.001799013844
27  15  3.22330432e-16  -0.003289809217  0.9999945886  -0.003289803283
27  16  -2.081957906e-16  -0.001908763996  0.9999981783  -0.001908762837
27  17  -1.125382628e-16  -0.000715059  0.9999997443  -0.0007150589391
27  18  -1.074799372e-16  -0.0003669234168  0.9999999327  -0.0003669234085
27  19  -4.856639081e-17  -0.0004953355541  0.9999998773  -0.0004953355339
27  20  1.5052306e-16  -0.0008096839886  0.9999996722  -0.0008096839002
27  21  -3.591387533e-17  -0.001190757642  0.999999291  -0.00119075736
27  22  -9.497259553e-17  -0.001622153097  0.9999986843  -0.001622152386
27  23  6.898698267e-17  -0.0021676336  0.9999976507  -0.002167631903
27  24  -2.071843839e-16  -0.003053280992  0.9999953387  -0.003053276248
27  25  -3.182721119e-16  -0.005118600998  0.9999869  -0.005118578647
27  26  -4.88023354e-17  -0.01226466417  0.9999247899  -0.01226435669
27  27  1.244780005e-16  -0.04230170845  0.9991054161  -0.04228909355
27  28  1.89671323e-16  -0.1057189686  0.9944169527  -0.1055221506
27  29  -1.657316727e-16  -0.1300270821  0.9915583826  -0.1296609961
27  30  -1.168534101e-16  -0.1129970629  0.9936226219  -0.1127567523
27  31  2.764621123e-17  -0.09999376153  0.9950047881  -0.09982720934
27  32  -3.742885448e-16  -0.1048873669  0.9945043612  -0.1046951554
27  33  1.813783665e-16  -0.1153867726  0.9933503291  -0.1151308977
27  34  2.362561433e-17  -0.106479721  0.9943363887  -0.1062786251
27  35  1.465132249e-16  -0.07142192774  0.9974505381  -0.07136122159
27  36  1.465132249e-16  -0.07142192774  0.9974505381  -0.07136122159

28  0  1.244105616e-16  -0.08585723459  0.9963165312  -0.0857517912
28  1  5.910073016e-17  -0.07444739564  0.9972300723  -0.07437864498
28  2  -5.162122587e-17  -0.02299045  0.9997357312  -0.02298842475
28  3  -2.106149485e-16  -0.007077564234  0.9999749541  -0.007077505146
28  4  -1.146022519e-16  -0.003534407214  0.999993754  -0.003534399855
28  5  6.318454046e-17  -0.002217099996  0.9999975422  -0.00221709818
28  6  1.296327123e-16  -0.001489249208  0.9999988911  -0.001489248657
28  7  -3.05330189e-17  -0.0009864624138  0.9999995134  -0.0009864622538
28  8  -4.151284248e-16  -0.0006422634427  0.9999997937  -0.0006422633986
28  9  3.201803223e-18  -0.0005507921512  0.9999998483  -0.0005507921234
28  10  6.629591922e-17  -0.0009830418278  0.9999995168  -0.0009830416695
28  11  -7.85154185e-17  -0.002223432075  0.9999975282  -0.002223430243
28  12  -1.096767796e-16  -0.003477120387  0.9999939548  -0.00347711338
28  13  1.506868571e-16  -0.002562136957  0.9999967177  -0.002562134154
28  14  -2.007561482e-17  -0.002103035761  0.9999977886  -0.002103034211
28  15  -1.592361391e-16  -0.00380169043  0.9999927736  -0.003801681273
28  16  -5.855434706e-17  -0.003237553775  0.9999947591  -0.003237548119
28  17  -1.357660339e-16  -0.001595303311  0.9999987275  -0.001595302634
28  18  -3.304404671e-16  -0.0007085758175  0.999999749  -0.0007085757582
28  19  -2.975067912e-16  -0.0005617620357  0.9999998422  -0.0005617620062
28  20  -5.579339639e-18  -0.0007922116614  0.9999996862  -0.0007922115785
28  21  1.069063322e-18  -0.001207831777  0.9999992706  -0.001207831484
28  22  1.566976264e-16  -0.001782537989  0.9999984113  -0.001782537045
28  23  1.208187042e-16  -0.002662724032  0.999996455  -0.002662720885
28  24  8.839987294e-17  -0.00444250757  0.9999901321  -0.004442492958
28  25  -1.900002656e-16  -0.009913786699  0.9999508588  -0.009913624307
28  26  9.476890839e-17  -0.03688154472  0.9993199529  -0.03687318395
28  27  1.143229044e-16  -0.1057189686  0.9944169527  -0.1055221506
28  28  -9.617480637e-17  -0.07117232215  0.9974683192  -0.07111225014
28  29  1.676521879e-16  -0.02809303416  0.9996054167  -0.02808933905
28  30  1.07711419e-16  -0.01563024347  0.9998778502  -0.01562960705
28  31  1.452013205e-16  -0.01210669404  0.9999267149  -0.01210639829
28  32  9.281234088e-17  -0.01172233138  0.9999312943  -0.01172206291
28  33  -5.185307987e-17  -0.01396388946  0.9999025065  -0.01396343566
28  34  4.786215827e-17  -0.02210812398  0.9997556254  -0.02210632306
28  35  2.474761474e-16  -0.04800770833  0.9988478513  -0.04798926957
28  36  2.474761474e-16  -0.04800770833  0.9988478513  -0.04798926957

29  0  6.902417269e-17  -0.01747975169  0.999847233  -0.01747886157
29  1  9.400714203e-17  -0.06670331282  0.9977761588  -0.06665385962
29  2  5.536822273e-17  -0.1341095959  0.9910207782  -0.1337079551
29  3  -1.382426885e-16  -0.05590746724  0.9984375846  -0.05587834731
29  4  -1.7453937e-17  -0.010832068  0.9999413337  -0.01083185618
29  5  3.275889397e-17  -0.004219150158  0.9999910994  -0.00421913764
29  6  2.148000063e-16  -0.002350245943  0.9999972382  -0.002350243779
29  7  -7.711771348e-17  -0.001489249208  0.9999988911  -0.001489248657
29  8  -2.253741353e-16  -0.00100163443  0.9999994984  -0.001001634263
29  9  -5.164661803e-17  -0.0008055888607  0.9999996755  -0.0008055887736
29  10  2.041488232e-17  -0.00106508325  0.9999994328  -0.001065083049
29  11  1.212607317e-16  -0.002087593252  0.999997821  -0.002087591735
29  12  -6.963834445e-17  -0.003654424717  0.9999933226  -0.003654416583
29  13  -1.484364033e-17  -0.003823700155  0.9999926897  -0.003823690837
29  14  1.766900158e-16  -0.00242188672  0.9999970672  -0.002421884353
29  15  -8.674360044e-17  -0.003373522859  0.9999943097  -0.00337351646
29  16  -3.901573849e-17  -0.004383802819  0.9999903912  -0.004383788778
29  17  -3.33406576e-16  -0.003044263076  0.9999953662  -0.003044258374
29  18  -2.115658972e-16  -0.001533220473  0.9999988246  -0.001533219872
29  19  -1.372138023e-16  -0.0008853422152  0.9999996081  -0.0008853420996
29  20  1.131105031e-16  -0.0008697051912  0.9999996218  -0.0008697050815
29  21  3.596656914e-18  -0.001205531467  0.9999992733  -0.001205531175
29  22  3.275196877e-16  -0.001826282697  0.9999983323  -0.001826281681
29  23  -2.697439564e-17  -0.002960113719  0.9999956189  -0.002960109397
29  24  -1.241263438e-17  -0.005757945056  0.9999834231  -0.00575791324
29  25  -1.470584237e-16  -0.01755432741  0.9998459268  -0.01755342585
29  26  1.296952955e-16  -0.1011886811  0.9948847923  -0.1010160885
29  27  3.319247711e-16  -0.1300270821  0.9915583826  -0.1296609961
29  28  4.906339058e-17  -0.02809303416  0.9996054167  -0.02808933905
29  29  1.948011217e-16  -0.01011640888  0.9999488296  -0.01011623632
29  30  -1.017860091e-16  -0.006628865156  0.9999780292  -0.006628816609
29  31  1.461174637e-16  -0.005687118855  0.9999838284  -0.005687088199
29  32  5.039690779e-17  -0.005452103688  0.9999851373  -0.005452076677
29  33  -1.577265306e-16  -0.005556317374  0.9999845637  -0.005556288784
29  34  5.614062132e-17  -0.00614218777  0.9999811368  -0.00614214915
29  35  1.18559392e-16  -0.008221241001  0.9999662058  -0.00822114839
29  36  1.18559392e-16  -0.008221241001  0.9999662058  -0.00822114839

30  0  5.690656744e-17  -0.00572261773  0.9999836259  -0.005722586496
30  1  4.124858871e-17  -0.00990246566  0.999950971  -0.009902303824
30  2  -2.236963982e-16  -0.04558512282  0.9989611782  -0.04556933679
30  3  -2.327681725e-16  -0.1837987476  0.9831565076  -0.1827656465
30  4  1.3391645e-16  -0.09423659248  0.9955630173  -0.09409717584
30  5  -1.101068437e-17  -0.01275775206  0.999918621  -0.01275740599
30  6  4.201015688e-17  -0.004219150158  0.9999910994  -0.00421913764
30  7  3.185507964e-16  -0.002217099996  0.9999975422  -0.00221709818
30  8  1.712972017e-16  -0.001413972696  0.9999990003  -0.001413972225
30  9  -2.635692203e-16  -0.001083415458  0.9999994131  -0.001083415246
30  10  -1.081779293e-16  -0.001204111542  0.9999992751  -0.001204111251
30  11  -3.070625586e-16  -0.002028768817  0.999997942  -0.002028767425
30  12  -3.038170267e-16  -0.003653240119  0.9999933269  -0.003653231993
30  13  -3.848475495e-17  -0.004715391118  0.9999888826  -0.004715373644
30  14  4.957598034e-17  -0.003391318867  0.9999942495  -0.003391312367
30  15  -2.300240024e-17  -0.002771380708  0.9999961597  -0.00277137716
30  16  -3.794889871e-17  -0.004573870421  0.9999895399  -0.004573854474
30  17  8.220771112e-18  -0.004639469902  0.9999892377  -0.004639453258
30  18  1.389485007e-16  -0.00288437139  0.9999958402  -0.00288436739
30  19  -1.910811541e-16  -0.001556003601  0.9999987894  -0.001556002973
30  20  7.028090331e-17  -0.001094714704  0.9999994008  -0.001094714486
30  21  -1.110248846e-16  -0.001202906609  0.9999992765  -0.001202906319
30  22  -8.369782114e-17  -0.001722035303  0.9999985173  -0.001722034452
30  23  -1.285292501e-17  -0.00287071248  0.9999958795  -0.002870708537
30  24  -7.599329086e-17  -0.006144349803  0.9999811235  -0.006144311142
30  25  1.714805839e-16  -0.02398135172  0.9997124612  -0.02397905316
30  26  3.149176419e-16  -0.1867089228  0.9826204651  -0.1856260263
30  27  1.166344648e-17  -0.1129970629  0.9936226219  -0.1127567523
30  28  2.67915112e-17  -0.01563024347  0.9998778502  -0.01562960705
30  29  1.510116076e-16  -0.006628865156  0.9999780292  -0.006628816609
30  30  -1.566700873e-16  -0.005119162334  0.9999868971  -0.005119139976
30  31  2.639506352e-16  -0.004860518469  0.9999881877  -0.004860499331
30  32  -4.119487722e-18  -0.004866568858  0.9999881583  -0.004866549648
30  33  -2.474182377e-17  -0.004882577642  0.9999880802  -0.004882558243
30  34  -2.16096129e-16  -0.004871624047  0.9999881337  -0.004871604777
30  35  -3.436335483e-16  -0.004970908047  0.9999876451  -0.004970887575
30  36  -3.436335483e-16  -0.004970908047  0.9999876451  -0.004970887575

31  0  1.22211476e-16  -0.004885575281  0.9999880656  -0.004885555846
31  1  1.01837792e-16  -0.005125550766  0.9999868644  -0.005125528324
31  2  -3.915697911e-17  -0.007781042741  0.9999697278  -0.007780964224
31  3  -2.401622771e-16  -0.03561823148  0.9993657379  -0.03561070072
31  4  2.939359934e-16  -0.2039783409  0.9792684497  -0.2025667873
31  5  -9.530572787e-18  -0.09423659248  0.9955630173  -0.09409717584
31  6  -3.42233925e-17  -0.010832068  0.9999413337  -0.01083185618
31  7  -6.503985586e-17  -0.003534407214  0.999993754  -0.003534399855
31  8  -6.567928383e-17  -0.001908014757  0.9999981797  -0.001908013599
31  9  2.376244201e-16  -0.001348279  0.9999990911  -0.001348278591
31  10  1.397041529e-16  -0.001324299998  0.9999991231  -0.001324299611
31  11  -2.70505036e-16  -0.001954684002  0.9999980896  -0.001954682758
31  12  -2.398803206e-16  -0.003488533316  0.9999939151  -0.00348852624
31  13  -8.228589938e-17  -0.005233378593  0.9999863059  -0.005233354704
31  14  -1.486451602e-16  -0.004795616324  0.9999885011  -0.004795597942
31  15  -2.24151342e-16  -0.002951410978  0.9999956446  -0.002951406693
31  16  2.120672133e-18  -0.003895274558  0.9999924134  -0.003895264708
31  17  2.162031438e-17  -0.005613971442  0.9999842417  -0.005613941953
31  18  5.711822295e-17  -0.004611522085  0.999989367  -0.004611505741
31  19  6.402401739e-17  -0.002682024485  0.9999964034  -0.002682021269
31  20  -1.274239087e-16  -0.001570845195  0.9999987662  -0.001570844549
31  21  1.923684682e-16  -0.001282802467  0.9999991772  -0.001282802115
31  22  4.007429286e-16  -0.001550404482  0.9999987981  -0.00155040386
31  23  2.445799746e-16  -0.002453520998  0.9999969901  -0.002453518537
31  24  -1.413083195e-16  -0.00528119056  0.9999860545  -0.005281166011
31  25  -2.224302124e-16  -0.02244207241  0.9997481873  -0.02244018865
31  26  -6.783453283e-17  -0.2117821216  0.9776578609  -0.2102025379
31  27  -3.164875081e-18  -0.09999376153  0.9950047881  -0.09982720934
31  28  2.009806493e-16  -0.01210669404  0.9999267149  -0.01210639829
31  29  1.225449738e-16  -0.005687118856  0.9999838284  -0.005687088199
31  30  -6.931469687e-17  -0.004860518469  0.9999881877  -0.004860499331
31  31  5.643469514e-16  -0.004948496802  0.9999877562  -0.004948476606
31  32  1.711986635e-17  -0.005183114975  0.9999865677  -0.005183091768
31  33  -1.409013205e-16  -0.005321268315  0.9999858421  -0.005321243202
31  34  -5.185579169e-17  -0.00527833178  0.9999860696  -0.005278307271
31  35  -9.116870033e-17  -0.005081665972  0.9999870884  -0.005081644101
31  36  -9.116870033e-17  -0.005081665972  0.9999870884  -0.005081644101

32  0  3.78263478e-16  -0.005431827381  0.9999852477  -0.00543180067
32  1  7.327341634e-17  -0.004998129861  0.9999875094  -0.004998109052
32  2  1.18698111e-16  -0.004989694095  0.9999875515  -0.004989673391
32  3  1.898555096e-16  -0.007292466392  0.9999734101  -0.007292401756
32  4  2.644850373e-16  -0.03561823147  0.9993657379  -0.03561070072
32  5  1.453368068e-16  -0.1837987476  0.9831565076  -0.1827656465
32  6  -2.204048398e-16  -0.05590746724  0.9984375846  -0.05587834731
32  7  8.462302957e-17  -0.007077564234  0.9999749541  -0.007077505146
32  8  8.478022492e-17  -0.002630215861  0.999996541  -0.002630212828
32  9  -3.621991418e-17  -0.001609800956  0.9999987043  -0.00160980026
32  10  1.006679953e-16  -0.001408531072  0.999999008  -0.001408530606
32  11  1.795713081e-16  -0.001838058794  0.9999983108  -0.001838057759
32  12  -1.710802234e-16  -0.003157930999  0.9999950137  -0.00315792575
32  13  1.381992751e-16  -0.005247647215  0.9999862311  -0.00524762313
32  14  1.330286482e-16  -0.006072622562  0.9999815617  -0.006072585239
32  15  -1.584322145e-16  -0.004102280066  0.9999915857  -0.00410226856
32  16  7.046462169e-17  -0.003281288636  0.9999946166  -0.003281282747
32  17  3.052303281e-17  -0.005441128683  0.9999851971  -0.005441101835
32  18  -1.028298715e-16  -0.006164937647  0.9999809968  -0.006164898596
32  19  -4.502502622e-17  -0.004269246151  0.9999908868  -0.004269233182
32  20  7.325539942e-17  -0.002414255437  0.9999970857  -0.002414253092
32  21  1.066384372e-17  -0.001552973033  0.9999987941  -0.001552972409
32  22  1.642043448e-17  -0.001443874469  0.9999989576  -0.001443873968
32  23  -3.585338205e-16  -0.001957098881  0.9999980849  -0.001957097632
32  24  6.368990489e-19  -0.003824203615  0.9999926877  -0.003824194294
32  25  -6.046431168e-17  -0.01463850663  0.999892859  -0.01463798383
32  26  -2.145431155e-16  -0.1532675426  0.9882775049  -0.1526681806
32  27  -8.111053035e-17  -0.1048873669  0.9945043612  -0.1046951554
32  28  -7.176847108e-17  -0.01172233138  0.9999312943  -0.01172206291
32  29  -4.068510225e-16  -0.005452103688  0.9999851373  -0.005452076677
32  30  -4.57523537e-16  -0.004866568858  0.9999881583  -0.004866549648
32  31  -3.031059982e-16  -0.005183114975  0.9999865677  -0.005183091767
32  32  -2.686957461e-16  -0.005648819621  0.9999840455  -0.005648789579
32  33  -8.484931371e-17  -0.005990607677  0.9999820564  -0.005990571846
32  34  7.3726014e-17  -0.006069253923  0.9999815821  -0.006069216662
32  35  2.61266378e-17  -0.005854975764  0.9999828597  -0.005854942312
32  36  2.61266378e-17  -0.005854975764  0.9999828597  -0.005854942312

33  0  -2.518641789e-17  -0.00631688241  0.9999800486  -0.0063168404
33  1  3.592016491e-16  -0.0056626761  0.9999839671  -0.005662645837
33  2  4.543013714e-18  -0.005057075181  0.999987213  -0.005057053626
33  3  1.070937353e-16  -0.004989694095  0.9999875515  -0.004989673391
33  4  2.41774453e-16  -0.007781042741  0.9999697278  -0.007780964224
33  5  -2.322150284e-18  -0.04558512282  0.9989611782  -0.04556933679
33  6  1.567700892e-16  -0.1341095959  0.9910207782  -0.1337079551
33  7  4.224718773e-18  -0.02299045  0.9997357312  -0.02298842475
33  8  4.116976147e-16  -0.004108008785  0.9999915621  -0.004107997231
33  9  -9.75832168e-17  -0.001925538157  0.9999981462  -0.001925536967
33  10  -1.690961523e-16  -0.001470342308  0.999998919  -0.001470341778
33  11  1.5219262e-16  -0.001692799854  0.9999985672  -0.001692799046
33  12  -3.01193492e-16  -0.002720303756  0.9999963  -0.002720300401
33  13  -2.183133148e-16  -0.004773564299  0.9999886066  -0.004773546169
33  14  2.342187248e-17  -0.006700780188  0.9999775499  -0.006700730043
33  15  -1.253139885e-16  -0.005740794603  0.9999835217  -0.00574076307
33  16  1.487848881e-16  -0.003520210676  0.9999938041  -0.003520203405
33  17  1.897139706e-16  -0.004501628514  0.9999898677  -0.00450161331
33  18  1.771655124e-16  -0.006767741339  0.9999770989  -0.006767689676
33  19  5.89225095e-17  -0.006025202652  0.9999818485  -0.006025166196
33  20  -1.149333611e-16  -0.003685880805  0.9999932071  -0.003685872459
33  21  -6.62302687e-17  -0.002109243631  0.9999977755  -0.002109242067
33  22  -4.164017101e-17  -0.001512125518  0.9999988567  -0.001512124942
33  23  2.467485287e-17  -0.001602794046  0.9999987155  -0.001602793359
33  24  4.394587714e-17  -0.002577900251  0.9999966772  -0.002577897396
33  25  1.652020762e-16  -0.007715153874  0.9999702383  -0.007715077335
33  26  -1.788440303e-16  -0.07299638382  0.9973369468  -0.07293157455
33  27  -4.050585186e-16  -0.1153867726  0.9933503291  -0.1151308977
33  28  -2.961839782e-16  -0.01396388946  0.9999025065  -0.01396343566
33  29  1.636921743e-17  -0.005556317374  0.9999845637  -0.005556288784
33  30  -7.535787689e-17  -0.004882577642  0.9999880802  -0.004882558243
33  31  3.938797498e-17  -0.005321268315  0.9999858421  -0.005321243202
33  32  3.483791261e-17  -0.005990607677  0.9999820564  -0.005990571846
33  33  1.461467699e-17  -0.006572632912  0.9999784003  -0.00657258559
33  34  -1.324898743e-16  -0.006865580519  0.999976432  -0.006865526583
33  35  2.096036956e-16  -0.006769374495  0.9999770879  -0.006769322795
33  36  2.096036956e-16  -0.006769374495  0.9999770879  -0.006769322795

34  0  -1.528548593e-16  -0.007189795601  0.9999741535  -0.007189733657
34  1  7.275569896e-17  -0.006491734679  0.9999789288  -0.006491689083
34  2  -1.078547648e-17  -0.0056626761  0.9999839671  -0.005662645837
34  3  1.418790429e-16  -0.004998129861  0.9999875094  -0.004998109052
34  4  1.828813676e-16  -0.005125550766  0.9999868644  -0.005125528324
34  5  -8.446804334e-17  -0.00990246566  0.999950971  -0.009902303823
34  6  -9.742167456e-17  -0.06670331281  0.9977761588  -0.06665385962
34  7  -2.401916166e-16  -0.07444739564  0.9972300723  -0.07437864497
34  8  2.75201697e-16  -0.008685759591  0.999962279  -0.008685650379
34  9  5.352781272e-17  -0.002479660978  0.9999969256  -0.002479658437
34  10  -6.858131683e-17  -0.001553470771  0.9999987934  -0.001553470146
34  11  2.049067054e-16  -0.001552555168  0.9999987948  -0.001552554545
34  12  -2.276489417e-16  -0.002261050934  0.9999974438  -0.002261049007
34  13  -4.293606717e-17  -0.00398713237  0.9999920514  -0.003987121806
34  14  4.458570176e-16  -0.006446173634  0.9999792235  -0.006446128991
34  15  3.775070152e-16  -0.007099457414  0.999974799  -0.007099397776
34  16  1.354755857e-16  -0.004692962621  0.9999889881  -0.004692945395
34  17  1.686556216e-17  -0.00374938364  0.9999929711  -0.003749374855
34  18  1.038828168e-16  -0.006130886772  0.9999812062  -0.006130848364
34  19  -3.042357631e-16  -0.007278681594  0.9999735105  -0.007278617325
34  20  -1.142933946e-16  -0.005270201784  0.9999861125  -0.005270177388
34  21  -1.301136304e-16  -0.003003847959  0.9999954885  -0.003003843442
34  22  9.737430573e-17  -0.001814151619  0.9999983544  -0.001814150624
34  23  1.582409455e-18  -0.001479900587  0.9999989049  -0.001479900047
34  24  -1.737068801e-16  -0.001835972397  0.9999983146  -0.001835971365
34  25  -5.382123362e-17  -0.003972410492  0.99999211  -0.003972400044
34  26  8.104304268e-17  -0.02517340719  0.9996831665  -0.02517074854
34  27  4.08038703e-16  -0.106479721  0.9943363887  -0.1062786251
34  28  1.075449403e-16  -0.02210812398  0.9997556254  -0.02210632306
34  29  1.223248827e-16  -0.00614218777  0.9999811368  -0.00614214915
34  30  -8.995327449e-18  -0.004871624047  0.9999881337  -0.004871604777
34  31  8.203766022e-17  -0.00527833178  0.9999860696  -0.005278307271
34  32  5.36780629e-17  -0.006069253923  0.9999815821  -0.006069216662
34  33  6.303830458e-17  -0.006865580519  0.999976432  -0.006865526583
34  34  -7.499580297e-18  -0.007413475123  0.9999725203  -0.007413407216
34  35  4.038736824e-16  -0.00753537672  0.9999716092  -0.007535305408
34  36  4.038736824e-16  -0.00753537672  0.9999716092  -0.007535305408

35  0  -3.26163462e-17  -0.007787150402  0.9999696803  -0.007787071701
35  1  -4.925014916e-17  -0.007189795601  0.9999741535  -0.007189733657
35  2  2.279135275e-16  -0.00631688241  0.9999800486  -0.0063168404
35  3  -1.001581392e-16  -0.005431827381  0.9999852477  -0.00543180067
35  4  8.733224958e-17  -0.004885575281  0.9999880656  -0.004885555846
35  5  1.021939198e-17  -0.00572261773  0.9999836259  -0.005722586496
35  6  -1.37408435e-16  -0.01747975169  0.999847233  -0.01747886157
35  7  -1.63691205e-16  -0.08585723459  0.9963165312  -0.0857517912
35  8  1.207786286e-16  -0.02724161178  0.9996289702  -0.02723824255
35  9  -1.531701139e-16  -0.003909088441  0.9999923595  -0.003909078485
35  10  -1.478376978e-16  -0.001765462143  0.9999984416  -0.001765461226
35  11  2.430466202e-16  -0.001468181613  0.9999989222  -0.001468181086
35  12  2.046000586e-16  -0.001859545232  0.999998271  -0.001859544161
35  13  -1.406981573e-16  -0.003121310242  0.9999951287  -0.003121305174
35  14  -9.961150565e-18  -0.005472071138  0.9999850283  -0.005472043829
35  15  -4.475650927e-17  -0.00749842969  0.9999718869  -0.007498359422
35  16  -1.555140034e-16  -0.006265566177  0.9999803714  -0.006265525182
35  17  1.712995311e-16  -0.003856525135  0.9999925636  -0.003856515575
35  18  2.235802123e-16  -0.004847769275  0.9999882496  -0.004847750287
35  19  -2.264479057e-16  -0.00736400372  0.9999728858  -0.007363937163
35  20  1.004034587e-16  -0.006750808369  0.9999772134  -0.006750757093
35  21  -1.920380606e-17  -0.004194418957  0.9999912034  -0.004194406659
35  22  -2.431332721e-16  -0.002362437407  0.9999972094  -0.00236243521
35  23  2.708629802e-17  -0.001580637256  0.9999987508  -0.001580636598
35  24  1.591636432e-16  -0.001520253852  0.9999988444  -0.001520253267
35  25  2.056400079e-17  -0.002369696263  0.9999971923  -0.002369694045
35  26  -1.092127963e-16  -0.008602315912  0.9999630003  -0.008602209818
35  27  2.325540331e-17  -0.07142192774  0.9974505381  -0.07136122159
35  28  -2.738881336e-16  -0.04800770833  0.9988478513  -0.04798926957
35  29  -1.199375206e-16  -0.008221241001  0.9999662058  -0.00822114839
35  30  2.062972364e-16  -0.004970908047  0.9999876451  -0.004970887575
35  31  3.160301366e-16  -0.005081665972  0.9999870884  -0.005081644101
35  32  1.015013946e-17  -0.005854975764  0.9999828597  -0.005854942312
35  33  -1.454899712e-16  -0.006769374495  0.9999770879  -0.006769322795
35  34  -2.990132784e-16  -0.00753537672  0.9999716092  -0.007535305408
35  35  -1.283622717e-16  -0.007917022488  0.9999686605  -0.007916939783
35  36  -1.283622717e-16  -0.007917022488  0.9999686605  -0.007916939783

36  0  -3.26163462e-17  -0.007787150402  0.9999686605  -0.007916939783
36  1  7.275569896e-17  -0.006491734679  0.9999686605  -0.007916939783
36  2  4.543013714e-18  -0.005057075181  0.9999686605  -0.007916939783
36  3  1.898555096e-16  -0.007292466392  0.9999686605  -0.007916939783
36  4  2.939359934e-16  -0.2039783409  0.9999686605  -0.007916939783
36  5  -1.101068437e-17  -0.01275775206  0.9999686605  -0.007916939783
36  6  2.148000063e-16  -0.002350245943  0.9999686605  -0.007916939783
36  7  -3.05330189e-17  -0.0009864624138  0.9999686605  -0.007916939783
36  8  -9.854217915e-17  -0.0003927262231  0.9999686605  -0.007916939783
36  9  1.929222258e-16  -0.0007384799566  0.9999686605  -0.007916939783
36  10  1.044738822e-16  -0.001152000999  0.9999686605  -0.007916939783
36  11  -1.705426836e-16  0.1755302226  0.9999686605  -0.007916939783
36  12  -2.384167125e-17  0.2074718916  0.9999686605  -0.007916939783
36  13  4.300287643e-17  0.004298353548  0.9999686605  -0.007916939783
36  14  2.42364179e-16  -0.002147238599  0.9999686605  -0.007916939783
36  15  -1.514532001e-16  -0.002744009313  0.9999686605  -0.007916939783
36  16  -2.578983411e-17  -0.003272813491  0.9999686605  -0.007916939783
36  17  1.407071138e-18  -0.003665716329  0.9999686605  -0.007916939783
36  18  -7.298386076e-18  -0.003665716329  0.9999686605  -0.007916939783
36  19  -5.315197468e-17  -0.003272813491  0.9999686605  -0.007916939783
36  20  8.747915857e-17  -0.002744009313  0.9999686605  -0.007916939783
36  21  -1.538967746e-16  -0.002147238599  0.9999686605  -0.007916939783
36  22  -1.48219647e-16  0.004298353548  0.9999686605  -0.007916939783
36  23  2.396924196e-17  0.2074718916  0.9999686605  -0.007916939783
36  24  -1.296244935e-16  0.1755302226  0.9999686605  -0.007916939783
36  25  -1.789527737e-17  -0.001152000999  0.9999686605  -0.007916939783
36  26  8.640159278e-17  -0.0007384799566  0.9999686605  -0.007916939783
36  27  -2.064497003e-16  -0.0003927262231  0.9999686605  -0.007916939783
36  28  1.895559594e-16  -0.0009864624138  0.9999686605  -0.007916939783
36  29  1.537914333e-16  -0.002350245943  0.9999686605  -0.007916939783
36  30  -2.210234691e-16  -0.01275775206  0.9999686605  -0.007916939783
36  31  1.331490571e-16  -0.2039783409  0.9999686605  -0.007916939783
36  32  -1.460904155e-17  -0.007292466392  0.9999686605  -0.007916939783
36  33  9.878569343e-17  -0.005057075181  0.9999686605  -0.007916939783
36  34  2.257183197e-16  -0.006491734679  0.9999686605  -0.007916939783
36  35  -4.302459947e-17  -0.007787150402  0.9999686605  -0.007916939783
36  36  -4.302459947e-17  -0.007787150402  0.9999686605  -0.007916939783

#Chern no*2pi*Iota= 8.338549131e-15  -12.56637061
