#nx  ny  tilde_F(nx,ny).real()  tilde_F(nx,ny).imag()  ArgofLog.real()  ArgofLog.imag()
#Extra momentum point for pm3d corners2color c1
0  0  6.998346523e-17  -0.0008975537377  0.9999995972  -0.0008975536172
0  1  2.216566212e-16  -0.000412511861  0.9999999149  -0.0004125118493
0  2  -1.54621181e-16  0.000587536785  0.9999998274  0.0005875367512
0  3  -1.482326726e-16  0.001857918626  0.9999982741  0.001857917557
0  4  7.847978781e-17  0.003123619403  0.9999951215  0.003123614324
0  5  -6.522719862e-17  0.004105158756  0.9999915738  0.004105147225
0  6  -1.199074281e-16  0.004510589441  0.9999898273  0.004510574146
0  7  6.917486599e-17  0.004115946764  0.9999915295  0.004115935142
0  8  -4.327280224e-19  0.00299245596  0.9999955226  0.002992451494
0  9  7.523250874e-17  0.001579278646  0.9999987529  0.001579277989
0  10  -2.351275288e-16  0.0003212033598  0.9999999484  0.0003212033543
0  11  4.515402553e-17  -0.0006910449862  0.9999997612  -0.0006910449312
0  12  -4.284807838e-17  -0.001716881492  0.9999985262  -0.001716880648
0  13  -1.787352809e-16  -0.003276579536  0.999994632  -0.003276573673
0  14  1.334729235e-16  -0.006088589003  0.9999814646  -0.006088551385
0  15  1.969369131e-16  -0.01027984914  0.9999471628  -0.01027966809
0  16  3.419290053e-16  -0.01366698052  0.9999066083  -0.01366655505
0  17  2.913147434e-16  -0.0145857623  0.9998936297  -0.01458524513
0  18  -1.138453146e-16  -0.01461610373  0.9998931867  -0.01461558333
0  19  4.900248134e-18  -0.01426728341  0.999898224  -0.01426679938
0  20  -2.700134657e-16  -0.01220028373  0.9999255775  -0.01219998107
0  21  2.683863065e-16  -0.008042427958  0.9999676599  -0.00804234126
0  22  7.000159908e-17  -0.004464770862  0.9999900329  -0.004464756028
0  23  2.052355111e-16  -0.002378872566  0.9999971705  -0.002378870323
0  24  -7.45439625e-17  -0.001170818674  0.9999993146  -0.001170818406
0  25  4.007708335e-17  -0.0002026807573  0.9999999795  -0.0002026807559
0  26  -3.350294567e-16  0.0009183548599  0.9999995783  0.0009183547308
0  27  6.365120525e-17  0.00229170503  0.999997374  0.002291703024
0  28  7.033069122e-17  0.003627724165  0.9999934198  0.003627716208
0  29  1.091171291e-16  0.004420122248  0.9999902313  0.004420107855
0  30  -6.76779582e-17  0.004394369806  0.9999903448  0.004394355663
0  31  1.489861502e-16  0.00366017113  0.9999933016  0.003660162957
0  32  7.334132115e-17  0.002498331004  0.9999968792  0.002498328405
0  33  1.472693004e-16  0.00119578556  0.999999285  0.001195785275
0  34  1.304799618e-16  2.886086111e-05  0.9999999996  2.886086111e-05
0  35  2.621653042e-17  -0.0007353039065  0.9999997297  -0.0007353038402
0  36  2.621653042e-17  -0.0007353039065  0.9999997297  -0.0007353038402

1  0  -3.805641771e-18  -0.000412511861  0.9999999149  -0.0004125118493
1  1  -1.859535088e-16  -0.0002519696468  0.9999999683  -0.0002519696442
1  2  5.696736557e-18  0.0004682832819  0.9999998904  0.0004682832648
1  3  4.607518002e-17  0.001572645589  0.9999987634  0.00157264494
1  4  -5.955670475e-17  0.002827192061  0.9999960035  0.002827188295
1  5  -1.62327796e-16  0.003988392238  0.9999920464  0.003988381664
1  6  3.031094659e-16  0.004789136759  0.9999885321  0.004789118452
1  7  1.587241855e-16  0.004926422626  0.9999878652  0.004926402699
1  8  -5.917038516e-17  0.004203224017  0.9999911665  0.004203211641
1  9  -3.160424189e-17  0.002808806741  0.9999960553  0.002808803048
1  10  3.393147556e-16  0.001278766624  0.9999991824  0.001278766275
1  11  4.816008178e-17  3.383595152e-06  1  3.383595152e-06
1  12  4.65069487e-17  -0.001061026157  0.9999994371  -0.001061025958
1  13  1.818785872e-16  -0.002305855422  0.9999973415  -0.002305853379
1  14  4.081201761e-17  -0.004383994917  0.9999903903  -0.004383980874
1  15  -2.3331829e-16  -0.007944040032  0.9999684463  -0.007943956477
1  16  2.729013366e-17  -0.01216634463  0.9999259909  -0.01216604449
1  17  -2.550308942e-16  -0.01434216236  0.999897153  -0.01434167067
1  18  -9.104202999e-17  -0.01458920555  0.9998935794  -0.01458868802
1  19  -2.508993412e-16  -0.01437970398  0.9998966138  -0.01437920843
1  20  2.192946678e-17  -0.01334979815  0.9999108928  -0.01334940162
1  21  -2.383846214e-17  -0.009963577817  0.999950364  -0.009963412966
1  22  2.022312267e-16  -0.005883778744  0.9999826906  -0.005883744796
1  23  -7.681389522e-17  -0.003154770279  0.9999950237  -0.003154765046
1  24  -2.618132355e-18  -0.001607256437  0.9999987084  -0.001607255745
1  25  4.326274991e-17  -0.000525601939  0.9999998619  -0.0005256019148
1  26  -2.327385541e-16  0.0006106575199  0.9999998135  0.0006106574819
1  27  -1.023254139e-16  0.002036006296  0.9999979273  0.002036004889
1  28  -7.122126885e-17  0.003571939277  0.9999936206  0.003571931682
1  29  2.686062561e-16  0.00468209569  0.999989039  0.004682078584
1  30  2.517695936e-17  0.00495596538  0.9999877192  0.004955945092
1  31  9.858953297e-17  0.004434075204  0.9999901695  0.004434060674
1  32  1.711886617e-16  0.003406629141  0.9999941974  0.003406622552
1  33  -9.434086151e-18  0.002164802818  0.9999976568  0.002164801127
1  34  -2.985409013e-16  0.0009588560317  0.9999995403  0.0009588558847
1  35  1.296823164e-16  2.886086108e-05  0.9999999996  2.886086108e-05
1  36  1.296823164e-16  2.886086108e-05  0.9999999996  2.886086108e-05

2  0  8.262190169e-17  0.000587536785  0.9999998274  0.0005875367512
2  1  2.308282166e-16  0.0004682832819  0.9999998904  0.0004682832648
2  2  -1.147831659e-16  0.0008653822011  0.9999996256  0.0008653820931
2  3  6.544997067e-17  0.001690321613  0.9999985714  0.001690320808
2  4  1.236344626e-16  0.002783602138  0.9999961258  0.002783598543
2  5  -1.358730303e-16  0.003970105274  0.9999921191  0.003970094845
2  6  7.447909378e-17  0.005063480542  0.9999871806  0.005063458905
2  7  8.880690999e-17  0.005804073081  0.9999831564  0.005804040493
2  8  -1.590134127e-16  0.005819689588  0.9999830657  0.005819656737
2  9  7.855717223e-18  0.004835645383  0.9999883083  0.004835626538
2  10  3.04833908e-16  0.003099625553  0.9999951962  0.003099620589
2  11  2.162948835e-17  0.001293612623  0.9999991633  0.001293612262
2  12  -1.891335731e-16  -0.0001633789833  0.9999999867  -0.0001633789826
2  13  -2.333301058e-16  -0.001419046698  0.9999989932  -0.001419046222
2  14  -4.957356877e-17  -0.003016808883  0.9999954494  -0.003016804307
2  15  -1.870573561e-16  -0.005725448569  0.9999836097  -0.005725417288
2  16  -2.872628147e-16  -0.009843300692  0.9999515551  -0.009843141739
2  17  -3.623046682e-16  -0.013471049  0.9999092668  -0.01347064158
2  18  -3.851278785e-17  -0.01455907039  0.9998940186  -0.01455855606
2  19  -3.305947244e-17  -0.01441794002  0.9998960633  -0.0144174405
2  20  8.573614902e-17  -0.01386647717  0.9999038619  -0.0138660328
2  21  -3.49725035e-16  -0.01155003486  0.9999332991  -0.01154977806
2  22  7.293361224e-17  -0.00745954365  0.9999721777  -0.00745947447
2  23  -1.084406961e-17  -0.004095209783  0.9999916146  -0.004095198337
2  24  -4.616927926e-16  -0.002088128469  0.9999978199  -0.002088126952
2  25  -2.011853187e-16  -0.0007661865683  0.9999997065  -0.0007661864933
2  26  2.961119631e-17  0.0005333595679  0.9999998578  0.0005333595426
2  27  -6.347453112e-17  0.002178829836  0.9999976264  0.002178828112
2  28  -1.950111237e-16  0.004044058843  0.9999918228  0.00404404782
2  29  -9.9720453e-17  0.00547943903  0.9999849879  0.005479411611
2  30  2.646560225e-17  0.0059338945  0.9999823945  0.005933859677
2  31  7.725028229e-17  0.005476232696  0.9999850055  0.005476205324
2  32  7.233611138e-17  0.004498038902  0.9999898838  0.004498023734
2  33  -3.459781925e-17  0.003323958802  0.9999944757  0.003323952681
2  34  2.090899105e-17  0.002164802818  0.9999976568  0.002164801127
2  35  2.542091893e-16  0.00119578556  0.999999285  0.001195785275
2  36  2.542091893e-16  0.00119578556  0.999999285  0.001195785275

3  0  2.208278246e-16  0.001857918626  0.9999982741  0.001857917557
3  1  3.707609397e-16  0.001572645589  0.9999987634  0.00157264494
3  2  -2.045188343e-16  0.001690321613  0.9999985714  0.001690320808
3  3  -1.95062795e-17  0.002189648333  0.9999976027  0.002189646583
3  4  2.187693428e-16  0.002993123235  0.9999955206  0.002993118766
3  5  1.485846341e-17  0.004009185691  0.9999919632  0.00400917495
3  6  1.469443275e-16  0.005158822929  0.9999866933  0.005158800046
3  7  -8.395436483e-17  0.006339357633  0.9999799063  0.006339315172
3  8  -6.941318134e-17  0.007294471761  0.9999733955  0.007294407072
3  9  2.025045585e-16  0.007477083767  0.9999720467  0.007477014098
3  10  2.063182984e-16  0.006315297268  0.9999800586  0.006315255289
3  11  2.494830972e-16  0.004026686105  0.9999918929  0.004026675223
3  12  3.108698228e-16  0.001634444819  0.9999986643  0.001634444092
3  13  -2.76964283e-16  -0.0002341782403  0.9999999726  -0.0002341782382
3  14  -1.585578736e-16  -0.001831631364  0.9999983226  -0.00183163034
3  15  -4.760450494e-17  -0.00391257279  0.9999923459  -0.003912562808
3  16  2.805351246e-16  -0.007303324706  0.9999733308  -0.007303259781
3  17  5.794158854e-18  -0.01164504658  0.9999321972  -0.01164478339
3  18  2.194746508e-16  -0.01434894358  0.9998970557  -0.01434845119
3  19  -1.846240809e-16  -0.01465659219  0.9998925941  -0.01465606745
3  20  -2.099780335e-16  -0.01422720943  0.999898795  -0.01422672947
3  21  -1.842600432e-16  -0.01275538995  0.9999186511  -0.01275504407
3  22  1.329137305e-16  -0.009100577062  0.99995859  -0.009100451443
3  23  3.060127335e-16  -0.005231775556  0.9999863143  -0.005231751689
3  24  9.934547396e-17  -0.002672051026  0.9999964301  -0.002672047846
3  25  7.679606201e-17  -0.0009853252119  0.9999995146  -0.0009853250525
3  26  4.371884124e-17  0.0006531533247  0.9999997867  0.0006531532783
3  27  -1.643343374e-16  0.002795120546  0.9999960937  0.002795116907
3  28  -1.060791191e-16  0.005291875222  0.9999859981  0.005291850523
3  29  -1.055274075e-16  0.007137664819  0.999974527  0.007137604213
3  30  -6.287542475e-17  0.007553640738  0.9999714714  0.007553568906
3  31  4.236986101e-17  0.006846351536  0.9999765638  0.006846298052
3  32  -1.364765626e-16  0.005694871664  0.9999837843  0.005694840882
3  33  -2.143136579e-16  0.004498038902  0.9999898838  0.004498023734
3  34  9.483730002e-17  0.003406629141  0.9999941974  0.003406622552
3  35  -2.287600191e-17  0.002498331004  0.9999968792  0.002498328405
3  36  -2.287600191e-17  0.002498331004  0.9999968792  0.002498328405

4  0  4.495403433e-16  0.003123619403  0.9999951215  0.003123614324
4  1  1.725176746e-16  0.002827192061  0.9999960035  0.002827188295
4  2  2.628767747e-17  0.002783602138  0.9999961258  0.002783598543
4  3  1.040506675e-16  0.002993123235  0.9999955206  0.002993118766
4  4  -1.506642637e-16  0.003440225131  0.9999940824  0.003440218345
4  5  6.033353925e-17  0.004111438058  0.9999915481  0.004111426475
4  6  1.408165007e-16  0.005020310297  0.9999873983  0.005020289209
4  7  2.075602856e-16  0.00621606105  0.9999806804  0.006216021019
4  8  3.929728982e-16  0.007733698077  0.9999700951  0.007733620985
4  9  -9.179524073e-17  0.009390833236  0.9999559064  0.00939069521
4  10  1.548565107e-19  0.01038828593  0.9999460422  0.01038809909
4  11  -2.021159393e-16  0.0093808998  0.9999559997  0.009380762212
4  12  1.203510435e-16  0.006154011053  0.9999810641  0.006153972209
4  13  -6.376907647e-17  0.00251284741  0.9999968428  0.002512844765
4  14  6.489142096e-17  -0.000196491937  0.9999999807  -0.0001964919357
4  15  -2.91183167e-16  -0.002356250191  0.999997224  -0.00235624801
4  16  6.380177093e-17  -0.005081271141  0.9999870904  -0.005081249275
4  17  -7.375147581e-18  -0.009180845571  0.9999578563  -0.009180716599
4  18  -1.673944281e-16  -0.01344482993  0.9999096196  -0.01344442488
4  19  -1.806787182e-16  -0.01519338028  0.9998845828  -0.01519279575
4  20  5.604154973e-17  -0.01495243919  0.9998882144  -0.01495188203
4  21  2.210088103e-16  -0.01391530551  0.9999031837  -0.01391485644
4  22  1.826190724e-16  -0.01084762456  0.9999411651  -0.01084741182
4  23  -1.075964401e-16  -0.006630850682  0.999978016  -0.006630802091
4  24  8.766960279e-17  -0.003422037208  0.9999941448  -0.003422030529
4  25  -4.804641681e-17  -0.001208463348  0.9999992698  -0.001208463054
4  26  2.875472599e-17  0.001054259334  0.9999994443  0.001054259139
4  27  -3.211454325e-17  0.004255312909  0.9999909462  0.004255300067
4  28  -5.293561028e-17  0.008037751607  0.9999676974  0.008037665061
4  29  6.148055906e-18  0.01034702444  0.99994647  0.01034683981
4  30  7.906987991e-17  0.01011472193  0.9999488466  0.01011454946
4  31  -1.035957707e-16  0.0085318471  0.999963604  0.008531743591
4  32  6.322367496e-17  0.006846351536  0.9999765638  0.006846298052
4  33  -4.043409307e-18  0.005476232696  0.9999850055  0.005476205324
4  34  1.049276332e-16  0.004434075204  0.9999901695  0.004434060674
4  35  -4.014183019e-17  0.00366017113  0.9999933016  0.003660162957
4  36  -4.014183019e-17  0.00366017113  0.9999933016  0.003660162957

5  0  4.854929184e-16  0.004105158756  0.9999915738  0.004105147225
5  1  3.732684564e-16  0.003988392238  0.9999920464  0.003988381664
5  2  1.308527893e-16  0.003970105274  0.9999921191  0.003970094845
5  3  9.403201938e-17  0.004009185691  0.9999919632  0.00400917495
5  4  7.705138798e-17  0.004111438058  0.9999915481  0.004111426475
5  5  2.660593726e-16  0.004330200383  0.9999906247  0.00433018685
5  6  2.152617908e-16  0.004755710663  0.9999886916  0.004755692737
5  7  -1.780071472e-16  0.005514979303  0.9999847925  0.005514951347
5  8  1.619518803e-16  0.006794002694  0.9999769209  0.006793950428
5  9  -8.687297939e-17  0.00885185319  0.9999608226  0.008851737592
5  10  1.837909431e-16  0.01186366153  0.9999296276  0.01186338324
5  11  1.521547181e-16  0.01513403358  0.9998854827  0.01513345587
5  12  -1.630912474e-17  0.01585421432  0.9998743246  0.01585355015
5  13  -3.266116687e-16  0.01138738304  0.9999351645  0.01138713694
5  14  5.552161626e-17  0.004783225677  0.9999885604  0.004783207438
5  15  -2.38223133e-17  0.0001257686923  0.9999999921  0.000125768692
5  16  8.707139254e-17  -0.003046753175  0.9999953587  -0.003046748462
5  17  1.790807245e-16  -0.006697207147  0.9999775738  -0.006697157083
5  18  6.039284973e-17  -0.01160387185  0.9999326758  -0.01160361144
5  19  5.102699666e-17  -0.01558797529  0.99987851  -0.01558734403
5  20  -7.614585569e-17  -0.01640145634  0.9998654991  -0.016400721
5  21  -1.967224117e-16  -0.01557962286  0.9998786401  -0.01557899261
5  22  -4.594999394e-17  -0.01301161538  0.9999153501  -0.01301124824
5  23  -2.4998949e-16  -0.008489666366  0.999963963  -0.008489564385
5  24  2.113977725e-16  -0.004437385324  0.9999901548  -0.004437370762
5  25  1.117414736e-16  -0.001397078005  0.9999990241  -0.001397077551
5  26  -3.894396363e-17  0.002138631037  0.9999977131  0.002138629406
5  27  7.45415231e-17  0.007926267281  0.9999685873  0.007926184286
5  28  4.103429547e-17  0.01450895032  0.999894747  0.01450844128
5  29  -8.805830375e-18  0.01643995287  0.999864867  0.01643921234
5  30  1.398538324e-16  0.01363396456  0.9999070589  0.01363354218
5  31  1.501664987e-16  0.01011472193  0.9999488466  0.01011454946
5  32  1.096695316e-16  0.007553640738  0.9999714714  0.007553568906
5  33  -1.17508388e-16  0.0059338945  0.9999823945  0.005933859677
5  34  -2.802781259e-16  0.00495596538  0.9999877192  0.004955945092
5  35  1.888871421e-17  0.004394369806  0.9999903448  0.004394355663
5  36  1.888871421e-17  0.004394369806  0.9999903448  0.004394355663

6  0  -4.446676623e-17  0.004510589441  0.9999898273  0.004510574146
6  1  2.969616967e-16  0.004789136759  0.9999885321  0.004789118452
6  2  3.467646254e-17  0.005063480542  0.9999871806  0.005063458905
6  3  -5.839671333e-17  0.005158822929  0.9999866933  0.005158800046
6  4  1.451021853e-16  0.005020310297  0.9999873983  0.005020289209
6  5  1.736167407e-16  0.004755710663  0.9999886916  0.004755692737
6  6  4.681081295e-16  0.004562639653  0.9999895912  0.004562623822
6  7  -1.458365405e-16  0.004635700717  0.9999892552  0.004635684113
6  8  6.071803576e-17  0.005156447456  0.9999867056  0.005156424605
6  9  3.249634318e-17  0.006377195166  0.9999796658  0.00637715194
6  10  -2.540110348e-16  0.008785998238  0.9999614034  0.008785885201
6  11  -6.097140305e-17  0.01332246905  0.9999112572  0.01332207496
6  12  1.041521318e-16  0.02104374265  0.9997785886  0.02104218952
6  13  3.283972967e-17  0.02949483514  0.9995650589  0.02949055885
6  14  3.334226247e-16  0.02759693164  0.9996192288  0.02759342885
6  15  -5.981769868e-17  0.0128812537  0.9999170378  0.01288089748
6  16  -3.781995116e-17  0.001808968694  0.9999983638  0.001808967707
6  17  4.185664072e-17  -0.003772510378  0.9999928841  -0.00377250143
6  18  -2.98532879e-16  -0.008997475682  0.999959523  -0.008997354285
6  19  -3.184220167e-16  -0.01489366231  0.9998890915  -0.01489311169
6  20  -1.014541546e-16  -0.01818589366  0.9998346412  -0.01818489125
6  21  -1.076664897e-16  -0.0179645955  0.999838641  -0.01796362924
6  22  -4.311125484e-17  -0.01592151465  0.9998732554  -0.01592084198
6  23  2.618599462e-16  -0.01113981047  0.999937953  -0.01113958007
6  24  1.154182867e-16  -0.005801745144  0.9999831699  -0.005801712596
6  25  -1.054076899e-16  -0.001154761616  0.9999993333  -0.001154761359
6  26  5.309556245e-17  0.005893919462  0.9999826309  0.005893885338
6  27  3.793220263e-17  0.02052873059  0.999789293  0.02052728872
6  28  -2.763511679e-16  0.03242192898  0.9994744553  0.03241624906
6  29  -1.285611592e-16  0.02634578342  0.9996529699  0.02634273575
6  30  -6.221695304e-17  0.01643995287  0.999864867  0.01643921234
6  31  1.192992738e-16  0.01034702444  0.99994647  0.01034683981
6  32  -3.222733152e-17  0.007137664819  0.999974527  0.007137604213
6  33  1.189758129e-16  0.00547943903  0.9999849879  0.005479411611
6  34  -9.473623272e-17  0.00468209569  0.999989039  0.004682078584
6  35  5.348055282e-17  0.004420122248  0.9999902313  0.004420107855
6  36  5.348055282e-17  0.004420122248  0.9999902313  0.004420107855

7  0  1.574481584e-16  0.004115946764  0.9999915295  0.004115935142
7  1  1.157802394e-16  0.004926422626  0.9999878652  0.004926402699
7  2  6.116526466e-17  0.005804073081  0.9999831564  0.005804040493
7  3  -2.211911863e-16  0.006339357633  0.9999799063  0.006339315172
7  4  1.453203618e-16  0.00621606105  0.9999806804  0.006216021019
7  5  1.12990576e-18  0.005514979304  0.9999847925  0.005514951347
7  6  9.080927877e-17  0.004635700717  0.9999892552  0.004635684113
7  7  -1.619699931e-16  0.003954288684  0.9999921818  0.003954278379
7  8  -2.724062299e-16  0.003668606444  0.9999932707  0.003668598215
7  9  8.597592818e-17  0.003881369069  0.9999924675  0.003881359324
7  10  2.824594063e-16  0.004763241075  0.9999886558  0.004763223063
7  11  5.13307791e-17  0.006796451551  0.9999769042  0.006796399228
7  12  -9.990353052e-17  0.01139358231  0.9999350938  0.0113933358
7  13  1.585710481e-16  0.02284753037  0.9997390065  0.02284554265
7  14  1.510161105e-16  0.05143734463  0.9986773914  0.05141466547
7  15  2.711459711e-16  0.09608074218  0.9953877953  0.09593298202
7  16  2.10164254e-17  0.07806929478  0.9969541401  0.07799001597
7  17  -2.455491828e-16  0.01517441432  0.9998848708  0.01517383198
7  18  1.22112347e-17  -0.002472396316  0.9999969436  -0.002472393797
7  19  -2.512299954e-16  -0.01131434446  0.9999359935  -0.01131410306
7  20  5.171549957e-17  -0.01800779535  0.999837864  -0.01800682211
7  21  1.216911909e-16  -0.01956596656  0.9998085926  -0.01956471819
7  22  -7.924376059e-17  -0.01831161556  0.9998323471  -0.01831059222
7  23  7.752477039e-17  -0.01405178907  0.9999012752  -0.01405132665
7  24  -1.429140997e-16  -0.006754673383  0.9999771873  -0.006754622019
7  25  -7.35224802e-17  0.002477383001  0.9999969313  0.002477380467
7  26  -6.609975715e-17  0.02948641566  0.9995653071  0.02948214302
7  27  5.021710549e-17  0.110491677  0.9939020024  0.1102669929
7  28  1.266374306e-16  0.08399692172  0.9964743322  0.08389818342
7  29  1.936903902e-16  0.03242192898  0.9994744553  0.03241624906
7  30  -9.19766268e-17  0.01450895032  0.999894747  0.01450844128
7  31  9.006509278e-17  0.008037751607  0.9999676974  0.008037665061
7  32  2.763361136e-16  0.005291875222  0.9999859981  0.005291850523
7  33  2.076448826e-16  0.004044058843  0.9999918228  0.00404404782
7  34  -1.757654743e-16  0.003571939277  0.9999936206  0.003571931682
7  35  -3.202392061e-16  0.003627724165  0.9999934198  0.003627716208
7  36  -3.202392061e-16  0.003627724165  0.9999934198  0.003627716208

8  0  1.220418885e-16  0.00299245596  0.9999955226  0.002992451494
8  1  2.281741255e-16  0.004203224017  0.9999911665  0.004203211641
8  2  3.642775318e-16  0.005819689588  0.9999830657  0.005819656737
8  3  1.084434291e-16  0.007294471761  0.9999733955  0.007294407072
8  4  3.307591411e-16  0.007733698077  0.9999700951  0.007733620985
8  5  2.781564454e-16  0.006794002694  0.9999769209  0.006793950428
8  6  -2.509164449e-16  0.005156447456  0.9999867056  0.005156424605
8  7  -2.609001117e-16  0.003668606444  0.9999932707  0.003668598215
8  8  -1.118087682e-16  0.002683752274  0.9999963987  0.002683749053
8  9  -1.915681903e-16  0.002204722978  0.9999975696  0.002204721192
8  10  -4.209038752e-16  0.002164135333  0.9999976583  0.002164133644
8  11  2.373944737e-16  0.002577256242  0.9999966789  0.002577253389
8  12  1.201175429e-16  0.003681145438  0.9999932246  0.003681137124
8  13  1.837419752e-16  0.006373316891  0.9999796905  0.006373273744
8  14  8.582569908e-17  0.01456141727  0.9998939844  0.01456090269
8  15  7.497615048e-17  0.05645296403  0.9984069546  0.05642298347
8  16  -9.625454142e-17  0.4024723843  0.9200953881  0.3916943666
8  17  -2.158677618e-16  1.298206647  0.2692263974  0.9630769164
8  18  -4.717449647e-16  0.1565761308  0.9877669804  0.1559371423
8  19  -1.222896052e-16  0.01061666881  0.9999436437  0.01061646937
8  20  -9.439496629e-17  -0.008839247797  0.9999609341  -0.008839132692
8  21  -1.691088174e-16  -0.01490117929  0.9998889795  -0.01490062784
8  22  -2.910795764e-16  -0.01417485201  0.9998995385  -0.01417437733
8  23  -3.286854285e-16  -0.01231162324  0.9999242129  -0.01231131222
8  24  -3.838338945e-17  -0.002819277389  0.9999960258  -0.002819273655
8  25  1.774041766e-16  0.02314825862  0.999732091  0.02314619138
8  26  1.063808797e-16  0.336476322  0.9439239115  0.3301630648
8  27  1.163178924e-16  1.449886231  0.120615709  0.9926992751
8  28  1.336869016e-16  0.110491677  0.9939020024  0.1102669929
8  29  8.404038283e-17  0.02052873059  0.999789293  0.02052728872
8  30  -6.909869329e-17  0.007926267281  0.9999685873  0.007926184286
8  31  2.064474355e-16  0.004255312909  0.9999909462  0.004255300067
8  32  -7.676582365e-17  0.002795120546  0.9999960937  0.002795116907
8  33  9.467992134e-17  0.002178829836  0.9999976264  0.002178828112
8  34  4.051928239e-17  0.002036006296  0.9999979273  0.002036004889
8  35  -2.800054824e-16  0.00229170503  0.999997374  0.002291703024
8  36  -2.800054824e-16  0.00229170503  0.999997374  0.002291703024

9  0  -1.270352552e-16  0.001579278646  0.9999987529  0.001579277989
9  1  1.560128625e-16  0.002808806741  0.9999960553  0.002808803048
9  2  1.509575227e-16  0.004835645383  0.9999883083  0.004835626538
9  3  1.388236284e-16  0.007477083767  0.9999720467  0.007477014098
9  4  -1.209986991e-16  0.009390833236  0.9999559064  0.00939069521
9  5  2.621860648e-16  0.00885185319  0.9999608226  0.008851737592
9  6  3.59036225e-17  0.006377195166  0.9999796658  0.00637715194
9  7  6.579388238e-18  0.003881369069  0.9999924675  0.003881359324
9  8  4.669210102e-17  0.002204722978  0.9999975696  0.002204721192
9  9  -3.479251539e-16  0.001258899506  0.9999992076  0.001258899174
9  10  -4.688835349e-17  0.0007865595205  0.9999996907  0.0007865594394
9  11  2.809900769e-16  0.000610809016  0.9999998135  0.000610808978
9  12  4.523056836e-16  0.0006563274597  0.9999997846  0.0006563274126
9  13  2.708500858e-16  0.000957388444  0.9999995417  0.0009573882977
9  14  8.134862983e-17  0.001771687212  0.9999984306  0.001771686285
9  15  -1.373095756e-16  0.004269345744  0.9999908864  0.004269332774
9  16  -5.936538e-17  0.01704324758  0.9998547674  0.0170424225
9  17  2.104558235e-16  0.2022099217  0.9796251413  0.2008347143
9  18  -1.609805915e-16  0.3349765312  0.9444180252  0.3287470056
9  19  1.599527172e-16  0.1034450942  0.9946543257  0.1032607005
9  20  1.318916078e-16  0.02496122839  0.9996884847  0.0249586364
9  21  3.214093629e-16  0.003575587925  0.9999936076  0.003575580306
9  22  -1.802782804e-17  0.005584659636  0.9999844058  0.005584630607
9  23  -7.110462051e-17  0.004558252561  0.9999896112  0.004558236776
9  24  1.278464193e-16  0.009041614552  0.9999591249  0.009041491359
9  25  4.739727526e-17  0.04633149129  0.9989268884  0.04631491715
9  26  2.151371234e-16  0.269085906  0.9640143113  0.2658503482
9  27  1.620284002e-16  0.336476322  0.9439239115  0.3301630648
9  28  1.219310787e-16  0.02948641566  0.9995653071  0.02948214302
9  29  -2.01711611e-16  0.005893919462  0.9999826309  0.005893885338
9  30  8.852049752e-17  0.002138631037  0.9999977131  0.002138629406
9  31  -2.518878768e-16  0.001054259334  0.9999994443  0.001054259139
9  32  -2.706131733e-16  0.0006531533248  0.9999997867  0.0006531532783
9  33  1.957798788e-17  0.0005333595679  0.9999998578  0.0005333595426
9  34  -1.167777138e-16  0.0006106575199  0.9999998135  0.0006106574819
9  35  -1.973423271e-16  0.0009183548598  0.9999995783  0.0009183547307
9  36  -1.973423271e-16  0.0009183548598  0.9999995783  0.0009183547307

10  0  -1.183006811e-16  0.0003212033598  0.9999999484  0.0003212033543
10  1  -1.197021805e-16  0.001278766624  0.9999991824  0.001278766275
10  2  -6.623507254e-18  0.003099625553  0.9999951962  0.003099620589
10  3  1.106467299e-16  0.006315297268  0.9999800586  0.006315255289
10  4  1.436893043e-16  0.01038828593  0.9999460422  0.01038809909
10  5  2.326030315e-16  0.01186366153  0.9999296276  0.01186338324
10  6  -9.271070913e-17  0.008785998238  0.9999614034  0.008785885201
10  7  -6.805491444e-17  0.004763241075  0.9999886558  0.004763223063
10  8  7.138788162e-17  0.002164135333  0.9999976583  0.002164133644
10  9  1.792386564e-16  0.0007865595205  0.9999996907  0.0007865594394
10  10  1.02203603e-16  6.459650615e-05  0.9999999979  6.459650611e-05
10  11  1.089694512e-16  -0.0003445985214  0.9999999406  -0.0003445985146
10  12  2.591642102e-16  -0.0006149150693  0.9999998109  -0.0006149150305
10  13  4.300662921e-17  -0.0008338116904  0.9999996524  -0.0008338115938
10  14  -7.253325101e-17  -0.001044509799  0.9999994545  -0.001044509609
10  15  1.834228127e-16  -0.001253146544  0.9999992148  -0.001253146216
10  16  -1.112253671e-16  -0.001338451722  0.9999991043  -0.001338451322
10  17  1.12281197e-16  -0.0002324840599  0.999999973  -0.0002324840578
10  18  2.247697596e-16  0.009612699209  0.9999537984  0.009612551167
10  19  2.230509066e-17  0.03590784721  0.9993553825  0.03590013127
10  20  -2.427772826e-17  0.03773474169  0.9992881291  0.03772578718
10  21  -1.419832999e-16  0.02391641566  0.9997140162  0.02391413572
10  22  1.780182554e-16  0.04159934773  0.9991348719  0.04158735078
10  23  2.178218377e-16  0.07014364953  0.9975409427  0.07008614435
10  24  1.074645747e-16  0.02954713964  0.999563515  0.02954284056
10  25  -1.172220123e-16  0.0311880639  0.9995136918  0.03118300806
10  26  3.23673217e-16  0.04633149129  0.9989268884  0.04631491715
10  27  1.222953945e-16  0.02314825862  0.999732091  0.02314619138
10  28  1.043038365e-16  0.002477383001  0.9999969313  0.002477380467
10  29  -1.358539158e-17  -0.001154761616  0.9999993333  -0.001154761359
10  30  -6.347706619e-17  -0.001397078005  0.9999990241  -0.00139707755
10  31  -4.196852109e-16  -0.001208463348  0.9999992698  -0.001208463054
10  32  3.324822476e-17  -0.0009853252119  0.9999995146  -0.0009853250524
10  33  1.438050417e-16  -0.0007661865683  0.9999997065  -0.0007661864934
10  34  -9.377062534e-17  -0.000525601939  0.9999998619  -0.0005256019148
10  35  -1.740397515e-16  -0.0002026807573  0.9999999795  -0.0002026807559
10  36  -1.740397515e-16  -0.0002026807573  0.9999999795  -0.0002026807559

11  0  -1.792885196e-16  -0.0006910449862  0.9999997612  -0.0006910449312
11  1  -6.293333091e-17  3.383595131e-06  1  3.383595131e-06
11  2  -5.730827966e-17  0.001293612623  0.9999991633  0.001293612262
11  3  -1.467471261e-16  0.004026686105  0.9999918929  0.004026675223
11  4  -1.233813928e-16  0.0093808998  0.9999559997  0.009380762212
11  5  -2.893807859e-16  0.01513403358  0.9998854827  0.01513345587
11  6  -2.453866505e-16  0.01332246905  0.9999112572  0.01332207496
11  7  9.575660748e-17  0.006796451551  0.9999769042  0.006796399228
11  8  -1.948162752e-16  0.002577256242  0.9999966789  0.002577253388
11  9  3.817131956e-16  0.000610809016  0.9999998135  0.000610808978
11  10  -2.870611958e-18  -0.0003445985214  0.9999999406  -0.0003445985146
11  11  5.688641452e-17  -0.0009121319518  0.999999584  -0.0009121318253
11  12  -4.448847858e-17  -0.001359796427  0.9999990755  -0.001359796008
11  13  -8.403872268e-17  -0.001814005479  0.9999983547  -0.001814004484
11  14  -2.968230068e-16  -0.002349199614  0.9999972406  -0.002349197453
11  15  1.293786156e-16  -0.003032716303  0.9999954013  -0.003032711654
11  16  -8.318154441e-17  -0.003968608732  0.9999921251  -0.003968598315
11  17  -3.509340801e-16  -0.005346832632  0.9999857057  -0.005346807156
11  18  1.033417706e-16  -0.007211498142  0.9999739973  -0.007211435635
11  19  -2.63758094e-16  -0.007201167667  0.9999740717  -0.007201105429
11  20  -7.405397661e-17  0.001101638107  0.9999993932  0.001101637884
11  21  7.053379465e-18  0.01454347962  0.9998942455  0.01454296694
11  22  -2.193090752e-17  0.06153028107  0.9981076094  0.06149146306
11  23  1.971472916e-16  0.3227434296  0.9483688558  0.3171695341
11  24  1.298731829e-16  0.1918698958  0.9816493721  0.1906948094
11  25  -9.307089546e-17  0.02954713964  0.999563515  0.02954284056
11  26  3.668211945e-16  0.009041614552  0.9999591249  0.009041491359
11  27  -7.816642784e-17  -0.002819277389  0.9999960258  -0.002819273654
11  28  -1.074221317e-16  -0.006754673383  0.9999771873  -0.006754622019
11  29  -3.483469443e-16  -0.005801745144  0.9999831699  -0.005801712596
11  30  5.519640801e-17  -0.004437385324  0.9999901548  -0.004437370762
11  31  4.132443845e-16  -0.003422037208  0.9999941448  -0.003422030529
11  32  3.491892828e-16  -0.002672051026  0.9999964301  -0.002672047846
11  33  1.46219204e-16  -0.002088128469  0.9999978199  -0.002088126952
11  34  -2.616193028e-16  -0.001607256437  0.9999987084  -0.001607255745
11  35  6.636510834e-17  -0.001170818674  0.9999993146  -0.001170818406
11  36  6.636510834e-17  -0.001170818674  0.9999993146  -0.001170818406

12  0  5.758913546e-17  -0.001716881492  0.9999985262  -0.001716880648
12  1  -2.855575013e-17  -0.001061026157  0.9999994371  -0.001061025958
12  2  1.428705148e-16  -0.0001633789833  0.9999999867  -0.0001633789826
12  3  3.581089332e-17  0.001634444819  0.9999986643  0.001634444092
12  4  -1.221982681e-16  0.006154011053  0.9999810641  0.006153972209
12  5  -2.646660517e-16  0.01585421432  0.9998743246  0.01585355015
12  6  1.369468934e-18  0.02104374265  0.9997785886  0.02104218952
12  7  1.994688383e-16  0.01139358231  0.9999350938  0.0113933358
12  8  -1.357840166e-16  0.003681145438  0.9999932246  0.003681137124
12  9  -6.684728088e-18  0.0006563274597  0.9999997846  0.0006563274126
12  10  1.918189332e-17  -0.0006149150693  0.9999998109  -0.0006149150305
12  11  1.813301132e-16  -0.001359796427  0.9999990755  -0.001359796008
12  12  -9.648265974e-17  -0.002004257587  0.9999979915  -0.002004256245
12  13  -1.930368317e-16  -0.002720386487  0.9999962998  -0.002720383132
12  14  -1.975084533e-16  -0.003591600749  0.9999935502  -0.003591593028
12  15  -4.883226677e-17  -0.004668122278  0.9999891043  -0.004668105324
12  16  1.863434645e-16  -0.006011153001  0.9999819331  -0.0060111168
12  17  9.579723018e-17  -0.007778010097  0.9999697514  -0.007777931672
12  18  2.239889489e-16  -0.01033502239  0.9999465941  -0.01033483841
12  19  -5.97187542e-17  -0.01391350401  0.9999032088  -0.01391305511
12  20  1.436507773e-16  -0.01595858269  0.9998726645  -0.01595790532
12  21  2.509449517e-16  -0.007836763968  0.9999692927  -0.007836683753
12  22  3.506768047e-16  0.02757835234  0.9996197413  0.02757485662
12  23  1.313499521e-16  0.2209481166  0.9756901036  0.2191547895
12  24  1.148144836e-16  0.3227434296  0.9483688558  0.3171695341
12  25  -7.811617886e-17  0.07014364953  0.9975409427  0.07008614435
12  26  -7.986358832e-17  0.004558252561  0.9999896112  0.004558236776
12  27  -3.853464458e-17  -0.01231162324  0.9999242129  -0.01231131222
12  28  2.972391711e-17  -0.01405178907  0.9999012752  -0.01405132665
12  29  1.285326537e-16  -0.01113981047  0.999937953  -0.01113958007
12  30  9.731021615e-17  -0.008489666366  0.999963963  -0.008489564385
12  31  1.798354372e-16  -0.006630850682  0.999978016  -0.006630802091
12  32  4.147253169e-16  -0.005231775556  0.9999863143  -0.005231751689
12  33  2.969017721e-16  -0.004095209783  0.9999916146  -0.004095198337
12  34  -1.353643558e-16  -0.003154770279  0.9999950237  -0.003154765046
12  35  4.282312382e-17  -0.002378872566  0.9999971705  -0.002378870323
12  36  4.282312382e-17  -0.002378872566  0.9999971705  -0.002378870323

13  0  1.701511114e-16  -0.003276579536  0.999994632  -0.003276573673
13  1  1.534889514e-16  -0.002305855422  0.9999973415  -0.002305853379
13  2  -8.236102559e-17  -0.001419046698  0.9999989932  -0.001419046222
13  3  5.74724379e-17  -0.0002341782403  0.9999999726  -0.0002341782382
13  4  1.993805173e-16  0.00251284741  0.9999968428  0.002512844765
13  5  -2.662423787e-17  0.01138738304  0.9999351645  0.01138713694
13  6  -1.817564138e-16  0.02949483514  0.9995650589  0.02949055885
13  7  8.221956359e-17  0.02284753037  0.9997390065  0.02284554265
13  8  -2.79251885e-17  0.006373316891  0.9999796905  0.006373273745
13  9  -6.064887001e-17  0.000957388444  0.9999995417  0.0009573882977
13  10  -2.878615849e-16  -0.0008338116904  0.9999996524  -0.0008338115938
13  11  6.212681668e-17  -0.001814005479  0.9999983547  -0.001814004484
13  12  6.351310204e-17  -0.002720386487  0.9999962998  -0.002720383132
13  13  -1.300414041e-16  -0.003799671526  0.9999927813  -0.003799662383
13  14  4.303115016e-17  -0.005137802451  0.9999868015  -0.005137779847
13  15  1.488474731e-17  -0.006721623363  0.99997741  -0.006721572749
13  16  5.493478902e-17  -0.00847376651  0.9999640979  -0.008473665101
13  17  1.414734508e-16  -0.01035840025  0.9999463523  -0.01035821501
13  18  1.408978634e-16  -0.01255899457  0.9999211369  -0.01255866442
13  19  -1.758725737e-16  -0.01549661776  0.9998799298  -0.01549599753
13  20  -6.526133699e-17  -0.01889736263  0.9998214502  -0.01889623791
13  21  4.315398634e-17  -0.01885195894  0.9998223071  -0.01885084231
13  22  2.900631956e-16  -0.006084029608  0.9999814923  -0.006083992074
13  23  1.726086588e-16  0.02757835234  0.9996197413  0.02757485662
13  24  -2.001206527e-16  0.06153028107  0.9981076094  0.06149146306
13  25  -1.150729197e-16  0.04159934773  0.9991348719  0.04158735078
13  26  1.205090665e-16  0.005584659636  0.9999844058  0.005584630607
13  27  5.885127314e-17  -0.01417485201  0.9998995385  -0.01417437733
13  28  -6.223127741e-17  -0.01831161556  0.9998323471  -0.01831059222
13  29  5.003623343e-16  -0.01592151465  0.9998732554  -0.01592084198
13  30  2.427497935e-16  -0.01301161538  0.9999153501  -0.01301124824
13  31  1.402311043e-16  -0.01084762456  0.9999411651  -0.01084741182
13  32  1.220843117e-16  -0.009100577062  0.99995859  -0.009100451443
13  33  7.263776833e-17  -0.00745954365  0.9999721777  -0.00745947447
13  34  1.724043218e-17  -0.005883778744  0.9999826906  -0.005883744796
13  35  -6.974749492e-18  -0.004464770862  0.9999900329  -0.004464756028
13  36  -6.974749492e-18  -0.004464770862  0.9999900329  -0.004464756028

14  0  -1.336284137e-16  -0.006088589003  0.9999814646  -0.006088551385
14  1  1.502169146e-16  -0.004383994917  0.9999903903  -0.004383980874
14  2  -1.097672298e-16  -0.003016808883  0.9999954494  -0.003016804307
14  3  2.338395453e-16  -0.001831631364  0.9999983226  -0.00183163034
14  4  6.455192522e-17  -0.000196491937  0.9999999807  -0.0001964919357
14  5  -1.266413859e-16  0.004783225678  0.9999885604  0.004783207438
14  6  -1.327143164e-16  0.02759693164  0.9996192288  0.02759342885
14  7  1.725624264e-16  0.05143734463  0.9986773914  0.05141466547
14  8  -3.635528823e-16  0.01456141727  0.9998939844  0.01456090269
14  9  1.824652357e-16  0.001771687212  0.9999984306  0.001771686285
14  10  1.283913145e-16  -0.001044509799  0.9999994545  -0.001044509609
14  11  1.774541183e-16  -0.002349199614  0.9999972406  -0.002349197453
14  12  -1.869416598e-16  -0.003591600749  0.9999935502  -0.003591593028
14  13  -8.103262207e-17  -0.005137802451  0.9999868015  -0.005137779847
14  14  -4.461536219e-17  -0.007047307809  0.9999751678  -0.007047249476
14  15  1.463201688e-16  -0.009151902693  0.9999581216  -0.009151774937
14  16  1.867358051e-16  -0.01112491819  0.9999381187  -0.01112468871
14  17  -8.200963749e-18  -0.0127249702  0.9999190387  -0.01272462679
14  18  -1.7441386e-16  -0.01406594898  0.9999010762  -0.01406548516
14  19  -1.667640683e-16  -0.01560583006  0.9998782315  -0.01560519662
14  20  -1.156914767e-16  -0.01775264435  0.9998424259  -0.01775171189
14  21  1.345439024e-16  -0.01993041547  0.9998013958  -0.01992909603
14  22  2.551757387e-16  -0.01885195894  0.9998223071  -0.01885084231
14  23  7.463973925e-17  -0.007836763969  0.9999692927  -0.007836683753
14  24  -2.392722784e-16  0.01454347962  0.9998942455  0.01454296694
14  25  3.497939751e-17  0.02391641566  0.9997140162  0.02391413572
14  26  5.355433459e-17  0.003575587926  0.9999936076  0.003575580307
14  27  -2.466052299e-16  -0.01490117929  0.9998889795  -0.01490062785
14  28  -3.781364417e-16  -0.01956596656  0.9998085926  -0.01956471819
14  29  -1.101011717e-16  -0.0179645955  0.999838641  -0.01796362924
14  30  -3.802985601e-17  -0.01557962286  0.9998786401  -0.01557899261
14  31  -1.074669196e-16  -0.01391530551  0.9999031837  -0.01391485644
14  32  -2.150317076e-16  -0.01275538995  0.9999186511  -0.01275504407
14  33  2.571361475e-16  -0.01155003486  0.9999332991  -0.01154977806
14  34  -1.318023479e-16  -0.009963577817  0.999950364  -0.009963412966
14  35  -2.054849179e-16  -0.008042427958  0.9999676599  -0.00804234126
14  36  -2.054849179e-16  -0.008042427958  0.9999676599  -0.00804234126

15  0  2.387974839e-16  -0.01027984914  0.9999471628  -0.01027966809
15  1  6.645282158e-18  -0.007944040032  0.9999684463  -0.007943956477
15  2  -1.251117841e-16  -0.005725448569  0.9999836097  -0.005725417288
15  3  1.678577865e-16  -0.00391257279  0.9999923459  -0.003912562808
15  4  -4.532576036e-17  -0.002356250191  0.999997224  -0.00235624801
15  5  -5.624428079e-18  0.0001257686924  0.9999999921  0.0001257686921
15  6  2.398805415e-16  0.0128812537  0.9999170378  0.01288089748
15  7  -1.46356541e-17  0.09608074218  0.9953877953  0.09593298202
15  8  -3.111335799e-16  0.05645296403  0.9984069546  0.05642298347
15  9  -9.49057419e-17  0.004269345744  0.9999908864  0.004269332774
15  10  1.558060678e-16  -0.001253146544  0.9999992148  -0.001253146216
15  11  2.674625599e-16  -0.003032716303  0.9999954013  -0.003032711654
15  12  2.366972345e-16  -0.004668122278  0.9999891043  -0.004668105324
15  13  3.411647041e-17  -0.006721623363  0.99997741  -0.006721572749
15  14  -3.100888779e-17  -0.009151902693  0.9999581216  -0.009151774937
15  15  1.199725574e-16  -0.01152215018  0.9999336208  -0.01152189523
15  16  -9.113557627e-17  -0.0132751041  0.9999118871  -0.01327471419
15  17  -3.247547075e-16  -0.01422938585  0.999898764  -0.01422890567
15  18  -2.845267648e-16  -0.01471395199  0.9998917518  -0.01471342107
15  19  -1.950209249e-16  -0.01522228959  0.9998841432  -0.01522170172
15  20  -3.789020188e-17  -0.01618672245  0.9998689979  -0.01618601561
15  21  -8.03456418e-18  -0.01775264435  0.9998424259  -0.01775171189
15  22  -1.173485273e-16  -0.01889736263  0.9998214502  -0.01889623791
15  23  -1.292563334e-16  -0.01595858269  0.9998726645  -0.01595790532
15  24  -8.312971986e-17  0.001101638107  0.9999993932  0.001101637884
15  25  4.017534612e-18  0.03773474169  0.9992881291  0.03772578718
15  26  2.094249218e-16  0.02496122839  0.9996884847  0.0249586364
15  27  4.275708258e-16  -0.008839247797  0.9999609341  -0.008839132692
15  28  4.765159674e-16  -0.01800779535  0.999837864  -0.01800682211
15  29  5.507973532e-17  -0.01818589366  0.9998346412  -0.01818489125
15  30  -2.41074408e-16  -0.01640145634  0.9998654991  -0.016400721
15  31  2.004132068e-16  -0.01495243919  0.9998882144  -0.01495188203
15  32  -2.802157243e-16  -0.01422720943  0.999898795  -0.01422672947
15  33  8.153618764e-17  -0.01386647717  0.9999038619  -0.0138660328
15  34  -1.07619562e-16  -0.01334979815  0.9999108928  -0.01334940162
15  35  -1.466138056e-16  -0.01220028373  0.9999255775  -0.01219998107
15  36  -1.466138056e-16  -0.01220028373  0.9999255775  -0.01219998107

16  0  1.530623192e-16  -0.01366698052  0.9999066083  -0.01366655505
16  1  -1.207773599e-16  -0.01216634463  0.9999259909  -0.01216604449
16  2  -2.696758117e-16  -0.009843300692  0.9999515551  -0.009843141739
16  3  -1.035246e-16  -0.007303324706  0.9999733308  -0.007303259781
16  4  -2.352704283e-16  -0.005081271141  0.9999870904  -0.005081249275
16  5  -1.781945757e-16  -0.003046753175  0.9999953587  -0.003046748462
16  6  1.553240665e-17  0.001808968694  0.9999983638  0.001808967707
16  7  1.539497689e-17  0.07806929478  0.9969541401  0.07799001597
16  8  8.53816321e-17  0.4024723843  0.9200953881  0.3916943666
16  9  1.290981912e-16  0.01704324758  0.9998547674  0.0170424225
16  10  3.688204661e-16  -0.001338451721  0.9999991043  -0.001338451322
16  11  3.176700065e-16  -0.003968608732  0.9999921251  -0.003968598315
16  12  3.611677699e-16  -0.006011153001  0.9999819331  -0.0060111168
16  13  -2.498653824e-16  -0.00847376651  0.9999640979  -0.008473665101
16  14  1.395888121e-16  -0.01112491819  0.9999381187  -0.01112468871
16  15  -3.722577664e-17  -0.0132751041  0.9999118871  -0.01327471419
16  16  -7.847731397e-17  -0.01445554375  0.9998955204  -0.01445504031
16  17  1.480734882e-16  -0.0148677712  0.9998894767  -0.01486722345
16  18  2.915723232e-17  -0.01495952069  0.9998881085  -0.01495896274
16  19  -3.114817693e-17  -0.01500220439  0.999887469  -0.01500164164
16  20  -5.189864183e-17  -0.01522228959  0.9998841432  -0.01522170172
16  21  -1.728742025e-17  -0.01560583006  0.9998782315  -0.01560519662
16  22  5.892788384e-17  -0.01549661776  0.9998799298  -0.01549599753
16  23  -1.791107417e-16  -0.01391350401  0.9999032088  -0.0139130551
16  24  3.173164047e-16  -0.007201167667  0.9999740717  -0.007201105429
16  25  1.262501577e-16  0.03590784721  0.9993553825  0.03590013127
16  26  1.650963193e-17  0.1034450942  0.9946543257  0.1032607005
16  27  2.666543361e-16  0.01061666881  0.9999436437  0.01061646937
16  28  3.537502538e-16  -0.01131434446  0.9999359935  -0.01131410306
16  29  1.549250293e-16  -0.01489366231  0.9998890915  -0.01489311169
16  30  -3.688378045e-17  -0.01558797529  0.99987851  -0.01558734403
16  31  2.289986969e-16  -0.01519338028  0.9998845828  -0.01519279575
16  32  5.337508106e-18  -0.01465659219  0.9998925941  -0.01465606745
16  33  -4.32895122e-17  -0.01441794002  0.9998960633  -0.0144174405
16  34  1.045590798e-16  -0.01437970398  0.9998966138  -0.01437920843
16  35  1.741744868e-16  -0.01426728341  0.999898224  -0.01426679938
16  36  1.741744868e-16  -0.01426728341  0.999898224  -0.01426679938

17  0  2.08981116e-16  -0.0145857623  0.9998936297  -0.01458524513
17  1  6.776087219e-17  -0.01434216236  0.999897153  -0.01434167067
17  2  -4.619152369e-17  -0.013471049  0.9999092668  -0.01347064158
17  3  -3.273643101e-16  -0.01164504658  0.9999321972  -0.01164478339
17  4  -6.068519274e-17  -0.009180845571  0.9999578563  -0.009180716599
17  5  -2.254390068e-16  -0.006697207147  0.9999775738  -0.006697157083
17  6  1.448369081e-17  -0.003772510378  0.9999928841  -0.00377250143
17  7  -8.471083165e-17  0.01517441432  0.9998848708  0.01517383198
17  8  1.563210347e-16  1.298206647  0.2692263974  0.9630769164
17  9  2.278702537e-16  0.2022099217  0.9796251413  0.2008347143
17  10  1.981239781e-16  -0.0002324840598  0.999999973  -0.0002324840577
17  11  2.408522121e-16  -0.005346832633  0.9999857057  -0.005346807156
17  12  2.724240318e-16  -0.007778010097  0.9999697514  -0.007777931672
17  13  8.643496846e-18  -0.01035840025  0.9999463523  -0.01035821501
17  14  1.203470518e-16  -0.0127249702  0.9999190387  -0.01272462679
17  15  -5.135658303e-17  -0.01422938585  0.999898764  -0.01422890567
17  16  -2.785808444e-18  -0.0148677712  0.9998894767  -0.01486722345
17  17  1.692718017e-16  -0.01509250153  0.9998861104  -0.01509192857
17  18  -1.381938405e-17  -0.0151076142  0.9998858822  -0.01510703951
17  19  -7.974885555e-17  -0.01495952069  0.9998881085  -0.01495896274
17  20  1.738739811e-16  -0.01471395199  0.9998917518  -0.01471342107
17  21  -1.610344848e-16  -0.01406594898  0.9999010762  -0.01406548516
17  22  1.80676826e-16  -0.01255899457  0.9999211369  -0.01255866442
17  23  4.237739617e-17  -0.01033502239  0.9999465941  -0.01033483841
17  24  -1.142896829e-16  -0.007211498142  0.9999739973  -0.007211435635
17  25  -1.783950862e-16  0.009612699209  0.9999537984  0.009612551168
17  26  -6.651794747e-17  0.3349765312  0.9444180252  0.3287470056
17  27  -1.460012428e-16  0.1565761308  0.9877669804  0.1559371423
17  28  -1.597948757e-16  -0.002472396315  0.9999969436  -0.002472393797
17  29  -1.589525737e-16  -0.008997475682  0.999959523  -0.008997354285
17  30  -2.982697686e-16  -0.01160387185  0.9999326758  -0.01160361144
17  31  -6.921378325e-17  -0.01344482993  0.9999096196  -0.01344442488
17  32  7.901466071e-17  -0.01434894358  0.9998970557  -0.01434845119
17  33  4.693961852e-17  -0.01455907039  0.9998940186  -0.01455855606
17  34  2.345096942e-16  -0.01458920555  0.9998935794  -0.01458868802
17  35  1.651099955e-16  -0.01461610373  0.9998931867  -0.01461558333
17  36  1.651099955e-16  -0.01461610373  0.9998931867  -0.01461558333

18  0  8.510518593e-18  -0.01461610373  0.9998931867  -0.01461558333
18  1  -7.817466699e-17  -0.01458920555  0.9998935794  -0.01458868802
18  2  1.202083346e-16  -0.01455907039  0.9998940186  -0.01455855606
18  3  -3.461369623e-16  -0.01434894358  0.9998970557  -0.01434845119
18  4  -2.304451113e-16  -0.01344482993  0.9999096196  -0.01344442488
18  5  -4.561265754e-16  -0.01160387185  0.9999326758  -0.01160361144
18  6  -3.649405706e-16  -0.008997475682  0.999959523  -0.008997354285
18  7  1.854634034e-16  -0.002472396315  0.9999969436  -0.002472393797
18  8  1.120715066e-16  0.1565761308  0.9877669804  0.1559371423
18  9  -3.555093891e-16  0.3349765312  0.9444180252  0.3287470056
18  10  -7.207576501e-17  0.009612699209  0.9999537984  0.009612551168
18  11  -1.26158409e-16  -0.007211498141  0.9999739973  -0.007211435635
18  12  7.46291089e-17  -0.01033502239  0.9999465941  -0.01033483841
18  13  -1.560585351e-16  -0.01255899457  0.9999211369  -0.01255866442
18  14  6.141158557e-17  -0.01406594898  0.9999010762  -0.01406548516
18  15  8.641444786e-17  -0.01471395199  0.9998917518  -0.01471342107
18  16  3.952059724e-16  -0.01495952069  0.9998881085  -0.01495896274
18  17  1.390196426e-16  -0.0151076142  0.9998858822  -0.01510703951
18  18  2.286561462e-17  -0.01509250153  0.9998861104  -0.01509192857
18  19  2.240694283e-16  -0.0148677712  0.9998894767  -0.01486722345
18  20  1.351991688e-16  -0.01422938585  0.999898764  -0.01422890567
18  21  -3.998710445e-17  -0.0127249702  0.9999190387  -0.01272462679
18  22  -7.576727566e-18  -0.01035840025  0.9999463523  -0.01035821501
18  23  -1.413998313e-16  -0.007778010096  0.9999697514  -0.007777931672
18  24  9.075246274e-17  -0.005346832633  0.9999857057  -0.005346807156
18  25  3.312557233e-17  -0.0002324840595  0.999999973  -0.0002324840574
18  26  -1.548672942e-16  0.2022099217  0.9796251413  0.2008347143
18  27  -1.513693582e-16  1.298206647  0.2692263974  0.9630769164
18  28  1.557522647e-16  0.01517441432  0.9998848708  0.01517383198
18  29  1.824368815e-16  -0.003772510378  0.9999928841  -0.00377250143
18  30  1.234538989e-17  -0.006697207147  0.9999775738  -0.006697157083
18  31  6.191063619e-17  -0.009180845571  0.9999578563  -0.009180716599
18  32  2.196172053e-16  -0.01164504658  0.9999321972  -0.01164478339
18  33  1.053809877e-16  -0.013471049  0.9999092668  -0.01347064158
18  34  7.412525686e-17  -0.01434216236  0.999897153  -0.01434167067
18  35  6.911217973e-17  -0.0145857623  0.9998936297  -0.01458524513
18  36  6.911217973e-17  -0.0145857623  0.9998936297  -0.01458524513

19  0  2.006149591e-16  -0.01426728341  0.999898224  -0.01426679938
19  1  2.242985059e-16  -0.01437970398  0.9998966138  -0.01437920843
19  2  -1.27069426e-16  -0.01441794002  0.9998960633  -0.0144174405
19  3  -8.228102403e-17  -0.01465659219  0.9998925941  -0.01465606745
19  4  4.659971103e-17  -0.01519338028  0.9998845828  -0.01519279575
19  5  -3.787383868e-16  -0.01558797529  0.99987851  -0.01558734403
19  6  -3.719448745e-16  -0.01489366231  0.9998890915  -0.01489311169
19  7  -7.55247338e-17  -0.01131434446  0.9999359935  -0.01131410306
19  8  4.68289543e-17  0.01061666881  0.9999436437  0.01061646937
19  9  -3.706936832e-16  0.1034450942  0.9946543257  0.1032607005
19  10  -3.994965948e-16  0.03590784721  0.9993553825  0.03590013127
19  11  -1.898704647e-16  -0.007201167667  0.9999740717  -0.007201105429
19  12  5.027118101e-17  -0.01391350401  0.9999032088  -0.0139130551
19  13  1.714246331e-18  -0.01549661776  0.9998799298  -0.01549599753
19  14  -2.429436082e-16  -0.01560583006  0.9998782315  -0.01560519662
19  15  -2.556459107e-16  -0.01522228959  0.9998841432  -0.01522170172
19  16  -3.309151765e-16  -0.01500220439  0.999887469  -0.01500164164
19  17  -8.71195169e-17  -0.01495952069  0.9998881085  -0.01495896274
19  18  7.507286715e-17  -0.0148677712  0.9998894767  -0.01486722345
19  19  8.079633772e-17  -0.01445554375  0.9998955204  -0.01445504031
19  20  -9.990065299e-17  -0.0132751041  0.9999118871  -0.01327471419
19  21  2.826451333e-18  -0.01112491819  0.9999381187  -0.01112468871
19  22  7.27854865e-17  -0.00847376651  0.9999640979  -0.008473665101
19  23  1.362205004e-16  -0.006011153001  0.9999819331  -0.0060111168
19  24  -2.182368484e-16  -0.003968608732  0.9999921251  -0.003968598314
19  25  2.1837692e-17  -0.001338451721  0.9999991043  -0.001338451322
19  26  1.888516872e-16  0.01704324758  0.9998547674  0.0170424225
19  27  5.169827279e-17  0.4024723843  0.9200953881  0.3916943666
19  28  4.39639095e-17  0.07806929478  0.9969541401  0.07799001597
19  29  2.412295254e-16  0.001808968694  0.9999983638  0.001808967707
19  30  1.432934105e-16  -0.003046753175  0.9999953587  -0.003046748462
19  31  -2.893477687e-16  -0.005081271141  0.9999870904  -0.005081249275
19  32  -7.161655754e-18  -0.007303324706  0.9999733308  -0.007303259781
19  33  -1.803443016e-16  -0.009843300692  0.9999515551  -0.009843141739
19  34  -2.47898369e-17  -0.01216634463  0.9999259909  -0.01216604449
19  35  1.125445558e-16  -0.01366698052  0.9999066083  -0.01366655505
19  36  1.125445558e-16  -0.01366698052  0.9999066083  -0.01366655505

20  0  1.363511534e-16  -0.01220028373  0.9999255775  -0.01219998107
20  1  -8.554988681e-17  -0.01334979815  0.9999108928  -0.01334940162
20  2  -6.161274525e-17  -0.01386647717  0.9999038619  -0.0138660328
20  3  1.787319861e-16  -0.01422720943  0.999898795  -0.01422672947
20  4  2.581477185e-16  -0.01495243919  0.9998882144  -0.01495188203
20  5  7.618692234e-18  -0.01640145634  0.9998654991  -0.016400721
20  6  3.757336825e-19  -0.01818589366  0.9998346412  -0.01818489125
20  7  3.244558638e-17  -0.01800779535  0.999837864  -0.01800682211
20  8  6.484648939e-17  -0.008839247797  0.9999609341  -0.008839132692
20  9  8.564741823e-17  0.02496122839  0.9996884847  0.0249586364
20  10  1.589202837e-16  0.03773474169  0.9992881291  0.03772578718
20  11  -1.804735929e-16  0.001101638107  0.9999993932  0.001101637884
20  12  -1.598698531e-16  -0.01595858269  0.9998726645  -0.01595790532
20  13  9.623001988e-17  -0.01889736263  0.9998214502  -0.01889623791
20  14  1.635453041e-17  -0.01775264435  0.9998424259  -0.01775171189
20  15  -4.342655274e-17  -0.01618672245  0.9998689979  -0.01618601561
20  16  -2.415991709e-16  -0.01522228959  0.9998841432  -0.01522170172
20  17  -1.289341863e-16  -0.01471395199  0.9998917518  -0.01471342107
20  18  3.464875037e-16  -0.01422938585  0.999898764  -0.01422890567
20  19  7.713498261e-17  -0.0132751041  0.9999118871  -0.01327471419
20  20  -2.668889722e-16  -0.01152215018  0.9999336208  -0.01152189523
20  21  -1.790842717e-16  -0.009151902693  0.9999581216  -0.009151774937
20  22  1.632167659e-16  -0.006721623363  0.99997741  -0.006721572749
20  23  1.309404893e-16  -0.004668122278  0.9999891043  -0.004668105324
20  24  -2.409761335e-16  -0.003032716303  0.9999954013  -0.003032711654
20  25  1.761273313e-16  -0.001253146544  0.9999992148  -0.001253146216
20  26  1.707474754e-16  0.004269345743  0.9999908864  0.004269332774
20  27  -1.459194294e-16  0.05645296403  0.9984069546  0.05642298347
20  28  -4.120242351e-17  0.09608074218  0.9953877953  0.09593298202
20  29  -4.331722334e-18  0.0128812537  0.9999170378  0.01288089748
20  30  -2.586136659e-17  0.0001257686923  0.9999999921  0.0001257686919
20  31  -9.245699459e-17  -0.002356250191  0.999997224  -0.00235624801
20  32  -1.080107145e-16  -0.00391257279  0.9999923459  -0.003912562808
20  33  -3.678554701e-17  -0.005725448569  0.9999836097  -0.005725417288
20  34  -2.474096657e-16  -0.007944040032  0.9999684463  -0.007943956477
20  35  -5.451938915e-17  -0.01027984914  0.9999471628  -0.01027966809
20  36  -5.451938915e-17  -0.01027984914  0.9999471628  -0.01027966809

21  0  5.834486884e-18  -0.008042427958  0.9999676599  -0.00804234126
21  1  -3.103059267e-16  -0.009963577817  0.999950364  -0.009963412966
21  2  -4.143340639e-17  -0.01155003486  0.9999332991  -0.01154977806
21  3  6.086330155e-17  -0.01275538995  0.9999186511  -0.01275504407
21  4  3.071513196e-16  -0.01391530551  0.9999031837  -0.01391485644
21  5  -4.556683922e-16  -0.01557962286  0.9998786401  -0.01557899261
21  6  -1.662486007e-16  -0.0179645955  0.999838641  -0.01796362924
21  7  2.486302042e-16  -0.01956596656  0.9998085926  -0.01956471819
21  8  2.685143314e-17  -0.01490117929  0.9998889795  -0.01490062785
21  9  2.019652623e-16  0.003575587925  0.9999936076  0.003575580307
21  10  -9.14258648e-17  0.02391641566  0.9997140162  0.02391413572
21  11  4.469224085e-17  0.01454347962  0.9998942455  0.01454296694
21  12  2.117720379e-16  -0.007836763968  0.9999692927  -0.007836683753
21  13  -3.227615507e-18  -0.01885195894  0.9998223071  -0.01885084231
21  14  2.473965347e-17  -0.01993041547  0.9998013958  -0.01992909603
21  15  -2.301389075e-16  -0.01775264435  0.9998424259  -0.01775171189
21  16  -2.015658425e-16  -0.01560583006  0.9998782315  -0.01560519662
21  17  -1.765643132e-16  -0.01406594898  0.9999010762  -0.01406548516
21  18  1.506147389e-16  -0.0127249702  0.9999190387  -0.01272462679
21  19  1.470467369e-16  -0.01112491819  0.9999381187  -0.01112468871
21  20  1.570132875e-17  -0.009151902693  0.9999581216  -0.009151774937
21  21  -2.841308604e-17  -0.007047307809  0.9999751678  -0.007047249476
21  22  -9.660302528e-18  -0.005137802451  0.9999868015  -0.005137779847
21  23  -3.945302564e-16  -0.003591600749  0.9999935502  -0.003591593028
21  24  -7.912726145e-17  -0.002349199614  0.9999972406  -0.002349197453
21  25  3.357899249e-16  -0.001044509799  0.9999994545  -0.001044509609
21  26  -1.924944707e-16  0.001771687212  0.9999984306  0.001771686285
21  27  -2.186242641e-16  0.01456141727  0.9998939844  0.01456090269
21  28  -7.342991383e-17  0.05143734463  0.9986773914  0.05141466547
21  29  -5.787088748e-17  0.02759693164  0.9996192288  0.02759342885
21  30  -9.7330814e-17  0.004783225677  0.9999885604  0.004783207438
21  31  7.26502279e-17  -0.000196491937  0.9999999807  -0.0001964919358
21  32  1.087631177e-16  -0.001831631364  0.9999983226  -0.00183163034
21  33  -5.795342443e-17  -0.003016808883  0.9999954494  -0.003016804307
21  34  -1.829019745e-17  -0.004383994917  0.9999903903  -0.004383980874
21  35  1.234844627e-17  -0.006088589003  0.9999814646  -0.006088551385
21  36  1.234844627e-17  -0.006088589003  0.9999814646  -0.006088551385

22  0  1.899451699e-16  -0.004464770862  0.9999900329  -0.004464756028
22  1  3.73730892e-17  -0.005883778744  0.9999826906  -0.005883744796
22  2  7.164666275e-17  -0.00745954365  0.9999721777  -0.00745947447
22  3  -2.024126791e-16  -0.009100577062  0.99995859  -0.009100451443
22  4  2.842165972e-16  -0.01084762456  0.9999411651  -0.01084741182
22  5  -1.431687834e-16  -0.01301161538  0.9999153501  -0.01301124824
22  6  1.935272178e-16  -0.01592151465  0.9998732554  -0.01592084198
22  7  4.720970407e-17  -0.01831161556  0.9998323471  -0.01831059222
22  8  -1.157126397e-16  -0.01417485201  0.9998995385  -0.01417437733
22  9  1.23992044e-16  0.005584659636  0.9999844058  0.005584630606
22  10  8.356048096e-18  0.04159934773  0.9991348719  0.04158735078
22  11  -2.163221674e-16  0.06153028107  0.9981076094  0.06149146306
22  12  -5.585882227e-17  0.02757835234  0.9996197413  0.02757485662
22  13  -8.462269654e-17  -0.006084029608  0.9999814923  -0.006083992074
22  14  -5.139033116e-17  -0.01885195894  0.9998223071  -0.01885084231
22  15  -1.297619688e-16  -0.01889736263  0.9998214502  -0.01889623791
22  16  1.016260177e-16  -0.01549661776  0.9998799298  -0.01549599753
22  17  2.971697087e-17  -0.01255899457  0.9999211369  -0.01255866442
22  18  -1.723728898e-16  -0.01035840025  0.9999463523  -0.01035821501
22  19  -2.727257458e-17  -0.00847376651  0.9999640979  -0.008473665101
22  20  1.281273476e-16  -0.006721623363  0.99997741  -0.006721572749
22  21  3.222613926e-16  -0.005137802451  0.9999868015  -0.005137779847
22  22  2.112491207e-16  -0.003799671526  0.9999927813  -0.003799662383
22  23  1.625862009e-16  -0.002720386487  0.9999962998  -0.002720383132
22  24  4.954592561e-17  -0.001814005479  0.9999983547  -0.001814004484
22  25  3.730793055e-16  -0.0008338116904  0.9999996524  -0.0008338115938
22  26  1.684739796e-16  0.000957388444  0.9999995417  0.0009573882977
22  27  1.45896451e-16  0.006373316891  0.9999796905  0.006373273745
22  28  1.132220448e-17  0.02284753037  0.9997390065  0.02284554265
22  29  -2.892464425e-16  0.02949483514  0.9995650589  0.02949055885
22  30  -3.514394162e-16  0.01138738304  0.9999351645  0.01138713694
22  31  -1.822257975e-17  0.002512847409  0.9999968428  0.002512844765
22  32  1.638247926e-16  -0.0002341782403  0.9999999726  -0.0002341782382
22  33  -2.662433268e-16  -0.001419046698  0.9999989932  -0.001419046222
22  34  6.063553389e-17  -0.002305855422  0.9999973415  -0.002305853379
22  35  2.345686968e-16  -0.003276579536  0.999994632  -0.003276573673
22  36  2.345686968e-16  -0.003276579536  0.999994632  -0.003276573673

23  0  -6.391640005e-17  -0.002378872566  0.9999971705  -0.002378870323
23  1  1.752196993e-16  -0.003154770279  0.9999950237  -0.003154765046
23  2  2.038673075e-16  -0.004095209783  0.9999916146  -0.004095198337
23  3  -2.551249326e-16  -0.005231775556  0.9999863143  -0.005231751689
23  4  2.174374629e-16  -0.006630850682  0.999978016  -0.006630802091
23  5  -1.093513503e-16  -0.008489666366  0.999963963  -0.008489564385
23  6  2.436477166e-16  -0.01113981047  0.999937953  -0.01113958007
23  7  7.528316114e-17  -0.01405178907  0.9999012752  -0.01405132665
23  8  9.688500259e-17  -0.01231162324  0.9999242129  -0.01231131222
23  9  -1.3925963e-16  0.004558252562  0.9999896112  0.004558236777
23  10  6.354746656e-17  0.07014364953  0.9975409427  0.07008614435
23  11  1.546383589e-16  0.3227434296  0.9483688558  0.3171695341
23  12  9.643413462e-17  0.2209481166  0.9756901036  0.2191547895
23  13  2.336245093e-17  0.02757835234  0.9996197413  0.02757485662
23  14  -4.396599209e-17  -0.007836763968  0.9999692927  -0.007836683753
23  15  1.143655233e-17  -0.01595858269  0.9998726645  -0.01595790532
23  16  1.435314431e-16  -0.01391350401  0.9999032088  -0.0139130551
23  17  -1.116644542e-16  -0.01033502239  0.9999465941  -0.01033483841
23  18  -2.933972749e-16  -0.007778010097  0.9999697514  -0.007777931672
23  19  -6.492059782e-17  -0.006011153001  0.9999819331  -0.0060111168
23  20  -4.494528826e-17  -0.004668122278  0.9999891043  -0.004668105324
23  21  2.812344179e-17  -0.003591600749  0.9999935502  -0.003591593028
23  22  1.550544974e-16  -0.002720386487  0.9999962998  -0.002720383132
23  23  2.621174208e-16  -0.002004257587  0.9999979915  -0.002004256245
23  24  1.866139821e-16  -0.001359796427  0.9999990755  -0.001359796008
23  25  3.175624179e-17  -0.0006149150693  0.9999998109  -0.0006149150305
23  26  -3.274689233e-16  0.0006563274597  0.9999997846  0.0006563274126
23  27  -2.615043888e-16  0.003681145438  0.9999932246  0.003681137124
23  28  -2.219066665e-16  0.01139358231  0.9999350938  0.0113933358
23  29  -1.874649837e-16  0.02104374265  0.9997785886  0.02104218952
23  30  -1.566278668e-16  0.01585421432  0.9998743246  0.01585355015
23  31  -1.699306147e-16  0.006154011053  0.9999810641  0.006153972209
23  32  1.88467449e-16  0.001634444819  0.9999986643  0.001634444092
23  33  1.397244404e-16  -0.0001633789833  0.9999999867  -0.0001633789825
23  34  -4.247242569e-17  -0.001061026157  0.9999994371  -0.001061025958
23  35  -2.473679614e-16  -0.001716881492  0.9999985262  -0.001716880648
23  36  -2.473679614e-16  -0.001716881492  0.9999985262  -0.001716880648

24  0  3.937047362e-17  -0.001170818674  0.9999993146  -0.001170818406
24  1  7.548161914e-17  -0.001607256437  0.9999987084  -0.001607255745
24  2  -2.515929578e-16  -0.002088128469  0.9999978199  -0.002088126952
24  3  3.615755336e-17  -0.002672051026  0.9999964301  -0.002672047846
24  4  1.359252522e-17  -0.003422037208  0.9999941448  -0.00342203053
24  5  -1.243046991e-16  -0.004437385324  0.9999901548  -0.004437370762
24  6  1.429954546e-16  -0.005801745144  0.9999831699  -0.005801712596
24  7  -2.19808986e-16  -0.006754673383  0.9999771873  -0.006754622018
24  8  -1.331627292e-16  -0.002819277389  0.9999960258  -0.002819273654
24  9  -2.769658551e-16  0.009041614552  0.9999591249  0.00904149136
24  10  -3.820428388e-17  0.02954713964  0.999563515  0.02954284056
24  11  -1.382341468e-16  0.1918698958  0.9816493721  0.1906948094
24  12  5.948804845e-17  0.3227434296  0.9483688558  0.3171695341
24  13  -1.173094116e-16  0.06153028107  0.9981076094  0.06149146306
24  14  1.277072073e-16  0.01454347962  0.9998942455  0.01454296694
24  15  1.894463148e-16  0.001101638107  0.9999993932  0.001101637884
24  16  1.149057256e-17  -0.007201167667  0.9999740717  -0.007201105429
24  17  -1.687403589e-16  -0.007211498141  0.9999739973  -0.007211435635
24  18  1.637742078e-16  -0.005346832633  0.9999857057  -0.005346807156
24  19  9.011961364e-17  -0.003968608732  0.9999921251  -0.003968598315
24  20  1.747441745e-16  -0.003032716303  0.9999954013  -0.003032711654
24  21  1.466781477e-16  -0.002349199614  0.9999972406  -0.002349197453
24  22  -6.13817903e-17  -0.001814005479  0.9999983547  -0.001814004484
24  23  1.703472142e-16  -0.001359796427  0.9999990755  -0.001359796008
24  24  3.817734082e-17  -0.0009121319517  0.999999584  -0.0009121318253
24  25  -2.263594477e-16  -0.0003445985214  0.9999999406  -0.0003445985146
24  26  -1.684520719e-16  0.000610809016  0.9999998135  0.000610808978
24  27  1.54520835e-16  0.002577256242  0.9999966789  0.002577253389
24  28  -5.363366992e-17  0.006796451551  0.9999769042  0.006796399228
24  29  -5.731652499e-17  0.01332246905  0.9999112572  0.01332207496
24  30  -2.345368322e-16  0.01513403358  0.9998854827  0.01513345587
24  31  -3.868810041e-17  0.0093808998  0.9999559997  0.009380762212
24  32  -1.4569059e-16  0.004026686105  0.9999918929  0.004026675223
24  33  2.463364842e-16  0.001293612623  0.9999991633  0.001293612262
24  34  -6.293436982e-17  3.38359513e-06  1  3.38359513e-06
24  35  -1.736538423e-16  -0.0006910449862  0.9999997612  -0.0006910449312
24  36  -1.736538423e-16  -0.0006910449862  0.9999997612  -0.0006910449312

25  0  2.664533349e-16  -0.0002026807573  0.9999999795  -0.0002026807559
25  1  1.491936911e-16  -0.000525601939  0.9999998619  -0.0005256019148
25  2  1.488729827e-16  -0.0007661865683  0.9999997065  -0.0007661864934
25  3  2.265317491e-16  -0.0009853252118  0.9999995146  -0.0009853250524
25  4  2.80157151e-16  -0.001208463348  0.9999992698  -0.001208463054
25  5  -1.031565276e-16  -0.001397078005  0.9999990241  -0.00139707755
25  6  2.236118865e-16  -0.001154761616  0.9999993333  -0.001154761359
25  7  -1.029418156e-16  0.002477383001  0.9999969313  0.002477380467
25  8  3.681099038e-16  0.02314825862  0.999732091  0.02314619138
25  9  -1.606731585e-16  0.04633149129  0.9989268884  0.04631491715
25  10  3.1955611e-16  0.0311880639  0.9995136918  0.03118300806
25  11  1.585489908e-16  0.02954713964  0.999563515  0.02954284056
25  12  -5.894082269e-17  0.07014364953  0.9975409427  0.07008614435
25  13  -5.766239533e-17  0.04159934773  0.9991348719  0.04158735078
25  14  1.026437792e-16  0.02391641566  0.9997140162  0.02391413572
25  15  -1.23133401e-16  0.03773474169  0.9992881291  0.03772578718
25  16  9.886082462e-17  0.03590784721  0.9993553825  0.03590013127
25  17  -2.252324124e-16  0.009612699209  0.9999537984  0.009612551168
25  18  -4.24454349e-17  -0.0002324840597  0.999999973  -0.0002324840576
25  19  4.207391347e-17  -0.001338451722  0.9999991043  -0.001338451322
25  20  -4.907354716e-17  -0.001253146544  0.9999992148  -0.001253146216
25  21  -7.222884588e-17  -0.001044509799  0.9999994545  -0.001044509609
25  22  1.521196021e-16  -0.0008338116904  0.9999996524  -0.0008338115938
25  23  2.544559999e-17  -0.0006149150693  0.9999998109  -0.0006149150305
25  24  2.203838928e-16  -0.0003445985214  0.9999999406  -0.0003445985146
25  25  1.006374933e-16  6.459650613e-05  0.9999999979  6.459650608e-05
25  26  6.633888704e-17  0.0007865595205  0.9999996907  0.0007865594394
25  27  1.394771967e-16  0.002164135333  0.9999976583  0.002164133644
25  28  2.165536601e-16  0.004763241075  0.9999886558  0.004763223063
25  29  -7.138843637e-17  0.008785998238  0.9999614034  0.008785885201
25  30  1.332319361e-16  0.01186366153  0.9999296276  0.01186338324
25  31  -1.074116825e-16  0.01038828593  0.9999460422  0.01038809909
25  32  -2.328211234e-16  0.006315297268  0.9999800586  0.006315255289
25  33  2.183473196e-16  0.003099625553  0.9999951962  0.003099620589
25  34  6.870355356e-18  0.001278766624  0.9999991824  0.001278766275
25  35  -3.419089839e-16  0.0003212033598  0.9999999484  0.0003212033543
25  36  -3.419089839e-16  0.0003212033598  0.9999999484  0.0003212033543

26  0  1.64642237e-16  0.0009183548598  0.9999995783  0.0009183547307
26  1  2.147573521e-16  0.0006106575199  0.9999998135  0.0006106574819
26  2  -7.522314329e-17  0.0005333595679  0.9999998578  0.0005333595426
26  3  6.337029264e-17  0.0006531533248  0.9999997867  0.0006531532783
26  4  -1.7205664e-16  0.001054259334  0.9999994443  0.001054259139
26  5  -2.465267511e-16  0.002138631037  0.9999977131  0.002138629406
26  6  -1.730978497e-16  0.005893919462  0.9999826309  0.005893885337
26  7  -6.48181932e-17  0.02948641566  0.9995653071  0.02948214302
26  8  -3.278466125e-17  0.336476322  0.9439239115  0.3301630648
26  9  -2.956364614e-17  0.269085906  0.9640143113  0.2658503482
26  10  -1.931248744e-17  0.04633149129  0.9989268884  0.04631491715
26  11  1.609649044e-16  0.009041614552  0.9999591249  0.00904149136
26  12  -2.369307914e-18  0.004558252561  0.9999896112  0.004558236776
26  13  -3.824443715e-17  0.005584659635  0.9999844058  0.005584630606
26  14  -1.858027589e-16  0.003575587925  0.9999936076  0.003575580306
26  15  5.299873935e-17  0.02496122839  0.9996884847  0.0249586364
26  16  1.422577453e-16  0.1034450942  0.9946543257  0.1032607005
26  17  -4.54071376e-17  0.3349765312  0.9444180252  0.3287470056
26  18  8.016165766e-17  0.2022099217  0.9796251413  0.2008347143
26  19  1.947069237e-16  0.01704324758  0.9998547674  0.0170424225
26  20  -1.565839534e-16  0.004269345744  0.9999908864  0.004269332774
26  21  1.933999812e-17  0.001771687212  0.9999984306  0.001771686285
26  22  1.679591304e-16  0.000957388444  0.9999995417  0.0009573882977
26  23  1.666003079e-17  0.0006563274597  0.9999997846  0.0006563274126
26  24  5.157080409e-17  0.000610809016  0.9999998135  0.000610808978
26  25  1.809960849e-16  0.0007865595205  0.9999996907  0.0007865594394
26  26  9.000931083e-19  0.001258899506  0.9999992076  0.001258899174
26  27  1.806811244e-18  0.002204722978  0.9999975696  0.002204721192
26  28  9.196126622e-17  0.003881369069  0.9999924675  0.003881359324
26  29  1.808152987e-16  0.006377195166  0.9999796658  0.00637715194
26  30  -1.713252448e-16  0.00885185319  0.9999608226  0.008851737592
26  31  -5.680376346e-17  0.009390833236  0.9999559064  0.00939069521
26  32  -1.305968713e-18  0.007477083767  0.9999720467  0.007477014098
26  33  -2.779638661e-16  0.004835645383  0.9999883083  0.004835626538
26  34  -2.266080511e-16  0.002808806741  0.9999960553  0.002808803048
26  35  -3.771354682e-17  0.001579278646  0.9999987529  0.001579277989
26  36  -3.771354682e-17  0.001579278646  0.9999987529  0.001579277989

27  0  5.690880638e-17  0.00229170503  0.999997374  0.002291703024
27  1  -1.756195163e-16  0.002036006296  0.9999979273  0.002036004889
27  2  -2.162751594e-16  0.002178829836  0.9999976264  0.002178828112
27  3  1.548444348e-16  0.002795120546  0.9999960937  0.002795116907
27  4  1.75724006e-16  0.004255312909  0.9999909462  0.004255300067
27  5  -3.061200261e-16  0.007926267281  0.9999685873  0.007926184286
27  6  -1.093769542e-16  0.02052873059  0.999789293  0.02052728872
27  7  -6.831755157e-17  0.110491677  0.9939020024  0.1102669929
27  8  2.681894901e-17  1.449886231  0.120615709  0.9926992751
27  9  -1.378278571e-16  0.336476322  0.9439239115  0.3301630648
27  10  6.027047527e-17  0.02314825862  0.999732091  0.02314619138
27  11  -2.70756563e-16  -0.002819277389  0.9999960258  -0.002819273654
27  12  3.33008367e-16  -0.01231162324  0.9999242129  -0.01231131222
27  13  2.825604918e-16  -0.01417485201  0.9998995385  -0.01417437733
27  14  7.18891429e-17  -0.01490117929  0.9998889795  -0.01490062785
27  15  2.699998645e-16  -0.008839247796  0.9999609341  -0.008839132692
27  16  -1.436639903e-16  0.01061666881  0.9999436437  0.01061646937
27  17  -2.957144469e-16  0.1565761308  0.9877669804  0.1559371423
27  18  -1.349330022e-16  1.298206647  0.2692263974  0.9630769164
27  19  3.030451134e-16  0.4024723843  0.9200953881  0.3916943666
27  20  2.563903145e-16  0.05645296403  0.9984069546  0.05642298347
27  21  2.883198968e-16  0.01456141727  0.9998939844  0.01456090269
27  22  -8.868184071e-17  0.006373316891  0.9999796905  0.006373273744
27  23  -4.838738781e-17  0.003681145438  0.9999932246  0.003681137124
27  24  -2.145619079e-16  0.002577256242  0.9999966789  0.002577253389
27  25  8.8465488e-17  0.002164135333  0.9999976583  0.002164133644
27  26  2.336112088e-16  0.002204722978  0.9999975696  0.002204721192
27  27  6.54671482e-17  0.002683752274  0.9999963987  0.002683749053
27  28  4.417840563e-16  0.003668606444  0.9999932707  0.003668598215
27  29  1.497658626e-16  0.005156447456  0.9999867056  0.005156424605
27  30  1.065114487e-16  0.006794002694  0.9999769209  0.006793950428
27  31  -6.425041119e-17  0.007733698077  0.9999700951  0.007733620985
27  32  5.472039253e-17  0.007294471761  0.9999733955  0.007294407072
27  33  -1.582874278e-17  0.005819689588  0.9999830657  0.005819656737
27  34  1.069448298e-16  0.004203224017  0.9999911665  0.004203211641
27  35  -2.53683789e-16  0.00299245596  0.9999955226  0.002992451494
27  36  -2.53683789e-16  0.00299245596  0.9999955226  0.002992451494

28  0  4.157231949e-17  0.003627724165  0.9999934198  0.003627716208
28  1  4.146937463e-17  0.003571939277  0.9999936206  0.003571931682
28  2  3.84677477e-16  0.004044058843  0.9999918228  0.00404404782
28  3  3.921634061e-16  0.005291875222  0.9999859981  0.005291850523
28  4  1.47144707e-16  0.008037751608  0.9999676974  0.008037665061
28  5  -1.765076034e-16  0.01450895032  0.999894747  0.01450844128
28  6  -5.362589006e-17  0.03242192898  0.9994744553  0.03241624906
28  7  1.859443681e-17  0.08399692172  0.9964743322  0.08389818342
28  8  2.339804474e-16  0.110491677  0.9939020024  0.1102669929
28  9  1.548855879e-16  0.02948641566  0.9995653071  0.02948214302
28  10  2.278076185e-17  0.002477383002  0.9999969313  0.002477380467
28  11  5.836945472e-18  -0.006754673383  0.9999771873  -0.006754622019
28  12  9.257264865e-17  -0.01405178907  0.9999012752  -0.01405132665
28  13  9.232344107e-17  -0.01831161556  0.9998323471  -0.01831059222
28  14  -1.08244853e-16  -0.01956596656  0.9998085926  -0.01956471819
28  15  1.078876164e-17  -0.01800779535  0.999837864  -0.01800682211
28  16  -1.581094232e-16  -0.01131434446  0.9999359935  -0.01131410306
28  17  -8.06933236e-17  -0.002472396316  0.9999969436  -0.002472393797
28  18  -2.094377072e-16  0.01517441432  0.9998848708  0.01517383198
28  19  2.536421294e-16  0.07806929478  0.9969541401  0.07799001596
28  20  4.067733377e-17  0.09608074218  0.9953877953  0.09593298202
28  21  8.880329921e-17  0.05143734463  0.9986773914  0.05141466547
28  22  6.485955126e-17  0.02284753037  0.9997390065  0.02284554265
28  23  -2.446053438e-17  0.01139358231  0.9999350938  0.0113933358
28  24  2.068339993e-17  0.006796451551  0.9999769042  0.006796399228
28  25  -1.02647351e-18  0.004763241075  0.9999886558  0.004763223063
28  26  1.078083336e-17  0.003881369069  0.9999924675  0.003881359324
28  27  2.226938431e-16  0.003668606444  0.9999932707  0.003668598215
28  28  5.737792138e-17  0.003954288684  0.9999921818  0.003954278379
28  29  4.399254361e-17  0.004635700717  0.9999892552  0.004635684113
28  30  1.53256115e-16  0.005514979303  0.9999847925  0.005514951347
28  31  -2.957385974e-16  0.00621606105  0.9999806804  0.006216021019
28  32  -2.986537645e-16  0.006339357633  0.9999799063  0.006339315172
28  33  7.778432902e-17  0.005804073081  0.9999831564  0.005804040493
28  34  4.177016763e-16  0.004926422626  0.9999878652  0.004926402699
28  35  2.296278697e-16  0.004115946764  0.9999915295  0.004115935142
28  36  2.296278697e-16  0.004115946764  0.9999915295  0.004115935142

29  0  -3.771251707e-19  0.004420122248  0.9999902313  0.004420107855
29  1  -1.343315853e-16  0.00468209569  0.999989039  0.004682078584
29  2  -1.90286608e-16  0.00547943903  0.9999849879  0.005479411611
29  3  -2.641242805e-17  0.007137664819  0.999974527  0.007137604213
29  4  4.430742991e-17  0.01034702444  0.99994647  0.01034683981
29  5  -5.540063566e-17  0.01643995287  0.999864867  0.01643921234
29  6  -2.578592545e-16  0.02634578342  0.9996529699  0.02634273575
29  7  -1.308776915e-16  0.03242192898  0.9994744553  0.03241624906
29  8  4.446319245e-16  0.02052873059  0.999789293  0.02052728872
29  9  3.871721516e-16  0.005893919462  0.9999826309  0.005893885337
29  10  -1.161928737e-16  -0.001154761616  0.9999993333  -0.001154761359
29  11  -7.765653061e-17  -0.005801745144  0.9999831699  -0.005801712596
29  12  9.218846942e-17  -0.01113981047  0.999937953  -0.01113958007
29  13  -2.534519104e-16  -0.01592151465  0.9998732554  -0.01592084198
29  14  1.666495627e-16  -0.0179645955  0.999838641  -0.01796362924
29  15  -3.609884202e-17  -0.01818589366  0.9998346412  -0.01818489125
29  16  -2.41802284e-16  -0.01489366231  0.9998890915  -0.01489311169
29  17  -7.894280512e-17  -0.008997475682  0.999959523  -0.008997354285
29  18  2.032132307e-16  -0.003772510378  0.9999928841  -0.00377250143
29  19  -2.439180589e-16  0.001808968694  0.9999983638  0.001808967707
29  20  -1.670727159e-16  0.0128812537  0.9999170378  0.01288089748
29  21  4.364849659e-17  0.02759693164  0.9996192288  0.02759342885
29  22  5.88807367e-17  0.02949483514  0.9995650589  0.02949055885
29  23  4.627780785e-17  0.02104374265  0.9997785886  0.02104218952
29  24  2.511025375e-16  0.01332246905  0.9999112572  0.01332207496
29  25  3.880656262e-17  0.008785998238  0.9999614034  0.008785885201
29  26  -5.49382488e-17  0.006377195166  0.9999796658  0.00637715194
29  27  -4.533353823e-17  0.005156447456  0.9999867056  0.005156424605
29  28  -1.83149704e-16  0.004635700717  0.9999892552  0.004635684113
29  29  1.765103069e-17  0.004562639653  0.9999895912  0.004562623822
29  30  1.719899362e-16  0.004755710663  0.9999886916  0.004755692737
29  31  -2.288928969e-16  0.005020310297  0.9999873983  0.005020289209
29  32  6.824762101e-17  0.005158822929  0.9999866933  0.005158800046
29  33  3.927550808e-16  0.005063480542  0.9999871806  0.005063458905
29  34  2.847658519e-16  0.004789136759  0.9999885321  0.004789118452
29  35  -5.345517015e-17  0.004510589441  0.9999898273  0.004510574146
29  36  -5.345517015e-17  0.004510589441  0.9999898273  0.004510574146

30  0  8.984349914e-17  0.004394369806  0.9999903448  0.004394355663
30  1  -5.983209785e-17  0.00495596538  0.9999877192  0.004955945092
30  2  3.633970416e-16  0.0059338945  0.9999823945  0.005933859677
30  3  1.047714707e-17  0.007553640738  0.9999714714  0.007553568906
30  4  5.166353653e-18  0.01011472193  0.9999488466  0.01011454946
30  5  4.041840346e-16  0.01363396456  0.9999070589  0.01363354218
30  6  2.755188415e-16  0.01643995287  0.999864867  0.01643921234
30  7  -7.068932073e-17  0.01450895032  0.999894747  0.01450844128
30  8  -2.686107679e-16  0.007926267281  0.9999685873  0.007926184286
30  9  2.679414987e-16  0.002138631037  0.9999977131  0.002138629406
30  10  -1.582218532e-16  -0.001397078005  0.9999990241  -0.00139707755
30  11  2.59218719e-16  -0.004437385324  0.9999901548  -0.004437370762
30  12  2.569630497e-16  -0.008489666366  0.999963963  -0.008489564385
30  13  1.722839007e-16  -0.01301161538  0.9999153501  -0.01301124824
30  14  -7.35845246e-17  -0.01557962286  0.9998786401  -0.01557899261
30  15  1.209899948e-16  -0.01640145634  0.9998654991  -0.016400721
30  16  3.300239453e-16  -0.01558797529  0.99987851  -0.01558734403
30  17  1.827744396e-16  -0.01160387185  0.9999326758  -0.01160361144
30  18  2.057724261e-16  -0.006697207147  0.9999775738  -0.006697157083
30  19  -1.499712548e-16  -0.003046753175  0.9999953587  -0.003046748462
30  20  -1.291542032e-16  0.0001257686923  0.9999999921  0.000125768692
30  21  -1.00188904e-16  0.004783225678  0.9999885604  0.004783207438
30  22  4.124083729e-17  0.01138738304  0.9999351645  0.01138713694
30  23  -8.95607211e-17  0.01585421432  0.9998743246  0.01585355015
30  24  3.13171062e-18  0.01513403358  0.9998854827  0.01513345587
30  25  -4.699733883e-17  0.01186366153  0.9999296276  0.01186338324
30  26  -2.802845962e-16  0.00885185319  0.9999608226  0.008851737592
30  27  -3.946099384e-16  0.006794002694  0.9999769209  0.006793950428
30  28  -2.008042547e-18  0.005514979304  0.9999847925  0.005514951347
30  29  2.159993532e-16  0.004755710663  0.9999886916  0.004755692737
30  30  -4.735386569e-17  0.004330200383  0.9999906247  0.00433018685
30  31  -1.935071596e-17  0.004111438058  0.9999915481  0.004111426475
30  32  -4.859204704e-17  0.004009185691  0.9999919632  0.00400917495
30  33  -1.656130454e-18  0.003970105274  0.9999921191  0.003970094845
30  34  -2.880663631e-17  0.003988392238  0.9999920464  0.003988381664
30  35  -2.044919964e-16  0.004105158756  0.9999915738  0.004105147225
30  36  -2.044919964e-16  0.004105158756  0.9999915738  0.004105147225

31  0  -2.398903137e-17  0.00366017113  0.9999933016  0.003660162957
31  1  -3.39218746e-16  0.004434075204  0.9999901695  0.004434060674
31  2  -3.223852465e-17  0.005476232696  0.9999850055  0.005476205324
31  3  -2.477927652e-16  0.006846351536  0.9999765638  0.006846298052
31  4  1.58884216e-16  0.0085318471  0.999963604  0.008531743591
31  5  1.560610488e-16  0.01011472193  0.9999488466  0.01011454946
31  6  -2.597816194e-16  0.01034702444  0.99994647  0.01034683981
31  7  4.887355299e-17  0.008037751607  0.9999676974  0.008037665061
31  8  8.864967438e-17  0.004255312909  0.9999909462  0.004255300067
31  9  1.006396179e-16  0.001054259334  0.9999994443  0.001054259139
31  10  1.374800562e-16  -0.001208463348  0.9999992698  -0.001208463054
31  11  2.435115499e-16  -0.003422037208  0.9999941448  -0.003422030529
31  12  1.096913248e-17  -0.006630850682  0.999978016  -0.006630802091
31  13  -1.000464879e-16  -0.01084762456  0.9999411651  -0.01084741182
31  14  -2.084621028e-16  -0.01391530551  0.9999031837  -0.01391485644
31  15  -1.464754214e-16  -0.01495243919  0.9998882144  -0.01495188203
31  16  3.480994864e-17  -0.01519338028  0.9998845828  -0.01519279575
31  17  -3.070292513e-16  -0.01344482993  0.9999096196  -0.01344442488
31  18  6.821477944e-17  -0.009180845571  0.9999578563  -0.009180716599
31  19  1.744009969e-16  -0.005081271141  0.9999870904  -0.005081249275
31  20  -1.028186569e-16  -0.002356250191  0.999997224  -0.00235624801
31  21  1.866044284e-16  -0.000196491937  0.9999999807  -0.0001964919358
31  22  -9.035490307e-17  0.002512847409  0.9999968428  0.002512844765
31  23  -1.468163645e-16  0.006154011053  0.9999810641  0.006153972209
31  24  -8.77827415e-18  0.0093808998  0.9999559997  0.009380762212
31  25  2.488060262e-16  0.01038828593  0.9999460422  0.01038809909
31  26  8.728287029e-17  0.009390833236  0.9999559064  0.00939069521
31  27  -3.541274243e-16  0.007733698077  0.9999700951  0.007733620985
31  28  -2.110267399e-16  0.00621606105  0.9999806804  0.006216021019
31  29  -2.097335071e-16  0.005020310297  0.9999873983  0.005020289209
31  30  1.651481745e-16  0.004111438058  0.9999915481  0.004111426475
31  31  2.7031489e-16  0.003440225131  0.9999940824  0.003440218345
31  32  -5.735657047e-17  0.002993123235  0.9999955206  0.002993118766
31  33  5.974012844e-17  0.002783602138  0.9999961258  0.002783598543
31  34  5.678760153e-17  0.002827192061  0.9999960035  0.002827188295
31  35  5.374926502e-17  0.003123619403  0.9999951215  0.003123614324
31  36  5.374926502e-17  0.003123619403  0.9999951215  0.003123614324

32  0  9.931010349e-17  0.002498331004  0.9999968792  0.002498328405
32  1  -2.639460281e-16  0.003406629141  0.9999941974  0.003406622552
32  2  -1.964616919e-17  0.004498038902  0.9999898838  0.004498023734
32  3  -1.580318938e-16  0.005694871664  0.9999837843  0.005694840882
32  4  1.001845492e-17  0.006846351536  0.9999765638  0.006846298052
32  5  -8.941166368e-17  0.007553640738  0.9999714714  0.007553568906
32  6  -2.471546163e-16  0.007137664819  0.999974527  0.007137604213
32  7  1.042121082e-16  0.005291875222  0.9999859981  0.005291850523
32  8  -2.949935185e-16  0.002795120546  0.9999960937  0.002795116907
32  9  -1.674757222e-16  0.0006531533248  0.9999997867  0.0006531532783
32  10  6.964449097e-17  -0.0009853252119  0.9999995146  -0.0009853250525
32  11  1.091702936e-16  -0.002672051026  0.9999964301  -0.002672047846
32  12  -2.75737268e-16  -0.005231775556  0.9999863143  -0.005231751689
32  13  -2.51015276e-16  -0.009100577062  0.99995859  -0.009100451443
32  14  -3.208010041e-16  -0.01275538995  0.9999186511  -0.01275504407
32  15  -1.820585344e-16  -0.01422720943  0.999898795  -0.01422672947
32  16  3.746551277e-17  -0.01465659219  0.9998925941  -0.01465606745
32  17  -1.314922791e-16  -0.01434894358  0.9998970557  -0.01434845119
32  18  1.375153997e-16  -0.01164504658  0.9999321972  -0.01164478339
32  19  -4.571383719e-17  -0.007303324706  0.9999733308  -0.007303259781
32  20  1.050972323e-16  -0.00391257279  0.9999923459  -0.003912562808
32  21  1.602770253e-16  -0.001831631364  0.9999983226  -0.00183163034
32  22  1.627310824e-16  -0.0002341782403  0.9999999726  -0.0002341782382
32  23  7.940378423e-17  0.001634444819  0.9999986643  0.001634444092
32  24  1.414295328e-16  0.004026686105  0.9999918929  0.004026675223
32  25  -7.94043273e-17  0.006315297268  0.9999800586  0.006315255289
32  26  1.16622289e-16  0.007477083767  0.9999720467  0.007477014098
32  27  9.662479935e-17  0.007294471761  0.9999733955  0.007294407072
32  28  1.55851639e-16  0.006339357633  0.9999799063  0.006339315172
32  29  -7.549108281e-17  0.005158822929  0.9999866933  0.005158800046
32  30  4.345664174e-17  0.004009185691  0.9999919632  0.00400917495
32  31  -1.406726183e-16  0.002993123235  0.9999955206  0.002993118766
32  32  -5.600160774e-17  0.002189648333  0.9999976027  0.002189646583
32  33  3.630011212e-16  0.001690321613  0.9999985714  0.001690320808
32  34  -3.605090655e-17  0.001572645589  0.9999987634  0.00157264494
32  35  -3.12701701e-16  0.001857918626  0.9999982741  0.001857917557
32  36  -3.12701701e-16  0.001857918626  0.9999982741  0.001857917557

33  0  -7.250165075e-17  0.00119578556  0.999999285  0.001195785275
33  1  -3.531953967e-16  0.002164802818  0.9999976568  0.002164801127
33  2  1.316865436e-16  0.003323958802  0.9999944757  0.003323952681
33  3  -1.834768842e-16  0.004498038902  0.9999898838  0.004498023734
33  4  1.391622186e-16  0.005476232696  0.9999850055  0.005476205324
33  5  -1.753043114e-16  0.0059338945  0.9999823945  0.005933859677
33  6  -1.262566083e-16  0.00547943903  0.9999849879  0.005479411611
33  7  1.74353064e-16  0.004044058843  0.9999918228  0.00404404782
33  8  -1.361319998e-17  0.002178829836  0.9999976264  0.002178828112
33  9  3.4133727e-17  0.0005333595679  0.9999998578  0.0005333595426
33  10  -7.819032056e-17  -0.0007661865683  0.9999997065  -0.0007661864934
33  11  2.818160982e-17  -0.002088128469  0.9999978199  -0.002088126952
33  12  4.343179861e-17  -0.004095209783  0.9999916146  -0.004095198337
33  13  7.654237149e-18  -0.00745954365  0.9999721777  -0.00745947447
33  14  2.06653787e-16  -0.01155003486  0.9999332991  -0.01154977806
33  15  3.788184049e-16  -0.01386647717  0.9999038619  -0.0138660328
33  16  1.144207671e-16  -0.01441794002  0.9998960633  -0.0144174405
33  17  -2.213777563e-16  -0.01455907039  0.9998940186  -0.01455855606
33  18  1.995271346e-17  -0.013471049  0.9999092668  -0.01347064158
33  19  7.775372301e-19  -0.009843300692  0.9999515551  -0.009843141739
33  20  -3.922432805e-16  -0.005725448569  0.9999836097  -0.005725417288
33  21  -6.50432664e-17  -0.003016808883  0.9999954494  -0.003016804307
33  22  1.054204225e-16  -0.001419046698  0.9999989932  -0.001419046222
33  23  -7.925911241e-17  -0.0001633789833  0.9999999867  -0.0001633789826
33  24  -2.037417491e-16  0.001293612623  0.9999991633  0.001293612262
33  25  -8.505854074e-17  0.003099625553  0.9999951962  0.003099620589
33  26  6.861344075e-17  0.004835645383  0.9999883083  0.004835626538
33  27  1.450432347e-16  0.005819689588  0.9999830657  0.005819656737
33  28  9.94252048e-17  0.005804073081  0.9999831564  0.005804040493
33  29  2.07982149e-17  0.005063480542  0.9999871806  0.005063458905
33  30  4.140149814e-17  0.003970105274  0.9999921191  0.003970094845
33  31  6.897274383e-17  0.002783602138  0.9999961258  0.002783598543
33  32  1.211114387e-16  0.001690321613  0.9999985714  0.001690320808
33  33  -2.237576802e-17  0.000865382201  0.9999996256  0.000865382093
33  34  -1.086464077e-16  0.0004682832819  0.9999998904  0.0004682832648
33  35  -1.631336546e-16  0.000587536785  0.9999998274  0.0005875367512
33  36  -1.631336546e-16  0.000587536785  0.9999998274  0.0005875367512

34  0  -9.241375585e-17  2.886086108e-05  0.9999999996  2.886086108e-05
34  1  -2.865780895e-16  0.0009588560317  0.9999995403  0.0009588558847
34  2  -2.18559831e-16  0.002164802818  0.9999976568  0.002164801127
34  3  -1.308935745e-16  0.003406629141  0.9999941974  0.003406622552
34  4  -2.366893585e-16  0.004434075204  0.9999901695  0.004434060674
34  5  -1.953152828e-16  0.00495596538  0.9999877192  0.004955945092
34  6  9.015504519e-18  0.00468209569  0.999989039  0.004682078584
34  7  2.19989129e-16  0.003571939277  0.9999936206  0.003571931682
34  8  2.29441062e-16  0.002036006296  0.9999979273  0.002036004889
34  9  1.138960857e-16  0.0006106575199  0.9999998135  0.000610657482
34  10  2.649426146e-16  -0.000525601939  0.9999998619  -0.0005256019148
34  11  -4.609087785e-17  -0.001607256437  0.9999987084  -0.001607255745
34  12  -1.647191928e-16  -0.003154770279  0.9999950237  -0.003154765046
34  13  -1.310496049e-16  -0.005883778744  0.9999826906  -0.005883744796
34  14  -5.467566542e-17  -0.009963577817  0.999950364  -0.009963412966
34  15  -2.642337268e-18  -0.01334979815  0.9999108928  -0.01334940162
34  16  1.775816042e-16  -0.01437970398  0.9998966138  -0.01437920843
34  17  2.242617985e-16  -0.01458920555  0.9998935794  -0.01458868802
34  18  -7.520362634e-17  -0.01434216236  0.999897153  -0.01434167067
34  19  -3.062122622e-17  -0.01216634463  0.9999259909  -0.01216604449
34  20  5.302198309e-17  -0.007944040032  0.9999684463  -0.007943956477
34  21  1.475378104e-17  -0.004383994917  0.9999903903  -0.004383980874
34  22  2.99692625e-16  -0.002305855422  0.9999973415  -0.002305853379
34  23  -1.509546561e-16  -0.001061026157  0.9999994371  -0.001061025958
34  24  -1.740203281e-16  3.383595111e-06  1  3.383595111e-06
34  25  -2.108173153e-16  0.001278766624  0.9999991824  0.001278766275
34  26  -6.123520993e-18  0.002808806741  0.9999960553  0.002808803048
34  27  -6.086606544e-18  0.004203224017  0.9999911665  0.004203211641
34  28  -1.897384757e-16  0.004926422626  0.9999878652  0.004926402699
34  29  -2.533625183e-16  0.004789136759  0.9999885321  0.004789118452
34  30  -4.723815781e-17  0.003988392238  0.9999920464  0.003988381664
34  31  1.308695955e-16  0.002827192061  0.9999960035  0.002827188295
34  32  2.744377995e-16  0.001572645589  0.9999987634  0.00157264494
34  33  -3.778420214e-18  0.0004682832819  0.9999998904  0.0004682832648
34  34  1.379832921e-16  -0.0002519696468  0.9999999683  -0.0002519696441
34  35  -2.229764023e-16  -0.000412511861  0.9999999149  -0.0004125118493
34  36  -2.229764023e-16  -0.000412511861  0.9999999149  -0.0004125118493

35  0  -8.14484975e-17  -0.0007353039065  0.9999997297  -0.0007353038402
35  1  -2.02780399e-16  2.88608611e-05  0.9999999996  2.88608611e-05
35  2  -3.153394494e-16  0.00119578556  0.999999285  0.001195785275
35  3  -9.75277941e-17  0.002498331004  0.9999968792  0.002498328405
35  4  -1.457791227e-16  0.00366017113  0.9999933016  0.003660162957
35  5  -1.262473443e-17  0.004394369806  0.9999903448  0.004394355663
35  6  5.920939685e-17  0.004420122248  0.9999902313  0.004420107855
35  7  -1.108713587e-16  0.003627724165  0.9999934198  0.003627716208
35  8  3.264309101e-16  0.00229170503  0.999997374  0.002291703024
35  9  1.779987162e-16  0.0009183548598  0.9999995783  0.0009183547307
35  10  1.586657093e-16  -0.0002026807573  0.9999999795  -0.0002026807559
35  11  -1.912206214e-16  -0.001170818674  0.9999993146  -0.001170818406
35  12  -1.692930871e-16  -0.002378872566  0.9999971705  -0.002378870323
35  13  -3.322595522e-16  -0.004464770862  0.9999900329  -0.004464756028
35  14  -4.454690246e-17  -0.008042427958  0.9999676599  -0.00804234126
35  15  -3.167924688e-17  -0.01220028373  0.9999255775  -0.01219998107
35  16  2.267370574e-16  -0.01426728341  0.999898224  -0.01426679938
35  17  8.985123459e-17  -0.01461610373  0.9998931867  -0.01461558333
35  18  2.213200914e-17  -0.0145857623  0.9998936297  -0.01458524513
35  19  -8.307288454e-17  -0.01366698052  0.9999066083  -0.01366655505
35  20  -1.155376075e-16  -0.01027984914  0.9999471628  -0.01027966809
35  21  1.477597968e-16  -0.006088589003  0.9999814646  -0.006088551385
35  22  3.401778626e-16  -0.003276579536  0.999994632  -0.003276573673
35  23  -1.535426028e-16  -0.001716881492  0.9999985262  -0.001716880648
35  24  2.240133553e-17  -0.0006910449862  0.9999997612  -0.0006910449312
35  25  -2.291393111e-16  0.0003212033598  0.9999999484  0.0003212033543
35  26  -8.276918279e-17  0.001579278646  0.9999987529  0.001579277989
35  27  -1.576538108e-16  0.00299245596  0.9999955226  0.002992451494
35  28  -3.634868889e-17  0.004115946764  0.9999915295  0.004115935142
35  29  3.883490308e-18  0.004510589441  0.9999898273  0.004510574146
35  30  -2.045204816e-16  0.004105158756  0.9999915738  0.004105147225
35  31  5.576498686e-17  0.003123619403  0.9999951215  0.003123614324
35  32  -6.528623431e-17  0.001857918626  0.9999982741  0.001857917557
35  33  -3.92162784e-17  0.000587536785  0.9999998274  0.0005875367512
35  34  -1.160244079e-16  -0.000412511861  0.9999999149  -0.0004125118493
35  35  -2.700081442e-17  -0.0008975537378  0.9999995972  -0.0008975536172
35  36  -2.700081442e-17  -0.0008975537378  0.9999995972  -0.0008975536172

36  0  -8.14484975e-17  -0.0007353039065  0.9999995972  -0.0008975536172
36  1  -2.865780895e-16  0.0009588560317  0.9999995972  -0.0008975536172
36  2  1.316865436e-16  0.003323958802  0.9999995972  -0.0008975536172
36  3  -1.580318938e-16  0.005694871664  0.9999995972  -0.0008975536172
36  4  1.58884216e-16  0.0085318471  0.9999995972  -0.0008975536172
36  5  4.041840346e-16  0.01363396456  0.9999995972  -0.0008975536172
36  6  -2.578592545e-16  0.02634578342  0.9999995972  -0.0008975536172
36  7  1.859443681e-17  0.08399692172  0.9999995972  -0.0008975536172
36  8  2.681894901e-17  1.449886231  0.9999995972  -0.0008975536172
36  9  -2.956364614e-17  0.269085906  0.9999995972  -0.0008975536172
36  10  3.1955611e-16  0.0311880639  0.9999995972  -0.0008975536172
36  11  -1.382341468e-16  0.1918698958  0.9999995972  -0.0008975536172
36  12  9.643413462e-17  0.2209481166  0.9999995972  -0.0008975536172
36  13  -8.462269654e-17  -0.006084029608  0.9999995972  -0.0008975536172
36  14  2.473965347e-17  -0.01993041547  0.9999995972  -0.0008975536172
36  15  -4.342655274e-17  -0.01618672245  0.9999995972  -0.0008975536172
36  16  -3.309151765e-16  -0.01500220439  0.9999995972  -0.0008975536172
36  17  1.390196426e-16  -0.0151076142  0.9999995972  -0.0008975536172
36  18  -1.381938405e-17  -0.0151076142  0.9999995972  -0.0008975536172
36  19  -3.114817693e-17  -0.01500220439  0.9999995972  -0.0008975536172
36  20  -3.789020188e-17  -0.01618672245  0.9999995972  -0.0008975536172
36  21  1.345439024e-16  -0.01993041547  0.9999995972  -0.0008975536172
36  22  2.900631956e-16  -0.006084029608  0.9999995972  -0.0008975536172
36  23  1.313499521e-16  0.2209481166  0.9999995972  -0.0008975536172
36  24  1.298731829e-16  0.1918698958  0.9999995972  -0.0008975536172
36  25  -1.172220123e-16  0.0311880639  0.9999995972  -0.0008975536172
36  26  2.151371234e-16  0.269085906  0.9999995972  -0.0008975536172
36  27  1.163178924e-16  1.449886231  0.9999995972  -0.0008975536172
36  28  1.266374306e-16  0.08399692172  0.9999995972  -0.0008975536172
36  29  -1.285611592e-16  0.02634578342  0.9999995972  -0.0008975536172
36  30  1.398538324e-16  0.01363396456  0.9999995972  -0.0008975536172
36  31  -1.035957707e-16  0.0085318471  0.9999995972  -0.0008975536172
36  32  -1.364765626e-16  0.005694871664  0.9999995972  -0.0008975536172
36  33  -3.459781925e-17  0.003323958802  0.9999995972  -0.0008975536172
36  34  -2.985409013e-16  0.0009588560317  0.9999995972  -0.0008975536172
36  35  2.621653042e-17  -0.0007353039065  0.9999995972  -0.0008975536172
36  36  2.621653042e-17  -0.0007353039065  0.9999995972  -0.0008975536172

#Chern no*2pi*Iota= 8.716909078e-15  18.84955592
