#nx  ny  tilde_F(nx,ny).real()  tilde_F(nx,ny).imag()  ArgofLog.real()  ArgofLog.imag()
#Extra momentum point for pm3d corners2color c1
0  0  -8.385127264e-18  -0.01154003172  0.9999334146  -0.01153977558
0  1  1.200714565e-16  -0.02999906889  0.9995500617  -0.02999456951
0  2  -5.898399916e-17  -0.06177431822  0.9980925735  -0.06173503657
0  3  1.499322808e-16  -0.06286583602  0.998024594  -0.06282443538
0  4  -3.948355309e-16  -0.0380094968  0.999277726  -0.03800034527
0  5  -1.625902461e-16  -0.020215299  0.9997956778  -0.02021392217
0  6  1.29909221e-16  -0.01080975742  0.9999415751  -0.0108095469
0  7  2.414881563e-16  0.003560969558  0.9999936598  0.003560962032
0  8  2.587787145e-16  0.2040459229  0.9792547577  0.2026329677
0  9  -6.725273838e-17  0.2206786174  0.9757491302  0.2188918337
0  10  -2.516660877e-17  0.02677607233  0.9996415424  0.0267728729
0  11  4.756954967e-17  0.02366157575  0.999720078  0.02365936791
0  12  -2.879338163e-17  0.04167796893  0.9991315992  0.04166590384
0  13  1.864935022e-16  0.03360069262  0.9994355498  0.03359437041
0  14  -8.156075419e-17  0.01308808741  0.9999143522  0.01308771376
0  15  8.964377794e-17  -0.002727866215  0.9999962794  -0.002727862832
0  16  2.798662962e-16  -0.0161145186  0.999870164  -0.01611382118
0  17  1.177706266e-16  0.08877745666  0.9960618691  0.08866088695
0  18  1.87034937e-17  0.7461758543  0.7342901984  0.6788356978
0  19  -1.566057515e-16  -0.0135738789  0.9999078763  -0.01357346208
0  20  -2.303817769e-16  -0.01011492503  0.9999488446  -0.01011475255
0  21  -4.528690376e-16  0.004995609592  0.999987522  0.004995588814
0  22  -4.186904814e-16  0.02272246374  0.9997418559  0.02272050848
0  23  -2.748230992e-16  0.04168033191  0.9991315007  0.04166826476
0  24  -2.074563991e-16  0.03328720681  0.9994460321  0.0332810599
0  25  -1.341959828e-16  0.01967776829  0.999806399  0.01967649839
0  26  -2.029432576e-16  0.07070563627  0.9975013977  0.07064673803
0  27  -2.073601036e-16  0.3358423  0.9441330524  0.32956453
0  28  -1.749397337e-16  0.04037223688  0.9991851519  0.04036127054
0  29  3.950226114e-17  -0.006018884872  0.9999818866  -0.006018848531
0  30  1.263797102e-16  -0.01475576871  0.9998911356  -0.01475523325
0  31  5.639129279e-17  -0.02713885852  0.9996317638  -0.02713552727
0  32  -2.31021026e-16  -0.04992235744  0.9987541379  -0.0499016236
0  33  -6.425620818e-17  -0.06735267652  0.9977326658  -0.06730176514
0  34  3.600330089e-17  -0.04737602574  0.998877966  -0.04735830525
0  35  1.406394066e-16  -0.01837984856  0.9998310953  -0.01837881373
0  36  1.406394066e-16  -0.01837984856  0.9998310953  -0.01837881373

1  0  8.402559603e-17  -0.02999906889  0.9995500617  -0.02999456951
1  1  1.075267854e-16  -0.03477847238  0.9993952899  -0.0347714618
1  2  -3.543461349e-16  -0.05848155837  0.998290441  -0.05844822868
1  3  2.9126482e-17  -0.07104129036  0.9974776286  -0.07098154947
1  4  2.747421693e-16  -0.05072891668  0.9987135644  -0.05070716165
1  5  -2.874536586e-17  -0.02577130956  0.9996679382  -0.02576845694
1  6  1.616574079e-16  -0.01224576155  0.9999250216  -0.01224545549
1  7  -3.224661978e-18  -0.003669988282  0.9999932656  -0.003669980044
1  8  -1.373299892e-16  0.03201142048  0.9994876782  0.03200595358
1  9  -5.06220948e-17  0.1772387686  0.9843342836  0.1763122743
1  10  1.820267811e-16  0.04936502473  0.9987817946  0.04934497752
1  11  -1.776536178e-16  0.01915485736  0.9998165513  0.01915368603
1  12  -2.244097694e-16  0.03578647412  0.9993597325  0.03577883615
1  13  -2.893611838e-16  0.04427832993  0.9990198749  0.04426386288
1  14  -1.036701843e-16  0.02337135477  0.9997269023  0.02336922718
1  15  -2.418577444e-16  0.006606960146  0.9999781741  0.006606912078
1  16  9.296988997e-17  -0.006191618713  0.999980832  -0.006191579152
1  17  -9.430129145e-17  -0.01039849577  0.9999459361  -0.01039830838
1  18  -2.993519139e-16  0.1270321428  0.9919422619  0.1266907619
1  19  -2.265377884e-16  0.04629213165  0.9989287106  0.04627559971
1  20  5.705738391e-17  -0.01045652506  0.999945331  -0.01045633451
1  21  -1.808697277e-16  0.0004423845105  0.9999999021  0.0004423844961
1  22  -2.133431433e-16  0.01408314105  0.9999008342  0.01408267553
1  23  -5.757104722e-17  0.03442844566  0.9994073996  0.03442164462
1  24  -2.741112879e-16  0.04468137041  0.9990019536  0.04466650473
1  25  -1.244087648e-16  0.02507721273  0.9996855832  0.02507458444
1  26  -1.841625942e-17  0.02367858293  0.9997196755  0.02367637032
1  27  -2.692815853e-16  0.1360153798  0.9907641601  0.1355963826
1  28  -9.979269931e-17  0.1028427302  0.9947163458  0.1026615378
1  29  1.073927843e-17  0.004715819783  0.9999888805  0.004715802304
1  30  -1.09808966e-16  -0.007624173813  0.9999709361  -0.007624099951
1  31  -1.194175828e-16  -0.01693617292  0.9998565865  -0.01693536329
1  32  -1.53103647e-16  -0.03542455918  0.9993726159  -0.0354171506
1  33  -2.259605586e-16  -0.06230535172  0.9980596494  -0.06226504843
1  34  1.323993722e-16  -0.06877171943  0.9976361572  -0.06871752237
1  35  -1.346345695e-16  -0.04737602574  0.998877966  -0.04735830525
1  36  -1.346345695e-16  -0.04737602574  0.998877966  -0.04735830525

2  0  -3.089165048e-17  -0.06177431822  0.9980925735  -0.06173503657
2  1  -8.676516112e-17  -0.05848155837  0.998290441  -0.05844822868
2  2  5.245295198e-17  -0.06357505734  0.9979797866  -0.06353223984
2  3  -8.632945161e-17  -0.0663294876  0.9978010059  -0.06628086109
2  4  -1.253068391e-16  -0.05419823563  0.9985316351  -0.05417170544
2  5  -7.715841722e-17  -0.0319752457  0.9994888354  -0.03196979731
2  6  1.853973682e-16  -0.01459988079  0.9998934236  -0.01459936212
2  7  -7.278347786e-18  -0.005008989056  0.999987455  -0.005008968111
2  8  -4.242578185e-16  0.005156370015  0.999986706  0.005156347166
2  9  7.258605702e-17  0.05001485261  0.998749518  0.04999400332
2  10  -1.960849323e-16  0.05080940419  0.9987094799  0.05078754546
2  11  -2.213670387e-16  0.01729816916  0.9998503904  0.01729730649
2  12  -1.867732396e-16  0.02789123264  0.9996110648  0.02788761658
2  13  -2.583176192e-16  0.0529909091  0.9985963103  0.05296611252
2  14  -7.970428409e-17  0.03751186479  0.9992965125  0.03750306801
2  15  -1.655391617e-16  0.01528911939  0.9998831237  0.01528852374
2  16  3.652368389e-16  0.004570408345  0.9999895557  0.004570392433
2  17  -6.595929333e-17  -0.002186732379  0.9999976091  -0.002186730636
2  18  -2.064441192e-16  -0.001752873753  0.9999984637  -0.001752872855
2  19  1.249753528e-16  0.04611585443  0.9989368524  0.04609951062
2  20  -5.091594971e-17  0.004009051763  0.9999919638  0.004009041024
2  21  -1.974215641e-18  0.001728201718  0.9999985067  0.001728200858
2  22  1.351573829e-16  0.00945172533  0.9999553328  0.009451584602
2  23  6.267610262e-17  0.02428249354  0.9997051947  0.02428010729
2  24  5.047313481e-17  0.04917772432  0.9987910194  0.04915790442
2  25  2.325193926e-17  0.04285134496  0.9990820216  0.04283823196
2  26  -4.706512025e-17  0.01907529051  0.9998180722  0.01907413373
2  27  -2.717528005e-17  0.02839531856  0.99959688  0.02839150288
2  28  -4.611461588e-17  0.06685313213  0.9977661615  0.06680334501
2  29  -2.050401116e-16  0.01949508816  0.9998099768  0.01949385331
2  30  -4.082097372e-16  -0.0004745792405  0.9999998874  -0.0004745792226
2  31  -1.343166887e-16  -0.00846127796  0.9999642036  -0.008461176999
2  32  3.834767394e-17  -0.02131482673  0.9997728477  -0.0213132128
2  33  -9.761285618e-18  -0.0428307779  0.9990829024  -0.04281768377
2  34  6.673473691e-17  -0.06230535172  0.9980596494  -0.06226504843
2  35  2.091212039e-17  -0.06735267652  0.9977326658  -0.06730176514
2  36  2.091212039e-17  -0.06735267652  0.9977326658  -0.06730176514

3  0  -4.912444467e-17  -0.06286583602  0.998024594  -0.06282443538
3  1  1.146715041e-16  -0.07104129036  0.9974776286  -0.07098154947
3  2  -1.51544117e-16  -0.0663294876  0.9978010059  -0.06628086109
3  3  -2.351389246e-16  -0.05460137634  0.9985097152  -0.05457424978
3  4  -1.143301198e-16  -0.04180957398  0.9991261071  -0.04179739424
3  5  2.059891226e-16  -0.02803834594  0.9996069513  -0.02803467237
3  6  -1.287974328e-17  -0.0151879515  0.9998846653  -0.0151873676
3  7  1.495229033e-16  -0.005619964629  0.999984208  -0.005619935045
3  8  -1.616608628e-16  0.001343260642  0.9999990978  0.001343260238
3  9  -1.129098442e-16  0.01242387467  0.9999228247  0.01242355507
3  10  1.761979203e-16  0.02179692392  0.9997624565  0.02179519799
3  11  2.957372504e-16  0.01226195961  0.9999248231  0.01226165233
3  12  6.711723167e-17  0.02015789249  0.9997968366  0.02015652736
3  13  2.683669995e-16  0.05685719585  0.998384065  0.05682656671
3  14  2.45652374e-16  0.06322730372  0.9980018198  0.06318518492
3  15  -2.999754544e-18  0.02646559341  0.9996498066  0.02646250398
3  16  1.041221544e-17  0.01175249207  0.9999309403  0.01175222153
3  17  1.237386722e-16  0.009007996912  0.9999594283  0.009007875088
3  18  1.183521539e-17  0.006445669925  0.9999792267  0.006445625292
3  19  -5.347506725e-17  -0.04302744555  0.9990744623  -0.04301417023
3  20  -3.090519174e-16  0.008061696012  0.9999675047  0.008061608689
3  21  -1.820004951e-16  0.01275709527  0.9999186294  0.01275674925
3  22  -1.632048959e-16  0.01037073564  0.9999462244  0.01037054974
3  23  4.176476279e-17  0.01683809417  0.9998582426  0.01683729852
3  24  8.906226468e-17  0.04174822469  0.9991286694  0.04173609848
3  25  2.033462769e-17  0.06983479033  0.9975625419  0.06977804131
3  26  5.306703694e-17  0.03654510969  0.9993323018  0.03653697563
3  27  -1.558026182e-17  0.01337126973  0.9999106059  0.01337087129
3  28  -4.247751424e-16  0.01635381477  0.9998662794  0.01635308581
3  29  -2.948273972e-16  0.01998157726  0.9998003749  0.01998024763
3  30  1.423840575e-16  0.006556400193  0.9999785069  0.006556353221
3  31  2.582634442e-16  -0.001460817073  0.999998933  -0.001460816553
3  32  5.649425195e-17  -0.009540209631  0.9999544925  -0.009540064913
3  33  -2.505281525e-17  -0.02131482673  0.9997728477  -0.0213132128
3  34  -4.492002958e-17  -0.03542455918  0.9993726159  -0.0354171506
3  35  -1.83088461e-16  -0.04992235744  0.9987541379  -0.0499016236
3  36  -1.83088461e-16  -0.04992235744  0.9987541379  -0.0499016236

4  0  3.02963769e-16  -0.0380094968  0.999277726  -0.03800034527
4  1  4.065227249e-17  -0.05072891668  0.9987135644  -0.05070716165
4  2  -2.825392351e-16  -0.05419823563  0.9985316351  -0.05417170544
4  3  2.877555194e-16  -0.04180957398  0.9991261071  -0.04179739424
4  4  2.118010782e-16  -0.03077565506  0.9995264669  -0.03077079714
4  5  6.73130513e-17  -0.02128568608  0.9997734683  -0.02128407876
4  6  5.531330564e-17  -0.01248826336  0.9999220227  -0.01248793876
4  7  2.091106286e-18  -0.005129103671  0.9999868462  -0.005129081181
4  8  -1.540813799e-16  0.001006821936  0.9999994932  0.001006821766
4  9  -3.225087725e-16  0.006276485487  0.9999803029  0.006276444277
4  10  -2.627132007e-17  0.006586993214  0.9999783058  0.006586945581
4  11  -2.747627117e-16  0.004951169092  0.999987743  0.004951148863
4  12  6.823238159e-17  0.0132384852  0.9999123725  0.01323809852
4  13  -2.900953751e-16  0.04852025889  0.9988231232  0.04850122328
4  14  -8.4482918e-17  0.1056126633  0.9944281646  0.1054164382
4  15  4.92262799e-17  0.05457316638  0.9985112543  0.05454608184
4  16  1.879759883e-16  0.01893208394  0.9998207935  0.01893095301
4  17  -1.151479944e-16  0.0157048178  0.9998766819  0.01570417224
4  18  -1.514502583e-16  0.01877188002  0.9998238134  0.01877077756
4  19  3.09736141e-16  -0.016825592  0.9998584531  -0.01682479812
4  20  1.644415691e-16  -0.02524673141  0.9996813182  -0.02524404946
4  21  1.133108555e-16  0.01396298523  0.9999025191  0.01396253152
4  22  1.861597161e-16  0.02042900297  0.9997913352  0.02042758201
4  23  2.20742657e-16  0.01593496699  0.9998730411  0.01593429262
4  24  -3.069673695e-17  0.02952093549  0.9995642888  0.02951664783
4  25  -6.825631169e-17  0.08538181942  0.9963571863  0.08527811753
4  26  -9.468724151e-17  0.08634881366  0.996274257  0.08624154917
4  27  6.328712697e-17  0.02585107738  0.9996658795  0.02584819819
4  28  -1.120869674e-16  0.007074791393  0.9999749738  0.007074732374
4  29  -1.868311024e-17  0.004383852861  0.9999903909  0.00438383882
4  30  1.189595279e-16  0.008530014982  0.9999636196  0.00852991154
4  31  -1.570727557e-16  0.004751841713  0.99998871  0.004751823831
4  32  7.063944364e-17  -0.001460817073  0.999998933  -0.001460816553
4  33  2.34254009e-16  -0.00846127796  0.9999642036  -0.008461176999
4  34  -1.326499229e-16  -0.01693617292  0.9998565865  -0.01693536329
4  35  -6.717189903e-17  -0.02713885852  0.9996317638  -0.02713552727
4  36  -6.717189903e-17  -0.02713885852  0.9996317638  -0.02713552727

5  0  8.610584206e-17  -0.020215299  0.9997956778  -0.02021392217
5  1  7.031321895e-18  -0.02577130956  0.9996679382  -0.02576845694
5  2  1.988270553e-16  -0.0319752457  0.9994888354  -0.03196979731
5  3  1.777717394e-16  -0.02803834594  0.9996069513  -0.02803467237
5  4  1.400779622e-16  -0.02128568608  0.9997734683  -0.02128407876
5  5  4.169033599e-17  -0.01692853603  0.9998567158  -0.01692772749
5  6  -1.321905404e-17  -0.01113574441  0.9999379982  -0.01113551426
5  7  -5.311254358e-17  -0.004414386724  0.9999902566  -0.004414372387
5  8  -5.594914691e-17  0.00220938386  0.9999975593  0.002209382062
5  9  -2.692866388e-16  0.007744605261  0.9999700107  0.007744527842
5  10  -3.188515701e-16  0.004567110761  0.9999895708  0.004567094884
5  11  -3.829736487e-17  0.001131263103  0.9999993601  0.001131262861
5  12  1.882157906e-16  0.008385475423  0.9999648421  0.008385377151
5  13  -1.987221724e-17  0.03137174516  0.9995079472  0.03136659948
5  14  3.114196187e-17  0.1190768367  0.9929187267  0.1187956319
5  15  -1.473882079e-16  0.1311273774  0.991415117  0.1307519245
5  16  -3.535920482e-17  0.0362835417  0.9993418245  0.03627558103
5  17  -3.027341027e-16  0.02157646354  0.9997672371  0.02157478945
5  18  -1.217098154e-16  0.02391322247  0.9997140925  0.02391094344
5  19  9.390166398e-17  0.0003557709011  0.9999999367  0.0003557708936
5  20  2.116949774e-16  -0.02092412517  0.9997810985  -0.02092259838
5  21  1.375336881e-16  -0.007539717352  0.9999715765  -0.007539645917
5  22  -1.285140166e-16  0.01597067157  0.9998724715  0.01596999266
5  23  -2.03262942e-16  0.02491299852  0.9996896873  0.02491042152
5  24  3.390307564e-17  0.02380930378  0.9997165719  0.02380705433
5  25  -3.829590675e-16  0.06934275604  0.9975967543  0.0692871979
5  26  -1.036283793e-16  0.1580597186  0.987534547  0.1574024092
5  27  -2.002815859e-17  0.06580252133  0.9978357952  0.06575504443
5  28  -3.16486981e-16  0.01616436834  0.9998693594  0.01616366443
5  29  -3.919965396e-17  0.002992639834  0.9999955221  0.002992635367
5  30  1.721939621e-16  0.0009977546931  0.9999995022  0.0009977545276
5  31  2.11639697e-16  0.008530014981  0.9999636196  0.008529911539
5  32  -6.391507021e-17  0.006556400193  0.9999785069  0.006556353221
5  33  -5.504535339e-17  -0.0004745792405  0.9999998874  -0.0004745792227
5  34  -5.780205811e-16  -0.007624173813  0.9999709361  -0.007624099951
5  35  -1.533808347e-16  -0.01475576871  0.9998911356  -0.01475523325
5  36  -1.533808347e-16  -0.01475576871  0.9998911356  -0.01475523325

6  0  -1.370598627e-16  -0.01080975742  0.9999415751  -0.0108095469
6  1  -4.363460435e-17  -0.01224576155  0.9999250216  -0.01224545549
6  2  2.462336734e-16  -0.01459988079  0.9998934236  -0.01459936212
6  3  1.805480058e-17  -0.0151879515  0.9998846653  -0.0151873676
6  4  -1.622001696e-16  -0.01248826336  0.9999220227  -0.01248793876
6  5  9.216381859e-17  -0.01113574441  0.9999379982  -0.01113551426
6  6  1.564372249e-16  -0.00903651345  0.999959171  -0.009036390466
6  7  -1.863411288e-16  -0.002390686328  0.9999971423  -0.002390684051
6  8  1.777646123e-16  0.009602370598  0.9999538976  0.009602223034
6  9  -3.396859259e-18  0.02241557649  0.9997487815  0.02241369939
6  10  -2.474284099e-16  0.01335928607  0.9999107661  0.0133588887
6  11  1.441470683e-16  0.002497478817  0.9999968813  0.002497476221
6  12  1.308225648e-16  0.007196193526  0.9999741075  0.007196131417
6  13  -8.547947348e-18  0.02152213057  0.9997684079  0.02152046909
6  14  1.421438375e-17  0.07628828173  0.9970914601  0.07621430487
6  15  -1.572005223e-16  0.1950592295  0.9810361911  0.1938246416
6  16  -2.293334062e-16  0.08514525592  0.9963773321  0.0850424134
6  17  -1.654462655e-16  0.02351584744  0.9997235152  0.02351368014
6  18  -7.601156827e-17  0.01884894361  0.9998223639  0.01884782751
6  19  -5.593332591e-17  0.002457031428  0.9999969815  0.002457028956
6  20  2.395648755e-16  -0.01242851456  0.999922767  -0.01242819459
6  21  4.586393713e-17  -0.01805571681  0.999837  -0.01805473577
6  22  -1.023767737e-16  -0.002412014137  0.9999970911  -0.002412011798
6  23  7.010055551e-17  0.01117500467  0.9999375603  0.01117477208
6  24  1.941391103e-16  0.02256954487  0.9997453186  0.02256762882
6  25  -4.679855667e-17  0.03743673237  0.9992993274  0.03742798834
6  26  2.018025167e-16  0.1622718322  0.9868627918  0.1615606083
6  27  3.101595674e-16  0.1413961083  0.9900202139  0.140925427
6  28  -9.93679989e-17  0.03916807636  0.999233029  0.03915806226
6  29  -1.574693578e-16  0.01261163452  0.9999204744  0.01261130021
6  30  -1.204020874e-16  0.002992639834  0.9999955221  0.002992635367
6  31  1.164869487e-16  0.004383852861  0.9999903909  0.004383838819
6  32  -3.325629207e-16  0.01998157726  0.9998003749  0.01998024763
6  33  7.120287592e-17  0.01949508816  0.9998099768  0.01949385331
6  34  1.440547891e-16  0.004715819783  0.9999888805  0.004715802304
6  35  -7.794168189e-18  -0.006018884872  0.9999818866  -0.006018848531
6  36  -7.794168189e-18  -0.006018884872  0.9999818866  -0.006018848531

7  0  -2.106746833e-16  0.003560969558  0.9999936598  0.003560962032
7  1  -2.47034495e-16  -0.003669988282  0.9999932656  -0.003669980044
7  2  1.816831102e-16  -0.005008989056  0.999987455  -0.00500896811
7  3  -1.18649179e-16  -0.005619964629  0.999984208  -0.005619935045
7  4  -1.13973012e-16  -0.005129103671  0.9999868462  -0.005129081182
7  5  -3.500344874e-16  -0.004414386723  0.9999902566  -0.004414372386
7  6  2.789388126e-16  -0.002390686328  0.9999971423  -0.002390684051
7  7  5.929775025e-18  0.01012319541  0.9999487609  0.01012302251
7  8  2.635501137e-16  0.06171618169  0.9980961609  0.06167701083
7  9  -1.385395932e-16  0.1109534447  0.9938509786  0.110725933
7  10  -1.23254725e-16  0.04106920267  0.9991567788  0.04105765855
7  11  2.985164641e-16  0.008483493147  0.9999640154  0.008483391388
7  12  1.43165635e-16  0.01001393671  0.999949861  0.01001376934
7  13  7.804154802e-17  0.02388558249  0.999714753  0.02388331135
7  14  1.866761746e-16  0.06047638836  0.9981718605  0.06043953077
7  15  6.548283134e-17  0.1569879073  0.9877026855  0.1563438683
7  16  1.818625226e-16  0.1179354054  0.9930536769  0.1176622062
7  17  -7.482739217e-17  -0.09478014988  0.9955117231  -0.09463830755
7  18  -1.294813461e-16  -0.002099968404  0.9999977951  -0.00209996686
7  19  3.233520485e-17  0.0002021598357  0.9999999796  0.0002021598343
7  20  4.138295821e-17  -0.006825311909  0.9999767076  -0.006825258916
7  21  -8.112016817e-17  -0.02700617533  0.9996353554  -0.0270028927
7  22  5.417699275e-17  -0.01446966835  0.9998953162  -0.01446916344
7  23  2.039089131e-16  -0.001786794194  0.9999984037  -0.001786793244
7  24  2.622932217e-16  0.002467261447  0.9999969563  0.002467258944
7  25  1.119279525e-16  -0.0158714179  0.9998740517  -0.01587075156
7  26  4.249600906e-17  -0.03917483435  0.9992327643  -0.03916481506
7  27  -6.624486146e-17  0.1664072034  0.9861862423  0.1656402592
7  28  2.816491779e-17  0.09780875983  0.9952205353  0.09765288562
7  29  -5.790163488e-17  0.03916807636  0.999233029  0.03915806226
7  30  -1.9509494e-16  0.01616436834  0.9998693594  0.01616366443
7  31  -2.107002972e-17  0.007074791393  0.9999749738  0.007074732374
7  32  2.74246883e-17  0.01635381477  0.9998662794  0.01635308581
7  33  -1.137267391e-16  0.06685313213  0.9977661615  0.06680334501
7  34  1.33958803e-16  0.1028427302  0.9947163458  0.1026615378
7  35  -1.710544743e-16  0.04037223688  0.9991851519  0.04036127054
7  36  -1.710544743e-16  0.04037223688  0.9991851519  0.04036127054

8  0  2.522416575e-16  0.2040459229  0.9792547577  0.2026329677
8  1  1.262886997e-16  0.03201142048  0.9994876782  0.03200595358
8  2  2.896340607e-16  0.005156370015  0.999986706  0.005156347166
8  3  2.464871719e-16  0.001343260642  0.9999990978  0.001343260238
8  4  4.405308879e-18  0.001006821936  0.9999994932  0.001006821766
8  5  9.431939395e-17  0.00220938386  0.9999975593  0.002209382062
8  6  6.592069893e-17  0.009602370598  0.9999538976  0.009602223034
8  7  2.16285399e-17  0.06171618169  0.9980961609  0.06167701083
8  8  2.519065117e-16  0.3374705674  0.9435951819  0.3311013934
8  9  -2.320801568e-16  0.2679085973  0.9643266311  0.2647152217
8  10  1.639308657e-16  0.05368632797  0.9985592352  0.05366054237
8  11  -1.84603991e-16  0.01456326188  0.9998939576  0.0145627471
8  12  -1.450638628e-16  0.01575649708  0.999875869  0.01575584512
8  13  6.307358812e-17  0.03783390571  0.9992843832  0.03782488042
8  14  1.839946526e-16  0.09543656402  0.9954493867  0.09529175509
8  15  1.300813531e-16  0.1847633624  0.9829797518  0.1837139287
8  16  1.491614917e-17  0.09118437755  0.9958455844  0.09105806994
8  17  -7.589074818e-17  -1.240548155  0.3242777995  -0.945961896
8  18  -4.403969802e-16  -0.02432421524  0.9997041809  -0.02432181667
8  19  -1.173580009e-16  -0.001502493408  0.9999988713  -0.001502492843
8  20  -1.361652248e-16  -0.004481019805  0.9999899602  -0.004481004809
8  21  -1.145641452e-17  -0.0231099304  0.9997329774  -0.0231078734
8  22  1.112354703e-17  -0.0376947913  0.9992896355  -0.0376858652
8  23  1.641011622e-16  -0.009524490946  0.9999546424  -0.009524346943
8  24  -3.558099526e-17  -0.002031610441  0.9999979363  -0.002031609043
8  25  -4.641547177e-17  -0.004844257216  0.9999882666  -0.004844238269
8  26  -1.035200689e-16  -0.3043999889  0.9540269601  -0.2997208024
8  27  -1.489698909e-16  -0.9395394458  0.5901598867  -0.8072863854
8  28  9.969494586e-17  0.1664072034  0.9861862423  0.1656402592
8  29  5.668197197e-17  0.1413961083  0.9900202139  0.140925427
8  30  -1.362754149e-16  0.06580252133  0.9978357952  0.06575504443
8  31  -1.976486086e-16  0.02585107738  0.9996658795  0.02584819819
8  32  2.256229305e-16  0.01337126973  0.9999106059  0.01337087129
8  33  -7.274009237e-17  0.02839531856  0.99959688  0.02839150288
8  34  -8.305750452e-17  0.1360153798  0.9907641601  0.1355963826
8  35  1.155326145e-16  0.3358423  0.9441330524  0.32956453
8  36  1.155326145e-16  0.3358423  0.9441330524  0.32956453

9  0  8.095059343e-17  0.2206786174  0.9757491302  0.2188918337
9  1  -3.060128584e-17  0.1772387686  0.9843342836  0.1763122743
9  2  6.409951174e-17  0.05001485261  0.998749518  0.04999400332
9  3  -3.51999877e-17  0.01242387467  0.9999228247  0.01242355507
9  4  -7.857636767e-17  0.006276485487  0.9999803029  0.006276444277
9  5  1.815602987e-16  0.007744605261  0.9999700107  0.007744527842
9  6  -1.720562825e-16  0.02241557649  0.9997487815  0.02241369939
9  7  -4.137864969e-17  0.1109534447  0.9938509786  0.110725933
9  8  1.015202503e-17  0.2679085973  0.9643266311  0.2647152217
9  9  -1.190256564e-17  0.1071432021  0.994265656  0.106938325
9  10  4.461672267e-16  0.03128526114  0.9995106561  0.03128015789
9  11  2.844105977e-17  0.01690273677  0.9998571521  0.01690193193
9  12  -2.854831827e-16  0.023127006  0.9997325827  0.02312494444
9  13  1.400030903e-16  0.05481289579  0.9984981493  0.05478545278
9  14  4.528695381e-16  0.1289367759  0.9916991634  0.128579817
9  15  5.624197279e-16  0.1880825672  0.9823645539  0.1869756218
9  16  -1.605578085e-17  0.103504167  0.9946482241  0.1033194573
9  17  -2.57524694e-17  -0.3669345713  0.9334314697  -0.3587557544
9  18  -7.954953436e-17  -0.02630506036  0.9996540418  -0.02630202681
9  19  1.819952115e-16  -0.002067227902  0.9999978633  -0.00206722643
9  20  -2.058860247e-16  -0.003652076749  0.9999933312  -0.00365206863
9  21  3.163027152e-17  -0.01558074646  0.9998786226  -0.01558011608
9  22  -2.582413833e-17  -0.05819800628  0.998306974  -0.05816515899
9  23  1.326948461e-16  -0.03349229428  0.9994391855  -0.03348603306
9  24  3.004027166e-16  -0.007023470081  0.9999753355  -0.007023412337
9  25  -8.247206745e-18  -0.002201904634  0.9999975758  -0.002201902855
9  26  -2.055485004e-16  -0.007221650959  0.999973924  -0.007221588189
9  27  -2.114564971e-16  -0.3043999889  0.9540269601  -0.2997208024
9  28  4.595874546e-17  -0.03917483435  0.9992327643  -0.03916481506
9  29  -2.615037934e-16  0.1622718322  0.9868627918  0.1615606083
9  30  -2.723655069e-16  0.1580597186  0.987534547  0.1574024092
9  31  -3.190561441e-16  0.08634881366  0.996274257  0.08624154917
9  32  2.601547553e-16  0.03654510969  0.9993323018  0.03653697563
9  33  2.102817046e-16  0.01907529051  0.9998180722  0.01907413373
9  34  -6.463573293e-17  0.02367858293  0.9997196755  0.02367637032
9  35  -1.526216589e-17  0.07070563627  0.9975013977  0.07064673803
9  36  -1.526216589e-17  0.07070563627  0.9975013977  0.07064673803

10  0  -1.33015585e-16  0.02677607233  0.9996415424  0.0267728729
10  1  -1.402581013e-16  0.04936502473  0.9987817946  0.04934497752
10  2  1.648570544e-16  0.05080940419  0.9987094799  0.05078754546
10  3  -9.869531181e-17  0.02179692392  0.9997624565  0.02179519799
10  4  -8.404411452e-17  0.006586993214  0.9999783058  0.006586945581
10  5  -2.739279708e-16  0.004567110761  0.9999895708  0.004567094884
10  6  -3.471393608e-17  0.01335928607  0.9999107661  0.0133588887
10  7  -2.571092676e-17  0.04106920267  0.9991567788  0.04105765855
10  8  -2.067416402e-16  0.05368632797  0.9985592352  0.05366054237
10  9  1.025617543e-16  0.03128526114  0.9995106561  0.03128015789
10  10  -5.847925921e-18  0.01928407419  0.999814068  0.019282879
10  11  -1.201320682e-16  0.01966323152  0.9998066849  0.01966196444
10  12  -5.121481175e-16  0.03164103426  0.9994994642  0.03163575493
10  13  6.853239195e-18  0.05839920449  0.998295251  0.05836601538
10  14  8.796283251e-17  0.08705433987  0.9962131634  0.08694442525
10  15  2.421510697e-16  0.08177359075  0.9966584026  0.08168248564
10  16  -2.344581622e-16  0.04917136954  0.9987913318  0.04915155732
10  17  1.872662724e-17  0.0001903279084  0.9999999819  0.0001903279072
10  18  -7.359369891e-17  -0.007950065715  0.9999683984  -0.00794998197
10  19  -1.578846976e-16  -0.001670679284  0.9999986044  -0.001670678507
10  20  -2.777970198e-16  -0.003443356123  0.9999940717  -0.003443349318
10  21  -6.123456434e-17  -0.01238653309  0.9999232879  -0.01238621636
10  22  -1.578710521e-16  -0.06078687251  0.9981530469  -0.0607494444
10  23  -2.460705949e-17  -0.09887139534  0.995116204  -0.09871038696
10  24  1.133000791e-16  -0.02693099499  0.9996373827  -0.0269277397
10  25  8.980049414e-17  -0.006349493531  0.999979842  -0.006349450866
10  26  1.812836367e-16  -0.002201904634  0.9999975758  -0.002201902855
10  27  1.440682094e-16  -0.004844257216  0.9999882666  -0.004844238269
10  28  2.856554767e-17  -0.0158714179  0.9998740517  -0.01587075157
10  29  2.105208236e-17  0.03743673237  0.9992993274  0.03742798834
10  30  -2.782044732e-16  0.06934275604  0.9975967543  0.0692871979
10  31  3.608460162e-17  0.08538181942  0.9963571863  0.08527811753
10  32  1.402561214e-16  0.06983479033  0.9975625419  0.06977804131
10  33  -1.419783825e-17  0.04285134496  0.9990820216  0.04283823196
10  34  1.702330498e-16  0.02507721273  0.9996855832  0.02507458444
10  35  -6.881614505e-17  0.01967776829  0.999806399  0.01967649839
10  36  -6.881614505e-17  0.01967776829  0.999806399  0.01967649839

11  0  7.472920349e-17  0.02366157575  0.999720078  0.02365936791
11  1  -1.36602023e-16  0.01915485736  0.9998165513  0.01915368603
11  2  -3.437271587e-17  0.01729816916  0.9998503904  0.01729730649
11  3  -1.435539651e-16  0.01226195961  0.9999248231  0.01226165233
11  4  -6.166822027e-18  0.004951169092  0.999987743  0.004951148863
11  5  -2.142267264e-16  0.001131263103  0.9999993601  0.001131262861
11  6  1.98844005e-16  0.002497478817  0.9999968813  0.002497476221
11  7  -1.781801236e-16  0.008483493147  0.9999640154  0.008483391388
11  8  -3.734798492e-17  0.01456326188  0.9998939576  0.0145627471
11  9  2.183786667e-16  0.01690273677  0.9998571521  0.01690193193
11  10  -2.496830288e-16  0.01966323152  0.9998066849  0.01966196444
11  11  -2.358527069e-16  0.02725168911  0.9996286957  0.02724831614
11  12  3.670722413e-18  0.03999812397  0.9992001817  0.03998745966
11  13  1.560318353e-16  0.05067549469  0.9987162719  0.05065380832
11  14  -1.469314391e-16  0.04797853309  0.998849251  0.04796012793
11  15  2.030946186e-16  0.03476660781  0.9993957024  0.0347596044
11  16  1.423881422e-16  0.02366214552  0.9997200645  0.02365993752
11  17  -3.067905907e-17  0.02277624669  0.9997406325  0.02277427751
11  18  -6.715190012e-17  0.01301547483  0.9999152999  0.01301510736
11  19  1.748340498e-16  -4.107205677e-05  0.9999999992  -4.107205676e-05
11  20  1.503381591e-17  -0.003649968431  0.9999933389  -0.003649960327
11  21  4.74631948e-17  -0.01285178902  0.9999174169  -0.01285143523
11  22  -1.304449787e-16  -0.05915751372  0.9982507045  -0.05912301504
11  23  5.507033607e-17  -0.1989371666  0.9802771766  -0.1976275713
11  24  -2.236275803e-17  -0.1201027386  0.9927963315  -0.1198142065
11  25  1.498370148e-16  -0.02693099499  0.9996373827  -0.0269277397
11  26  -2.034299617e-16  -0.007023470081  0.9999753355  -0.007023412337
11  27  -2.114498188e-16  -0.002031610441  0.9999979363  -0.002031609043
11  28  2.570034589e-17  0.002467261447  0.9999969563  0.002467258944
11  29  1.433552688e-16  0.02256954487  0.9997453186  0.02256762882
11  30  -2.857718469e-17  0.02380930378  0.9997165719  0.02380705433
11  31  6.592125907e-17  0.02952093549  0.9995642888  0.02951664783
11  32  -1.410995748e-16  0.04174822469  0.9991286694  0.04173609848
11  33  -9.86181443e-17  0.04917772432  0.9987910194  0.04915790442
11  34  3.107095692e-16  0.04468137041  0.9990019536  0.04466650473
11  35  -2.239500761e-16  0.03328720681  0.9994460321  0.0332810599
11  36  -2.239500761e-16  0.03328720681  0.9994460321  0.0332810599

12  0  -1.285894323e-16  0.04167796893  0.9991315992  0.04166590384
12  1  -2.470350358e-17  0.03578647412  0.9993597325  0.03577883615
12  2  1.084773408e-16  0.02789123264  0.9996110648  0.02788761658
12  3  2.390425958e-16  0.02015789249  0.9997968366  0.02015652736
12  4  -1.760697495e-16  0.0132384852  0.9999123725  0.01323809852
12  5  -5.677891245e-17  0.008385475423  0.9999648421  0.008385377151
12  6  -1.861533407e-16  0.007196193526  0.9999741075  0.007196131417
12  7  -5.159787016e-17  0.01001393671  0.999949861  0.01001376934
12  8  1.102848817e-16  0.01575649708  0.999875869  0.01575584512
12  9  1.210780654e-16  0.023127006  0.9997325827  0.02312494444
12  10  -4.40253594e-17  0.03164103426  0.9994994642  0.03163575493
12  11  1.430891469e-16  0.03999812397  0.9992001817  0.03998745966
12  12  1.280768929e-17  0.04403321336  0.9990306947  0.04401898523
12  13  -9.511702966e-17  0.03959744647  0.9992161235  0.03958709943
12  14  -9.356977652e-17  0.0291597509  0.9995748846  0.02915561869
12  15  -2.093240978e-17  0.01946653056  0.9998105331  0.01946530112
12  16  -1.356743137e-16  0.01455025702  0.9998941469  0.01454974362
12  17  -2.30934466e-16  0.01843218833  0.999830132  0.01843114464
12  18  2.363380998e-16  0.0223921804  0.9997493056  0.02239030917
12  19  4.095194636e-16  0.00307643428  0.9999952678  0.003076429427
12  20  5.28367283e-17  -0.004479435452  0.9999899673  -0.004479420471
12  21  -6.908637776e-17  -0.01725071596  0.9998512101  -0.01724986037
12  22  -1.228601269e-16  -0.06461921435  0.997912905  -0.06457425261
12  23  -1.179350129e-16  -0.1760764645  0.9845385472  -0.1751680597
12  24  -1.291877215e-16  -0.1989371666  0.9802771766  -0.1976275713
12  25  1.584231554e-16  -0.09887139534  0.995116204  -0.09871038696
12  26  1.230937633e-16  -0.03349229428  0.9994391855  -0.03348603306
12  27  1.715369685e-16  -0.009524490946  0.9999546424  -0.009524346943
12  28  1.057299481e-16  -0.001786794194  0.9999984037  -0.001786793244
12  29  7.930240555e-17  0.01117500467  0.9999375603  0.01117477208
12  30  -1.469228426e-16  0.02491299852  0.9996896873  0.02491042152
12  31  2.112356464e-16  0.01593496699  0.9998730411  0.01593429262
12  32  -1.60721436e-16  0.01683809417  0.9998582426  0.01683729852
12  33  -1.843536328e-16  0.02428249354  0.9997051947  0.02428010729
12  34  5.585062754e-17  0.03442844566  0.9994073996  0.03442164462
12  35  1.739608952e-16  0.04168033191  0.9991315007  0.04166826476
12  36  1.739608952e-16  0.04168033191  0.9991315007  0.04166826476

13  0  -2.125994508e-16  0.03360069262  0.9994355498  0.03359437041
13  1  -5.003501719e-17  0.04427832993  0.9990198749  0.04426386288
13  2  1.748496124e-16  0.0529909091  0.9985963103  0.05296611252
13  3  -2.859140115e-17  0.05685719585  0.998384065  0.05682656671
13  4  -2.542445539e-16  0.04852025889  0.9988231232  0.04850122328
13  5  -9.634120254e-17  0.03137174516  0.9995079472  0.03136659948
13  6  -2.227882892e-16  0.02152213057  0.9997684079  0.02152046909
13  7  -3.009244113e-16  0.02388558249  0.999714753  0.02388331135
13  8  3.485418082e-17  0.03783390571  0.9992843832  0.03782488042
13  9  3.530415991e-16  0.05481289579  0.9984981493  0.05478545278
13  10  1.497326233e-16  0.05839920448  0.998295251  0.05836601538
13  11  -1.015284187e-16  0.05067549469  0.9987162719  0.05065380832
13  12  -1.758217785e-16  0.03959744647  0.9992161235  0.03958709943
13  13  -7.117083007e-17  0.02787393478  0.999611547  0.02787032545
13  14  2.644888341e-16  0.0176621267  0.9998440287  0.01766120843
13  15  6.225537751e-17  0.01087816303  0.9999408334  0.01087794849
13  16  -1.2436811e-16  0.008543534396  0.9999635042  0.008543430461
13  17  -1.580388994e-16  0.0129383514  0.9999163007  0.01293799042
13  18  3.784911625e-16  0.02215659745  0.9997545526  0.02215478466
13  19  1.301302461e-16  0.005731656259  0.9999835741  0.005731624876
13  20  2.264370257e-16  -0.006831128999  0.9999766679  -0.006831075871
13  21  -6.667392593e-17  -0.02570923135  0.9996695359  -0.02570639929
13  22  -3.386611533e-16  -0.05654128886  0.9984019671  -0.05651116737
13  23  -2.41135521e-16  -0.06461921435  0.997912905  -0.06457425261
13  24  -3.66378038e-16  -0.05915751373  0.9982507045  -0.05912301504
13  25  -6.009885964e-17  -0.06078687251  0.9981530469  -0.0607494444
13  26  2.780908495e-17  -0.05819800628  0.998306974  -0.05816515899
13  27  6.258297473e-17  -0.0376947913  0.9992896355  -0.0376858652
13  28  1.318654243e-16  -0.01446966835  0.9998953162  -0.01446916344
13  29  1.045949125e-16  -0.002412014137  0.9999970911  -0.002412011798
13  30  -2.48389979e-16  0.01597067157  0.9998724715  0.01596999266
13  31  3.732493656e-16  0.02042900297  0.9997913352  0.02042758201
13  32  3.035278782e-16  0.01037073564  0.9999462244  0.01037054974
13  33  1.928864951e-16  0.00945172533  0.9999553328  0.009451584602
13  34  1.397966906e-16  0.01408314105  0.9999008342  0.01408267553
13  35  1.897752962e-16  0.02272246374  0.9997418559  0.02272050848
13  36  1.897752962e-16  0.02272246374  0.9997418559  0.02272050848

14  0  -1.580564943e-16  0.01308808741  0.9999143522  0.01308771376
14  1  -6.967736936e-17  0.02337135477  0.9997269023  0.02336922718
14  2  -9.65302652e-17  0.03751186479  0.9992965125  0.03750306801
14  3  -8.099277755e-17  0.06322730372  0.9980018198  0.06318518492
14  4  -1.094447152e-16  0.1056126633  0.9944281646  0.1054164382
14  5  -3.136927213e-16  0.1190768367  0.9929187267  0.1187956319
14  6  3.226595205e-18  0.07628828173  0.9970914601  0.07621430487
14  7  -3.380134486e-16  0.06047638836  0.9981718605  0.06043953077
14  8  -1.412827262e-16  0.09543656402  0.9954493867  0.09529175509
14  9  -1.989782464e-16  0.1289367759  0.9916991634  0.128579817
14  10  -3.362814424e-17  0.08705433987  0.9962131634  0.08694442525
14  11  1.197012555e-16  0.04797853309  0.998849251  0.04796012793
14  12  -3.309592565e-17  0.0291597509  0.9995748846  0.02915561869
14  13  5.836006432e-18  0.0176621267  0.9998440287  0.01766120843
14  14  1.906080639e-16  0.008605182131  0.9999629756  0.008605075931
14  15  1.225819834e-16  0.00209346797  0.9999978087  0.002093466441
14  16  1.683246517e-16  -0.0001677295897  0.9999999859  -0.0001677295889
14  17  2.189413643e-16  0.004338589045  0.9999905883  0.004338575434
14  18  1.108542808e-16  0.01503032682  0.9998870468  0.01502976091
14  19  1.301491126e-16  0.001732801983  0.9999984987  0.001732801116
14  20  1.142092987e-16  -0.01218033242  0.9999258207  -0.01218003124
14  21  -3.797319331e-16  -0.02499483822  0.9996876453  -0.02499223575
14  22  1.679961065e-16  -0.02570923135  0.9996695359  -0.02570639929
14  23  6.049667911e-17  -0.01725071596  0.9998512101  -0.01724986037
14  24  1.812905891e-17  -0.01285178902  0.9999174169  -0.01285143523
14  25  -1.611445516e-17  -0.01238653309  0.9999232879  -0.01238621636
14  26  -1.715198084e-16  -0.01558074646  0.9998786226  -0.01558011608
14  27  -1.164970118e-16  -0.0231099304  0.9997329774  -0.0231078734
14  28  -7.319111215e-18  -0.02700617533  0.9996353554  -0.0270028927
14  29  2.738857838e-16  -0.01805571681  0.999837  -0.01805473577
14  30  -4.257283025e-17  -0.007539717352  0.9999715765  -0.007539645916
14  31  1.929712544e-17  0.01396298523  0.9999025191  0.01396253152
14  32  1.132783466e-16  0.01275709527  0.9999186294  0.01275674925
14  33  1.040432793e-16  0.001728201718  0.9999985067  0.001728200858
14  34  -6.86072938e-17  0.0004423845105  0.9999999021  0.0004423844961
14  35  -1.73646691e-16  0.004995609592  0.999987522  0.004995588814
14  36  -1.73646691e-16  0.004995609592  0.999987522  0.004995588814

15  0  2.86503386e-16  -0.002727866215  0.9999962794  -0.002727862832
15  1  2.291185286e-16  0.006606960146  0.9999781741  0.006606912078
15  2  -2.253092188e-16  0.01528911939  0.9998831237  0.01528852374
15  3  -1.964120749e-16  0.02646559341  0.9996498066  0.02646250398
15  4  -1.995494925e-16  0.05457316638  0.9985112543  0.05454608184
15  5  -2.678923011e-16  0.1311273774  0.991415117  0.1307519245
15  6  7.049075066e-17  0.1950592295  0.9810361911  0.1938246416
15  7  1.166247334e-16  0.1569879073  0.9877026855  0.1563438683
15  8  -7.955664285e-17  0.1847633624  0.9829797518  0.1837139287
15  9  -8.554032725e-17  0.1880825672  0.9823645539  0.1869756218
15  10  -1.131748243e-16  0.08177359075  0.9966584026  0.08168248564
15  11  7.048311043e-17  0.03476660781  0.9993957024  0.0347596044
15  12  -7.385458369e-17  0.01946653056  0.9998105331  0.01946530112
15  13  -3.504816256e-17  0.01087816303  0.9999408334  0.01087794849
15  14  -1.162137758e-16  0.00209346797  0.9999978087  0.002093466441
15  15  6.430221666e-17  -0.006841769484  0.9999765952  -0.006841716107
15  16  1.15399841e-16  -0.01192759406  0.9999288671  -0.01192731125
15  17  2.374690633e-16  -0.00834757003  0.9999651592  -0.008347473085
15  18  -1.500200992e-16  0.00422294784  0.9999910834  0.004222935289
15  19  -9.360866957e-17  -0.01414222432  0.9999000004  -0.01414175291
15  20  -2.32497562e-17  -0.02007274524  0.9997985492  -0.02007139733
15  21  -1.39042729e-16  -0.01218033242  0.9999258207  -0.01218003124
15  22  2.139621438e-16  -0.006831128999  0.9999766679  -0.006831075871
15  23  -9.918191298e-17  -0.004479435452  0.9999899673  -0.004479420471
15  24  -1.804283791e-17  -0.003649968431  0.9999933389  -0.003649960327
15  25  2.349017567e-17  -0.003443356122  0.9999940717  -0.003443349318
15  26  -9.349728489e-17  -0.003652076749  0.9999933312  -0.003652068631
15  27  8.794770646e-17  -0.004481019805  0.9999899602  -0.004481004809
15  28  5.394850278e-17  -0.006825311909  0.9999767076  -0.006825258916
15  29  5.187595581e-17  -0.01242851456  0.999922767  -0.01242819459
15  30  -1.226743413e-17  -0.02092412517  0.9997810985  -0.02092259838
15  31  -3.096651573e-16  -0.02524673141  0.9996813182  -0.02524404946
15  32  -4.109530726e-17  0.008061696012  0.9999675047  0.008061608689
15  33  3.028427219e-17  0.004009051764  0.9999919638  0.004009041025
15  34  -2.316936588e-16  -0.01045652506  0.999945331  -0.01045633451
15  35  -1.675449076e-16  -0.01011492503  0.9999488446  -0.01011475255
15  36  -1.675449076e-16  -0.01011492503  0.9999488446  -0.01011475255

16  0  -5.741096352e-17  -0.0161145186  0.999870164  -0.01611382118
16  1  4.917814113e-18  -0.006191618713  0.999980832  -0.006191579152
16  2  -2.587391001e-17  0.004570408345  0.9999895557  0.004570392433
16  3  -1.059517011e-16  0.01175249207  0.9999309403  0.01175222153
16  4  -2.695195463e-17  0.01893208394  0.9998207935  0.01893095301
16  5  -1.538598576e-16  0.0362835417  0.9993418245  0.03627558103
16  6  3.369404536e-17  0.08514525592  0.9963773321  0.0850424134
16  7  -2.479895576e-17  0.1179354054  0.9930536769  0.1176622062
16  8  -1.52204751e-16  0.09118437755  0.9958455844  0.09105806994
16  9  -1.93491187e-17  0.103504167  0.9946482241  0.1033194573
16  10  -2.257520657e-16  0.04917136954  0.9987913318  0.04915155732
16  11  5.408075686e-17  0.02366214552  0.9997200645  0.02365993752
16  12  -8.070462923e-17  0.01455025702  0.9998941469  0.01454974362
16  13  2.929072395e-17  0.008543534396  0.9999635042  0.008543430461
16  14  -4.430201259e-17  -0.0001677295898  0.9999999859  -0.000167729589
16  15  -4.275898281e-17  -0.01192759406  0.9999288671  -0.01192731125
16  16  2.352256827e-16  -0.01884095663  0.9998225144  -0.01883984195
16  17  4.538907786e-16  -0.009328925084  0.9999564859  -0.009328789771
16  18  9.656795144e-17  0.04258113187  0.9990935606  0.04256826535
16  19  1.199415707e-16  0.00100253446  0.9999994975  0.001002534292
16  20  2.293404713e-16  -0.01414222432  0.9999000004  -0.01414175291
16  21  -8.062457628e-17  0.001732801983  0.9999984987  0.001732801116
16  22  -4.593917647e-17  0.005731656259  0.9999835741  0.005731624876
16  23  -2.495423207e-16  0.00307643428  0.9999952678  0.003076429427
16  24  -2.668639121e-16  -4.107205683e-05  0.9999999992  -4.107205682e-05
16  25  -7.470812161e-17  -0.001670679284  0.9999986044  -0.001670678507
16  26  9.399314655e-17  -0.002067227902  0.9999978633  -0.00206722643
16  27  9.175856172e-17  -0.001502493408  0.9999988713  -0.001502492843
16  28  3.077673222e-17  0.0002021598357  0.9999999796  0.0002021598343
16  29  -6.822570051e-17  0.002457031428  0.9999969815  0.002457028956
16  30  -1.940665713e-16  0.0003557709013  0.9999999367  0.0003557708938
16  31  1.971793114e-16  -0.016825592  0.9998584531  -0.01682479812
16  32  -1.16441052e-17  -0.04302744555  0.9990744623  -0.04301417022
16  33  -9.011355458e-17  0.04611585444  0.9989368524  0.04609951062
16  34  1.931973397e-16  0.04629213165  0.9989287106  0.04627559971
16  35  1.012048e-16  -0.0135738789  0.9999078763  -0.01357346208
16  36  1.012048e-16  -0.0135738789  0.9999078763  -0.01357346208

17  0  1.394327366e-16  0.08877745665  0.9960618691  0.08866088695
17  1  -1.473171026e-16  -0.01039849577  0.9999459361  -0.01039830838
17  2  -1.012954709e-18  -0.002186732379  0.9999976091  -0.002186730636
17  3  2.298631033e-16  0.009007996911  0.9999594283  0.009007875088
17  4  1.439964611e-16  0.0157048178  0.9998766819  0.01570417224
17  5  5.838375416e-17  0.02157646354  0.9997672371  0.02157478945
17  6  1.437467879e-17  0.02351584744  0.9997235152  0.02351368014
17  7  -1.649879036e-16  -0.09478014988  0.9955117231  -0.09463830755
17  8  -2.091034083e-16  -1.240548155  0.3242777995  -0.945961896
17  9  -3.079246665e-16  -0.3669345713  0.9334314697  -0.3587557544
17  10  -2.510460758e-16  0.0001903279087  0.9999999819  0.0001903279076
17  11  -1.898802019e-16  0.02277624669  0.9997406325  0.02277427751
17  12  -3.831627593e-17  0.01843218833  0.999830132  0.01843114464
17  13  3.00786983e-16  0.0129383514  0.9999163007  0.01293799042
17  14  -1.681079548e-16  0.004338589045  0.9999905883  0.004338575434
17  15  -1.661675175e-16  -0.00834757003  0.9999651592  -0.008347473085
17  16  5.658898589e-17  -0.009328925084  0.9999564859  -0.009328789771
17  17  2.76632912e-17  0.1858617145  0.9827773763  0.1847934755
17  18  -2.76089827e-16  0.7288094836  0.7459677933  0.6659820203
17  19  5.760982641e-18  0.04258113187  0.9990935606  0.04256826535
17  20  8.660344749e-17  0.00422294784  0.9999910834  0.004222935289
17  21  2.399997467e-16  0.01503032682  0.9998870468  0.01502976091
17  22  1.174691753e-16  0.02215659745  0.9997545526  0.02215478466
17  23  2.96120235e-16  0.0223921804  0.9997493056  0.02239030918
17  24  2.511425639e-17  0.01301547483  0.9999152999  0.01301510736
17  25  -2.359873626e-16  -0.007950065715  0.9999683984  -0.00794998197
17  26  -2.439575546e-16  -0.02630506036  0.9996540418  -0.02630202681
17  27  -1.598506056e-16  -0.02432421524  0.9997041809  -0.02432181667
17  28  1.391901869e-16  -0.002099968404  0.9999977951  -0.00209996686
17  29  -7.819780738e-18  0.01884894361  0.9998223639  0.01884782751
17  30  -2.698934877e-16  0.02391322248  0.9997140925  0.02391094344
17  31  -5.955566071e-17  0.01877188002  0.9998238134  0.01877077756
17  32  1.235454914e-16  0.006445669925  0.9999792267  0.006445625293
17  33  2.073120798e-16  -0.001752873751  0.9999984637  -0.001752872853
17  34  2.340708288e-16  0.1270321428  0.9919422619  0.1266907619
17  35  4.35155995e-17  0.7461758543  0.7342901983  0.6788356978
17  36  4.35155995e-17  0.7461758543  0.7342901983  0.6788356978

18  0  9.687664872e-17  0.7461758543  0.7342901984  0.6788356978
18  1  -2.073203704e-17  0.1270321428  0.9919422619  0.1266907619
18  2  -1.434724812e-16  -0.001752873752  0.9999984637  -0.001752872854
18  3  -2.283419598e-16  0.006445669925  0.9999792267  0.006445625292
18  4  -8.724748018e-17  0.01877188002  0.9998238134  0.01877077756
18  5  -2.196282023e-16  0.02391322248  0.9997140925  0.02391094344
18  6  -1.862025481e-16  0.01884894361  0.9998223639  0.01884782751
18  7  2.216234055e-17  -0.002099968403  0.9999977951  -0.00209996686
18  8  3.623113372e-18  -0.02432421524  0.9997041809  -0.02432181667
18  9  -1.676863036e-16  -0.02630506036  0.9996540418  -0.02630202681
18  10  -1.144245898e-16  -0.007950065715  0.9999683984  -0.00794998197
18  11  -1.229380063e-17  0.01301547483  0.9999152999  0.01301510736
18  12  2.955527973e-16  0.0223921804  0.9997493056  0.02239030917
18  13  -2.461735711e-16  0.02215659745  0.9997545526  0.02215478466
18  14  7.302565891e-17  0.01503032682  0.9998870468  0.01502976091
18  15  6.467931395e-17  0.00422294784  0.9999910834  0.004222935289
18  16  3.24176067e-17  0.04258113187  0.9990935606  0.04256826535
18  17  -1.371506248e-16  0.7288094836  0.7459677933  0.6659820203
18  18  -4.594376877e-16  0.1858617145  0.9827773763  0.1847934755
18  19  -1.149933212e-16  -0.009328925084  0.9999564859  -0.009328789771
18  20  -2.111570896e-16  -0.00834757003  0.9999651592  -0.008347473085
18  21  -1.397342561e-16  0.004338589045  0.9999905883  0.004338575433
18  22  -9.065670602e-17  0.0129383514  0.9999163007  0.01293799042
18  23  3.009318869e-16  0.01843218833  0.999830132  0.01843114464
18  24  2.09317284e-16  0.02277624669  0.9997406325  0.02277427751
18  25  -7.162916813e-17  0.0001903279091  0.9999999819  0.0001903279079
18  26  -4.645489655e-16  -0.3669345713  0.9334314697  -0.3587557544
18  27  -2.095022229e-16  -1.240548155  0.3242777995  -0.945961896
18  28  -1.373617766e-16  -0.09478014988  0.9955117231  -0.09463830755
18  29  -6.025193014e-17  0.02351584744  0.9997235152  0.02351368014
18  30  -4.500976544e-16  0.02157646354  0.9997672371  0.02157478945
18  31  -1.291552312e-16  0.0157048178  0.9998766819  0.01570417224
18  32  -4.671539788e-17  0.009007996912  0.9999594283  0.009007875088
18  33  -1.838397487e-16  -0.002186732379  0.9999976091  -0.002186730636
18  34  -3.235005166e-16  -0.01039849577  0.9999459361  -0.01039830838
18  35  5.179233616e-17  0.08877745666  0.9960618691  0.08866088695
18  36  5.179233616e-17  0.08877745666  0.9960618691  0.08866088695

19  0  3.519782931e-17  -0.0135738789  0.9999078763  -0.01357346208
19  1  3.161011512e-16  0.04629213165  0.9989287106  0.04627559971
19  2  1.038972055e-16  0.04611585443  0.9989368524  0.04609951062
19  3  4.691469933e-17  -0.04302744555  0.9990744623  -0.04301417022
19  4  1.993009817e-16  -0.016825592  0.9998584531  -0.01682479812
19  5  -1.089565287e-16  0.0003557709012  0.9999999367  0.0003557708937
19  6  -1.05414305e-16  0.002457031428  0.9999969815  0.002457028956
19  7  1.519199865e-16  0.0002021598357  0.9999999796  0.0002021598343
19  8  1.382673347e-16  -0.001502493408  0.9999988713  -0.001502492843
19  9  -1.002349095e-16  -0.002067227902  0.9999978633  -0.00206722643
19  10  1.067966382e-16  -0.001670679284  0.9999986044  -0.001670678507
19  11  1.770339235e-16  -4.107205683e-05  0.9999999992  -4.107205682e-05
19  12  -3.483309044e-17  0.00307643428  0.9999952678  0.003076429427
19  13  -2.636790025e-16  0.005731656259  0.9999835741  0.005731624876
19  14  2.054438437e-16  0.001732801983  0.9999984987  0.001732801116
19  15  -2.087290246e-16  -0.01414222432  0.9999000004  -0.01414175291
19  16  -1.361656132e-16  0.001002534459  0.9999994975  0.001002534291
19  17  -4.902457388e-17  0.04258113187  0.9990935606  0.04256826535
19  18  1.353144037e-17  -0.009328925084  0.9999564859  -0.009328789771
19  19  2.818561608e-16  -0.01884095663  0.9998225144  -0.01883984195
19  20  -4.419608379e-17  -0.01192759406  0.9999288671  -0.01192731125
19  21  -4.511904079e-17  -0.0001677295898  0.9999999859  -0.000167729589
19  22  -4.31228951e-16  0.008543534396  0.9999635042  0.008543430461
19  23  -3.575105968e-16  0.01455025702  0.9998941469  0.01454974362
19  24  -4.863225961e-17  0.02366214552  0.9997200645  0.02365993752
19  25  -2.125570382e-16  0.04917136954  0.9987913318  0.04915155732
19  26  -1.144376377e-16  0.103504167  0.9946482241  0.1033194573
19  27  -3.015380967e-16  0.09118437755  0.9958455844  0.09105806994
19  28  -1.381100027e-16  0.1179354054  0.9930536769  0.1176622062
19  29  2.334304555e-17  0.08514525592  0.9963773321  0.0850424134
19  30  -1.473708248e-16  0.0362835417  0.9993418245  0.03627558104
19  31  -1.479728114e-17  0.01893208394  0.9998207935  0.01893095301
19  32  -1.96339089e-16  0.01175249207  0.9999309403  0.01175222153
19  33  -2.218994785e-16  0.004570408345  0.9999895557  0.004570392433
19  34  -1.596689681e-16  -0.006191618713  0.999980832  -0.006191579152
19  35  -2.57537288e-16  -0.0161145186  0.999870164  -0.01611382118
19  36  -2.57537288e-16  -0.0161145186  0.999870164  -0.01611382118

20  0  -9.600420481e-17  -0.01011492503  0.9999488446  -0.01011475255
20  1  1.726821685e-16  -0.01045652506  0.999945331  -0.01045633451
20  2  -2.814741057e-16  0.004009051763  0.9999919638  0.004009041024
20  3  1.469730476e-16  0.008061696012  0.9999675047  0.008061608689
20  4  1.218969835e-17  -0.02524673141  0.9996813182  -0.02524404946
20  5  2.287957089e-17  -0.02092412517  0.9997810985  -0.02092259838
20  6  -1.491376184e-16  -0.01242851456  0.999922767  -0.01242819459
20  7  -1.18770771e-16  -0.006825311909  0.9999767076  -0.006825258916
20  8  3.68277174e-16  -0.004481019805  0.9999899602  -0.004481004809
20  9  1.080882824e-17  -0.003652076749  0.9999933312  -0.00365206863
20  10  1.910427422e-16  -0.003443356123  0.9999940717  -0.003443349318
20  11  -9.015902276e-18  -0.003649968431  0.9999933389  -0.003649960327
20  12  -1.046789531e-16  -0.004479435452  0.9999899673  -0.004479420471
20  13  9.303985571e-17  -0.006831128999  0.9999766679  -0.006831075871
20  14  1.318021732e-17  -0.01218033242  0.9999258207  -0.01218003124
20  15  -1.575991015e-16  -0.02007274524  0.9997985492  -0.02007139733
20  16  -1.9155199e-16  -0.01414222432  0.9999000004  -0.01414175291
20  17  3.894586704e-17  0.00422294784  0.9999910834  0.004222935289
20  18  3.991481715e-17  -0.00834757003  0.9999651592  -0.008347473085
20  19  2.380449015e-17  -0.01192759406  0.9999288671  -0.01192731125
20  20  -2.126321901e-16  -0.006841769484  0.9999765952  -0.006841716107
20  21  1.131281042e-16  0.00209346797  0.9999978087  0.002093466441
20  22  3.016736136e-17  0.01087816303  0.9999408334  0.01087794849
20  23  1.181362808e-16  0.01946653056  0.9998105331  0.01946530112
20  24  1.962271483e-16  0.03476660781  0.9993957024  0.0347596044
20  25  1.802479327e-16  0.08177359075  0.9966584026  0.08168248564
20  26  -1.392220911e-16  0.1880825672  0.9823645539  0.1869756218
20  27  -5.774119803e-17  0.1847633624  0.9829797518  0.1837139287
20  28  7.663732813e-17  0.1569879073  0.9877026855  0.1563438683
20  29  -1.031625303e-16  0.1950592295  0.9810361911  0.1938246416
20  30  -2.345993546e-16  0.1311273774  0.991415117  0.1307519245
20  31  -6.43604361e-17  0.05457316638  0.9985112543  0.05454608184
20  32  -9.262480995e-17  0.02646559341  0.9996498066  0.02646250398
20  33  -8.46323309e-17  0.01528911939  0.9998831237  0.01528852374
20  34  6.75602622e-18  0.006606960146  0.9999781741  0.006606912078
20  35  5.994513978e-17  -0.002727866216  0.9999962794  -0.002727862832
20  36  5.994513978e-17  -0.002727866216  0.9999962794  -0.002727862832

21  0  -2.468680006e-17  0.004995609592  0.999987522  0.004995588814
21  1  -2.595807878e-16  0.0004423845106  0.9999999021  0.0004423844961
21  2  -4.470506771e-17  0.001728201718  0.9999985067  0.001728200858
21  3  3.437990876e-16  0.01275709527  0.9999186294  0.01275674925
21  4  1.031019244e-16  0.01396298523  0.9999025191  0.01396253152
21  5  -3.10132239e-16  -0.007539717352  0.9999715765  -0.007539645917
21  6  -1.17348135e-16  -0.01805571681  0.999837  -0.01805473577
21  7  4.252475702e-17  -0.02700617533  0.9996353554  -0.02700289269
21  8  3.107979357e-16  -0.0231099304  0.9997329774  -0.0231078734
21  9  2.483505954e-16  -0.01558074646  0.9998786226  -0.01558011608
21  10  2.216413516e-16  -0.01238653309  0.9999232879  -0.01238621636
21  11  1.686277564e-16  -0.01285178902  0.9999174169  -0.01285143523
21  12  -2.022628176e-17  -0.01725071596  0.9998512101  -0.01724986037
21  13  2.139815318e-16  -0.02570923135  0.9996695359  -0.02570639929
21  14  2.145709919e-16  -0.02499483822  0.9996876453  -0.02499223575
21  15  9.397485136e-17  -0.01218033242  0.9999258207  -0.01218003124
21  16  9.697566054e-17  0.001732801983  0.9999984987  0.001732801116
21  17  8.40845584e-17  0.01503032682  0.9998870468  0.01502976091
21  18  2.02142822e-16  0.004338589045  0.9999905883  0.004338575434
21  19  -2.675919423e-16  -0.0001677295898  0.9999999859  -0.000167729589
21  20  -6.641747707e-17  0.00209346797  0.9999978087  0.002093466441
21  21  1.876040368e-16  0.008605182131  0.9999629756  0.008605075931
21  22  -9.70374199e-18  0.0176621267  0.9998440287  0.01766120843
21  23  2.062030316e-16  0.02915975089  0.9995748846  0.02915561869
21  24  3.343346177e-16  0.04797853309  0.998849251  0.04796012793
21  25  -4.882371662e-17  0.08705433987  0.9962131634  0.08694442525
21  26  -2.505825772e-16  0.1289367759  0.9916991634  0.128579817
21  27  3.257417155e-17  0.09543656402  0.9954493867  0.09529175509
21  28  1.925729504e-17  0.06047638836  0.9981718605  0.06043953077
21  29  5.844365597e-18  0.07628828173  0.9970914601  0.07621430487
21  30  3.369808919e-17  0.1190768367  0.9929187267  0.1187956319
21  31  6.013248771e-17  0.1056126633  0.9944281646  0.1054164382
21  32  1.870806524e-16  0.06322730372  0.9980018198  0.06318518492
21  33  1.692891654e-16  0.03751186479  0.9992965125  0.03750306801
21  34  1.564205789e-16  0.02337135477  0.9997269023  0.02336922718
21  35  2.927000342e-17  0.01308808741  0.9999143522  0.01308771376
21  36  2.927000342e-17  0.01308808741  0.9999143522  0.01308771376

22  0  2.051290694e-16  0.02272246374  0.9997418559  0.02272050848
22  1  -2.225706575e-16  0.01408314105  0.9999008342  0.01408267553
22  2  2.428423547e-16  0.00945172533  0.9999553328  0.009451584602
22  3  2.915999427e-16  0.01037073564  0.9999462244  0.01037054974
22  4  4.731622114e-17  0.02042900297  0.9997913352  0.02042758201
22  5  -9.74003367e-19  0.01597067157  0.9998724715  0.01596999266
22  6  7.921459597e-17  -0.002412014137  0.9999970911  -0.002412011798
22  7  1.133072481e-16  -0.01446966835  0.9998953162  -0.01446916344
22  8  2.326986189e-16  -0.03769479131  0.9992896355  -0.0376858652
22  9  -3.539802759e-17  -0.05819800628  0.998306974  -0.05816515899
22  10  -6.90244797e-17  -0.06078687251  0.9981530469  -0.0607494444
22  11  9.88398462e-17  -0.05915751372  0.9982507045  -0.05912301504
22  12  -1.955794344e-16  -0.06461921435  0.997912905  -0.06457425261
22  13  -1.168959782e-16  -0.05654128886  0.9984019671  -0.05651116737
22  14  4.075083252e-17  -0.02570923135  0.9996695359  -0.02570639929
22  15  -1.306539666e-16  -0.006831128999  0.9999766679  -0.006831075871
22  16  -1.10283677e-16  0.005731656259  0.9999835741  0.005731624876
22  17  9.930035674e-17  0.02215659745  0.9997545526  0.02215478466
22  18  -1.450605638e-16  0.0129383514  0.9999163007  0.01293799042
22  19  -3.920180068e-16  0.008543534396  0.9999635042  0.008543430461
22  20  7.780444918e-17  0.01087816303  0.9999408334  0.01087794849
22  21  1.983836287e-16  0.0176621267  0.9998440287  0.01766120843
22  22  9.370739899e-17  0.02787393478  0.999611547  0.02787032545
22  23  3.045248265e-17  0.03959744647  0.9992161235  0.03958709943
22  24  3.700151846e-17  0.05067549469  0.9987162719  0.05065380832
22  25  -7.93657116e-17  0.05839920449  0.998295251  0.05836601538
22  26  -1.489201786e-16  0.05481289579  0.9984981493  0.05478545278
22  27  9.801055502e-17  0.03783390571  0.9992843832  0.03782488042
22  28  4.983849452e-17  0.02388558249  0.999714753  0.02388331135
22  29  -1.257184864e-16  0.02152213057  0.9997684079  0.02152046909
22  30  1.489840817e-18  0.03137174516  0.9995079472  0.03136659948
22  31  -1.463773582e-16  0.04852025889  0.9988231232  0.04850122328
22  32  8.555190833e-18  0.05685719585  0.998384065  0.05682656671
22  33  2.725325621e-16  0.0529909091  0.9985963103  0.05296611252
22  34  -3.111459131e-17  0.04427832993  0.9990198749  0.04426386288
22  35  -6.291432036e-17  0.03360069262  0.9994355498  0.03359437041
22  36  -6.291432036e-17  0.03360069262  0.9994355498  0.03359437041

23  0  2.791559213e-16  0.04168033191  0.9991315007  0.04166826477
23  1  -1.684739742e-16  0.03442844566  0.9994073996  0.03442164462
23  2  1.020633214e-16  0.02428249354  0.9997051947  0.02428010729
23  3  1.435894237e-16  0.01683809417  0.9998582426  0.01683729852
23  4  -2.323600075e-16  0.01593496699  0.9998730411  0.01593429262
23  5  -1.752333598e-16  0.02491299852  0.9996896873  0.02491042152
23  6  -4.581439503e-16  0.01117500467  0.9999375603  0.01117477208
23  7  -2.992646316e-16  -0.001786794194  0.9999984037  -0.001786793244
23  8  2.44200343e-16  -0.009524490946  0.9999546424  -0.009524346943
23  9  -4.613632991e-17  -0.03349229428  0.9994391855  -0.03348603306
23  10  2.298364466e-16  -0.09887139534  0.995116204  -0.09871038696
23  11  2.615353036e-16  -0.1989371666  0.9802771766  -0.1976275713
23  12  8.517746224e-17  -0.1760764645  0.9845385472  -0.1751680597
23  13  2.321341753e-16  -0.06461921435  0.997912905  -0.06457425261
23  14  1.135926734e-16  -0.01725071596  0.9998512101  -0.01724986037
23  15  1.593820767e-16  -0.004479435452  0.9999899673  -0.004479420471
23  16  1.493501363e-16  0.00307643428  0.9999952678  0.003076429427
23  17  1.334819788e-16  0.0223921804  0.9997493056  0.02239030917
23  18  4.074723761e-17  0.01843218833  0.999830132  0.01843114464
23  19  -1.346048234e-16  0.01455025702  0.9998941469  0.01454974362
23  20  1.225471179e-16  0.01946653056  0.9998105331  0.01946530112
23  21  -8.62073416e-17  0.0291597509  0.9995748846  0.02915561869
23  22  -1.093359735e-16  0.03959744647  0.9992161235  0.03958709943
23  23  3.38388439e-16  0.04403321336  0.9990306947  0.04401898523
23  24  -8.794044046e-17  0.03999812397  0.9992001817  0.03998745966
23  25  2.466234328e-17  0.03164103426  0.9994994642  0.03163575493
23  26  -2.163124663e-16  0.023127006  0.9997325827  0.02312494444
23  27  2.021484545e-17  0.01575649708  0.999875869  0.01575584512
23  28  -1.234669866e-16  0.01001393671  0.999949861  0.01001376934
23  29  -1.080539377e-16  0.007196193526  0.9999741075  0.007196131417
23  30  3.091788652e-18  0.008385475423  0.9999648421  0.008385377151
23  31  -2.614258281e-17  0.0132384852  0.9999123725  0.01323809852
23  32  3.753669859e-17  0.02015789249  0.9997968366  0.02015652736
23  33  -5.669071473e-17  0.02789123264  0.9996110648  0.02788761658
23  34  1.186831871e-16  0.03578647412  0.9993597325  0.03577883615
23  35  1.356990642e-16  0.04167796893  0.9991315992  0.04166590384
23  36  1.356990642e-16  0.04167796893  0.9991315992  0.04166590384

24  0  1.762104737e-16  0.03328720681  0.9994460321  0.0332810599
24  1  1.040257222e-16  0.04468137041  0.9990019536  0.04466650473
24  2  3.175277169e-17  0.04917772432  0.9987910194  0.04915790442
24  3  1.273775357e-16  0.04174822469  0.9991286694  0.04173609848
24  4  -1.410971337e-16  0.02952093549  0.9995642888  0.02951664783
24  5  3.230623147e-16  0.02380930378  0.9997165719  0.02380705433
24  6  -1.197500778e-16  0.02256954487  0.9997453186  0.02256762882
24  7  -2.95316128e-16  0.002467261447  0.9999969563  0.002467258944
24  8  1.179229559e-16  -0.002031610441  0.9999979363  -0.002031609043
24  9  -1.49917359e-16  -0.007023470081  0.9999753355  -0.007023412337
24  10  -9.611539171e-17  -0.02693099499  0.9996373827  -0.0269277397
24  11  1.322211323e-19  -0.1201027386  0.9927963315  -0.1198142065
24  12  -9.427688427e-17  -0.1989371666  0.9802771766  -0.1976275713
24  13  -2.028775265e-16  -0.05915751372  0.9982507045  -0.05912301504
24  14  -1.167734824e-16  -0.01285178902  0.9999174169  -0.01285143523
24  15  1.015897988e-16  -0.003649968431  0.9999933389  -0.003649960327
24  16  -3.797506494e-16  -4.107205679e-05  0.9999999992  -4.107205678e-05
24  17  -2.598498366e-17  0.01301547483  0.9999152999  0.01301510736
24  18  2.339795254e-16  0.02277624669  0.9997406325  0.02277427751
24  19  7.935649887e-17  0.02366214552  0.9997200645  0.02365993752
24  20  1.563225454e-16  0.03476660781  0.9993957024  0.0347596044
24  21  -2.742345187e-16  0.04797853309  0.998849251  0.04796012793
24  22  -2.224623018e-17  0.05067549469  0.9987162719  0.05065380832
24  23  2.471563528e-16  0.03999812397  0.9992001817  0.03998745966
24  24  1.401212282e-16  0.02725168911  0.9996286957  0.02724831614
24  25  4.495333203e-17  0.01966323152  0.9998066849  0.01966196444
24  26  2.487578554e-16  0.01690273677  0.9998571521  0.01690193193
24  27  3.180592029e-16  0.01456326188  0.9998939576  0.0145627471
24  28  3.066715616e-17  0.008483493147  0.9999640154  0.008483391388
24  29  2.463698579e-16  0.002497478817  0.9999968813  0.002497476221
24  30  -2.670530124e-17  0.001131263103  0.9999993601  0.001131262861
24  31  -1.069338021e-16  0.004951169092  0.999987743  0.004951148863
24  32  -1.496337537e-16  0.0122619596  0.9999248231  0.01226165233
24  33  1.745660208e-16  0.01729816916  0.9998503904  0.01729730649
24  34  -1.020466202e-16  0.01915485736  0.9998165513  0.01915368603
24  35  -2.294002206e-16  0.02366157575  0.999720078  0.02365936791
24  36  -2.294002206e-16  0.02366157575  0.999720078  0.02365936791

25  0  8.928544426e-17  0.01967776829  0.999806399  0.01967649839
25  1  -1.217827167e-16  0.02507721273  0.9996855832  0.02507458444
25  2  3.895229934e-16  0.04285134496  0.9990820216  0.04283823196
25  3  3.277237511e-17  0.06983479033  0.9975625419  0.06977804131
25  4  7.727780892e-17  0.08538181942  0.9963571863  0.08527811753
25  5  2.175397799e-16  0.06934275604  0.9975967543  0.0692871979
25  6  1.450244434e-16  0.03743673237  0.9992993274  0.03742798834
25  7  -1.918110506e-16  -0.0158714179  0.9998740517  -0.01587075156
25  8  1.629851542e-17  -0.004844257216  0.9999882666  -0.004844238269
25  9  1.640121379e-16  -0.002201904634  0.9999975758  -0.002201902855
25  10  1.226303414e-16  -0.006349493531  0.999979842  -0.006349450866
25  11  2.638818513e-16  -0.02693099499  0.9996373827  -0.0269277397
25  12  1.502761165e-17  -0.09887139534  0.995116204  -0.09871038696
25  13  4.718862929e-17  -0.06078687251  0.9981530469  -0.0607494444
25  14  -8.696188475e-17  -0.01238653309  0.9999232879  -0.01238621636
25  15  -3.255359371e-17  -0.003443356123  0.9999940717  -0.003443349318
25  16  -9.921500676e-17  -0.001670679284  0.9999986044  -0.001670678507
25  17  1.075113109e-16  -0.007950065715  0.9999683984  -0.00794998197
25  18  1.94933497e-17  0.000190327909  0.9999999819  0.0001903279078
25  19  5.334423045e-17  0.04917136954  0.9987913318  0.04915155732
25  20  3.136394364e-16  0.08177359075  0.9966584026  0.08168248564
25  21  2.196254138e-16  0.08705433987  0.9962131634  0.08694442525
25  22  1.818834236e-16  0.05839920448  0.998295251  0.05836601538
25  23  -2.681637627e-16  0.03164103426  0.9994994642  0.03163575493
25  24  -1.271188024e-16  0.01966323152  0.9998066849  0.01966196444
25  25  -1.580066791e-16  0.01928407419  0.999814068  0.019282879
25  26  2.072932292e-16  0.03128526114  0.9995106561  0.03128015789
25  27  1.569931814e-16  0.05368632797  0.9985592352  0.05366054237
25  28  4.850050908e-17  0.04106920267  0.9991567788  0.04105765855
25  29  1.027451365e-16  0.01335928607  0.9999107661  0.0133588887
25  30  5.936218031e-17  0.004567110761  0.9999895708  0.004567094884
25  31  -1.199192057e-16  0.006586993214  0.9999783058  0.006586945581
25  32  4.304592356e-17  0.02179692392  0.9997624565  0.02179519799
25  33  4.827814848e-17  0.05080940419  0.9987094799  0.05078754546
25  34  -3.397691118e-17  0.04936502473  0.9987817946  0.04934497752
25  35  -1.745364272e-17  0.02677607233  0.9996415424  0.0267728729
25  36  -1.745364272e-17  0.02677607233  0.9996415424  0.0267728729

26  0  -1.977011747e-16  0.07070563627  0.9975013977  0.07064673803
26  1  -2.525475578e-16  0.02367858293  0.9997196755  0.02367637032
26  2  2.642818879e-16  0.01907529051  0.9998180722  0.01907413373
26  3  4.184903381e-17  0.03654510969  0.9993323018  0.03653697563
26  4  -3.116977034e-16  0.08634881366  0.996274257  0.08624154917
26  5  5.034314254e-17  0.1580597186  0.987534547  0.1574024092
26  6  -1.047656253e-16  0.1622718322  0.9868627918  0.1615606083
26  7  3.754344469e-17  -0.03917483435  0.9992327643  -0.03916481506
26  8  2.077248783e-16  -0.3043999889  0.9540269601  -0.2997208024
26  9  1.113700768e-16  -0.007221650959  0.999973924  -0.007221588189
26  10  4.78239704e-17  -0.002201904634  0.9999975758  -0.002201902855
26  11  9.122955253e-17  -0.007023470081  0.9999753355  -0.007023412337
26  12  -8.230006825e-17  -0.03349229428  0.9994391855  -0.03348603306
26  13  -1.387396002e-16  -0.05819800628  0.998306974  -0.05816515899
26  14  -3.674889288e-17  -0.01558074646  0.9998786226  -0.01558011608
26  15  -6.187006822e-17  -0.003652076749  0.9999933312  -0.00365206863
26  16  -7.737269614e-17  -0.002067227902  0.9999978633  -0.00206722643
26  17  1.44380826e-16  -0.02630506036  0.9996540418  -0.02630202681
26  18  -9.047008469e-17  -0.3669345713  0.9334314697  -0.3587557544
26  19  2.666261157e-17  0.103504167  0.9946482241  0.1033194573
26  20  -4.585306896e-17  0.1880825672  0.9823645539  0.1869756218
26  21  7.06596678e-17  0.1289367759  0.9916991634  0.128579817
26  22  -5.518335365e-17  0.05481289579  0.9984981493  0.05478545278
26  23  -1.122056334e-16  0.023127006  0.9997325827  0.02312494444
26  24  -4.19246301e-17  0.01690273677  0.9998571521  0.01690193193
26  25  -1.021716892e-16  0.03128526114  0.9995106561  0.03128015789
26  26  -2.143407628e-16  0.1071432021  0.994265656  0.106938325
26  27  -1.809123692e-16  0.2679085973  0.9643266311  0.2647152217
26  28  1.172795388e-16  0.1109534447  0.9938509786  0.110725933
26  29  -1.096829185e-16  0.02241557649  0.9997487815  0.02241369939
26  30  9.161148014e-17  0.007744605261  0.9999700107  0.007744527842
26  31  -3.067483948e-16  0.006276485487  0.9999803029  0.006276444278
26  32  -1.461231463e-16  0.01242387467  0.9999228247  0.01242355507
26  33  6.221812653e-17  0.05001485261  0.998749518  0.04999400332
26  34  -1.013381312e-16  0.1772387686  0.9843342836  0.1763122743
26  35  -1.007872365e-16  0.2206786174  0.9757491302  0.2188918337
26  36  -1.007872365e-16  0.2206786174  0.9757491302  0.2188918337

27  0  2.547392205e-17  0.3358423  0.9441330524  0.32956453
27  1  2.200032123e-16  0.1360153798  0.9907641601  0.1355963826
27  2  9.160380147e-17  0.02839531856  0.99959688  0.02839150288
27  3  -1.214296536e-17  0.01337126973  0.9999106059  0.01337087129
27  4  -2.390356297e-16  0.02585107738  0.9996658795  0.02584819819
27  5  4.394129584e-17  0.06580252133  0.9978357952  0.06575504443
27  6  3.004291284e-16  0.1413961083  0.9900202139  0.140925427
27  7  6.497618358e-17  0.1664072034  0.9861862423  0.1656402592
27  8  8.530804077e-17  -0.9395394458  0.5901598867  -0.8072863854
27  9  4.10405518e-17  -0.3043999889  0.9540269601  -0.2997208024
27  10  8.744391196e-17  -0.004844257216  0.9999882666  -0.004844238269
27  11  4.284853756e-17  -0.002031610441  0.9999979363  -0.002031609043
27  12  -2.543368934e-16  -0.009524490946  0.9999546424  -0.009524346943
27  13  -1.088478123e-16  -0.0376947913  0.9992896355  -0.0376858652
27  14  2.083412927e-17  -0.0231099304  0.9997329774  -0.0231078734
27  15  -3.247950822e-16  -0.004481019805  0.9999899602  -0.004481004809
27  16  -2.69890135e-17  -0.001502493408  0.9999988713  -0.001502492843
27  17  -3.56351044e-17  -0.02432421524  0.9997041809  -0.02432181667
27  18  6.666797234e-17  -1.240548155  0.3242777995  -0.945961896
27  19  1.298308351e-18  0.09118437755  0.9958455844  0.09105806994
27  20  -9.413655572e-17  0.1847633624  0.9829797518  0.1837139287
27  21  -4.039189557e-17  0.09543656402  0.9954493867  0.09529175509
27  22  -1.054074456e-16  0.03783390571  0.9992843832  0.03782488042
27  23  -1.94032136e-16  0.01575649708  0.999875869  0.01575584512
27  24  3.174602286e-16  0.01456326188  0.9998939576  0.0145627471
27  25  -1.035987313e-16  0.05368632797  0.9985592352  0.05366054237
27  26  -1.471041488e-16  0.2679085973  0.9643266311  0.2647152217
27  27  -1.289913953e-16  0.3374705674  0.9435951819  0.3311013934
27  28  -2.0654171e-16  0.0617161817  0.9980961609  0.06167701083
27  29  8.697274133e-17  0.009602370598  0.9999538976  0.009602223034
27  30  5.086961747e-17  0.00220938386  0.9999975593  0.002209382062
27  31  -7.467997101e-17  0.001006821936  0.9999994932  0.001006821766
27  32  4.304696492e-17  0.001343260642  0.9999990978  0.001343260238
27  33  7.68716775e-17  0.005156370016  0.999986706  0.005156347166
27  34  -8.912021463e-17  0.03201142048  0.9994876782  0.03200595358
27  35  2.897893231e-18  0.2040459229  0.9792547577  0.2026329677
27  36  2.897893231e-18  0.2040459229  0.9792547577  0.2026329677

28  0  2.433189871e-16  0.04037223688  0.9991851519  0.04036127054
28  1  1.338940232e-17  0.1028427302  0.9947163458  0.1026615378
28  2  1.334285502e-16  0.06685313213  0.9977661615  0.06680334501
28  3  -1.677277328e-17  0.01635381476  0.9998662794  0.01635308581
28  4  2.644731919e-17  0.007074791393  0.9999749738  0.007074732374
28  5  -1.429632046e-17  0.01616436834  0.9998693594  0.01616366443
28  6  -5.741883864e-17  0.03916807636  0.999233029  0.03915806226
28  7  -4.075870918e-16  0.09780875983  0.9952205353  0.09765288562
28  8  -1.993237542e-16  0.1664072034  0.9861862423  0.1656402592
28  9  1.555435018e-16  -0.03917483435  0.9992327643  -0.03916481506
28  10  -8.003855572e-17  -0.0158714179  0.9998740517  -0.01587075157
28  11  4.793774126e-17  0.002467261447  0.9999969563  0.002467258944
28  12  -3.414686788e-16  -0.001786794194  0.9999984037  -0.001786793244
28  13  2.451140034e-17  -0.01446966835  0.9998953162  -0.01446916344
28  14  -4.365588515e-17  -0.02700617533  0.9996353554  -0.0270028927
28  15  -1.270187342e-17  -0.006825311909  0.9999767076  -0.006825258916
28  16  3.625236303e-16  0.0002021598356  0.9999999796  0.0002021598343
28  17  -8.520448497e-17  -0.002099968404  0.9999977951  -0.00209996686
28  18  -1.793983865e-16  -0.09478014988  0.9955117231  -0.09463830755
28  19  7.794897171e-17  0.1179354054  0.9930536769  0.1176622062
28  20  2.154296841e-17  0.1569879073  0.9877026855  0.1563438683
28  21  8.849497979e-17  0.06047638836  0.9981718605  0.06043953077
28  22  3.204311382e-16  0.02388558249  0.999714753  0.02388331135
28  23  1.063598278e-16  0.01001393671  0.999949861  0.01001376934
28  24  3.480638944e-16  0.008483493147  0.9999640154  0.008483391388
28  25  6.552585177e-17  0.04106920267  0.9991567788  0.04105765855
28  26  3.597448878e-16  0.1109534447  0.9938509786  0.110725933
28  27  2.284748754e-16  0.06171618169  0.9980961609  0.06167701083
28  28  3.065516289e-17  0.01012319541  0.9999487609  0.01012302251
28  29  1.597220082e-16  -0.002390686328  0.9999971423  -0.002390684051
28  30  -6.078523713e-17  -0.004414386724  0.9999902566  -0.004414372387
28  31  4.01323381e-17  -0.005129103671  0.9999868462  -0.005129081182
28  32  1.581381228e-17  -0.005619964629  0.999984208  -0.005619935045
28  33  -4.973230712e-17  -0.005008989056  0.999987455  -0.005008968111
28  34  -1.631168115e-16  -0.003669988282  0.9999932656  -0.003669980044
28  35  -3.125607863e-16  0.003560969558  0.9999936598  0.003560962032
28  36  -3.125607863e-16  0.003560969558  0.9999936598  0.003560962032

29  0  -3.649878939e-17  -0.006018884872  0.9999818866  -0.006018848531
29  1  1.905502301e-17  0.004715819783  0.9999888805  0.004715802304
29  2  1.947209322e-16  0.01949508816  0.9998099768  0.01949385331
29  3  2.904934004e-16  0.01998157726  0.9998003749  0.01998024763
29  4  1.982574306e-16  0.004383852861  0.9999903909  0.004383838819
29  5  1.830425941e-16  0.002992639834  0.9999955221  0.002992635367
29  6  -4.603628998e-17  0.01261163452  0.9999204744  0.01261130021
29  7  4.885894804e-17  0.03916807636  0.999233029  0.03915806226
29  8  -3.730589e-16  0.1413961083  0.9900202139  0.140925427
29  9  -6.303396561e-17  0.1622718322  0.9868627918  0.1615606083
29  10  -1.417278196e-16  0.03743673238  0.9992993274  0.03742798834
29  11  2.132259818e-16  0.02256954487  0.9997453186  0.02256762882
29  12  -1.452578178e-16  0.01117500467  0.9999375603  0.01117477208
29  13  2.455755742e-16  -0.002412014137  0.9999970911  -0.002412011798
29  14  3.769241434e-17  -0.01805571681  0.999837  -0.01805473577
29  15  -1.832865273e-16  -0.01242851456  0.999922767  -0.01242819459
29  16  8.36598064e-17  0.002457031428  0.9999969815  0.002457028956
29  17  5.858636946e-18  0.01884894361  0.9998223639  0.01884782751
29  18  1.080081041e-16  0.02351584744  0.9997235152  0.02351368014
29  19  -1.423839938e-16  0.08514525592  0.9963773321  0.0850424134
29  20  -1.388683751e-16  0.1950592295  0.9810361911  0.1938246416
29  21  2.38710123e-16  0.07628828173  0.9970914601  0.07621430487
29  22  9.082356514e-17  0.02152213057  0.9997684079  0.02152046909
29  23  -3.006996115e-17  0.007196193526  0.9999741075  0.007196131417
29  24  8.967450683e-17  0.002497478817  0.9999968813  0.002497476221
29  25  -1.134635948e-16  0.01335928607  0.9999107661  0.0133588887
29  26  2.042165661e-18  0.02241557649  0.9997487815  0.02241369939
29  27  1.536996674e-17  0.009602370598  0.9999538976  0.009602223034
29  28  -1.675503092e-16  -0.002390686328  0.9999971423  -0.002390684051
29  29  -1.101437049e-16  -0.00903651345  0.999959171  -0.009036390466
29  30  -1.150158299e-16  -0.01113574441  0.9999379982  -0.01113551426
29  31  2.963096171e-16  -0.01248826336  0.9999220227  -0.01248793876
29  32  1.583684969e-16  -0.0151879515  0.9998846653  -0.0151873676
29  33  1.282334034e-17  -0.01459988079  0.9998934236  -0.01459936212
29  34  2.706036614e-17  -0.01224576155  0.9999250216  -0.01224545549
29  35  -6.290818587e-17  -0.01080975742  0.9999415751  -0.0108095469
29  36  -6.290818587e-17  -0.01080975742  0.9999415751  -0.0108095469

30  0  -1.731691655e-17  -0.01475576871  0.9998911356  -0.01475523325
30  1  -2.177045982e-17  -0.007624173813  0.9999709361  -0.007624099951
30  2  -8.96084341e-17  -0.0004745792404  0.9999998874  -0.0004745792226
30  3  -1.964937017e-16  0.006556400193  0.9999785069  0.00655635322
30  4  9.895393277e-17  0.008530014982  0.9999636196  0.00852991154
30  5  7.064279202e-17  0.0009977546937  0.9999995022  0.0009977545282
30  6  -1.744846742e-16  0.002992639834  0.9999955221  0.002992635367
30  7  -1.658038419e-16  0.01616436834  0.9998693594  0.01616366443
30  8  -8.852645777e-17  0.06580252133  0.9978357952  0.06575504443
30  9  3.30794059e-16  0.1580597186  0.987534547  0.1574024092
30  10  2.35236031e-17  0.06934275604  0.9975967543  0.0692871979
30  11  2.17109494e-16  0.02380930378  0.9997165719  0.02380705433
30  12  1.420762464e-16  0.02491299852  0.9996896873  0.02491042152
30  13  1.160234845e-16  0.01597067157  0.9998724715  0.01596999266
30  14  1.386254695e-17  -0.007539717352  0.9999715765  -0.007539645916
30  15  3.634457241e-16  -0.02092412517  0.9997810985  -0.02092259837
30  16  9.207791955e-17  0.0003557709015  0.9999999367  0.0003557708939
30  17  -1.256992016e-16  0.02391322248  0.9997140925  0.02391094344
30  18  1.162118034e-16  0.02157646354  0.9997672371  0.02157478945
30  19  -6.636094766e-18  0.0362835417  0.9993418245  0.03627558103
30  20  -5.540019828e-17  0.1311273774  0.991415117  0.1307519245
30  21  2.498402107e-16  0.1190768367  0.9929187267  0.1187956319
30  22  1.310469139e-16  0.03137174516  0.9995079472  0.03136659948
30  23  2.392497542e-17  0.008385475423  0.9999648421  0.008385377151
30  24  -2.053131797e-17  0.001131263103  0.9999993601  0.001131262862
30  25  -1.882338067e-17  0.004567110761  0.9999895708  0.004567094884
30  26  2.79298781e-16  0.007744605261  0.9999700107  0.007744527842
30  27  1.228877661e-16  0.002209383859  0.9999975593  0.002209382062
30  28  2.867818007e-16  -0.004414386724  0.9999902566  -0.004414372387
30  29  1.135221831e-17  -0.01113574441  0.9999379982  -0.01113551426
30  30  -4.346902726e-16  -0.01692853603  0.9998567158  -0.01692772749
30  31  9.478230646e-17  -0.02128568608  0.9997734683  -0.02128407876
30  32  1.555178319e-16  -0.02803834594  0.9996069513  -0.02803467237
30  33  1.870444558e-16  -0.0319752457  0.9994888354  -0.03196979731
30  34  -1.13945007e-16  -0.02577130956  0.9996679382  -0.02576845694
30  35  -2.070679132e-16  -0.020215299  0.9997956778  -0.02021392217
30  36  -2.070679132e-16  -0.020215299  0.9997956778  -0.02021392217

31  0  2.253513358e-16  -0.02713885852  0.9996317638  -0.02713552727
31  1  1.631569809e-16  -0.01693617292  0.9998565865  -0.01693536329
31  2  2.534571775e-18  -0.00846127796  0.9999642036  -0.008461176999
31  3  -2.267493347e-16  -0.001460817073  0.999998933  -0.001460816553
31  4  -1.768825447e-16  0.004751841713  0.99998871  0.004751823831
31  5  -1.223291194e-16  0.008530014982  0.9999636196  0.00852991154
31  6  1.582056327e-16  0.004383852861  0.9999903909  0.004383838819
31  7  1.925467402e-16  0.007074791393  0.9999749738  0.007074732374
31  8  3.747422766e-17  0.02585107738  0.9996658795  0.02584819819
31  9  5.980998921e-17  0.08634881366  0.996274257  0.08624154917
31  10  -4.765516571e-18  0.08538181942  0.9963571863  0.08527811753
31  11  1.908115263e-16  0.02952093549  0.9995642888  0.02951664783
31  12  3.609937113e-17  0.01593496699  0.9998730411  0.01593429262
31  13  7.888186173e-17  0.02042900297  0.9997913352  0.02042758201
31  14  4.041588291e-16  0.01396298523  0.9999025191  0.01396253152
31  15  2.196718545e-16  -0.02524673141  0.9996813182  -0.02524404946
31  16  1.608909947e-16  -0.016825592  0.9998584531  -0.01682479812
31  17  -1.340518208e-16  0.01877188002  0.9998238134  0.01877077756
31  18  2.588356212e-16  0.0157048178  0.9998766819  0.01570417224
31  19  -8.065946286e-18  0.01893208394  0.9998207935  0.01893095301
31  20  6.128020505e-17  0.05457316638  0.9985112543  0.05454608184
31  21  4.735707783e-17  0.1056126633  0.9944281646  0.1054164382
31  22  -2.677312093e-16  0.04852025889  0.9988231232  0.04850122328
31  23  -8.592469819e-17  0.0132384852  0.9999123725  0.01323809852
31  24  -1.757387636e-16  0.004951169092  0.999987743  0.004951148863
31  25  -1.381971788e-16  0.006586993215  0.9999783058  0.006586945582
31  26  -6.648969921e-17  0.006276485487  0.9999803029  0.006276444277
31  27  -3.074541488e-16  0.001006821936  0.9999994932  0.001006821766
31  28  7.09712032e-17  -0.005129103671  0.9999868462  -0.005129081182
31  29  -1.089522262e-16  -0.01248826336  0.9999220227  -0.01248793876
31  30  -1.814839918e-16  -0.02128568608  0.9997734683  -0.02128407876
31  31  1.383323574e-16  -0.03077565506  0.9995264669  -0.03077079714
31  32  -1.194571458e-16  -0.04180957398  0.9991261071  -0.04179739424
31  33  -1.782500208e-16  -0.05419823563  0.9985316351  -0.05417170544
31  34  6.947114587e-17  -0.05072891668  0.9987135644  -0.05070716165
31  35  2.386593425e-16  -0.0380094968  0.999277726  -0.03800034527
31  36  2.386593425e-16  -0.0380094968  0.999277726  -0.03800034527

32  0  3.363450546e-16  -0.04992235744  0.9987541379  -0.0499016236
32  1  5.209130398e-17  -0.03542455918  0.9993726159  -0.0354171506
32  2  2.569089266e-16  -0.02131482673  0.9997728477  -0.0213132128
32  3  -2.02742875e-16  -0.009540209631  0.9999544925  -0.009540064913
32  4  -2.620975042e-16  -0.001460817073  0.999998933  -0.001460816553
32  5  -5.671745965e-18  0.006556400193  0.9999785069  0.006556353221
32  6  1.354366124e-16  0.01998157726  0.9998003749  0.01998024763
32  7  -7.514168705e-17  0.01635381477  0.9998662794  0.01635308581
32  8  2.216026911e-16  0.01337126973  0.9999106059  0.01337087129
32  9  2.923368697e-16  0.03654510969  0.9993323018  0.03653697563
32  10  -6.9889322e-17  0.06983479033  0.9975625419  0.06977804131
32  11  -1.942134513e-16  0.04174822469  0.9991286694  0.04173609848
32  12  -2.294434402e-17  0.01683809417  0.9998582426  0.01683729852
32  13  -4.190755544e-16  0.01037073564  0.9999462244  0.01037054974
32  14  3.137110676e-17  0.01275709527  0.9999186294  0.01275674925
32  15  -1.490553114e-17  0.008061696012  0.9999675047  0.00806160869
32  16  5.473347407e-17  -0.04302744555  0.9990744623  -0.04301417023
32  17  -3.604443167e-17  0.006445669925  0.9999792267  0.006445625292
32  18  -5.173471201e-17  0.009007996912  0.9999594283  0.009007875088
32  19  -2.173296238e-16  0.01175249207  0.9999309403  0.01175222153
32  20  1.992453665e-16  0.02646559341  0.9996498066  0.02646250398
32  21  1.445158989e-17  0.06322730372  0.9980018198  0.06318518492
32  22  -1.737551628e-16  0.05685719585  0.998384065  0.05682656671
32  23  1.659643573e-16  0.02015789249  0.9997968366  0.02015652736
32  24  -1.429613669e-18  0.01226195961  0.9999248231  0.01226165233
32  25  1.458594923e-16  0.02179692392  0.9997624565  0.02179519799
32  26  -1.728844238e-17  0.01242387467  0.9999228247  0.01242355507
32  27  -8.881568653e-17  0.001343260642  0.9999990978  0.001343260238
32  28  -5.969389181e-17  -0.005619964629  0.999984208  -0.005619935045
32  29  -4.766726695e-16  -0.0151879515  0.9998846653  -0.0151873676
32  30  -1.061816216e-17  -0.02803834594  0.9996069513  -0.02803467237
32  31  -2.139756139e-17  -0.04180957398  0.9991261071  -0.04179739424
32  32  1.890549595e-16  -0.05460137634  0.9985097152  -0.05457424978
32  33  1.004834207e-16  -0.0663294876  0.9978010059  -0.06628086109
32  34  1.640311808e-16  -0.07104129036  0.9974776286  -0.07098154947
32  35  -2.225379023e-16  -0.06286583602  0.998024594  -0.06282443538
32  36  -2.225379023e-16  -0.06286583602  0.998024594  -0.06282443538

33  0  2.790835732e-16  -0.06735267652  0.9977326658  -0.06730176514
33  1  5.882638737e-17  -0.06230535172  0.9980596494  -0.06226504843
33  2  1.022313364e-16  -0.0428307779  0.9990829024  -0.04281768377
33  3  -7.903270991e-17  -0.02131482673  0.9997728477  -0.0213132128
33  4  -1.121669138e-16  -0.00846127796  0.9999642036  -0.008461176999
33  5  -1.69753395e-16  -0.0004745792405  0.9999998874  -0.0004745792227
33  6  1.443647917e-17  0.01949508816  0.9998099768  0.01949385331
33  7  -3.278208938e-17  0.06685313213  0.9977661615  0.06680334501
33  8  8.421766776e-17  0.02839531856  0.99959688  0.02839150288
33  9  -2.493923993e-17  0.01907529051  0.9998180722  0.01907413373
33  10  3.085583832e-16  0.04285134496  0.9990820216  0.04283823196
33  11  -2.25618264e-16  0.04917772432  0.9987910194  0.04915790442
33  12  -1.027370644e-16  0.02428249354  0.9997051947  0.02428010729
33  13  -1.751231662e-16  0.00945172533  0.9999553328  0.009451584602
33  14  3.711287625e-16  0.001728201718  0.9999985067  0.001728200858
33  15  5.392195993e-17  0.004009051764  0.9999919638  0.004009041025
33  16  -5.666738794e-17  0.04611585443  0.9989368524  0.04609951062
33  17  -1.864694881e-17  -0.001752873751  0.9999984637  -0.001752872853
33  18  3.155230272e-16  -0.002186732379  0.9999976091  -0.002186730636
33  19  6.641537007e-17  0.004570408345  0.9999895557  0.004570392433
33  20  -7.504068898e-17  0.01528911939  0.9998831237  0.01528852374
33  21  1.598345917e-16  0.03751186479  0.9992965125  0.03750306801
33  22  8.163221472e-17  0.0529909091  0.9985963103  0.05296611252
33  23  7.766663052e-17  0.02789123264  0.9996110648  0.02788761658
33  24  -1.446549221e-16  0.01729816916  0.9998503904  0.01729730649
33  25  1.773678894e-16  0.05080940419  0.9987094799  0.05078754546
33  26  1.351666438e-16  0.05001485261  0.998749518  0.04999400331
33  27  1.75038789e-16  0.005156370015  0.999986706  0.005156347165
33  28  9.491937894e-17  -0.005008989056  0.999987455  -0.005008968111
33  29  -1.795374236e-16  -0.01459988079  0.9998934236  -0.01459936212
33  30  -1.326451677e-16  -0.0319752457  0.9994888354  -0.03196979731
33  31  -3.684206401e-16  -0.05419823563  0.9985316351  -0.05417170544
33  32  1.714555169e-16  -0.0663294876  0.9978010059  -0.06628086109
33  33  -6.511369876e-17  -0.06357505734  0.9979797866  -0.06353223984
33  34  1.630831359e-17  -0.05848155837  0.998290441  -0.05844822868
33  35  -2.648271348e-16  -0.06177431822  0.9980925735  -0.06173503657
33  36  -2.648271348e-16  -0.06177431822  0.9980925735  -0.06173503657

34  0  -1.402700703e-18  -0.04737602574  0.998877966  -0.04735830525
34  1  -5.152918977e-18  -0.06877171943  0.9976361572  -0.06871752237
34  2  -1.082306807e-17  -0.06230535172  0.9980596494  -0.06226504843
34  3  1.067780983e-16  -0.03542455918  0.9993726159  -0.0354171506
34  4  1.535835224e-16  -0.01693617292  0.9998565865  -0.01693536329
34  5  -5.01263717e-17  -0.007624173813  0.9999709361  -0.007624099951
34  6  -2.450089523e-16  0.004715819783  0.9999888805  0.004715802304
34  7  1.539859478e-16  0.1028427302  0.9947163458  0.1026615378
34  8  2.015528118e-16  0.1360153798  0.9907641601  0.1355963826
34  9  9.802593213e-17  0.02367858293  0.9997196755  0.02367637032
34  10  5.298516851e-17  0.02507721273  0.9996855832  0.02507458444
34  11  -1.202290374e-16  0.04468137041  0.9990019536  0.04466650473
34  12  9.336526352e-17  0.03442844566  0.9994073996  0.03442164462
34  13  -5.133323686e-17  0.01408314105  0.9999008342  0.01408267553
34  14  3.007429514e-16  0.0004423845106  0.9999999021  0.0004423844962
34  15  9.204203961e-17  -0.01045652506  0.999945331  -0.01045633451
34  16  2.444302487e-16  0.04629213165  0.9989287106  0.04627559971
34  17  2.4920365e-16  0.1270321428  0.9919422619  0.1266907619
34  18  1.916959272e-16  -0.01039849577  0.9999459361  -0.01039830838
34  19  -8.629318756e-17  -0.006191618713  0.999980832  -0.006191579152
34  20  -1.356973993e-16  0.006606960146  0.9999781741  0.006606912078
34  21  8.298169363e-17  0.02337135477  0.9997269023  0.02336922718
34  22  5.676206834e-17  0.04427832993  0.9990198749  0.04426386288
34  23  -2.867575235e-17  0.03578647412  0.9993597325  0.03577883615
34  24  3.4413221e-18  0.01915485736  0.9998165513  0.01915368603
34  25  1.298902131e-18  0.04936502473  0.9987817946  0.04934497752
34  26  -1.245209574e-16  0.1772387686  0.9843342836  0.1763122743
34  27  -2.614835211e-16  0.03201142048  0.9994876782  0.03200595358
34  28  -8.161204761e-17  -0.003669988282  0.9999932656  -0.003669980044
34  29  -1.929314416e-16  -0.01224576155  0.9999250216  -0.01224545549
34  30  -1.568802726e-16  -0.02577130956  0.9996679382  -0.02576845694
34  31  -9.496430614e-17  -0.05072891668  0.9987135644  -0.05070716165
34  32  1.704592589e-16  -0.07104129036  0.9974776286  -0.07098154947
34  33  1.754901804e-16  -0.05848155837  0.998290441  -0.05844822868
34  34  2.319434194e-16  -0.03477847238  0.9993952899  -0.0347714618
34  35  4.623173914e-16  -0.02999906889  0.9995500617  -0.02999456951
34  36  4.623173914e-16  -0.02999906889  0.9995500617  -0.02999456951

35  0  -1.14177099e-16  -0.01837984856  0.9998310953  -0.01837881373
35  1  -1.250501866e-16  -0.04737602574  0.998877966  -0.04735830525
35  2  4.886104377e-17  -0.06735267652  0.9977326658  -0.06730176514
35  3  2.370103401e-16  -0.04992235744  0.9987541379  -0.0499016236
35  4  -1.273019897e-16  -0.02713885852  0.9996317638  -0.02713552727
35  5  -2.384656402e-16  -0.01475576871  0.9998911356  -0.01475523325
35  6  -6.687176848e-17  -0.006018884872  0.9999818866  -0.006018848531
35  7  2.689684488e-16  0.04037223688  0.9991851519  0.04036127054
35  8  -1.281573427e-16  0.3358423  0.9441330524  0.32956453
35  9  2.244725968e-16  0.07070563627  0.9975013977  0.07064673803
35  10  1.187304722e-17  0.01967776829  0.999806399  0.01967649839
35  11  1.51617664e-17  0.03328720681  0.9994460321  0.0332810599
35  12  2.450485518e-16  0.04168033191  0.9991315007  0.04166826476
35  13  -7.206806999e-17  0.02272246374  0.9997418559  0.02272050848
35  14  -3.751675196e-16  0.004995609592  0.999987522  0.004995588814
35  15  -9.088902401e-17  -0.01011492503  0.9999488446  -0.01011475255
35  16  -1.402761317e-16  -0.0135738789  0.9999078763  -0.01357346208
35  17  2.306060797e-17  0.7461758543  0.7342901984  0.6788356978
35  18  8.437839942e-17  0.08877745666  0.9960618691  0.08866088695
35  19  -2.621126506e-16  -0.0161145186  0.999870164  -0.01611382118
35  20  -3.203136111e-16  -0.002727866215  0.9999962794  -0.002727862832
35  21  -3.853573518e-16  0.01308808741  0.9999143522  0.01308771376
35  22  -1.356338528e-16  0.03360069262  0.9994355498  0.03359437041
35  23  9.186585235e-17  0.04167796893  0.9991315992  0.04166590384
35  24  2.417090888e-16  0.02366157575  0.999720078  0.02365936791
35  25  -5.788080558e-17  0.02677607233  0.9996415424  0.0267728729
35  26  2.511593599e-16  0.2206786174  0.9757491302  0.2188918337
35  27  8.370962332e-17  0.2040459229  0.9792547577  0.2026329677
35  28  6.177171211e-17  0.003560969558  0.9999936598  0.003560962032
35  29  -1.469412142e-16  -0.01080975742  0.9999415751  -0.0108095469
35  30  -2.470367061e-16  -0.020215299  0.9997956778  -0.02021392217
35  31  -2.461086113e-16  -0.0380094968  0.999277726  -0.03800034527
35  32  1.984630047e-16  -0.06286583602  0.998024594  -0.06282443538
35  33  9.137944524e-17  -0.06177431822  0.9980925735  -0.06173503657
35  34  2.603346279e-16  -0.02999906889  0.9995500617  -0.02999456951
35  35  2.340170788e-16  -0.01154003172  0.9999334146  -0.01153977558
35  36  2.340170788e-16  -0.01154003172  0.9999334146  -0.01153977558

36  0  -1.14177099e-16  -0.01837984856  0.9999334146  -0.01153977558
36  1  -5.152918977e-18  -0.06877171943  0.9999334146  -0.01153977558
36  2  1.022313364e-16  -0.0428307779  0.9999334146  -0.01153977558
36  3  -2.02742875e-16  -0.009540209631  0.9999334146  -0.01153977558
36  4  -1.768825447e-16  0.004751841713  0.9999334146  -0.01153977558
36  5  7.064279202e-17  0.0009977546937  0.9999334146  -0.01153977558
36  6  -4.603628998e-17  0.01261163452  0.9999334146  -0.01153977558
36  7  -4.075870918e-16  0.09780875983  0.9999334146  -0.01153977558
36  8  8.530804077e-17  -0.9395394458  0.9999334146  -0.01153977558
36  9  1.113700768e-16  -0.007221650959  0.9999334146  -0.01153977558
36  10  1.226303414e-16  -0.006349493531  0.9999334146  -0.01153977558
36  11  1.322211323e-19  -0.1201027386  0.9999334146  -0.01153977558
36  12  8.517746224e-17  -0.1760764645  0.9999334146  -0.01153977558
36  13  -1.168959782e-16  -0.05654128886  0.9999334146  -0.01153977558
36  14  2.145709919e-16  -0.02499483822  0.9999334146  -0.01153977558
36  15  -1.575991015e-16  -0.02007274524  0.9999334146  -0.01153977558
36  16  -1.361656132e-16  0.001002534459  0.9999334146  -0.01153977558
36  17  -1.371506248e-16  0.7288094836  0.9999334146  -0.01153977558
36  18  -2.76089827e-16  0.7288094836  0.9999334146  -0.01153977558
36  19  1.199415707e-16  0.00100253446  0.9999334146  -0.01153977558
36  20  -2.32497562e-17  -0.02007274524  0.9999334146  -0.01153977558
36  21  -3.797319331e-16  -0.02499483822  0.9999334146  -0.01153977558
36  22  -3.386611533e-16  -0.05654128886  0.9999334146  -0.01153977558
36  23  -1.179350129e-16  -0.1760764645  0.9999334146  -0.01153977558
36  24  -2.236275803e-17  -0.1201027386  0.9999334146  -0.01153977558
36  25  8.980049414e-17  -0.006349493531  0.9999334146  -0.01153977558
36  26  -2.055485004e-16  -0.007221650959  0.9999334146  -0.01153977558
36  27  -1.489698909e-16  -0.9395394458  0.9999334146  -0.01153977558
36  28  2.816491779e-17  0.09780875983  0.9999334146  -0.01153977558
36  29  -1.574693578e-16  0.01261163452  0.9999334146  -0.01153977558
36  30  1.721939621e-16  0.0009977546931  0.9999334146  -0.01153977558
36  31  -1.570727557e-16  0.004751841713  0.9999334146  -0.01153977558
36  32  5.649425195e-17  -0.009540209631  0.9999334146  -0.01153977558
36  33  -9.761285618e-18  -0.0428307779  0.9999334146  -0.01153977558
36  34  1.323993722e-16  -0.06877171943  0.9999334146  -0.01153977558
36  35  1.406394066e-16  -0.01837984856  0.9999334146  -0.01153977558
36  36  1.406394066e-16  -0.01837984856  0.9999334146  -0.01153977558

#Chern no*2pi*Iota= -7.673522077e-15  18.84955592
