#nx  ny  tilde_F(nx,ny).real()  tilde_F(nx,ny).imag()  ArgofLog.real()  ArgofLog.imag()
#Extra momentum point for pm3d corners2color c1
0  0  -4.802644798e-17  0.01115173429  0.9999378201  0.01115150315
0  1  2.837298779e-16  0.1224713019  0.9925097594  0.1221653691
0  2  -2.076430201e-16  0.5930491745  0.829240377  0.5588921158
0  3  2.575667946e-18  0.7834710525  0.7084681405  0.7057427958
0  4  1.360410855e-16  -0.01625733736  0.9998678524  -0.01625662123
0  5  1.12445619e-17  0.001278423302  0.9999991828  0.001278422954
0  6  1.149197745e-16  0.01221607911  0.9999253846  0.01221577527
0  7  -3.184759366e-16  0.01642669824  0.9998650848  0.0164259595
0  8  7.134257931e-18  0.2010203962  0.9798633462  0.1996692834
0  9  2.541529686e-16  0.9882480317  0.5501537088  0.8350634088
0  10  6.095261687e-18  0.01317323648  0.9999132342  0.01317285548
0  11  -2.020078955e-16  -0.001272722916  0.9999991901  -0.001272722572
0  12  1.025067993e-16  -0.002264417777  0.9999974362  -0.002264415842
0  13  -6.05686532e-17  -0.003184218956  0.9999949304  -0.003184213575
0  14  8.327263705e-17  -0.005612449964  0.9999842502  -0.005612420499
0  15  -7.031485831e-17  -0.01028402616  0.9999471199  -0.01028384488
0  16  4.455072194e-16  -0.01681384737  0.9998586506  -0.01681305515
0  17  2.629312814e-17  -0.02266456147  0.9997431698  -0.02266262112
0  18  -9.98131186e-18  -0.02410890966  0.9997093943  -0.02410657422
0  19  1.487213711e-16  -0.02005597219  0.9997988857  -0.02005462766
0  20  3.21783827e-16  -0.01342182246  0.9999099287  -0.01342141948
0  21  1.151426791e-16  -0.007668639879  0.9999705961  -0.007668564716
0  22  3.886907771e-17  -0.004171510543  0.9999912993  -0.004171498444
0  23  3.052031401e-16  -0.002626471826  0.9999965508  -0.002626468806
0  24  7.320419319e-17  -0.001984481546  0.9999980309  -0.001984480244
0  25  1.0937098e-16  0.001441756693  0.9999989607  0.001441756193
0  26  6.72167539e-17  0.3712949497  0.9318582902  0.3628224455
0  27  -1.859703872e-16  0.8110494669  0.688737938  0.7250103812
0  28  7.552640838e-17  0.027328634  0.9996265961  0.02732523237
0  29  -1.925357501e-16  0.01372369923  0.9999058315  0.01372326845
0  30  -1.133328616e-16  0.009314632819  0.9999566191  0.009314498127
0  31  6.165615431e-17  -0.01220725431  0.9999254924  -0.01220695113
0  32  2.441749795e-16  0.6679002917  0.7851238265  0.6193388225
0  33  -2.84527357e-18  0.3685073728  0.9328660639  0.3602234125
0  34  2.848054124e-16  0.4328012593  0.9077944217  0.4194154122
0  35  3.359476401e-16  0.02920976066  0.9995734253  0.02920560716
0  36  3.359476401e-16  0.02920976066  0.9995734253  0.02920560716

1  0  1.508988528e-16  0.1224713019  0.9925097594  0.1221653691
1  1  4.705732056e-16  0.1976748167  0.9805258707  0.1963899614
1  2  1.170354865e-16  0.719204056  0.7523303242  0.6587860679
1  3  -2.413395314e-17  0.4278183521  0.9098730511  0.4148867687
1  4  2.765474559e-17  0.2227623997  0.9752908892  0.2209246058
1  5  3.790089551e-16  0.02762559007  0.9996184377  0.02762207635
1  6  3.318012035e-16  0.01484187583  0.9998898614  0.01484133094
1  7  -1.905210571e-16  0.01621163979  0.9998685942  0.01621092969
1  8  -1.071110713e-16  0.02931502974  0.9995703453  0.02931083118
1  9  2.485160676e-16  0.1344049171  0.9909812481  0.1340006187
1  10  4.33868618e-16  0.02886596646  0.9995834069  0.0288619579
1  11  1.091953859e-16  0.000625317974  0.9999998045  0.0006253179333
1  12  -2.641754381e-17  -0.002053865197  0.9999978908  -0.002053863753
1  13  -1.817081794e-16  -0.003531408764  0.9999937646  -0.003531401425
1  14  -1.222195504e-16  -0.00645303028  0.9999791793  -0.006452985495
1  15  -1.692874377e-16  -0.0118189126  0.9999301575  -0.01181863745
1  16  -3.750079562e-17  -0.01947992556  0.9998102722  -0.01947869358
1  17  -3.02707784e-16  -0.02729306427  0.9996275674  -0.02728967591
1  18  -7.987331136e-17  -0.03158405318  0.9995012653  -0.03157880232
1  19  -9.949964317e-17  -0.02989648602  0.9995531333  -0.02989203263
1  20  1.549509745e-16  -0.0233207167  0.9997280844  -0.02331860291
1  21  3.069128513e-16  -0.01532053  0.999882643  -0.01531993067
1  22  3.590886433e-16  -0.008812713415  0.9999611683  -0.008812599344
1  23  1.861001211e-16  -0.004793003238  0.9999885136  -0.004792984886
1  24  -2.653571667e-16  -0.0027694304  0.9999961651  -0.002769426859
1  25  2.522110026e-17  -0.00121130018  0.9999992664  -0.001211299884
1  26  -1.533788217e-16  0.008755093193  0.9999616744  0.008754981345
1  27  -1.143828423e-16  0.1156501165  0.9933199757  0.1153924865
1  28  2.409735566e-17  0.05862516999  0.9982820368  0.05859159418
1  29  2.881822136e-17  0.01833352536  0.9998319456  0.01833249834
1  30  2.901383528e-18  0.0150043119  0.9998874374  0.01500374892
1  31  1.084040105e-17  0.0137459401  0.9999055261  0.01374550722
1  32  1.841014551e-16  0.1130302989  0.9936188738  0.1127897763
1  33  5.689353853e-17  0.4494289531  0.9006953412  0.4344512657
1  34  2.776415456e-16  0.4955357875  0.8797140675  0.4755030593
1  35  1.086116214e-17  0.4328012593  0.9077944217  0.4194154122
1  36  1.086116214e-17  0.4328012593  0.9077944217  0.4194154122

2  0  -4.42754061e-18  0.5930491745  0.829240377  0.5588921158
2  1  1.926276808e-16  0.719204056  0.7523303242  0.6587860679
2  2  2.91262268e-16  0.5181706473  0.8687266961  0.4952917599
2  3  2.159986674e-16  0.4269448188  0.9102351213  0.4140918061
2  4  -1.018098382e-16  1.294983382  0.2723292459  0.9622041269
2  5  -1.056962172e-17  0.8554416299  0.6558852047  0.7548606483
2  6  -1.059879615e-16  0.02914170308  0.9995754106  0.02913757855
2  7  -2.924011921e-16  0.02119881306  0.9997753136  0.02119722534
2  8  -1.396130947e-16  0.02345982169  0.999724831  0.02345766985
2  9  1.954360194e-16  0.04240837531  0.9991008996  0.04239566475
2  10  3.193014654e-16  0.02484636217  0.999691345  0.0248438058
2  11  4.771548901e-16  0.001568899259  0.9999987693  0.001568898615
2  12  1.095562471e-16  -0.003271828153  0.9999946476  -0.003271822316
2  13  3.13784375e-17  -0.006255885555  0.999980432  -0.00625584475
2  14  2.079671723e-16  -0.01064326814  0.999943361  -0.0106430672
2  15  1.368280468e-18  -0.01647515383  0.9998642877  -0.01647440853
2  16  -7.623136035e-17  -0.02234187798  0.9997504306  -0.02234001934
2  17  2.143015823e-16  -0.02673471064  0.9996426489  -0.026731526
2  18  -2.570792752e-16  -0.02901015723  0.9995792349  -0.0290060883
2  19  -2.262548388e-16  -0.0291977647  0.9995737755  -0.02919361631
2  20  -2.866535744e-16  -0.02742489282  0.9996239612  -0.02742145512
2  21  1.928383606e-16  -0.02378359981  0.9997171835  -0.02378135764
2  22  2.99948219e-16  -0.01866855415  0.9998257476  -0.01866746979
2  23  6.922421755e-17  -0.01305872359  0.9999147361  -0.01305835244
2  24  -1.075198642e-17  -0.008215493914  0.999966253  -0.008215401498
2  25  4.234776185e-16  -0.004782657893  0.9999885631  -0.00478263966
2  26  7.379654268e-17  -0.001491898686  0.9999988871  -0.001491898132
2  27  -1.563706692e-16  0.01152915583  0.99993354  0.01152890042
2  28  -2.281768378e-16  0.04109686216  0.9991556428  0.0410852947
2  29  -4.900635918e-17  0.02837977166  0.9995973213  0.02837596225
2  30  -1.135452026e-16  0.02071771469  0.9997853958  0.02071623264
2  31  -5.154012357e-17  0.02197683313  0.9997585191  0.02197506411
2  32  -1.210778324e-16  0.09215575143  0.9957566631  0.09202536522
2  33  2.731557841e-16  1.945389768  -0.3658941925  0.9306564564
2  34  1.794669968e-16  0.4494289531  0.9006953412  0.4344512657
2  35  2.897498122e-17  0.3685073728  0.9328660639  0.3602234125
2  36  2.897498122e-17  0.3685073728  0.9328660639  0.3602234125

3  0  -2.299658526e-17  0.7834710525  0.7084681405  0.7057427958
3  1  2.30409554e-16  0.4278183521  0.9098730511  0.4148867687
3  2  -5.14015601e-17  0.4269448188  0.9102351213  0.4140918061
3  3  1.729024383e-16  1.348098007  0.2208621092  0.9753050439
3  4  -2.982821421e-16  0.08470750457  0.9964144641  0.08460623975
3  5  -4.393419324e-17  0.09530314327  0.9954620917  0.09515894063
3  6  -3.171203966e-17  0.03394818255  0.9994238158  0.03394166217
3  7  -2.285651259e-16  0.02739089957  0.9996248928  0.02738747464
3  8  -3.035110411e-17  0.02823766723  0.9996013436  0.02823391476
3  9  -2.883985797e-16  0.03308482311  0.9994527472  0.03307878764
3  10  1.713944853e-16  0.02207540742  0.9997563481  0.02207361449
3  11  3.4393839e-16  0.001403424497  0.9999990152  0.001403424037
3  12  9.180886436e-17  -0.007935764645  0.999968512  -0.007935681351
3  13  5.255009733e-17  -0.01355413962  0.9999081441  -0.0135537246
3  14  1.679537753e-16  -0.01645014874  0.9998646994  -0.01644940683
3  15  3.262582523e-17  -0.01590509314  0.9998735167  -0.01590442256
3  16  -2.416827307e-16  -0.01336848154  0.9999106432  -0.01336808335
3  17  -6.767244901e-17  -0.01064557337  0.9999433364  -0.0106453723
3  18  -6.636733918e-17  -0.008705464345  0.9999621077  -0.008705354388
3  19  2.446648618e-16  -0.007864414331  0.9999690757  -0.007864333263
3  20  2.582778562e-16  -0.008170202186  0.9999666241  -0.00817011129
3  21  1.800547279e-16  -0.009558832404  0.9999543147  -0.009558686837
3  22  -2.040245117e-16  -0.01178168164  0.9999305968  -0.01178140908
3  23  4.348874078e-18  -0.01417444105  0.9998995443  -0.01417396641
3  24  -6.656235291e-18  -0.01554595004  0.9998791642  -0.01554532386
3  25  1.603393051e-16  -0.01462923343  0.9998929947  -0.01462871163
3  26  -3.097315332e-16  -0.01092650997  0.9999403063  -0.01092629256
3  27  -1.789758346e-16  -0.004135938167  0.999991447  -0.004135926375
3  28  1.91968853e-16  0.01157071799  0.99993306  0.01157045981
3  29  1.583015292e-16  0.03020346621  0.99954391  0.03019887424
3  30  -2.171794693e-16  0.02940731855  0.999567636  0.0294030802
3  31  -1.061135151e-16  0.02681639339  0.9996404621  0.02681317947
3  32  4.985222106e-17  0.02980150581  0.999555968  0.02979709474
3  33  -1.180374347e-17  0.09215575143  0.9957566631  0.09202536522
3  34  8.505531394e-17  0.1130302989  0.9936188738  0.1127897763
3  35  6.093923816e-17  0.6679002917  0.7851238265  0.6193388225
3  36  6.093923816e-17  0.6679002917  0.7851238265  0.6193388225

4  0  -3.143103091e-16  -0.01625733736  0.9998678524  -0.01625662123
4  1  -2.847366073e-16  0.2227623996  0.9752908892  0.2209246058
4  2  -3.051648946e-16  1.294983382  0.2723292459  0.9622041269
4  3  -1.996003494e-18  0.08470750457  0.9964144641  0.08460623975
4  4  2.78355196e-16  -0.02021725153  0.9997956383  -0.0202158743
4  5  4.261721161e-17  0.003352878806  0.9999943791  0.003352872524
4  6  -1.22904432e-16  0.01840944495  0.999830551  0.01840840512
4  7  -5.269592479e-18  0.02437270636  0.9997030003  0.02437029342
4  8  1.098339214e-16  0.03047823679  0.9995355745  0.03047351835
4  9  2.130656302e-17  0.03774694848  0.9992876685  0.03773798528
4  10  -1.381648756e-16  0.03116691187  0.9995143511  0.03116186631
4  11  -2.882168418e-16  0.008296636941  0.9999655831  0.008296541759
4  12  2.238937086e-17  -0.01521430808  0.9998842646  -0.01521372113
4  13  1.28675565e-16  -0.02075978198  0.9997845235  -0.02075829088
4  14  7.117577803e-17  -0.01324387242  0.9999123012  -0.01324348526
4  15  2.638620634e-16  -0.006031051698  0.9999818133  -0.006031015136
4  16  1.10669985e-16  -0.001332453171  0.9999991123  -0.001332452777
4  17  -1.909295393e-16  0.001502174341  0.9999988717  0.001502173776
4  18  -1.498232666e-16  0.003133290124  0.9999950913  0.003133284997
4  19  3.97596893e-17  0.003928950014  0.9999922817  0.003928939905
4  20  7.896257651e-17  0.004050435445  0.999991797  0.00405042437
4  21  1.119887695e-16  0.003520739207  0.9999938022  0.003520731934
4  22  8.648597561e-17  0.002236081489  0.9999975  0.002236079625
4  23  1.654717446e-16  -7.696875647e-05  0.999999997  -7.69687564e-05
4  24  1.56371423e-16  -0.0039289205  0.9999922818  -0.003928910392
4  25  -1.433799718e-16  -0.009905353856  0.9999509424  -0.009905191878
4  26  -1.492970786e-16  -0.01721376594  0.9998518468  -0.01721291584
4  27  -1.348070792e-16  -0.01948995066  0.9998100769  -0.01948871678
4  28  2.653697789e-17  -0.003788773123  0.9999928226  -0.003788764059
4  29  1.66854048e-17  0.02235406621  0.9997501583  0.02235220452
4  30  -1.999718708e-16  0.03675377313  0.9993246561  0.03674549895
4  31  1.752599774e-16  0.03345076337  0.9994405754  0.03344452541
4  32  1.272134337e-16  0.02681639339  0.9996404621  0.02681317947
4  33  1.013542924e-16  0.02197683313  0.9997585191  0.02197506411
4  34  2.580084008e-16  0.0137459401  0.9999055261  0.01374550722
4  35  7.080200519e-17  -0.01220725431  0.9999254924  -0.01220695113
4  36  7.080200519e-17  -0.01220725431  0.9999254924  -0.01220695113

5  0  -2.020709538e-16  0.001278423302  0.9999991828  0.001278422954
5  1  1.675312785e-16  0.02762559007  0.9996184377  0.02762207635
5  2  -4.549806768e-17  0.8554416299  0.6558852047  0.7548606483
5  3  1.42473412e-16  0.09530314327  0.9954620917  0.09515894063
5  4  2.228296743e-16  0.003352878806  0.9999943791  0.003352872524
5  5  -8.377223208e-17  0.006754103693  0.9999771911  0.006754052341
5  6  1.736790807e-16  0.01248502405  0.9999220631  0.0124846997
5  7  4.923184925e-17  0.01779386095  0.9998416934  0.01779292198
5  8  1.795521785e-17  0.02531288185  0.9996796461  0.02531017876
5  9  -7.731496409e-17  0.03594407321  0.9993540813  0.03593633389
5  10  7.103922009e-17  0.03891890675  0.9992427549  0.03890908254
5  11  1.253316832e-16  0.05894526995  0.9982632305  0.05891114122
5  12  3.743367982e-16  0.2083084619  0.9783821332  0.2068052259
5  13  1.734904111e-16  -0.002073466026  0.9999978504  -0.00207346454
5  14  -9.768786435e-17  -0.005254880271  0.9999861931  -0.005254856087
5  15  -1.855412606e-17  -0.001174928959  0.9999993098  -0.001174928689
5  16  -1.44475828e-16  0.001984496563  0.9999980309  0.00198449526
5  17  -1.977426469e-16  0.004006907313  0.9999919724  0.004006896591
5  18  -3.299527663e-17  0.005214536961  0.9999864043  0.005214513329
5  19  2.680724465e-16  0.005869892932  0.9999827722  0.005869859223
5  20  3.133608455e-16  0.006117957381  0.9999812854  0.006117919216
5  21  1.189394674e-16  0.006012213843  0.9999819267  0.006012177623
5  22  8.549496479e-18  0.005531472193  0.9999847014  0.005531443985
5  23  1.39292583e-16  0.004569763193  0.9999895587  0.004569747288
5  24  3.153787622e-16  0.002897305688  0.9999958028  0.002897301635
5  25  -7.57077133e-17  0.0001078619916  0.9999999942  0.0001078619914
5  26  -1.733396894e-16  -0.004368202309  0.9999904594  -0.004368188417
5  27  -5.47115356e-17  -0.01067811064  0.9999429895  -0.01067790772
5  28  3.152302207e-17  0.0004431091108  0.9999999018  0.0004431090963
5  29  -8.554335648e-17  0.2490320838  0.9691514341  0.2464660175
5  30  3.004453085e-17  0.04790461436  0.9988527934  0.04788629413
5  31  4.083943028e-17  0.03675377313  0.9993246561  0.03674549895
5  32  2.020181413e-17  0.02940731855  0.999567636  0.0294030802
5  33  3.643661785e-17  0.02071771469  0.9997853958  0.02071623264
5  34  5.624710675e-17  0.0150043119  0.9998874374  0.01500374892
5  35  1.392085632e-16  0.009314632819  0.9999566191  0.009314498127
5  36  1.392085632e-16  0.009314632819  0.9999566191  0.009314498127

6  0  -3.161450551e-16  0.01221607911  0.9999253846  0.01221577527
6  1  1.482084221e-16  0.01484187583  0.9998898614  0.01484133094
6  2  -1.16762024e-16  0.02914170308  0.9995754106  0.02913757855
6  3  1.221965611e-16  0.03394818255  0.9994238158  0.03394166217
6  4  9.950443851e-17  0.01840944495  0.999830551  0.01840840512
6  5  -2.258233063e-16  0.01248502405  0.9999220631  0.0124846997
6  6  2.960023952e-16  0.01255699627  0.999921162  0.01255666627
6  7  7.814889063e-17  0.01519997207  0.9998844826  0.01519938678
6  8  2.451521315e-17  0.02265785352  0.9997433218  0.02265591489
6  9  1.753001657e-16  0.03391033638  0.9994250996  0.03390383777
6  10  -6.664638847e-17  0.02747585505  0.9996225624  0.02747239815
6  11  6.490472194e-17  0.04114671667  0.9991535933  0.04113510707
6  12  3.483629023e-17  2.490549476  -0.7954520486  0.606016533
6  13  1.485615368e-16  0.03315447365  0.9994504408  0.03314839998
6  14  -6.379590875e-17  -0.006162391017  0.9999810125  -0.006162352015
6  15  9.1772047e-17  -0.005637072332  0.9999841117  -0.005637042477
6  16  3.201830048e-16  -0.00205444166  0.9999978896  -0.002054440214
6  17  9.197658946e-17  0.001036019678  0.9999994633  0.001036019493
6  18  -1.304569887e-17  0.003015189558  0.9999954543  0.003015184989
6  19  1.043685445e-16  0.004113093786  0.9999915412  0.004113082189
6  20  -9.871456632e-17  0.004622188762  0.9999893177  0.004622172304
6  21  -1.738979128e-16  0.004707225709  0.999988921  0.004707208325
6  22  8.671521108e-17  0.004399715626  0.9999903213  0.004399701431
6  23  -1.790754665e-16  0.003601583584  0.9999935143  0.003601575798
6  24  1.251489776e-16  0.002069524009  0.9999978585  0.002069522532
6  25  3.40938703e-17  -0.0005456970243  0.9999998511  -0.0005456969973
6  26  7.113738536e-18  -0.00431486215  0.999990691  -0.00431484876
6  27  -6.294072869e-17  -0.007774622799  0.9999697778  -0.007774544477
6  28  -3.7431057e-16  -0.003018851022  0.9999954433  -0.003018846437
6  29  1.457396816e-16  2.310303435  -0.6739238448  0.7388008198
6  30  7.26538936e-17  0.2490320838  0.9691514341  0.2464660175
6  31  -7.363316692e-18  0.02235406621  0.9997501583  0.02235220452
6  32  -5.236938399e-17  0.03020346621  0.99954391  0.03019887424
6  33  -2.11044614e-16  0.02837977166  0.9995973213  0.02837596225
6  34  -2.265186209e-16  0.01833352536  0.9998319456  0.01833249834
6  35  -2.221660836e-16  0.01372369923  0.9999058315  0.01372326845
6  36  -2.221660836e-16  0.01372369923  0.9999058315  0.01372326845

7  0  1.914218399e-16  0.01642669824  0.9998650848  0.0164259595
7  1  1.710429769e-16  0.01621163979  0.9998685942  0.01621092969
7  2  -6.90736677e-17  0.02119881306  0.9997753136  0.02119722534
7  3  4.342163665e-17  0.02739089957  0.9996248928  0.02738747464
7  4  -2.138356984e-16  0.02437270636  0.9997030003  0.02437029342
7  5  -4.61269876e-17  0.01779386095  0.9998416934  0.01779292198
7  6  -2.791448615e-18  0.01519997207  0.9998844826  0.01519938678
7  7  -1.877395214e-16  0.01796299428  0.9998386698  0.01796202828
7  8  9.63182824e-17  0.0370834122  0.9993124891  0.0370749134
7  9  3.865250383e-17  0.06599659741  0.9978230149  0.06594869925
7  10  -8.924486319e-17  0.02447076444  0.9997006058  0.02446832225
7  11  2.974329339e-16  0.00291373635  0.9999957551  0.002913732228
7  12  -2.97146155e-18  -0.01166231528  0.999931996  -0.01166205092
7  13  -1.15571676e-16  0.005535161646  0.999984681  0.005535133381
7  14  2.393397324e-16  -0.008391484462  0.9999647917  -0.008391385978
7  15  1.197923096e-16  -0.01306602075  0.9999146408  -0.01306564898
7  16  1.671261015e-16  -0.01176934355  0.9999307421  -0.01176907184
7  17  6.648078898e-17  -0.007389232385  0.9999726997  -0.007389165142
7  18  -8.436312463e-17  -0.003039095203  0.999995382  -0.003039090525
7  19  -1.877355351e-16  -0.0001532219017  0.9999999883  -0.0001532219011
7  20  -2.83318566e-17  0.001358310373  0.9999990775  0.001358309956
7  21  5.385253575e-17  0.001913149547  0.9999981699  0.00191314838
7  22  3.687527686e-17  0.001728310697  0.9999985065  0.001728309836
7  23  -2.661075302e-16  0.0007320603413  0.999999732  0.0007320602759
7  24  -1.053306206e-16  -0.001431775895  0.999998975  -0.001431775406
7  25  -2.876940796e-16  -0.005208287383  0.9999864369  -0.005208263836
7  26  -1.245531575e-17  -0.01020822453  0.9999478965  -0.01020804724
7  27  -1.01137844e-16  -0.01383120687  0.9999043504  -0.01383076588
7  28  -4.353445905e-17  -0.01251896715  0.9999216388  -0.01251864015
7  29  -6.177453934e-17  -0.003018851022  0.9999954433  -0.003018846437
7  30  4.280229091e-17  0.0004431091096  0.9999999018  0.0004431090951
7  31  -3.863268318e-17  -0.003788773123  0.9999928226  -0.003788764058
7  32  2.627076646e-16  0.01157071799  0.99993306  0.01157045981
7  33  2.249126158e-16  0.04109686216  0.9991556428  0.0410852947
7  34  -1.170518693e-16  0.05862516999  0.9982820368  0.05859159418
7  35  -2.307549273e-16  0.027328634  0.9996265961  0.02732523237
7  36  -2.307549273e-16  0.027328634  0.9996265961  0.02732523237

8  0  1.306086758e-16  0.2010203962  0.9798633462  0.1996692834
8  1  9.069178875e-17  0.02931502974  0.9995703453  0.02931083118
8  2  -1.987019163e-16  0.02345982169  0.999724831  0.02345766985
8  3  1.464917631e-16  0.02823766723  0.9996013436  0.02823391476
8  4  -1.514795545e-16  0.03047823679  0.9995355745  0.03047351835
8  5  7.193505308e-17  0.02531288185  0.9996796461  0.02531017876
8  6  -1.336973963e-16  0.02265785352  0.9997433218  0.02265591489
8  7  1.315165148e-16  0.0370834122  0.9993124891  0.0370749134
8  8  3.198787333e-16  0.3653465186  0.9340000155  0.3572729643
8  9  8.541158798e-17  0.72289223  0.7498954952  0.6615563062
8  10  1.428323887e-16  0.03099129691  0.9995198082  0.03098633616
8  11  -1.412462666e-17  0.0009862646031  0.9999995136  0.0009862644432
8  12  4.048532594e-17  -0.01405116127  0.9999012841  -0.01405069891
8  13  6.070851175e-17  -0.018454533  0.9998297199  -0.01845348551
8  14  5.770206117e-17  -0.006213022961  0.9999806992  -0.006212982989
8  15  -2.652797048e-16  -0.01055076984  0.9999443411  -0.01055057409
8  16  -9.936204601e-17  -0.01614373731  0.9998696927  -0.01614303609
8  17  1.070965244e-16  -0.01832279654  0.9998321423  -0.01832177132
8  18  -5.265441812e-17  -0.01544571201  0.9998807174  -0.01544509787
8  19  2.330010745e-16  -0.01000461571  0.9999499542  -0.01000444881
8  20  -1.112392046e-16  -0.005545679305  0.9999846228  -0.005545650879
8  21  1.011309948e-16  -0.003232372873  0.9999947759  -0.003232367244
8  22  -1.116930329e-16  -0.00279378727  0.9999960974  -0.002793783636
8  23  -3.43452887e-16  -0.004103961791  0.9999915788  -0.004103950271
8  24  2.44187972e-17  -0.007537475168  0.9999715934  -0.007537403796
8  25  -1.063369589e-16  -0.01312122446  0.999913918  -0.01312084795
8  26  3.718512601e-16  -0.01832423308  0.9998321159  -0.01832320762
8  27  3.638725316e-17  -0.01868540447  0.9998254329  -0.01868431717
8  28  2.590309192e-16  -0.01383120687  0.9999043504  -0.01383076588
8  29  9.018322461e-17  -0.007774622799  0.9999697778  -0.007774544477
8  30  -1.194734433e-16  -0.01067811064  0.9999429895  -0.01067790772
8  31  -4.083975519e-16  -0.01948995066  0.9998100769  -0.01948871678
8  32  -8.408946896e-17  -0.004135938167  0.999991447  -0.004135926375
8  33  1.958476282e-16  0.01152915583  0.99993354  0.01152890042
8  34  -1.904671909e-16  0.1156501165  0.9933199757  0.1153924865
8  35  -3.368337048e-16  0.8110494669  0.688737938  0.7250103812
8  36  -3.368337048e-16  0.8110494669  0.688737938  0.7250103812

9  0  2.519368188e-16  0.9882480317  0.5501537088  0.8350634088
9  1  1.161767207e-16  0.1344049171  0.9909812481  0.1340006187
9  2  -4.252601895e-17  0.04240837531  0.9991008996  0.04239566475
9  3  8.446068177e-17  0.03308482311  0.9994527472  0.03307878764
9  4  2.480492788e-17  0.03774694848  0.9992876685  0.03773798528
9  5  7.034946996e-17  0.03594407321  0.9993540813  0.03593633389
9  6  2.290175391e-16  0.03391033638  0.9994250996  0.03390383777
9  7  2.889443318e-16  0.06599659741  0.9978230149  0.06594869925
9  8  -5.652800611e-17  0.7228922301  0.7498954952  0.6615563062
9  9  7.177339838e-17  0.7197436482  0.7519747389  0.6591919236
9  10  1.927900027e-16  0.01915499796  0.9998165486  0.01915382661
9  11  2.087450757e-16  0.0009201670645  0.9999995766  0.0009201669347
9  12  -2.1715677e-16  -0.00587435982  0.999982746  -0.005874326034
9  13  -3.431377742e-16  -0.01831173792  0.9998323448  -0.01831071456
9  14  -3.875771642e-17  -0.009485286593  0.999955015  -0.00948514436
9  15  -4.610265438e-18  -0.003188794532  0.9999949158  -0.003188789127
9  16  -5.594015271e-17  -0.007166696342  0.9999743193  -0.007166634993
9  17  -9.283684764e-17  -0.01422001037  0.9998988974  -0.01421953113
9  18  -7.324357053e-17  -0.02153443728  0.999768143  -0.02153277295
9  19  6.583433482e-18  -0.02493564813  0.9996891228  -0.0249330641
9  20  -9.496675497e-17  -0.02223854517  0.9997527337  -0.02223671219
9  21  2.154499488e-16  -0.01712817482  0.9998533164  -0.01712733734
9  22  2.182756438e-16  -0.01429784796  0.9998977875  -0.01429736081
9  23  -9.289255276e-17  -0.01531722838  0.9998826936  -0.01531662944
9  24  5.104727128e-17  -0.02005717432  0.9997988616  -0.02005582954
9  25  8.906374695e-17  -0.02548936233  0.9996751638  -0.02548660232
9  26  1.590833686e-16  -0.02519793276  0.9996825489  -0.02519526633
9  27  -1.305219365e-16  -0.01832423308  0.9998321159  -0.01832320762
9  28  -2.139198801e-16  -0.01020822453  0.9999478965  -0.01020804724
9  29  -2.997645764e-16  -0.004314862149  0.999990691  -0.00431484876
9  30  -5.445863559e-17  -0.004368202309  0.9999904594  -0.004368188417
9  31  -5.720605099e-17  -0.01721376594  0.9998518468  -0.01721291584
9  32  -2.483874263e-16  -0.01092650997  0.9999403063  -0.01092629256
9  33  3.426483019e-17  -0.001491898686  0.9999988871  -0.001491898132
9  34  3.082496446e-16  0.008755093193  0.9999616744  0.008754981344
9  35  -9.001546701e-17  0.3712949497  0.9318582902  0.3628224455
9  36  -9.001546701e-17  0.3712949497  0.9318582902  0.3628224455

10  0  3.613956911e-16  0.01317323648  0.9999132342  0.01317285548
10  1  -2.412102069e-17  0.02886596647  0.9995834069  0.0288619579
10  2  2.808750596e-17  0.02484636217  0.999691345  0.0248438058
10  3  -5.767174847e-17  0.02207540742  0.9997563481  0.02207361449
10  4  -6.959116972e-17  0.03116691187  0.9995143511  0.03116186631
10  5  -1.103401669e-16  0.03891890675  0.9992427549  0.03890908254
10  6  1.328202979e-16  0.02747585505  0.9996225624  0.02747239815
10  7  6.840663172e-17  0.02447076444  0.9997006058  0.02446832225
10  8  -3.216337561e-16  0.03099129691  0.9995198082  0.03098633616
10  9  8.001212424e-17  0.01915499796  0.9998165486  0.01915382661
10  10  7.636194206e-17  0.003500221715  0.9999938742  0.003500214568
10  11  1.13967086e-16  -0.0007062570467  0.9999997506  -0.0007062569879
10  12  9.195481359e-17  -0.002696380557  0.9999963648  -0.00269637729
10  13  -6.549631619e-17  -0.0100128192  0.9999498721  -0.01001265189
10  14  -1.170819208e-16  -0.01541693822  0.9998811614  -0.01541632751
10  15  -7.618577373e-17  -0.002953494679  0.9999956384  -0.002953490385
10  16  9.435633628e-18  0.0003544169095  0.9999999372  0.0003544169021
10  17  1.575646095e-16  -0.002838959558  0.9999959702  -0.002838955744
10  18  3.157055449e-16  -0.009160544293  0.9999580425  -0.009160416175
10  19  4.711863406e-17  -0.0189476651  0.9998204984  -0.01894653137
10  20  -2.556410017e-16  -0.03171576376  0.9994970973  -0.03171044694
10  21  -1.071010804e-16  -0.04374182543  0.9990434789  -0.04372787788
10  22  -1.100511223e-16  -0.05199319814  0.9986486581  -0.05196977583
10  23  -3.191427346e-16  -0.05569146143  0.9984496313  -0.05566267769
10  24  7.049545199e-17  -0.05243829164  0.9986254278  -0.0524142627
10  25  1.25999096e-17  -0.04088371253  0.9991643774  -0.04087232411
10  26  1.583881846e-16  -0.02548936233  0.9996751638  -0.02548660232
10  27  1.991006316e-17  -0.01312122446  0.999913918  -0.01312084795
10  28  1.626773957e-16  -0.005208287383  0.9999864369  -0.005208263836
10  29  2.830804701e-17  -0.0005456970243  0.9999998511  -0.0005456969972
10  30  1.397575158e-16  0.0001078619915  0.9999999942  0.0001078619913
10  31  1.81386474e-16  -0.009905353856  0.9999509424  -0.009905191878
10  32  2.431879812e-17  -0.01462923343  0.9998929947  -0.01462871163
10  33  4.993212034e-17  -0.004782657893  0.9999885631  -0.00478263966
10  34  -3.718875814e-16  -0.00121130018  0.9999992664  -0.001211299884
10  35  -5.981493427e-17  0.001441756693  0.9999989607  0.001441756193
10  36  -5.981493427e-17  0.001441756693  0.9999989607  0.001441756193

11  0  -9.084683143e-17  -0.001272722916  0.9999991901  -0.001272722572
11  1  7.583270117e-17  0.000625317974  0.9999998045  0.0006253179332
11  2  -1.39983767e-16  0.001568899259  0.9999987693  0.001568898616
11  3  -1.790330322e-16  0.001403424497  0.9999990152  0.001403424037
11  4  -9.508310843e-17  0.008296636941  0.9999655831  0.008296541759
11  5  -9.245679802e-17  0.05894526995  0.9982632305  0.05891114122
11  6  2.368357472e-17  0.04114671667  0.9991535933  0.04113510707
11  7  3.258588587e-16  0.00291373635  0.9999957551  0.002913732227
11  8  1.565463028e-16  0.0009862646032  0.9999995136  0.0009862644433
11  9  -2.992582087e-17  0.0009201670645  0.9999995766  0.0009201669346
11  10  -2.666096888e-16  -0.0007062570468  0.9999997506  -0.000706256988
11  11  -4.044811714e-17  -0.001928737502  0.99999814  -0.001928736306
11  12  2.513740417e-16  -0.002260580694  0.9999974449  -0.002260578769
11  13  -2.000554662e-16  -0.004885173422  0.9999880676  -0.004885153991
11  14  5.905337162e-17  -0.01379334287  0.9999048734  -0.01379290549
11  15  6.68956831e-17  -0.01063843736  0.9999434124  -0.01063823669
11  16  -1.547888353e-16  0.001025271091  0.9999994744  0.001025270911
11  17  -1.128028129e-16  0.002848942738  0.9999959418  0.002848938884
11  18  -2.80867874e-16  0.0003637369525  0.9999999338  0.0003637369445
11  19  2.544309487e-17  -0.004436616239  0.9999901582  -0.004436601684
11  20  -1.093523534e-17  -0.01322970739  0.9999124887  -0.01322932147
11  21  -9.61190837e-17  -0.03239250581  0.9994754087  -0.03238684134
11  22  -2.705406567e-16  -0.07786177906  0.9969703028  -0.07778313063
11  23  -1.876392591e-16  -0.1513118947  0.98857418  -0.1507351671
11  24  1.352594098e-16  -0.1284524335  0.9917613237  -0.12809948
11  25  -1.100794033e-16  -0.05243829164  0.9986254278  -0.0524142627
11  26  1.58594355e-16  -0.02005717432  0.9997988616  -0.02005582954
11  27  -1.67239116e-16  -0.007537475168  0.9999715934  -0.007537403796
11  28  1.223071266e-16  -0.001431775895  0.999998975  -0.001431775406
11  29  -1.065739248e-16  0.002069524009  0.9999978585  0.002069522532
11  30  -1.713100268e-17  0.002897305688  0.9999958028  0.002897301635
11  31  3.070505404e-17  -0.0039289205  0.9999922818  -0.003928910392
11  32  -3.937874855e-17  -0.01554595004  0.9998791642  -0.01554532386
11  33  1.401979394e-16  -0.008215493914  0.999966253  -0.008215401498
11  34  6.648044577e-17  -0.002769430399  0.9999961651  -0.002769426859
11  35  9.614517623e-17  -0.001984481546  0.9999980309  -0.001984480244
11  36  9.614517623e-17  -0.001984481546  0.9999980309  -0.001984480244

12  0  3.901331654e-16  -0.002264417777  0.9999974362  -0.002264415842
12  1  1.184331119e-16  -0.002053865197  0.9999978908  -0.002053863753
12  2  -2.255634835e-16  -0.003271828153  0.9999946476  -0.003271822316
12  3  -1.150227829e-16  -0.007935764645  0.999968512  -0.007935681351
12  4  -1.47555054e-16  -0.01521430808  0.9998842646  -0.01521372113
12  5  -2.210289268e-17  0.2083084619  0.9783821332  0.2068052259
12  6  -1.465031363e-16  2.490549476  -0.7954520486  0.606016533
12  7  -1.364832955e-16  -0.01166231528  0.999931996  -0.01166205092
12  8  5.06256926e-17  -0.01405116127  0.9999012841  -0.01405069891
12  9  5.014908206e-17  -0.00587435982  0.999982746  -0.005874326034
12  10  2.736975386e-16  -0.002696380557  0.9999963648  -0.00269637729
12  11  1.468225474e-17  -0.002260580694  0.9999974449  -0.002260578769
12  12  -2.407932339e-16  -0.002488609964  0.9999969034  -0.002488607395
12  13  -1.890078885e-16  -0.003384613108  0.9999942722  -0.003384606646
12  14  8.752042274e-17  -0.008574542123  0.9999632388  -0.008574437052
12  15  1.8059261e-16  -0.01656794142  0.9998627548  -0.01656718346
12  16  -2.398632344e-18  -0.006311317938  0.9999800837  -0.006311276038
12  17  3.908554026e-17  0.00339035713  0.9999942527  0.003390350634
12  18  -5.663345869e-17  0.004357464167  0.9999905063  0.004357450377
12  19  2.281253593e-16  0.002228684972  0.9999975165  0.002228683127
12  20  8.221016296e-17  -0.001559538133  0.9999987839  -0.001559537501
12  21  3.612263346e-16  -0.00885899038  0.9999607594  -0.008858874502
12  22  1.586675731e-17  -0.03013646587  0.9995459311  -0.03013190439
12  23  -1.742230386e-16  -0.1044195036  0.9945532354  -0.1042298519
12  24  -7.866761127e-18  -0.1513118947  0.98857418  -0.1507351671
12  25  7.713661963e-17  -0.05569146143  0.9984496313  -0.05566267769
12  26  -1.381680315e-16  -0.01531722838  0.9998826936  -0.01531662944
12  27  -3.871606226e-16  -0.004103961791  0.9999915788  -0.004103950271
12  28  -2.720050487e-16  0.0007320603413  0.999999732  0.0007320602759
12  29  -1.355044644e-16  0.003601583584  0.9999935143  0.003601575798
12  30  -1.995101742e-16  0.004569763193  0.9999895587  0.004569747288
12  31  -5.005583778e-16  -7.696875648e-05  0.999999997  -7.69687564e-05
12  32  3.140320226e-16  -0.01417444105  0.9998995443  -0.01417396641
12  33  2.329443458e-16  -0.01305872359  0.9999147361  -0.01305835244
12  34  1.560500971e-16  -0.004793003238  0.9999885136  -0.004792984886
12  35  -1.210035942e-16  -0.002626471826  0.9999965508  -0.002626468806
12  36  -1.210035942e-16  -0.002626471826  0.9999965508  -0.002626468806

13  0  -3.425665932e-18  -0.003184218956  0.9999949304  -0.003184213575
13  1  -7.36668706e-17  -0.003531408764  0.9999937646  -0.003531401425
13  2  -1.152367797e-16  -0.006255885555  0.999980432  -0.00625584475
13  3  -2.530575554e-17  -0.01355413962  0.9999081441  -0.0135537246
13  4  -8.320772966e-17  -0.02075978198  0.9997845235  -0.02075829088
13  5  1.10195449e-16  -0.002073466026  0.9999978504  -0.00207346454
13  6  2.362735445e-16  0.03315447365  0.9994504408  0.03314839998
13  7  -2.731255626e-16  0.005535161646  0.999984681  0.005535133382
13  8  -1.283555836e-16  -0.018454533  0.9998297199  -0.01845348551
13  9  1.497973942e-16  -0.01831173792  0.9998323448  -0.01831071456
13  10  2.135216351e-17  -0.0100128192  0.9999498721  -0.01001265189
13  11  3.995383879e-17  -0.004885173422  0.9999880676  -0.004885153991
13  12  -5.549250133e-17  -0.003384613108  0.9999942722  -0.003384606646
13  13  -3.531646317e-16  -0.003604104224  0.9999935052  -0.003604096421
13  14  6.196442762e-17  -0.006031931737  0.999981808  -0.00603189516
13  15  7.536445719e-17  -0.0143506555  0.9998970311  -0.01435016294
13  16  -3.636086396e-16  -0.01795538223  0.9998388065  -0.01795441746
13  17  9.703653975e-18  -0.003145374942  0.9999950533  -0.003145369755
13  18  -1.124915342e-16  0.004769038046  0.9999886282  0.004769019968
13  19  5.560022413e-17  0.005185909601  0.9999865532  0.005185886357
13  20  1.06190609e-16  0.003141556844  0.9999950653  0.003141551676
13  21  -3.595564638e-17  -0.000317948891  0.9999999495  -0.0003179488856
13  22  1.970908345e-16  -0.007401024355  0.9999726125  -0.00740095679
13  23  -7.749857662e-17  -0.03013646587  0.9995459311  -0.03013190439
13  24  -3.223040092e-17  -0.07786177906  0.9969703028  -0.07778313063
13  25  -4.280151702e-16  -0.05199319814  0.9986486581  -0.05196977583
13  26  -6.309378514e-17  -0.01429784796  0.9998977875  -0.01429736081
13  27  1.288051058e-16  -0.00279378727  0.9999960974  -0.002793783636
13  28  -4.235321438e-16  0.001728310697  0.9999985065  0.001728309836
13  29  -5.718047971e-17  0.004399715626  0.9999903213  0.004399701431
13  30  -3.045705805e-17  0.005531472193  0.9999847014  0.005531443985
13  31  3.321808125e-17  0.002236081489  0.9999975  0.002236079625
13  32  -5.766234734e-18  -0.01178168164  0.9999305968  -0.01178140908
13  33  1.554385576e-16  -0.01866855415  0.9998257476  -0.01866746979
13  34  -1.058754234e-16  -0.008812713415  0.9999611683  -0.008812599344
13  35  -7.549275015e-17  -0.004171510543  0.9999912993  -0.004171498444
13  36  -7.549275015e-17  -0.004171510543  0.9999912993  -0.004171498444

14  0  -2.525550212e-16  -0.005612449964  0.9999842502  -0.005612420499
14  1  4.787399951e-17  -0.00645303028  0.9999791793  -0.006452985495
14  2  -6.519232805e-17  -0.01064326814  0.999943361  -0.0106430672
14  3  -8.163422772e-17  -0.01645014874  0.9998646994  -0.01644940683
14  4  3.462839218e-16  -0.01324387242  0.9999123012  -0.01324348526
14  5  1.206447421e-16  -0.005254880271  0.9999861931  -0.005254856086
14  6  7.123397336e-17  -0.006162391017  0.9999810125  -0.006162352015
14  7  4.494616307e-17  -0.008391484462  0.9999647917  -0.008391385978
14  8  2.793281506e-16  -0.006213022961  0.9999806992  -0.006212982989
14  9  -1.627569762e-17  -0.009485286593  0.999955015  -0.00948514436
14  10  -1.337750138e-16  -0.01541693822  0.9998811614  -0.01541632751
14  11  -1.687484327e-16  -0.01379334287  0.9999048734  -0.01379290549
14  12  3.11132829e-16  -0.008574542122  0.9999632388  -0.008574437052
14  13  2.583344226e-17  -0.006031931738  0.999981808  -0.00603189516
14  14  2.078372243e-16  -0.006485983066  0.9999789661  -0.00648593759
14  15  8.444625416e-17  -0.01109432084  0.9999384587  -0.01109409326
14  16  1.056031577e-16  -0.02152559673  0.9997683333  -0.02152393445
14  17  -9.730394705e-17  -0.01826099579  0.9998332726  -0.01825998091
14  18  8.563362451e-17  -0.001161425339  0.9999993255  -0.001161425078
14  19  5.398061702e-17  0.005494907867  0.999984903  0.005494880215
14  20  1.322783441e-16  0.005550703649  0.9999845949  0.005550675146
14  21  -1.074930373e-18  0.003411432641  0.9999941811  0.003411426024
14  22  -2.822507398e-17  -0.000317948891  0.9999999495  -0.0003179488857
14  23  -5.03022298e-18  -0.00885899038  0.9999607594  -0.008858874502
14  24  2.52997475e-16  -0.03239250581  0.9994754087  -0.03238684134
14  25  -6.352853822e-17  -0.04374182543  0.9990434789  -0.04372787788
14  26  1.20819531e-16  -0.01712817482  0.9998533164  -0.01712733734
14  27  6.412305674e-17  -0.003232372873  0.9999947759  -0.003232367244
14  28  -1.217286951e-16  0.001913149547  0.9999981699  0.00191314838
14  29  2.435005534e-16  0.004707225709  0.999988921  0.004707208325
14  30  2.927124922e-16  0.006012213843  0.9999819267  0.006012177623
14  31  -1.998346554e-16  0.003520739207  0.9999938022  0.003520731934
14  32  -1.64527793e-16  -0.009558832404  0.9999543147  -0.009558686837
14  33  -8.014513973e-17  -0.02378359981  0.9997171835  -0.02378135764
14  34  1.129100905e-16  -0.01532053  0.999882643  -0.01531993067
14  35  -1.409453656e-16  -0.007668639879  0.9999705961  -0.007668564716
14  36  -1.409453656e-16  -0.007668639879  0.9999705961  -0.007668564716

15  0  -1.883775107e-16  -0.01028402616  0.9999471199  -0.01028384488
15  1  -2.917294504e-16  -0.0118189126  0.9999301575  -0.01181863745
15  2  1.994421055e-16  -0.01647515383  0.9998642877  -0.01647440853
15  3  1.398364935e-16  -0.01590509314  0.9998735167  -0.01590442256
15  4  1.453050528e-16  -0.006031051698  0.9999818133  -0.006031015136
15  5  2.46308335e-16  -0.00117492896  0.9999993098  -0.001174928689
15  6  2.234729566e-16  -0.005637072332  0.9999841117  -0.005637042477
15  7  6.197155442e-17  -0.01306602075  0.9999146408  -0.01306564898
15  8  1.166264937e-16  -0.01055076984  0.9999443411  -0.01055057409
15  9  -1.189952572e-16  -0.003188794532  0.9999949158  -0.003188789127
15  10  -2.116075126e-16  -0.002953494679  0.9999956384  -0.002953490385
15  11  1.413258782e-17  -0.01063843736  0.9999434124  -0.01063823669
15  12  1.086214152e-16  -0.01656794142  0.9998627548  -0.01656718346
15  13  -3.404568034e-16  -0.0143506555  0.9998970311  -0.01435016294
15  14  -1.441674891e-16  -0.01109432084  0.9999384587  -0.01109409326
15  15  1.940170466e-16  -0.01171675562  0.9999313596  -0.01171648754
15  16  1.762750141e-16  -0.0183915127  0.9998308809  -0.01839047591
15  17  -1.449569602e-17  -0.0283174987  0.9995990864  -0.0283137143
15  18  1.321782279e-16  -0.01809780991  0.9998362391  -0.01809682199
15  19  9.223421966e-17  -0.0002179523739  0.9999999762  -0.0002179523721
15  20  4.223938692e-17  0.005722136837  0.9999836286  0.00572210561
15  21  -4.242689496e-16  0.005550703649  0.9999845949  0.005550675146
15  22  -2.169343707e-16  0.003141556844  0.9999950653  0.003141551676
15  23  1.524354064e-16  -0.001559538133  0.9999987839  -0.001559537501
15  24  -9.080470678e-17  -0.01322970739  0.9999124887  -0.01322932147
15  25  9.199842387e-17  -0.03171576376  0.9994970973  -0.03171044694
15  26  1.736027334e-16  -0.02223854517  0.9997527337  -0.02223671219
15  27  -7.178503072e-17  -0.005545679305  0.9999846228  -0.005545650879
15  28  -9.277487308e-17  0.001358310373  0.9999990775  0.001358309956
15  29  -1.431328502e-16  0.004622188762  0.9999893177  0.004622172304
15  30  -6.172690512e-17  0.006117957381  0.9999812854  0.006117919216
15  31  1.760354136e-17  0.004050435445  0.999991797  0.00405042437
15  32  -1.104966936e-17  -0.008170202186  0.9999666241  -0.00817011129
15  33  -3.370569121e-16  -0.02742489282  0.9996239612  -0.02742145512
15  34  2.421939528e-17  -0.0233207167  0.9997280844  -0.02331860291
15  35  -1.184268436e-17  -0.01342182246  0.9999099287  -0.01342141948
15  36  -1.184268436e-17  -0.01342182246  0.9999099287  -0.01342141948

16  0  -6.312926469e-17  -0.01681384737  0.9998586506  -0.01681305515
16  1  6.778203745e-17  -0.01947992556  0.9998102722  -0.01947869358
16  2  -2.245838189e-16  -0.02234187798  0.9997504306  -0.02234001934
16  3  -1.222458156e-16  -0.01336848154  0.9999106432  -0.01336808335
16  4  1.048451635e-16  -0.001332453171  0.9999991123  -0.001332452777
16  5  2.081716508e-16  0.001984496563  0.9999980309  0.00198449526
16  6  1.357732065e-16  -0.002054441659  0.9999978896  -0.002054440214
16  7  9.205937292e-17  -0.01176934355  0.9999307421  -0.01176907184
16  8  -1.226634356e-16  -0.01614373731  0.9998696927  -0.01614303609
16  9  -2.310353326e-16  -0.007166696342  0.9999743193  -0.007166634993
16  10  -7.918033232e-17  0.0003544169096  0.9999999372  0.0003544169022
16  11  1.061492362e-16  0.001025271091  0.9999994744  0.001025270911
16  12  5.731643897e-17  -0.006311317938  0.9999800837  -0.006311276038
16  13  -2.440111038e-16  -0.01795538223  0.9998388065  -0.01795441746
16  14  -4.5023211e-16  -0.02152559673  0.9997683333  -0.02152393445
16  15  2.621969477e-17  -0.0183915127  0.9998308809  -0.01839047591
16  16  -1.982794618e-16  -0.01850080544  0.999828865  -0.01849975005
16  17  -2.86166428e-16  -0.02560598509  0.9996721847  -0.02560318702
16  18  4.344352565e-16  -0.03250618485  0.9994717205  -0.03250046053
16  19  1.658173757e-16  -0.01797962952  0.9998383708  -0.01797866083
16  20  2.218421469e-16  -0.0002179523739  0.9999999762  -0.0002179523722
16  21  -1.490645868e-16  0.005494907868  0.999984903  0.005494880215
16  22  5.954050665e-17  0.005185909601  0.9999865532  0.005185886357
16  23  2.407290048e-16  0.002228684972  0.9999975165  0.002228683127
16  24  -8.180119747e-17  -0.004436616239  0.9999901582  -0.004436601684
16  25  -4.185309249e-16  -0.0189476651  0.9998204984  -0.01894653137
16  26  -4.021703012e-16  -0.02493564813  0.9996891228  -0.0249330641
16  27  -4.121011006e-17  -0.01000461571  0.9999499542  -0.01000444881
16  28  3.565506643e-17  -0.0001532219017  0.9999999883  -0.0001532219011
16  29  1.577963667e-17  0.004113093786  0.9999915412  0.004113082189
16  30  -5.760204544e-16  0.005869892932  0.9999827722  0.005869859223
16  31  -4.012096111e-16  0.003928950014  0.9999922817  0.003928939905
16  32  -2.928792234e-16  -0.007864414331  0.9999690757  -0.007864333263
16  33  -3.851268652e-16  -0.0291977647  0.9995737755  -0.02919361631
16  34  2.564935846e-16  -0.02989648602  0.9995531333  -0.02989203264
16  35  4.639240033e-17  -0.02005597219  0.9997988857  -0.02005462766
16  36  4.639240033e-17  -0.02005597219  0.9997988857  -0.02005462766

17  0  3.944802604e-17  -0.02266456147  0.9997431698  -0.02266262112
17  1  -1.929445809e-16  -0.02729306427  0.9996275674  -0.02728967591
17  2  1.012785943e-16  -0.02673471064  0.9996426489  -0.026731526
17  3  -2.71170081e-16  -0.01064557337  0.9999433364  -0.0106453723
17  4  7.000689505e-17  0.001502174341  0.9999988717  0.001502173776
17  5  2.05193921e-16  0.004006907313  0.9999919724  0.004006896591
17  6  -1.013150504e-17  0.001036019678  0.9999994633  0.001036019493
17  7  -6.011615383e-17  -0.007389232385  0.9999726997  -0.007389165142
17  8  1.391499543e-16  -0.01832279654  0.9998321423  -0.01832177132
17  9  -7.955708461e-17  -0.01422001037  0.9998988974  -0.01421953113
17  10  1.107395809e-16  -0.002838959558  0.9999959702  -0.002838955744
17  11  1.420606596e-16  0.002848942737  0.9999959418  0.002848938884
17  12  -1.025998316e-16  0.00339035713  0.9999942527  0.003390350634
17  13  -1.910779351e-16  -0.003145374942  0.9999950533  -0.003145369755
17  14  -1.449762629e-17  -0.01826099579  0.9998332726  -0.01825998091
17  15  1.49327971e-16  -0.0283174987  0.9995990864  -0.0283137143
17  16  -3.658383138e-17  -0.02560598509  0.9996721847  -0.02560318702
17  17  3.011107138e-16  -0.023717984  0.9997187418  -0.02371576033
17  18  3.676491796e-17  -0.02873790045  0.999587095  -0.028733945
17  19  4.824336834e-17  -0.03250618485  0.9994717205  -0.03250046053
17  20  -8.242139013e-18  -0.01809780991  0.9998362391  -0.01809682199
17  21  8.17553066e-17  -0.001161425339  0.9999993255  -0.001161425078
17  22  8.598660415e-17  0.004769038045  0.9999886282  0.004769019968
17  23  9.128049493e-17  0.004357464167  0.9999905063  0.004357450377
17  24  1.574541217e-16  0.0003637369525  0.9999999338  0.0003637369445
17  25  1.69655417e-16  -0.009160544293  0.9999580425  -0.009160416175
17  26  1.152976697e-16  -0.02153443728  0.999768143  -0.02153277295
17  27  2.271021762e-16  -0.01544571201  0.9998807174  -0.01544509787
17  28  1.4312114e-16  -0.003039095203  0.999995382  -0.003039090525
17  29  -5.837226361e-17  0.003015189558  0.9999954543  0.003015184989
17  30  -1.466212424e-16  0.005214536961  0.9999864043  0.005214513329
17  31  -1.383097488e-16  0.003133290124  0.9999950913  0.003133284997
17  32  -2.162602885e-16  -0.008705464344  0.9999621077  -0.008705354387
17  33  -2.898703516e-16  -0.02901015723  0.9995792349  -0.0290060883
17  34  9.03168657e-17  -0.03158405318  0.9995012653  -0.03157880232
17  35  2.035658454e-17  -0.02410890966  0.9997093943  -0.02410657422
17  36  2.035658454e-17  -0.02410890966  0.9997093943  -0.02410657422

18  0  2.945490085e-16  -0.02410890966  0.9997093943  -0.02410657422
18  1  3.281376635e-17  -0.03158405318  0.9995012653  -0.03157880232
18  2  -2.967016054e-16  -0.02901015723  0.9995792349  -0.0290060883
18  3  -1.787943206e-16  -0.008705464344  0.9999621077  -0.008705354387
18  4  2.768300425e-18  0.003133290124  0.9999950913  0.003133284997
18  5  6.733607685e-18  0.005214536961  0.9999864043  0.005214513329
18  6  1.910561861e-16  0.003015189558  0.9999954543  0.003015184989
18  7  -1.671305572e-17  -0.003039095203  0.999995382  -0.003039090525
18  8  4.146763163e-17  -0.01544571201  0.9998807174  -0.01544509787
18  9  -3.133335054e-16  -0.02153443728  0.999768143  -0.02153277295
18  10  -8.699423726e-17  -0.009160544293  0.9999580425  -0.009160416175
18  11  6.212563613e-17  0.0003637369526  0.9999999338  0.0003637369445
18  12  -1.58674649e-16  0.004357464167  0.9999905063  0.004357450377
18  13  1.831271775e-17  0.004769038046  0.9999886282  0.004769019968
18  14  -3.447110215e-17  -0.001161425339  0.9999993255  -0.001161425078
18  15  -2.373465425e-16  -0.01809780991  0.9998362391  -0.01809682199
18  16  -4.700740321e-17  -0.03250618485  0.9994717205  -0.03250046053
18  17  2.091193121e-16  -0.02873790045  0.999587095  -0.028733945
18  18  -2.561897761e-17  -0.023717984  0.9997187418  -0.02371576033
18  19  -9.050317259e-17  -0.02560598509  0.9996721847  -0.02560318702
18  20  1.136365346e-17  -0.0283174987  0.9995990864  -0.0283137143
18  21  1.798581979e-16  -0.01826099579  0.9998332726  -0.01825998091
18  22  -1.638287359e-16  -0.003145374942  0.9999950533  -0.003145369755
18  23  9.030158151e-17  0.00339035713  0.9999942527  0.003390350635
18  24  7.978789087e-17  0.002848942737  0.9999959418  0.002848938884
18  25  -2.325446394e-17  -0.002838959558  0.9999959702  -0.002838955744
18  26  -9.028252876e-17  -0.01422001036  0.9998988974  -0.01421953113
18  27  -7.028793704e-17  -0.01832279654  0.9998321423  -0.01832177132
18  28  -1.474755113e-16  -0.007389232385  0.9999726997  -0.007389165142
18  29  -1.1794753e-16  0.001036019678  0.9999994633  0.001036019493
18  30  -1.310445315e-16  0.004006907313  0.9999919724  0.004006896591
18  31  -7.299434839e-17  0.001502174341  0.9999988717  0.001502173776
18  32  2.333172603e-16  -0.01064557337  0.9999433364  -0.0106453723
18  33  -8.727631972e-17  -0.02673471064  0.9996426489  -0.026731526
18  34  -1.239793709e-16  -0.02729306427  0.9996275674  -0.02728967591
18  35  1.888244875e-16  -0.02266456147  0.9997431698  -0.02266262112
18  36  1.888244875e-16  -0.02266456147  0.9997431698  -0.02266262112

19  0  5.156489242e-17  -0.02005597219  0.9997988857  -0.02005462766
19  1  -3.743067638e-16  -0.02989648602  0.9995531333  -0.02989203263
19  2  -2.217733996e-16  -0.0291977647  0.9995737755  -0.02919361631
19  3  -1.376424329e-17  -0.007864414331  0.9999690757  -0.007864333263
19  4  -2.839723162e-16  0.003928950014  0.9999922817  0.003928939905
19  5  1.063125559e-16  0.005869892932  0.9999827722  0.005869859223
19  6  2.411332052e-16  0.004113093786  0.9999915412  0.004113082189
19  7  2.84402556e-17  -0.0001532219017  0.9999999883  -0.0001532219011
19  8  1.837390144e-16  -0.01000461571  0.9999499542  -0.01000444881
19  9  -9.142162641e-17  -0.02493564813  0.9996891228  -0.0249330641
19  10  -1.589822369e-16  -0.0189476651  0.9998204984  -0.01894653137
19  11  1.012259227e-16  -0.004436616239  0.9999901582  -0.004436601684
19  12  1.063399739e-16  0.002228684972  0.9999975165  0.002228683127
19  13  -1.365652163e-16  0.005185909601  0.9999865532  0.005185886357
19  14  -3.239953677e-17  0.005494907868  0.999984903  0.005494880215
19  15  -4.856704917e-18  -0.0002179523739  0.9999999762  -0.0002179523722
19  16  3.614284373e-16  -0.01797962952  0.9998383708  -0.01797866083
19  17  4.881909515e-17  -0.03250618485  0.9994717205  -0.03250046053
19  18  -1.558900201e-17  -0.02560598509  0.9996721847  -0.02560318702
19  19  -1.845146252e-16  -0.01850080544  0.999828865  -0.01849975005
19  20  -1.860823453e-16  -0.0183915127  0.9998308809  -0.01839047591
19  21  -2.655911984e-17  -0.02152559673  0.9997683333  -0.02152393445
19  22  -1.515626506e-16  -0.01795538223  0.9998388065  -0.01795441746
19  23  2.03724956e-16  -0.006311317938  0.9999800837  -0.006311276039
19  24  1.101945621e-16  0.001025271091  0.9999994744  0.001025270911
19  25  -2.058828777e-16  0.0003544169096  0.9999999372  0.0003544169021
19  26  -1.635780647e-16  -0.007166696342  0.9999743193  -0.007166634993
19  27  -9.508932571e-17  -0.01614373731  0.9998696927  -0.01614303609
19  28  -1.578657426e-16  -0.01176934355  0.9999307421  -0.01176907184
19  29  8.847341407e-17  -0.002054441659  0.9999978896  -0.002054440214
19  30  1.7063408e-16  0.001984496563  0.9999980309  0.00198449526
19  31  1.078970039e-16  -0.001332453171  0.9999991123  -0.001332452777
19  32  6.754985046e-17  -0.01336848154  0.9999106432  -0.01336808335
19  33  -2.2557839e-16  -0.02234187798  0.9997504306  -0.02234001934
19  34  -2.760209881e-17  -0.01947992556  0.9998102722  -0.01947869358
19  35  -2.591352973e-16  -0.01681384737  0.9998586506  -0.01681305515
19  36  -2.591352973e-16  -0.01681384737  0.9998586506  -0.01681305515

20  0  -1.133840786e-16  -0.01342182246  0.9999099287  -0.01342141948
20  1  -1.360572652e-16  -0.0233207167  0.9997280844  -0.02331860291
20  2  -3.240250412e-16  -0.02742489282  0.9996239612  -0.02742145513
20  3  1.445284745e-16  -0.008170202186  0.9999666241  -0.00817011129
20  4  1.129372785e-16  0.004050435445  0.999991797  0.00405042437
20  5  3.12799664e-16  0.006117957381  0.9999812854  0.006117919216
20  6  2.07407662e-16  0.004622188762  0.9999893177  0.004622172304
20  7  -1.177515701e-16  0.001358310373  0.9999990775  0.001358309956
20  8  2.032242633e-17  -0.005545679305  0.9999846228  -0.005545650879
20  9  1.972105601e-16  -0.02223854517  0.9997527337  -0.02223671219
20  10  2.312727255e-17  -0.03171576376  0.9994970973  -0.03171044694
20  11  -5.505809782e-17  -0.01322970739  0.9999124887  -0.01322932147
20  12  -5.35065882e-17  -0.001559538133  0.9999987839  -0.001559537501
20  13  1.925578147e-16  0.003141556844  0.9999950653  0.003141551676
20  14  2.660423662e-16  0.005550703649  0.9999845949  0.005550675146
20  15  1.63062172e-16  0.005722136837  0.9999836286  0.00572210561
20  16  3.202612914e-16  -0.0002179523739  0.9999999762  -0.0002179523722
20  17  -4.695902021e-17  -0.01809780991  0.9998362391  -0.01809682199
20  18  -8.634568856e-18  -0.0283174987  0.9995990864  -0.02831371431
20  19  -2.150970031e-17  -0.0183915127  0.9998308809  -0.01839047591
20  20  9.259675688e-17  -0.01171675562  0.9999313596  -0.01171648754
20  21  9.846209822e-18  -0.01109432084  0.9999384587  -0.01109409326
20  22  -1.099619125e-16  -0.0143506555  0.9998970311  -0.01435016294
20  23  1.890041152e-16  -0.01656794142  0.9998627548  -0.01656718346
20  24  1.260632689e-16  -0.01063843736  0.9999434124  -0.01063823669
20  25  -7.817601265e-17  -0.002953494679  0.9999956384  -0.002953490385
20  26  -2.061545563e-16  -0.003188794532  0.9999949158  -0.003188789127
20  27  3.358383883e-16  -0.01055076984  0.9999443411  -0.01055057409
20  28  1.968317731e-16  -0.01306602075  0.9999146408  -0.01306564898
20  29  -7.029211294e-17  -0.005637072332  0.9999841117  -0.005637042477
20  30  -1.422293509e-16  -0.001174928959  0.9999993098  -0.001174928689
20  31  -1.862472392e-16  -0.006031051698  0.9999818133  -0.006031015136
20  32  9.876331358e-17  -0.01590509314  0.9998735167  -0.01590442256
20  33  1.565251925e-16  -0.01647515383  0.9998642877  -0.01647440853
20  34  -1.236078597e-16  -0.01181891261  0.9999301575  -0.01181863745
20  35  -2.06151826e-16  -0.01028402616  0.9999471199  -0.01028384488
20  36  -2.06151826e-16  -0.01028402616  0.9999471199  -0.01028384488

21  0  -2.566769774e-16  -0.007668639879  0.9999705961  -0.007668564716
21  1  -1.176443319e-16  -0.01532053  0.999882643  -0.01531993067
21  2  6.970833718e-17  -0.02378359981  0.9997171835  -0.02378135764
21  3  3.242411014e-16  -0.009558832404  0.9999543147  -0.009558686837
21  4  -4.592574769e-17  0.003520739207  0.9999938022  0.003520731934
21  5  3.249186821e-16  0.006012213843  0.9999819267  0.006012177623
21  6  4.451865916e-17  0.004707225709  0.999988921  0.004707208325
21  7  8.061520516e-17  0.001913149547  0.9999981699  0.00191314838
21  8  -8.256086057e-17  -0.003232372873  0.9999947759  -0.003232367244
21  9  5.204905766e-16  -0.01712817482  0.9998533164  -0.01712733734
21  10  9.848303575e-17  -0.04374182543  0.9990434789  -0.04372787788
21  11  7.360177434e-18  -0.03239250581  0.9994754087  -0.03238684134
21  12  -1.075533093e-16  -0.00885899038  0.9999607594  -0.008858874502
21  13  1.849681908e-16  -0.000317948891  0.9999999495  -0.0003179488856
21  14  -2.138153346e-16  0.003411432641  0.9999941811  0.003411426024
21  15  -1.644825303e-16  0.005550703649  0.9999845949  0.005550675146
21  16  1.893551843e-16  0.005494907868  0.999984903  0.005494880215
21  17  9.431317332e-17  -0.001161425339  0.9999993255  -0.001161425078
21  18  -2.46806732e-16  -0.01826099579  0.9998332726  -0.01825998091
21  19  -2.394693793e-16  -0.02152559673  0.9997683333  -0.02152393445
21  20  1.757829471e-16  -0.01109432084  0.9999384587  -0.01109409326
21  21  5.299804439e-17  -0.006485983065  0.9999789661  -0.00648593759
21  22  -6.291420984e-17  -0.006031931737  0.999981808  -0.00603189516
21  23  -1.157318542e-16  -0.008574542123  0.9999632388  -0.008574437052
21  24  -3.103387227e-16  -0.01379334287  0.9999048734  -0.01379290549
21  25  6.378848414e-17  -0.01541693822  0.9998811614  -0.01541632751
21  26  1.195157744e-16  -0.009485286593  0.999955015  -0.00948514436
21  27  2.882271533e-16  -0.006213022961  0.9999806992  -0.006212982989
21  28  3.710898145e-16  -0.008391484462  0.9999647917  -0.008391385978
21  29  -1.718125368e-16  -0.006162391018  0.9999810125  -0.006162352015
21  30  -9.453460191e-17  -0.005254880271  0.9999861931  -0.005254856087
21  31  2.108175353e-16  -0.01324387242  0.9999123012  -0.01324348526
21  32  4.034369387e-16  -0.01645014874  0.9998646994  -0.01644940683
21  33  -1.674397814e-17  -0.01064326814  0.999943361  -0.0106430672
21  34  -6.672960776e-17  -0.00645303028  0.9999791793  -0.006452985495
21  35  -3.887324219e-17  -0.005612449964  0.9999842502  -0.005612420499
21  36  -3.887324219e-17  -0.005612449964  0.9999842502  -0.005612420499

22  0  9.162186186e-17  -0.004171510543  0.9999912993  -0.004171498444
22  1  2.457564455e-16  -0.008812713415  0.9999611683  -0.008812599344
22  2  2.781389999e-16  -0.01866855415  0.9998257476  -0.01866746979
22  3  1.202793623e-16  -0.01178168164  0.9999305968  -0.01178140908
22  4  -1.987462634e-16  0.002236081489  0.9999975  0.002236079626
22  5  4.240848521e-16  0.005531472193  0.9999847014  0.005531443985
22  6  -1.839547033e-16  0.004399715626  0.9999903213  0.004399701431
22  7  3.283678276e-17  0.001728310697  0.9999985065  0.001728309836
22  8  -1.425164044e-16  -0.00279378727  0.9999960974  -0.002793783636
22  9  1.693847259e-16  -0.01429784796  0.9998977875  -0.01429736081
22  10  -1.181005554e-16  -0.05199319814  0.9986486581  -0.05196977583
22  11  1.111429217e-17  -0.07786177906  0.9969703028  -0.07778313063
22  12  -1.980556714e-16  -0.03013646587  0.9995459311  -0.03013190439
22  13  1.972161812e-17  -0.007401024355  0.9999726125  -0.00740095679
22  14  -2.513727745e-16  -0.000317948891  0.9999999495  -0.0003179488857
22  15  -6.785174755e-17  0.003141556844  0.9999950653  0.003141551676
22  16  3.120788329e-16  0.005185909601  0.9999865532  0.005185886357
22  17  1.773761696e-16  0.004769038046  0.9999886282  0.004769019968
22  18  -3.337108298e-16  -0.003145374942  0.9999950533  -0.003145369755
22  19  -2.482251273e-16  -0.01795538223  0.9998388065  -0.01795441746
22  20  3.10901136e-17  -0.0143506555  0.9998970311  -0.01435016294
22  21  4.012904338e-17  -0.006031931738  0.999981808  -0.00603189516
22  22  -2.365339085e-17  -0.003604104224  0.9999935052  -0.003604096421
22  23  -1.747636084e-16  -0.003384613108  0.9999942722  -0.003384606646
22  24  -1.753086036e-16  -0.004885173422  0.9999880676  -0.004885153991
22  25  1.887030334e-17  -0.0100128192  0.9999498721  -0.01001265189
22  26  2.439795324e-16  -0.01831173792  0.9998323448  -0.01831071456
22  27  2.720783468e-17  -0.018454533  0.9998297199  -0.01845348551
22  28  5.155630945e-17  0.005535161646  0.999984681  0.005535133381
22  29  2.257442471e-16  0.03315447365  0.9994504408  0.03314839998
22  30  3.016748178e-16  -0.002073466026  0.9999978504  -0.00207346454
22  31  2.245360551e-16  -0.02075978198  0.9997845235  -0.02075829088
22  32  -7.952465276e-18  -0.01355413962  0.9999081441  -0.0135537246
22  33  -2.386207964e-16  -0.006255885555  0.999980432  -0.00625584475
22  34  1.052094335e-16  -0.003531408765  0.9999937646  -0.003531401425
22  35  1.500904184e-16  -0.003184218956  0.9999949304  -0.003184213575
22  36  1.500904184e-16  -0.003184218956  0.9999949304  -0.003184213575

23  0  1.801618021e-16  -0.002626471826  0.9999965508  -0.002626468806
23  1  5.312810053e-17  -0.004793003238  0.9999885136  -0.004792984886
23  2  9.490154195e-17  -0.01305872359  0.9999147361  -0.01305835244
23  3  8.345479743e-17  -0.01417444105  0.9998995443  -0.01417396641
23  4  -6.135064251e-17  -7.696875641e-05  0.999999997  -7.696875634e-05
23  5  -2.535422959e-16  0.004569763193  0.9999895587  0.004569747288
23  6  6.794543182e-17  0.003601583584  0.9999935143  0.003601575798
23  7  1.776310621e-16  0.0007320603413  0.999999732  0.0007320602759
23  8  7.332752781e-17  -0.004103961791  0.9999915788  -0.004103950271
23  9  1.777446384e-16  -0.01531722838  0.9998826936  -0.01531662944
23  10  -1.658077645e-16  -0.05569146143  0.9984496313  -0.05566267769
23  11  -2.211834233e-16  -0.1513118947  0.98857418  -0.1507351671
23  12  -8.400274337e-17  -0.1044195036  0.9945532354  -0.1042298519
23  13  4.96551587e-17  -0.03013646587  0.9995459311  -0.03013190439
23  14  -7.670686308e-17  -0.00885899038  0.9999607594  -0.008858874502
23  15  1.93686832e-16  -0.001559538133  0.9999987839  -0.001559537501
23  16  2.309708449e-16  0.002228684972  0.9999975165  0.002228683127
23  17  -4.548134123e-17  0.004357464167  0.9999905063  0.004357450377
23  18  -8.706541164e-19  0.00339035713  0.9999942527  0.003390350634
23  19  -2.113914961e-16  -0.006311317938  0.9999800837  -0.006311276039
23  20  1.948635847e-16  -0.01656794142  0.9998627548  -0.01656718346
23  21  5.313447797e-17  -0.008574542123  0.9999632388  -0.008574437052
23  22  -2.538799542e-16  -0.003384613108  0.9999942722  -0.003384606646
23  23  -1.743452669e-16  -0.002488609964  0.9999969034  -0.002488607395
23  24  3.987093988e-17  -0.002260580694  0.9999974449  -0.002260578769
23  25  1.505722349e-17  -0.002696380557  0.9999963648  -0.00269637729
23  26  2.376788494e-16  -0.00587435982  0.999982746  -0.005874326034
23  27  1.179822789e-16  -0.01405116127  0.9999012841  -0.01405069891
23  28  -1.209295726e-16  -0.01166231528  0.999931996  -0.01166205092
23  29  1.867562775e-16  2.490549476  -0.7954520486  0.606016533
23  30  1.333062714e-16  0.2083084619  0.9783821332  0.2068052259
23  31  -6.530605688e-17  -0.01521430808  0.9998842646  -0.01521372113
23  32  -1.424384163e-16  -0.007935764645  0.999968512  -0.007935681351
23  33  -1.604014877e-16  -0.003271828153  0.9999946476  -0.003271822316
23  34  -3.642320633e-16  -0.002053865197  0.9999978908  -0.002053863753
23  35  2.269453633e-16  -0.002264417777  0.9999974362  -0.002264415842
23  36  2.269453633e-16  -0.002264417777  0.9999974362  -0.002264415842

24  0  5.666630565e-17  -0.001984481546  0.9999980309  -0.001984480244
24  1  1.213893858e-16  -0.002769430399  0.9999961651  -0.002769426859
24  2  -1.894411957e-16  -0.008215493914  0.999966253  -0.008215401498
24  3  -5.01387223e-17  -0.01554595004  0.9998791642  -0.01554532386
24  4  1.336099058e-16  -0.0039289205  0.9999922818  -0.003928910392
24  5  -1.735880343e-16  0.002897305688  0.9999958028  0.002897301635
24  6  1.236842375e-16  0.002069524009  0.9999978585  0.002069522532
24  7  1.210354546e-16  -0.001431775895  0.999998975  -0.001431775406
24  8  4.970644928e-17  -0.007537475168  0.9999715934  -0.007537403796
24  9  -4.5919592e-17  -0.02005717432  0.9997988616  -0.02005582954
24  10  -1.109790583e-16  -0.05243829164  0.9986254278  -0.0524142627
24  11  -1.94888356e-16  -0.1284524335  0.9917613237  -0.12809948
24  12  -2.707436705e-16  -0.1513118947  0.98857418  -0.1507351671
24  13  -2.405651387e-16  -0.07786177906  0.9969703028  -0.07778313063
24  14  1.015198365e-16  -0.03239250581  0.9994754087  -0.03238684134
24  15  2.974418373e-16  -0.01322970739  0.9999124887  -0.01322932147
24  16  1.406271376e-17  -0.004436616239  0.9999901582  -0.004436601684
24  17  -7.221779129e-17  0.0003637369525  0.9999999338  0.0003637369445
24  18  1.087289524e-16  0.002848942738  0.9999959418  0.002848938884
24  19  -1.052407915e-16  0.001025271091  0.9999994744  0.001025270911
24  20  1.805339342e-16  -0.01063843736  0.9999434124  -0.01063823669
24  21  1.669367595e-16  -0.01379334287  0.9999048734  -0.01379290549
24  22  1.634087714e-16  -0.004885173422  0.9999880676  -0.004885153991
24  23  -2.995696653e-17  -0.002260580694  0.9999974449  -0.002260578769
24  24  8.395154281e-17  -0.001928737502  0.99999814  -0.001928736306
24  25  -2.519780081e-17  -0.0007062570468  0.9999997506  -0.0007062569881
24  26  1.060360131e-16  0.0009201670645  0.9999995766  0.0009201669347
24  27  6.27823539e-17  0.0009862646031  0.9999995136  0.0009862644432
24  28  -3.005769033e-16  0.00291373635  0.9999957551  0.002913732228
24  29  1.011569566e-16  0.04114671667  0.9991535933  0.04113510707
24  30  -2.952148181e-18  0.05894526995  0.9982632305  0.05891114122
24  31  3.073823736e-16  0.008296636941  0.9999655831  0.008296541759
24  32  -2.00664841e-17  0.001403424497  0.9999990152  0.001403424037
24  33  -5.404991352e-17  0.001568899259  0.9999987693  0.001568898615
24  34  -4.333806949e-16  0.0006253179739  0.9999998045  0.0006253179331
24  35  2.363867412e-16  -0.001272722916  0.9999991901  -0.001272722572
24  36  2.363867412e-16  -0.001272722916  0.9999991901  -0.001272722572

25  0  -1.014536914e-16  0.001441756693  0.9999989607  0.001441756193
25  1  2.621131185e-16  -0.00121130018  0.9999992664  -0.001211299884
25  2  -2.948352257e-16  -0.004782657893  0.9999885631  -0.00478263966
25  3  -2.590556986e-17  -0.01462923344  0.9998929947  -0.01462871163
25  4  -2.926598127e-16  -0.009905353856  0.9999509424  -0.009905191878
25  5  -3.034455351e-16  0.0001078619916  0.9999999942  0.0001078619913
25  6  -1.745918111e-16  -0.0005456970244  0.9999998511  -0.0005456969973
25  7  7.131653609e-17  -0.005208287383  0.9999864369  -0.005208263836
25  8  4.38710565e-16  -0.01312122446  0.999913918  -0.01312084795
25  9  3.760077338e-16  -0.02548936233  0.9996751638  -0.02548660232
25  10  4.64147321e-16  -0.04088371253  0.9991643774  -0.04087232411
25  11  2.122541754e-16  -0.05243829164  0.9986254278  -0.0524142627
25  12  6.478028966e-17  -0.05569146143  0.9984496313  -0.05566267769
25  13  2.170321067e-16  -0.05199319814  0.9986486581  -0.05196977583
25  14  9.575889049e-18  -0.04374182543  0.9990434789  -0.04372787788
25  15  -2.931448332e-17  -0.03171576376  0.9994970973  -0.03171044694
25  16  -4.252470352e-16  -0.0189476651  0.9998204984  -0.01894653137
25  17  1.00298464e-16  -0.009160544293  0.9999580425  -0.009160416175
25  18  1.028540803e-16  -0.002838959558  0.9999959702  -0.002838955744
25  19  4.354804687e-17  0.0003544169096  0.9999999372  0.0003544169022
25  20  -1.17816501e-17  -0.002953494679  0.9999956384  -0.002953490385
25  21  -1.268892915e-16  -0.01541693822  0.9998811614  -0.01541632751
25  22  -3.328485621e-16  -0.0100128192  0.9999498721  -0.01001265189
25  23  -3.997357162e-16  -0.002696380557  0.9999963648  -0.00269637729
25  24  -4.162475383e-17  -0.0007062570468  0.9999997506  -0.000706256988
25  25  -1.368385937e-16  0.003500221715  0.9999938742  0.003500214568
25  26  -2.959768655e-16  0.01915499796  0.9998165486  0.01915382661
25  27  1.577614129e-16  0.03099129691  0.9995198082  0.03098633616
25  28  2.451933178e-16  0.02447076444  0.9997006058  0.02446832225
25  29  6.819777248e-18  0.02747585505  0.9996225624  0.02747239815
25  30  2.113046105e-16  0.03891890675  0.9992427549  0.03890908254
25  31  3.605738941e-16  0.03116691187  0.9995143511  0.03116186631
25  32  3.309627225e-17  0.02207540742  0.9997563481  0.02207361449
25  33  5.803984171e-18  0.02484636217  0.999691345  0.0248438058
25  34  5.416467384e-17  0.02886596646  0.9995834069  0.0288619579
25  35  3.077415088e-16  0.01317323648  0.9999132342  0.01317285548
25  36  3.077415088e-16  0.01317323648  0.9999132342  0.01317285548

26  0  1.498005333e-17  0.3712949497  0.9318582902  0.3628224455
26  1  -1.463925847e-16  0.008755093193  0.9999616744  0.008754981345
26  2  -3.692392251e-16  -0.001491898686  0.9999988871  -0.001491898132
26  3  -2.168242552e-16  -0.01092650997  0.9999403063  -0.01092629256
26  4  -3.279713689e-16  -0.01721376594  0.9998518468  -0.01721291584
26  5  -4.863211575e-16  -0.004368202309  0.9999904594  -0.004368188417
26  6  -2.521023732e-16  -0.00431486215  0.999990691  -0.004314848761
26  7  -1.595694077e-16  -0.01020822453  0.9999478965  -0.01020804724
26  8  1.751613584e-16  -0.01832423308  0.9998321159  -0.01832320762
26  9  -1.698975864e-16  -0.02519793276  0.9996825489  -0.02519526633
26  10  5.055810517e-17  -0.02548936233  0.9996751638  -0.02548660232
26  11  -2.709097588e-16  -0.02005717432  0.9997988616  -0.02005582954
26  12  1.100466554e-16  -0.01531722838  0.9998826936  -0.01531662944
26  13  3.96737343e-16  -0.01429784796  0.9998977875  -0.01429736081
26  14  1.343589013e-16  -0.01712817482  0.9998533164  -0.01712733734
26  15  -1.457762482e-16  -0.02223854517  0.9997527337  -0.02223671219
26  16  -2.373118018e-16  -0.02493564813  0.9996891228  -0.0249330641
26  17  -1.500107962e-16  -0.02153443728  0.999768143  -0.02153277295
26  18  -1.712970388e-17  -0.01422001037  0.9998988974  -0.01421953113
26  19  1.658490459e-16  -0.007166696342  0.9999743193  -0.007166634993
26  20  4.519071784e-16  -0.003188794532  0.9999949158  -0.003188789128
26  21  2.786779837e-16  -0.009485286593  0.999955015  -0.009485144361
26  22  7.04985236e-17  -0.01831173792  0.9998323448  -0.01831071456
26  23  -1.133722648e-16  -0.00587435982  0.999982746  -0.005874326034
26  24  2.466716237e-16  0.0009201670645  0.9999995766  0.0009201669347
26  25  1.765230704e-16  0.01915499796  0.9998165486  0.01915382661
26  26  -1.356282741e-16  0.7197436482  0.7519747389  0.6591919236
26  27  1.234300393e-16  0.72289223  0.7498954952  0.6615563062
26  28  1.669917487e-16  0.06599659741  0.9978230149  0.06594869925
26  29  -1.193429538e-17  0.03391033637  0.9994250996  0.03390383777
26  30  -7.191077928e-17  0.03594407321  0.9993540813  0.03593633389
26  31  -8.559649905e-18  0.03774694848  0.9992876685  0.03773798528
26  32  -2.237312718e-16  0.03308482311  0.9994527472  0.03307878764
26  33  -3.02829955e-16  0.04240837531  0.9991008996  0.04239566475
26  34  -8.57022908e-17  0.1344049171  0.9909812481  0.1340006187
26  35  -6.255829479e-17  0.9882480317  0.5501537087  0.8350634088
26  36  -6.255829479e-17  0.9882480317  0.5501537087  0.8350634088

27  0  4.15803945e-18  0.8110494669  0.688737938  0.7250103812
27  1  -3.156825136e-16  0.1156501166  0.9933199757  0.1153924865
27  2  2.042826523e-16  0.01152915583  0.99993354  0.01152890042
27  3  -1.062027465e-16  -0.004135938167  0.999991447  -0.004135926375
27  4  -1.400216257e-16  -0.01948995066  0.9998100769  -0.01948871678
27  5  1.856381461e-16  -0.01067811064  0.9999429895  -0.01067790772
27  6  -2.4392765e-17  -0.007774622799  0.9999697778  -0.007774544477
27  7  -1.659953142e-16  -0.01383120687  0.9999043504  -0.01383076588
27  8  -8.996966175e-17  -0.01868540447  0.9998254329  -0.01868431717
27  9  1.515678989e-16  -0.01832423308  0.9998321159  -0.01832320762
27  10  1.335219392e-17  -0.01312122446  0.999913918  -0.01312084795
27  11  8.548361733e-17  -0.007537475168  0.9999715934  -0.007537403796
27  12  1.320468451e-16  -0.004103961791  0.9999915788  -0.004103950271
27  13  4.19431758e-17  -0.00279378727  0.9999960974  -0.002793783636
27  14  -2.747981853e-16  -0.003232372873  0.9999947759  -0.003232367244
27  15  1.868321666e-16  -0.005545679305  0.9999846228  -0.005545650879
27  16  3.57649256e-17  -0.01000461571  0.9999499542  -0.01000444881
27  17  5.626607353e-17  -0.01544571201  0.9998807174  -0.01544509787
27  18  -1.504150348e-16  -0.01832279654  0.9998321423  -0.01832177132
27  19  -1.573903364e-16  -0.01614373731  0.9998696927  -0.01614303609
27  20  -1.050205071e-16  -0.01055076984  0.9999443411  -0.01055057409
27  21  3.526871848e-16  -0.006213022961  0.9999806992  -0.006212982989
27  22  3.429352558e-16  -0.018454533  0.9998297199  -0.01845348551
27  23  -5.181149721e-17  -0.01405116127  0.9999012841  -0.01405069891
27  24  2.535802649e-16  0.0009862646032  0.9999995136  0.0009862644433
27  25  1.819496544e-16  0.03099129691  0.9995198082  0.03098633616
27  26  -3.273250326e-16  0.72289223  0.7498954952  0.6615563062
27  27  -3.087018594e-16  0.3653465186  0.9340000155  0.3572729643
27  28  1.481251802e-16  0.0370834122  0.9993124891  0.0370749134
27  29  7.637650763e-17  0.02265785352  0.9997433218  0.02265591489
27  30  -1.541247757e-16  0.02531288185  0.9996796461  0.02531017876
27  31  -1.358995094e-16  0.03047823679  0.9995355745  0.03047351835
27  32  -3.920759025e-16  0.02823766723  0.9996013436  0.02823391476
27  33  -2.795603775e-16  0.02345982169  0.999724831  0.02345766985
27  34  -2.965474138e-16  0.02931502974  0.9995703453  0.02931083118
27  35  -2.037653199e-16  0.2010203962  0.9798633462  0.1996692834
27  36  -2.037653199e-16  0.2010203962  0.9798633462  0.1996692834

28  0  -2.093703064e-17  0.027328634  0.9996265961  0.02732523237
28  1  2.231416432e-16  0.05862516999  0.9982820368  0.05859159418
28  2  1.115014324e-16  0.04109686216  0.9991556428  0.0410852947
28  3  -1.792466668e-16  0.01157071799  0.99993306  0.01157045981
28  4  -1.541797803e-16  -0.003788773123  0.9999928226  -0.003788764058
28  5  5.815475678e-18  0.0004431091103  0.9999999018  0.0004431090958
28  6  2.745578003e-16  -0.003018851022  0.9999954433  -0.003018846437
28  7  1.324471769e-16  -0.01251896715  0.9999216388  -0.01251864015
28  8  3.369622091e-16  -0.01383120687  0.9999043504  -0.01383076588
28  9  1.330231113e-16  -0.01020822453  0.9999478965  -0.01020804724
28  10  1.197435626e-16  -0.005208287383  0.9999864369  -0.005208263836
28  11  1.574966757e-16  -0.001431775895  0.999998975  -0.001431775406
28  12  -1.566853594e-16  0.0007320603413  0.999999732  0.0007320602759
28  13  -6.814758235e-17  0.001728310697  0.9999985065  0.001728309836
28  14  -9.104986127e-17  0.001913149547  0.9999981699  0.00191314838
28  15  5.590401408e-17  0.001358310373  0.9999990775  0.001358309956
28  16  -1.948036256e-16  -0.0001532219017  0.9999999883  -0.0001532219011
28  17  -1.840008986e-17  -0.003039095203  0.999995382  -0.003039090525
28  18  8.418386851e-17  -0.007389232385  0.9999726997  -0.007389165142
28  19  -2.427977402e-16  -0.01176934355  0.9999307421  -0.01176907184
28  20  2.075087292e-16  -0.01306602075  0.9999146408  -0.01306564898
28  21  3.147989437e-16  -0.008391484462  0.9999647917  -0.008391385978
28  22  2.648683836e-16  0.005535161645  0.999984681  0.005535133381
28  23  7.419031773e-17  -0.01166231528  0.999931996  -0.01166205092
28  24  -3.097341084e-16  0.00291373635  0.9999957551  0.002913732227
28  25  2.289857074e-16  0.02447076444  0.9997006058  0.02446832225
28  26  3.009104796e-17  0.06599659741  0.9978230149  0.06594869925
28  27  6.402208013e-17  0.0370834122  0.9993124891  0.0370749134
28  28  1.082516357e-16  0.01796299428  0.9998386698  0.01796202828
28  29  5.183597555e-16  0.01519997207  0.9998844826  0.01519938678
28  30  -7.122298376e-17  0.01779386095  0.9998416934  0.01779292198
28  31  -1.994173593e-16  0.02437270636  0.9997030003  0.02437029342
28  32  -9.412662421e-17  0.02739089957  0.9996248928  0.02738747464
28  33  -2.368119917e-16  0.02119881306  0.9997753136  0.02119722534
28  34  -2.175914296e-17  0.01621163979  0.9998685942  0.01621092969
28  35  2.344355691e-17  0.01642669824  0.9998650848  0.0164259595
28  36  2.344355691e-17  0.01642669824  0.9998650848  0.0164259595

29  0  -4.088427586e-16  0.01372369923  0.9999058315  0.01372326845
29  1  1.014382579e-16  0.01833352536  0.9998319456  0.01833249834
29  2  -2.346727327e-16  0.02837977166  0.9995973213  0.02837596225
29  3  -1.215394608e-16  0.03020346621  0.99954391  0.03019887424
29  4  -1.785063253e-16  0.02235406621  0.9997501583  0.02235220452
29  5  2.909989234e-16  0.2490320838  0.9691514341  0.2464660175
29  6  2.929383098e-16  2.310303435  -0.6739238448  0.7388008198
29  7  -1.669390986e-17  -0.003018851022  0.9999954433  -0.003018846437
29  8  4.020812192e-19  -0.007774622799  0.9999697778  -0.007774544477
29  9  -1.625129051e-16  -0.004314862149  0.999990691  -0.00431484876
29  10  -8.501645133e-17  -0.0005456970243  0.9999998511  -0.0005456969972
29  11  1.273891684e-16  0.002069524009  0.9999978585  0.002069522532
29  12  -3.672331852e-16  0.003601583584  0.9999935143  0.003601575798
29  13  -2.117972074e-16  0.004399715626  0.9999903213  0.004399701431
29  14  1.672229975e-17  0.004707225709  0.999988921  0.004707208325
29  15  2.968758816e-16  0.004622188762  0.9999893177  0.004622172304
29  16  6.675268083e-17  0.004113093786  0.9999915412  0.004113082189
29  17  -2.307793524e-16  0.003015189558  0.9999954543  0.003015184989
29  18  -5.613797533e-17  0.001036019678  0.9999994633  0.001036019493
29  19  2.47023658e-16  -0.00205444166  0.9999978896  -0.002054440214
29  20  1.614645565e-16  -0.005637072332  0.9999841117  -0.005637042478
29  21  1.325133891e-16  -0.006162391018  0.9999810125  -0.006162352015
29  22  -2.091237033e-19  0.03315447365  0.9994504408  0.03314839998
29  23  1.000357066e-16  2.490549476  -0.7954520486  0.606016533
29  24  9.418649037e-17  0.04114671667  0.9991535933  0.04113510707
29  25  -5.798441965e-17  0.02747585505  0.9996225624  0.02747239815
29  26  2.843875771e-16  0.03391033638  0.9994250996  0.03390383777
29  27  -1.247899936e-16  0.02265785352  0.9997433218  0.02265591489
29  28  -4.858622226e-17  0.01519997207  0.9998844826  0.01519938678
29  29  1.806001992e-16  0.01255699627  0.999921162  0.01255666627
29  30  -2.51394337e-17  0.01248502405  0.9999220631  0.0124846997
29  31  -3.568275726e-19  0.01840944495  0.999830551  0.01840840512
29  32  -3.10800387e-16  0.03394818255  0.9994238158  0.03394166217
29  33  -1.381432982e-17  0.02914170308  0.9995754106  0.02913757855
29  34  9.164122326e-17  0.01484187583  0.9998898614  0.01484133094
29  35  -5.662456367e-17  0.01221607911  0.9999253846  0.01221577527
29  36  -5.662456367e-17  0.01221607911  0.9999253846  0.01221577527

30  0  3.358473225e-16  0.009314632819  0.9999566191  0.009314498126
30  1  2.020272772e-16  0.0150043119  0.9998874374  0.01500374892
30  2  -6.859253823e-17  0.02071771469  0.9997853958  0.02071623264
30  3  -1.603725073e-16  0.02940731855  0.999567636  0.0294030802
30  4  7.111319618e-17  0.03675377313  0.9993246561  0.03674549895
30  5  1.463493242e-16  0.04790461436  0.9988527934  0.04788629413
30  6  1.155491596e-16  0.2490320838  0.9691514341  0.2464660175
30  7  2.119778956e-16  0.000443109111  0.9999999018  0.0004431090965
30  8  5.504343654e-17  -0.01067811064  0.9999429895  -0.01067790772
30  9  1.781119859e-17  -0.004368202309  0.9999904594  -0.004368188417
30  10  4.756005016e-17  0.0001078619917  0.9999999942  0.0001078619915
30  11  -3.286531905e-17  0.002897305688  0.9999958028  0.002897301635
30  12  1.615460492e-17  0.004569763193  0.9999895587  0.004569747288
30  13  -6.517329896e-17  0.005531472193  0.9999847014  0.005531443985
30  14  3.029807267e-17  0.006012213843  0.9999819267  0.006012177623
30  15  2.357500239e-16  0.006117957381  0.9999812854  0.006117919216
30  16  2.004600981e-16  0.005869892932  0.9999827722  0.005869859223
30  17  -2.370786293e-16  0.005214536961  0.9999864043  0.005214513329
30  18  -4.689257004e-16  0.004006907313  0.9999919724  0.004006896591
30  19  2.018648983e-16  0.001984496563  0.9999980309  0.00198449526
30  20  1.858178959e-16  -0.00117492896  0.9999993098  -0.001174928689
30  21  -4.895288103e-17  -0.005254880271  0.9999861931  -0.005254856086
30  22  -2.473772811e-16  -0.002073466026  0.9999978504  -0.00207346454
30  23  -1.517280174e-16  0.2083084619  0.9783821332  0.2068052259
30  24  -1.328116366e-16  0.05894526995  0.9982632305  0.05891114122
30  25  -1.113345291e-17  0.03891890675  0.9992427549  0.03890908253
30  26  2.880612004e-16  0.03594407321  0.9993540813  0.03593633389
30  27  -1.313912961e-16  0.02531288185  0.9996796461  0.02531017876
30  28  -1.131109439e-16  0.01779386095  0.9998416934  0.01779292198
30  29  3.099405218e-17  0.01248502405  0.9999220631  0.0124846997
30  30  -3.201625839e-16  0.006754103693  0.9999771911  0.006754052341
30  31  -5.593433833e-17  0.003352878806  0.9999943791  0.003352872524
30  32  -5.525026213e-18  0.09530314327  0.9954620917  0.09515894063
30  33  -1.607424806e-16  0.8554416299  0.6558852047  0.7548606483
30  34  -3.015000768e-17  0.02762559007  0.9996184377  0.02762207635
30  35  1.87809786e-16  0.001278423303  0.9999991828  0.001278422954
30  36  1.87809786e-16  0.001278423303  0.9999991828  0.001278422954

31  0  2.055216802e-16  -0.01220725431  0.9999254924  -0.01220695113
31  1  1.827934663e-16  0.0137459401  0.9999055261  0.01374550722
31  2  3.859581864e-17  0.02197683313  0.9997585191  0.02197506411
31  3  -1.140298284e-16  0.02681639339  0.9996404621  0.02681317947
31  4  -4.645587271e-17  0.03345076337  0.9994405754  0.03344452541
31  5  1.000132232e-16  0.03675377313  0.9993246561  0.03674549895
31  6  -1.216025413e-16  0.02235406621  0.9997501583  0.02235220452
31  7  -8.305442992e-17  -0.003788773124  0.9999928226  -0.003788764059
31  8  -8.131791321e-17  -0.01948995066  0.9998100769  -0.01948871678
31  9  -8.128354588e-17  -0.01721376594  0.9998518468  -0.01721291584
31  10  2.153920841e-16  -0.009905353856  0.9999509424  -0.009905191877
31  11  -4.39409242e-17  -0.0039289205  0.9999922818  -0.003928910392
31  12  2.703674498e-16  -7.696875639e-05  0.999999997  -7.696875632e-05
31  13  5.418402625e-18  0.002236081489  0.9999975  0.002236079625
31  14  -2.259507638e-16  0.003520739207  0.9999938022  0.003520731934
31  15  -3.786328342e-16  0.004050435445  0.999991797  0.00405042437
31  16  5.170922018e-17  0.003928950014  0.9999922817  0.003928939905
31  17  -1.87470106e-16  0.003133290124  0.9999950913  0.003133284997
31  18  3.576127675e-18  0.001502174341  0.9999988717  0.001502173776
31  19  1.335239882e-16  -0.001332453171  0.9999991123  -0.001332452776
31  20  2.381869239e-16  -0.006031051699  0.9999818133  -0.006031015137
31  21  3.053504954e-16  -0.01324387242  0.9999123012  -0.01324348526
31  22  9.550716426e-17  -0.02075978198  0.9997845235  -0.02075829088
31  23  -8.018344773e-17  -0.01521430808  0.9998842646  -0.01521372113
31  24  1.220936558e-16  0.00829663694  0.9999655831  0.008296541759
31  25  -1.715029093e-16  0.03116691187  0.9995143511  0.03116186631
31  26  -1.722786871e-16  0.03774694848  0.9992876685  0.03773798528
31  27  -2.019981745e-16  0.03047823679  0.9995355745  0.03047351835
31  28  -2.500864133e-16  0.02437270636  0.9997030003  0.02437029342
31  29  1.376492571e-16  0.01840944495  0.999830551  0.01840840512
31  30  -7.356429268e-18  0.003352878806  0.9999943791  0.003352872524
31  31  5.581500789e-17  -0.02021725153  0.9997956383  -0.0202158743
31  32  4.180206055e-16  0.08470750457  0.9964144641  0.08460623975
31  33  -1.01197791e-16  1.294983382  0.2723292459  0.9622041269
31  34  -5.028816915e-16  0.2227623996  0.9752908892  0.2209246058
31  35  -6.480004802e-17  -0.01625733736  0.9998678524  -0.01625662123
31  36  -6.480004802e-17  -0.01625733736  0.9998678524  -0.01625662123

32  0  2.718385225e-16  0.6679002917  0.7851238265  0.6193388225
32  1  9.518685058e-18  0.1130302989  0.9936188738  0.1127897763
32  2  6.012860948e-19  0.09215575143  0.9957566631  0.09202536522
32  3  -1.128132372e-16  0.02980150581  0.999555968  0.02979709474
32  4  -8.273712897e-18  0.02681639339  0.9996404621  0.02681317947
32  5  1.21632233e-16  0.02940731855  0.999567636  0.0294030802
32  6  -9.83935232e-17  0.03020346621  0.99954391  0.03019887424
32  7  1.82383281e-16  0.01157071799  0.99993306  0.01157045981
32  8  -4.322310832e-17  -0.004135938167  0.999991447  -0.004135926375
32  9  -9.06493537e-17  -0.01092650997  0.9999403063  -0.01092629256
32  10  -7.61389784e-17  -0.01462923343  0.9998929947  -0.01462871163
32  11  2.016755603e-16  -0.01554595004  0.9998791642  -0.01554532386
32  12  1.111604326e-16  -0.01417444105  0.9998995443  -0.01417396641
32  13  8.655934065e-17  -0.01178168164  0.9999305968  -0.01178140908
32  14  2.337338533e-16  -0.009558832404  0.9999543147  -0.009558686837
32  15  2.002492742e-16  -0.008170202186  0.9999666241  -0.00817011129
32  16  -3.071483079e-17  -0.007864414331  0.9999690757  -0.007864333263
32  17  6.74464095e-18  -0.008705464344  0.9999621077  -0.008705354387
32  18  1.846267939e-18  -0.01064557337  0.9999433364  -0.0106453723
32  19  -3.742242266e-17  -0.01336848154  0.9999106432  -0.01336808335
32  20  8.857829484e-17  -0.01590509314  0.9998735167  -0.01590442256
32  21  -1.845533583e-16  -0.01645014874  0.9998646994  -0.01644940683
32  22  7.210095511e-17  -0.01355413962  0.9999081441  -0.0135537246
32  23  -1.031112362e-16  -0.007935764645  0.999968512  -0.007935681351
32  24  6.854463789e-17  0.001403424498  0.9999990152  0.001403424037
32  25  -2.039630392e-17  0.02207540742  0.9997563481  0.02207361449
32  26  -4.928832141e-17  0.03308482311  0.9994527472  0.03307878764
32  27  -6.259720308e-17  0.02823766723  0.9996013436  0.02823391476
32  28  1.690579441e-17  0.02739089957  0.9996248928  0.02738747464
32  29  -1.448752385e-16  0.03394818255  0.9994238158  0.03394166217
32  30  -3.246317961e-16  0.09530314327  0.9954620917  0.09515894063
32  31  -2.575801931e-17  0.08470750457  0.9964144641  0.08460623975
32  32  9.159476487e-17  1.348098007  0.2208621092  0.9753050439
32  33  2.599338004e-16  0.4269448188  0.9102351213  0.4140918061
32  34  2.919320492e-16  0.4278183521  0.9098730511  0.4148867687
32  35  1.716434594e-16  0.7834710525  0.7084681405  0.7057427958
32  36  1.716434594e-16  0.7834710525  0.7084681405  0.7057427958

33  0  1.497938763e-16  0.3685073728  0.9328660639  0.3602234125
33  1  2.351128089e-16  0.4494289532  0.9006953412  0.4344512657
33  2  1.297426426e-17  1.945389768  -0.3658941925  0.9306564564
33  3  2.557922178e-17  0.09215575143  0.9957566631  0.09202536522
33  4  -1.574425473e-16  0.02197683313  0.9997585191  0.02197506411
33  5  8.780748846e-17  0.02071771469  0.9997853958  0.02071623264
33  6  1.366978789e-16  0.02837977166  0.9995973213  0.02837596225
33  7  7.999682844e-17  0.04109686216  0.9991556428  0.0410852947
33  8  -2.98186799e-16  0.01152915583  0.99993354  0.01152890042
33  9  -6.920463774e-17  -0.001491898686  0.9999988871  -0.001491898132
33  10  -1.522671851e-16  -0.004782657893  0.9999885631  -0.00478263966
33  11  -1.082036389e-16  -0.008215493914  0.999966253  -0.008215401498
33  12  4.180005329e-17  -0.01305872359  0.9999147361  -0.01305835244
33  13  1.634301898e-16  -0.01866855415  0.9998257476  -0.01866746979
33  14  3.414414269e-16  -0.02378359981  0.9997171835  -0.02378135764
33  15  3.476868895e-16  -0.02742489282  0.9996239612  -0.02742145512
33  16  1.048845934e-16  -0.0291977647  0.9995737755  -0.02919361631
33  17  7.599192685e-17  -0.02901015723  0.9995792349  -0.02900608829
33  18  1.95789807e-16  -0.02673471064  0.9996426489  -0.026731526
33  19  1.938193519e-16  -0.02234187798  0.9997504306  -0.02234001934
33  20  -1.217812087e-17  -0.01647515383  0.9998642877  -0.01647440853
33  21  -3.816866617e-16  -0.01064326814  0.999943361  -0.0106430672
33  22  -4.007976539e-17  -0.006255885555  0.999980432  -0.00625584475
33  23  -1.786010919e-16  -0.003271828153  0.9999946476  -0.003271822316
33  24  -2.019192126e-16  0.001568899259  0.9999987693  0.001568898615
33  25  1.956829582e-16  0.02484636217  0.999691345  0.0248438058
33  26  2.896616272e-16  0.04240837531  0.9991008996  0.04239566475
33  27  -1.796988453e-16  0.02345982169  0.999724831  0.02345766985
33  28  3.014930712e-16  0.02119881306  0.9997753136  0.02119722534
33  29  2.144321267e-16  0.02914170308  0.9995754106  0.02913757855
33  30  -1.162765392e-16  0.8554416299  0.6558852047  0.7548606483
33  31  1.878336397e-17  1.294983382  0.2723292459  0.9622041269
33  32  8.692491503e-17  0.4269448188  0.9102351213  0.4140918061
33  33  1.08439779e-16  0.5181706473  0.8687266961  0.49529176
33  34  -8.756169185e-17  0.719204056  0.7523303242  0.6587860679
33  35  3.251606528e-17  0.5930491745  0.829240377  0.5588921158
33  36  3.251606528e-17  0.5930491745  0.829240377  0.5588921158

34  0  1.184579873e-17  0.4328012593  0.9077944217  0.4194154122
34  1  1.82246041e-16  0.4955357875  0.8797140675  0.4755030593
34  2  3.138130731e-17  0.4494289532  0.9006953412  0.4344512657
34  3  -4.774926381e-17  0.1130302989  0.9936188738  0.1127897763
34  4  1.661733733e-16  0.0137459401  0.9999055261  0.01374550722
34  5  2.03649424e-16  0.0150043119  0.9998874374  0.01500374892
34  6  3.35106957e-17  0.01833352536  0.9998319456  0.01833249834
34  7  -1.212901647e-16  0.05862516998  0.9982820368  0.05859159418
34  8  -8.543721926e-17  0.1156501165  0.9933199757  0.1153924865
34  9  2.636730097e-16  0.008755093193  0.9999616744  0.008754981344
34  10  2.644917566e-16  -0.00121130018  0.9999992664  -0.001211299884
34  11  -6.839608813e-17  -0.002769430399  0.9999961651  -0.002769426859
34  12  -6.316939527e-17  -0.004793003238  0.9999885136  -0.004792984886
34  13  2.91416448e-17  -0.008812713415  0.9999611683  -0.008812599344
34  14  2.441455559e-16  -0.01532053  0.999882643  -0.01531993067
34  15  4.132527776e-16  -0.0233207167  0.9997280844  -0.02331860291
34  16  2.489903228e-17  -0.02989648602  0.9995531333  -0.02989203264
34  17  -1.143319242e-16  -0.03158405318  0.9995012653  -0.03157880232
34  18  2.928818389e-16  -0.02729306427  0.9996275674  -0.02728967591
34  19  -1.11304531e-16  -0.01947992556  0.9998102722  -0.01947869358
34  20  1.933536236e-16  -0.01181891261  0.9999301575  -0.01181863745
34  21  -4.363608574e-17  -0.00645303028  0.9999791793  -0.006452985495
34  22  1.343248259e-16  -0.003531408764  0.9999937646  -0.003531401425
34  23  -1.423457057e-16  -0.002053865197  0.9999978908  -0.002053863753
34  24  1.550066133e-16  0.0006253179739  0.9999998045  0.0006253179332
34  25  9.426980319e-17  0.02886596647  0.9995834069  0.0288619579
34  26  1.056432207e-16  0.1344049171  0.9909812481  0.1340006187
34  27  -8.879381581e-17  0.02931502974  0.9995703453  0.02931083118
34  28  1.273629052e-16  0.01621163979  0.9998685942  0.01621092969
34  29  -1.180210355e-16  0.01484187583  0.9998898614  0.01484133094
34  30  -1.316269789e-16  0.02762559007  0.9996184377  0.02762207635
34  31  2.124847994e-16  0.2227623996  0.9752908892  0.2209246058
34  32  -3.535656651e-17  0.4278183521  0.9098730511  0.4148867688
34  33  1.534016814e-16  0.719204056  0.7523303242  0.6587860679
34  34  -7.686537992e-17  0.1976748167  0.9805258707  0.1963899614
34  35  1.15494243e-16  0.1224713019  0.9925097594  0.1221653691
34  36  1.15494243e-16  0.1224713019  0.9925097594  0.1221653691

35  0  -7.167726897e-17  0.02920976066  0.9995734253  0.02920560716
35  1  -6.083405627e-17  0.4328012593  0.9077944217  0.4194154122
35  2  -3.482368913e-16  0.3685073728  0.9328660639  0.3602234125
35  3  -5.015275276e-17  0.6679002917  0.7851238265  0.6193388225
35  4  -9.453774091e-17  -0.01220725431  0.9999254924  -0.01220695113
35  5  1.973381298e-16  0.009314632819  0.9999566191  0.009314498126
35  6  -9.470423747e-17  0.01372369923  0.9999058315  0.01372326845
35  7  -3.718815062e-16  0.027328634  0.9996265961  0.02732523237
35  8  -1.610411953e-16  0.8110494669  0.688737938  0.7250103812
35  9  7.78021713e-17  0.3712949497  0.9318582902  0.3628224455
35  10  3.466780558e-16  0.001441756693  0.9999989607  0.001441756193
35  11  -9.638967175e-17  -0.001984481546  0.9999980309  -0.001984480244
35  12  -2.690253254e-16  -0.002626471826  0.9999965508  -0.002626468806
35  13  -1.167123529e-16  -0.004171510543  0.9999912993  -0.004171498444
35  14  4.640491605e-16  -0.007668639879  0.9999705961  -0.007668564716
35  15  -2.714587841e-17  -0.01342182246  0.9999099287  -0.01342141948
35  16  6.491871957e-17  -0.02005597219  0.9997988857  -0.02005462766
35  17  1.114322825e-16  -0.02410890966  0.9997093943  -0.02410657422
35  18  1.504290016e-16  -0.02266456147  0.9997431698  -0.02266262112
35  19  -8.395724116e-19  -0.01681384737  0.9998586506  -0.01681305515
35  20  2.465012396e-16  -0.01028402616  0.9999471199  -0.01028384488
35  21  1.560803737e-16  -0.005612449964  0.9999842502  -0.005612420499
35  22  4.524391946e-17  -0.003184218956  0.9999949304  -0.003184213575
35  23  2.187237761e-16  -0.002264417777  0.9999974362  -0.002264415842
35  24  -1.232179136e-16  -0.001272722916  0.9999991901  -0.001272722572
35  25  2.730369746e-16  0.01317323648  0.9999132342  0.01317285548
35  26  1.86924513e-16  0.9882480317  0.5501537087  0.8350634088
35  27  -1.009699181e-16  0.2010203962  0.9798633462  0.1996692834
35  28  1.136912856e-17  0.01642669824  0.9998650848  0.0164259595
35  29  -4.434729929e-17  0.01221607911  0.9999253846  0.01221577527
35  30  6.621353153e-17  0.001278423303  0.9999991828  0.001278422954
35  31  1.891206378e-16  -0.01625733736  0.9998678524  -0.01625662123
35  32  -2.182549187e-16  0.7834710525  0.7084681405  0.7057427958
35  33  1.877982344e-16  0.5930491745  0.829240377  0.5588921158
35  34  2.384870607e-17  0.1224713019  0.9925097594  0.1221653691
35  35  5.370081135e-16  0.01115173429  0.9999378201  0.01115150315
35  36  5.370081135e-16  0.01115173429  0.9999378201  0.01115150315

36  0  -7.167726897e-17  0.02920976066  0.9999378201  0.01115150315
36  1  1.82246041e-16  0.4955357875  0.9999378201  0.01115150315
36  2  1.297426426e-17  1.945389768  0.9999378201  0.01115150315
36  3  -1.128132372e-16  0.02980150581  0.9999378201  0.01115150315
36  4  -4.645587271e-17  0.03345076337  0.9999378201  0.01115150315
36  5  1.463493242e-16  0.04790461436  0.9999378201  0.01115150315
36  6  2.929383098e-16  2.310303435  0.9999378201  0.01115150315
36  7  1.324471769e-16  -0.01251896715  0.9999378201  0.01115150315
36  8  -8.996966175e-17  -0.01868540447  0.9999378201  0.01115150315
36  9  -1.698975864e-16  -0.02519793276  0.9999378201  0.01115150315
36  10  4.64147321e-16  -0.04088371253  0.9999378201  0.01115150315
36  11  -1.94888356e-16  -0.1284524335  0.9999378201  0.01115150315
36  12  -8.400274337e-17  -0.1044195036  0.9999378201  0.01115150315
36  13  1.972161812e-17  -0.007401024355  0.9999378201  0.01115150315
36  14  -2.138153346e-16  0.003411432641  0.9999378201  0.01115150315
36  15  1.63062172e-16  0.005722136837  0.9999378201  0.01115150315
36  16  3.614284373e-16  -0.01797962952  0.9999378201  0.01115150315
36  17  2.091193121e-16  -0.02873790045  0.9999378201  0.01115150315
36  18  3.676491796e-17  -0.02873790045  0.9999378201  0.01115150315
36  19  1.658173757e-16  -0.01797962952  0.9999378201  0.01115150315
36  20  4.223938692e-17  0.005722136837  0.9999378201  0.01115150315
36  21  -1.074930373e-18  0.003411432641  0.9999378201  0.01115150315
36  22  1.970908345e-16  -0.007401024355  0.9999378201  0.01115150315
36  23  -1.742230386e-16  -0.1044195036  0.9999378201  0.01115150315
36  24  1.352594098e-16  -0.1284524335  0.9999378201  0.01115150315
36  25  1.25999096e-17  -0.04088371253  0.9999378201  0.01115150315
36  26  1.590833686e-16  -0.02519793276  0.9999378201  0.01115150315
36  27  3.638725316e-17  -0.01868540447  0.9999378201  0.01115150315
36  28  -4.353445905e-17  -0.01251896715  0.9999378201  0.01115150315
36  29  1.457396816e-16  2.310303435  0.9999378201  0.01115150315
36  30  3.004453085e-17  0.04790461436  0.9999378201  0.01115150315
36  31  1.752599774e-16  0.03345076337  0.9999378201  0.01115150315
36  32  4.985222106e-17  0.02980150581  0.9999378201  0.01115150315
36  33  2.731557841e-16  1.945389768  0.9999378201  0.01115150315
36  34  2.776415456e-16  0.4955357875  0.9999378201  0.01115150315
36  35  3.359476401e-16  0.02920976066  0.9999378201  0.01115150315
36  36  3.359476401e-16  0.02920976066  0.9999378201  0.01115150315

#Chern no*2pi*Iota= 1.129248279e-14  69.11503838
