#nx  ny  tilde_F(nx,ny).real()  tilde_F(nx,ny).imag()  ArgofLog.real()  ArgofLog.imag()
#Extra momentum point for pm3d corners2color c1
0  0  -1.332480571e-16  0.005915516758  0.9999825034  0.005915482258
0  1  -1.828491213e-16  0.005443362739  0.9999851849  0.005443335857
0  2  7.691715122e-17  0.004475852633  0.9999899834  0.004475837688
0  3  -2.185460476e-16  0.003145944029  0.9999950515  0.00314593884
0  4  -4.873326371e-17  0.001499196976  0.9999988762  0.001499196415
0  5  -2.075189265e-16  -0.0004559100843  0.9999998961  -0.0004559100685
0  6  -6.983043594e-17  -0.002681368539  0.9999964051  -0.002681365326
0  7  2.647887538e-16  -0.005090583167  0.999987043  -0.00509056118
0  8  1.825419541e-16  -0.007485528976  0.9999719836  -0.00748545907
0  9  2.743124022e-16  -0.008260334898  0.9999658836  -0.00826024096
0  10  1.007956159e-16  1.207881436  0.3550007697  0.9348660083
0  11  -1.070787971e-16  0.1328838052  0.9911839315  0.132493071
0  12  2.282209692e-16  0.2077795906  0.9784913697  0.2062877587
0  13  -4.072784974e-17  0.01697443363  0.9998559378  0.0169736185
0  14  -1.950874229e-16  0.04717768456  0.9988873394  0.04716018568
0  15  -2.634606683e-16  0.2848166874  0.9597131762  0.2809815285
0  16  2.732657805e-18  0.09306212018  0.9956728452  0.09292785002
0  17  -6.509589384e-17  0.06807144801  0.9976840335  0.0680188895
0  18  -5.00179064e-17  0.5822738939  0.8352143402  0.5499245457
0  19  -1.537726782e-16  0.03023484846  0.9995429618  0.03023024216
0  20  8.554659682e-17  0.2445067344  0.9702568516  0.2420777599
0  21  -7.851089382e-17  0.1513461079  0.9885690223  0.1507689892
0  22  8.742298566e-17  0.01394268712  0.9999028023  0.01394223538
0  23  2.172278245e-16  0.0494590497  0.9987771505  0.04943888773
0  24  1.492165021e-16  0.2757933854  0.9622094534  0.2723104255
0  25  2.29514235e-16  1.172742149  0.3876253849  0.9218169889
0  26  3.548746028e-16  0.05763238026  0.998339714  0.05760048132
0  27  -1.921791566e-16  -0.008310974646  0.999965464  -0.00831087897
0  28  1.715055614e-16  -0.006251295692  0.9999804607  -0.006251254976
0  29  4.537726067e-17  -0.003838863516  0.9999926316  -0.003838854087
0  30  2.551862809e-17  -0.00153078585  0.9999988283  -0.001530785252
0  31  2.104883956e-16  0.0005542351737  0.9999998464  0.0005542351453
0  32  9.988043104e-17  0.002361097397  0.9999972126  0.002361095203
0  33  3.187625991e-17  0.003867232603  0.9999925223  0.003867222964
0  34  1.020348176e-16  0.005038766343  0.9999873054  0.005038745022
0  35  -6.655888473e-17  0.005769599398  0.9999833559  0.005769567388
0  36  -6.655888473e-17  0.005769599398  0.9999833559  0.005769567388

1  0  1.813359332e-16  0.005443362739  0.9999851849  0.005443335857
1  1  -1.503644055e-16  0.005263043438  0.9999861502  0.005263019141
1  2  2.575219908e-16  0.004537722211  0.9999897046  0.004537706638
1  3  -1.989586131e-17  0.003316126465  0.9999945017  0.003316120387
1  4  1.671123891e-17  0.001660111273  0.999998622  0.00166011051
1  5  3.302329946e-17  -0.00027774461  0.9999999614  -0.0002777446065
1  6  1.175013276e-16  -0.002280845051  0.9999973989  -0.002280843073
1  7  -1.11172015e-16  -0.004188316061  0.999991229  -0.004188303816
1  8  2.023520182e-16  -0.005981720808  0.9999821096  -0.005981685136
1  9  -1.484301494e-16  -0.008503409866  0.9999638462  -0.008503307389
1  10  -4.333484376e-17  -0.150745402  0.9886594118  -0.1501751228
1  11  -2.209673815e-16  -0.02279678635  0.9997401645  -0.02279481185
1  12  6.035511525e-17  0.3464948923  0.9405688337  0.3396031053
1  13  1.642220828e-16  0.08397416979  0.9964762408  0.08387551168
1  14  1.233612782e-17  0.00883056641  0.9999610108  0.008830451644
1  15  -1.245167245e-16  0.06085482899  0.9981489163  0.06081727523
1  16  2.449528499e-16  0.1420558218  0.9899270281  0.141578526
1  17  5.189640533e-17  0.03747442203  0.999297916  0.03746565156
1  18  1.067391544e-16  0.4263141352  0.9104961012  0.4135176534
1  19  -1.077822058e-16  0.048484392  0.9988248621  0.04846539856
1  20  -1.420922157e-16  0.0921854875  0.9957539262  0.09205497507
1  21  3.50137111e-17  0.1276825015  0.9918596576  0.1273358534
1  22  -4.860574035e-17  0.01407469711  0.9999009531  0.01407423242
1  23  9.265192786e-17  0.01591484547  0.9998733615  0.01591417366
1  24  1.401692848e-16  0.296552377  0.9563496518  0.2922248168
1  25  -2.835540459e-16  0.1248334073  0.9922184234  0.1245094388
1  26  1.324909105e-16  -0.1593298047  0.987333836  -0.1586565358
1  27  -7.02766872e-17  -0.02136070364  0.9997718688  -0.02135907926
1  28  -3.128463549e-16  -0.006928910543  0.9999759952  -0.0069288551
1  29  -1.214913953e-17  -0.005052336376  0.999987237  -0.005052314881
1  30  -7.753859554e-17  -0.003236279503  0.9999947633  -0.003236273854
1  31  -2.052513497e-16  -0.001293522926  0.9999991634  -0.001293522565
1  32  -8.048074287e-17  0.0006994128224  0.9999997554  0.0006994127654
1  33  -2.454206423e-16  0.002557039062  0.9999967308  0.002557036275
1  34  1.217226574e-16  0.00405559025  0.9999917761  0.004055579132
1  35  5.203877417e-17  0.005038766343  0.9999873054  0.005038745022
1  36  5.203877417e-17  0.005038766343  0.9999873054  0.005038745022

2  0  -7.124864515e-17  0.004475852633  0.9999899834  0.004475837688
2  1  -1.48588908e-16  0.004537722211  0.9999897046  0.004537706638
2  2  2.089652206e-16  0.004137216017  0.9999914417  0.004137204214
2  3  4.627355604e-16  0.003189638397  0.9999949131  0.003189632988
2  4  4.841798125e-18  0.001608203419  0.9999987068  0.001608202726
2  5  6.666520039e-17  -0.0004088816398  0.9999999164  -0.0004088816284
2  6  -2.221159352e-18  -0.002432355525  0.9999970418  -0.002432353126
2  7  -1.241925914e-16  -0.004196280716  0.9999911956  -0.004196268401
2  8  -1.332072184e-16  -0.005831277676  0.9999829981  -0.005831244629
2  9  -6.006244725e-16  -0.008932862619  0.9999601022  -0.008932743819
2  10  8.357823236e-18  -0.1311308882  0.991414658  -0.1307554051
2  11  2.743199708e-16  -0.1243162294  0.9922826842  -0.1239962687
2  12  -3.081000331e-17  0.09229795159  0.995743567  0.09216696104
2  13  -1.073130313e-16  0.4647883543  0.8939164524  0.4482336179
2  14  -1.143102604e-16  0.02297167228  0.9997361627  0.02296965199
2  15  -6.84228977e-17  0.004384751688  0.999990387  0.004384737638
2  16  -3.528793183e-16  0.03173797691  0.9994963927  0.0317326489
2  17  -1.355227687e-17  0.05961041347  0.9982238254  0.05957511646
2  18  1.810151956e-16  0.06224490605  0.9980634112  0.06220471993
2  19  -2.157291551e-17  0.2276678764  0.9741954185  0.2257061952
2  20  -1.121044867e-16  0.04277905794  0.9990851156  0.04276601118
2  21  -1.281943347e-16  0.05942034298  0.9982351308  0.05938538249
2  22  1.319587053e-17  0.008532266225  0.9999636004  0.008532162701
2  23  -8.151438031e-17  0.006742995302  0.9999772661  0.006742944204
2  24  -5.237471904e-17  0.1142287929  0.9934829824  0.1139805412
2  25  -2.37505237e-16  0.4541083925  0.898652499  0.438661243
2  26  -2.38194333e-16  -0.02368954112  0.9997194159  -0.02368732544
2  27  4.271347707e-17  -0.2011990127  0.9798276664  -0.1998442999
2  28  -4.991381599e-17  -0.02835964726  0.9995978922  -0.02835584595
2  29  -3.298753335e-17  -0.007098574863  0.9999748052  -0.007098515247
2  30  5.108048896e-17  -0.005050651837  0.9999872455  -0.005050630364
2  31  -1.496796364e-16  -0.003382019341  0.999994281  -0.003382012893
2  32  6.445689039e-17  -0.00147321868  0.9999989148  -0.001473218147
2  33  -1.796786527e-16  0.0006349538875  0.9999997984  0.0006349538448
2  34  -2.291322737e-17  0.002557039062  0.9999967308  0.002557036275
2  35  3.234209487e-17  0.003867232603  0.9999925223  0.003867222964
2  36  3.234209487e-17  0.003867232603  0.9999925223  0.003867222964

3  0  2.80417666e-16  0.003145944029  0.9999950515  0.00314593884
3  1  2.147649185e-17  0.003316126465  0.9999945017  0.003316120387
3  2  -3.449873682e-17  0.003189638397  0.9999949131  0.003189632988
3  3  1.663246804e-16  0.002694638868  0.9999963695  0.002694635607
3  4  -4.387274877e-16  0.001507863975  0.9999988632  0.001507863404
3  5  -2.020563023e-16  -0.0003963305583  0.9999999215  -0.0003963305479
3  6  1.048122995e-17  -0.002513912551  0.9999968401  -0.002513909903
3  7  -1.355090142e-16  -0.004442025506  0.9999901342  -0.004442010898
3  8  -2.797296373e-17  -0.006454527283  0.9999791696  -0.006454482467
3  9  -3.500841915e-17  -0.01091704636  0.9999404096  -0.01091682951
3  10  -8.838182537e-17  -0.1683694073  0.985859324  -0.1675750376
3  11  -2.317801851e-16  -0.2005033872  0.9799664461  -0.1991626586
3  12  1.444110826e-16  -0.006158732884  0.9999810351  -0.00615869395
3  13  3.977923312e-17  0.3083043411  0.9528494759  0.3034433658
3  14  -7.572030904e-17  0.1643878831  0.9865187122  0.1636484969
3  15  -1.883709747e-16  0.009439433671  0.9999554489  0.009439293492
3  16  -9.365368346e-17  0.001274897641  0.9999991873  0.001274897296
3  17  3.735543433e-16  0.01085086093  0.99994113  0.010850648
3  18  8.802164098e-18  0.0325483702  0.9994703486  0.03254262357
3  19  -9.582740089e-17  0.1396882682  0.9902594481  0.139234426
3  20  5.845078595e-17  0.06080507533  0.9981519409  0.06076761359
3  21  8.9719144e-17  0.02645627169  0.9996500533  0.02645318552
3  22  7.755704937e-17  0.002410561634  0.9999970946  0.0024105593
3  23  -1.875211595e-16  0.003544520451  0.9999937182  0.003544513029
3  24  -1.022558069e-16  0.0263958338  0.9996516502  0.02639276873
3  25  -7.428722251e-17  0.4034331373  0.919718642  0.3925781701
3  26  -2.152063409e-16  0.05031441311  0.9987344969  0.05029318697
3  27  -3.406531834e-16  -0.05470125357  0.9985042595  -0.05467397789
3  28  -3.601234413e-17  -0.281629652  0.9606037988  -0.2779214669
3  29  -1.590242825e-16  -0.04510610807  0.998982892  -0.04509081444
3  30  2.523707557e-16  -0.008394130067  0.9999647695  -0.00839403149
3  31  -1.205963283e-16  -0.005492128073  0.9999849183  -0.005492100463
3  32  -1.566463463e-16  -0.003552834037  0.9999936887  -0.003552826563
3  33  -3.902070184e-16  -0.00147321868  0.9999989148  -0.001473218147
3  34  1.363826888e-16  0.0006994128225  0.9999997554  0.0006994127655
3  35  3.190532281e-16  0.002361097397  0.9999972126  0.002361095203
3  36  3.190532281e-16  0.002361097397  0.9999972126  0.002361095203

4  0  5.504858965e-17  0.001499196976  0.9999988762  0.001499196415
4  1  1.34712943e-16  0.001660111272  0.999998622  0.00166011051
4  2  -2.14211868e-16  0.001608203419  0.9999987068  0.001608202726
4  3  1.698589968e-16  0.001507863975  0.9999988632  0.001507863404
4  4  -1.070815853e-16  0.0009708380269  0.9999995287  0.0009708378744
4  5  -2.184499226e-17  -0.00041425526  0.9999999142  -0.0004142552482
4  6  -7.276754283e-18  -0.002371245719  0.9999971886  -0.002371243497
4  7  -4.068747461e-17  -0.004352767837  0.9999905267  -0.004352754092
4  8  -1.777937517e-16  -0.006682189928  0.9999776743  -0.0066821402
4  9  -1.529588549e-16  -0.01263979246  0.9999201189  -0.0126394559
4  10  -1.364321283e-16  -0.3833142251  0.9274302236  -0.3739962303
4  11  1.452281244e-16  -0.3610550382  0.9355246401  -0.3532614439
4  12  1.881556568e-16  -0.02101745238  0.9997791415  -0.02101590507
4  13  2.639058327e-17  0.03366321548  0.9994334475  0.03365685791
4  14  -1.772481901e-16  0.2388325491  0.971614819  0.2365684753
4  15  -3.606703243e-17  0.03115219716  0.9995148095  0.03114715875
4  16  1.846610357e-16  0.005861399287  0.999982822  0.005861365724
4  17  3.332165306e-16  -0.0007785058237  0.999999697  -0.0007785057451
4  18  1.652066218e-16  0.0004600282879  0.9999998942  0.0004600282717
4  19  7.700389571e-17  0.02417608081  0.9997077728  0.0241737258
4  20  -1.189385604e-17  0.1331428846  0.9911495721  0.1327498618
4  21  -4.134440769e-17  0.02105634363  0.9997783234  0.0210547877
4  22  2.528989866e-18  -0.001785000588  0.9999984069  -0.00178499964
4  23  -1.642973568e-16  0.002434780994  0.9999970359  0.002434778588
4  24  -3.3510527e-16  0.01092517825  0.9999403208  0.01092496091
4  25  -1.724498027e-16  0.1316474035  0.9913469886  0.1312674685
4  26  2.464807668e-17  0.1609507156  0.9870753709  0.1602567068
4  27  6.051792872e-17  -0.004583102416  0.9999894976  -0.004583086372
4  28  7.770516247e-17  -0.07170524223  0.9974302804  -0.07164381091
4  29  1.232343628e-16  -0.5978143691  0.8265677427  -0.5628372471
4  30  9.128875932e-17  -0.09444373362  0.9955435046  -0.09430339587
4  31  1.849771701e-17  -0.009156507846  0.9999580795  -0.009156379897
4  32  1.406973033e-16  -0.005492128073  0.9999849183  -0.005492100463
4  33  3.30088208e-17  -0.003382019341  0.999994281  -0.003382012893
4  34  4.47909899e-16  -0.001293522926  0.9999991634  -0.001293522565
4  35  6.4617585e-17  0.0005542351736  0.9999998464  0.0005542351453
4  36  6.4617585e-17  0.0005542351736  0.9999998464  0.0005542351453

5  0  -1.047075299e-16  -0.0004559100843  0.9999998961  -0.0004559100685
5  1  2.766557126e-17  -0.00027774461  0.9999999614  -0.0002777446065
5  2  6.458838006e-17  -0.0004088816398  0.9999999164  -0.0004088816284
5  3  4.952431217e-17  -0.0003963305584  0.9999999215  -0.000396330548
5  4  -2.650399521e-16  -0.00041425526  0.9999999142  -0.0004142552481
5  5  6.841992722e-18  -0.001049452489  0.9999994493  -0.001049452296
5  6  2.191852133e-16  -0.00247645315  0.9999969336  -0.002476450619
5  7  -3.519911202e-18  -0.004140941546  0.9999914263  -0.004140929712
5  8  -1.753712615e-16  -0.006169538168  0.9999809685  -0.006169499029
5  9  1.763724215e-16  -0.01210507732  0.9999267344  -0.01210478169
5  10  1.576769562e-16  -0.7597972656  0.7249756639  -0.6887744818
5  11  -6.701431143e-17  -0.6275159207  0.8094884961  -0.5871357379
5  12  9.327441337e-17  -0.02783826805  0.9996125404  -0.02783467255
5  13  1.397945199e-16  -0.001591882283  0.999998733  -0.00159188161
5  14  4.95131119e-16  0.09483309724  0.9955067108  0.09469101713
5  15  1.663655539e-16  0.0775353172  0.9969956429  0.07745765371
5  16  1.876280219e-16  0.01227637365  0.9999246463  0.01227606529
5  17  -4.052668099e-17  0.004683731718  0.9999890313  0.004683714593
5  18  1.775040865e-16  -0.003455973361  0.9999940281  -0.003455966481
5  19  -2.006676727e-16  -0.007097304389  0.9999748142  -0.007097244805
5  20  6.271572095e-17  -0.02461517761  0.9996970618  -0.02461269194
5  21  2.910086643e-16  0.05700883379  0.9983754365  0.05697795895
5  22  -7.348926799e-17  -0.004865797261  0.999988162  -0.004865778061
5  23  -4.649853512e-16  0.001048482865  0.9999994503  0.001048482673
5  24  -2.89118734e-16  0.007312694655  0.9999732624  0.00731262948
5  25  -3.056730854e-17  0.02708761854  0.9996331529  0.02708430612
5  26  5.359888962e-17  0.1276113907  0.9918687101  0.1272653211
5  27  7.277849537e-17  0.02632993429  0.9996533873  0.02632689213
5  28  -4.061966858e-17  -0.01506993415  0.9998864507  -0.01506936376
5  29  -1.46225135e-16  -0.08651250666  0.9962601265  -0.08640463114
5  30  1.235983132e-16  -1.228946037  0.3352308899  -0.9421360042
5  31  -9.402450914e-17  -0.09444373362  0.9955435046  -0.09430339587
5  32  -1.062951818e-16  -0.008394130067  0.9999647695  -0.00839403149
5  33  -3.679052617e-16  -0.005050651837  0.9999872455  -0.005050630364
5  34  1.347910185e-16  -0.003236279503  0.9999947633  -0.003236273854
5  35  -5.594795047e-17  -0.00153078585  0.9999988283  -0.001530785252
5  36  -5.594795047e-17  -0.00153078585  0.9999988283  -0.001530785252

6  0  -1.657762595e-17  -0.002681368539  0.9999964051  -0.002681365326
6  1  -1.16389937e-16  -0.002280845051  0.9999973989  -0.002280843073
6  2  -2.085180824e-16  -0.002432355525  0.9999970418  -0.002432353126
6  3  6.314392359e-17  -0.002513912551  0.9999968401  -0.002513909903
6  4  -4.588265898e-16  -0.002371245719  0.9999971886  -0.002371243497
6  5  -4.866467249e-18  -0.00247645315  0.9999969336  -0.002476450619
6  6  1.081893932e-16  -0.003350617868  0.9999943867  -0.003350611598
6  7  1.115473514e-16  -0.004585984685  0.9999894844  -0.004585968611
6  8  -1.68101785e-16  -0.0057855877  0.9999832635  -0.005785555423
6  9  2.563375463e-16  -0.009959751646  0.9999504021  -0.009959586984
6  10  2.031530096e-16  -0.3351646305  0.9443561714  -0.3289246442
6  11  2.648077256e-17  -0.3728672935  0.9312866569  -0.364287198
6  12  2.441766924e-16  -0.02916273497  0.9995747976  -0.0291586015
6  13  8.412811898e-17  -0.007383121351  0.9999727449  -0.007383054275
6  14  1.416708206e-16  0.02840929174  0.9995964832  0.02840547043
6  15  -3.268174422e-16  0.07538200794  0.9971601216  0.07531063584
6  16  -2.309850821e-16  0.02026091405  0.9997947547  0.02025952788
6  17  -8.371435586e-17  0.007777240897  0.9999697574  0.007777162496
6  18  1.99794513e-16  0.001846035043  0.9999982961  0.001846033994
6  19  -2.417844578e-16  -0.007248080479  0.9999737328  -0.007248017017
6  20  -2.083058581e-16  -0.03192661585  0.9994903889  -0.03192119228
6  21  4.3379136e-17  0.02307200743  0.999733853  0.02306996054
6  22  1.908697677e-16  0.0001585123697  0.9999999874  0.0001585123691
6  23  -1.098667902e-16  -0.003266948701  0.9999946635  -0.003266942889
6  24  -3.014985188e-17  0.004519059909  0.9999897891  0.004519044527
6  25  2.425319819e-16  0.01051744749  0.9999446922  0.01051725359
6  26  3.412946156e-16  0.04638244177  0.9989245274  0.0463658129
6  27  4.959629435e-17  0.06160362625  0.9981030966  0.06156466928
6  28  3.259802026e-16  0.005805164886  0.9999831501  0.005805132281
6  29  -5.665063926e-17  -0.01793306104  0.999839207  -0.01793209986
6  30  6.541350476e-17  -0.08651250666  0.9962601265  -0.08640463114
6  31  1.36358462e-16  -0.5978143691  0.8265677427  -0.5628372471
6  32  -4.339373281e-16  -0.04510610807  0.998982892  -0.04509081444
6  33  -5.435148558e-16  -0.007098574863  0.9999748052  -0.007098515247
6  34  -1.234040426e-16  -0.005052336376  0.999987237  -0.005052314881
6  35  1.983632699e-16  -0.003838863516  0.9999926316  -0.003838854087
6  36  1.983632699e-16  -0.003838863516  0.9999926316  -0.003838854087

7  0  1.156368582e-16  -0.005090583167  0.999987043  -0.00509056118
7  1  3.548515169e-16  -0.004188316061  0.999991229  -0.004188303816
7  2  -2.220492692e-16  -0.004196280716  0.9999911956  -0.004196268401
7  3  1.287295975e-16  -0.004442025506  0.9999901342  -0.004442010898
7  4  -2.749925154e-16  -0.004352767837  0.9999905267  -0.004352754092
7  5  -2.040077235e-16  -0.004140941546  0.9999914263  -0.004140929712
7  6  5.218534651e-17  -0.004585984685  0.9999894844  -0.004585968611
7  7  1.337688722e-16  -0.005854057169  0.9999828651  -0.005854023733
7  8  -2.75040058e-16  -0.006676081643  0.999977715  -0.006676032051
7  9  -8.237849799e-17  -0.008567065191  0.9999633029  -0.008566960395
7  10  -1.12154287e-16  -0.1526498355  0.9883716205  -0.1520576855
7  11  4.578816475e-17  -0.2116655443  0.9776823591  -0.2100885638
7  12  1.31102575e-16  -0.02484325899  0.9996914221  -0.02484070358
7  13  -5.004759216e-16  -0.005844461394  0.9999829212  -0.005844428122
7  14  -3.742157087e-16  0.01965214763  0.9998069028  0.01965088269
7  15  -3.291309889e-16  0.05518650254  0.9984776114  0.0551584946
7  16  4.831915826e-17  0.02381910839  0.9997163384  0.02381685616
7  17  2.646402385e-16  0.004621568017  0.9999893206  0.004621551565
7  18  4.641376809e-17  -0.002160682029  0.9999976657  -0.002160680348
7  19  1.235050884e-16  -0.002158127078  0.9999976712  -0.002158125402
7  20  3.113829959e-16  0.005875516779  0.9999827392  0.005875482974
7  21  2.11236087e-16  -0.05180130904  0.9986586122  -0.05177814509
7  22  -5.725920589e-17  -0.002977616333  0.9999955669  -0.002977611933
7  23  -9.249528847e-17  0.00517608865  0.9999866041  0.005176065537
7  24  -7.577110384e-17  -0.005571019546  0.9999844819  -0.005570990729
7  25  -1.154644846e-16  -0.001399750099  0.9999990203  -0.001399749642
7  26  3.868398504e-16  0.009487305609  0.9999549959  0.009487163286
7  27  2.602205092e-16  0.04151068814  0.9991385551  0.04149876773
7  28  3.398195478e-16  0.03964152768  0.9992143775  0.03963114604
7  29  6.888713352e-17  0.005805164886  0.9999831501  0.005805132281
7  30  -2.226620222e-16  -0.01506993415  0.9998864507  -0.01506936376
7  31  -1.564401338e-16  -0.07170524223  0.9974302804  -0.07164381092
7  32  -1.138241374e-16  -0.281629652  0.9606037988  -0.2779214669
7  33  2.399792807e-17  -0.02835964726  0.9995978922  -0.02835584594
7  34  -1.753107257e-16  -0.006928910543  0.9999759952  -0.0069288551
7  35  2.061091488e-16  -0.006251295692  0.9999804607  -0.006251254976
7  36  2.061091488e-16  -0.006251295692  0.9999804607  -0.006251254976

8  0  -1.210868737e-16  -0.007485528976  0.9999719836  -0.00748545907
8  1  8.233336897e-18  -0.005981720808  0.9999821096  -0.005981685136
8  2  2.099841818e-17  -0.005831277676  0.9999829981  -0.005831244629
8  3  -2.059002026e-17  -0.006454527283  0.9999791696  -0.006454482466
8  4  -2.819744929e-16  -0.006682189928  0.9999776743  -0.0066821402
8  5  -2.73912482e-16  -0.006169538168  0.9999809685  -0.006169499029
8  6  -3.684888614e-16  -0.0057855877  0.9999832635  -0.005785555423
8  7  2.164008521e-17  -0.006676081643  0.999977715  -0.006676032051
8  8  -1.758807809e-16  -0.008322523738  0.999965368  -0.008322427663
8  9  4.74409925e-17  -0.009076026636  0.9999588132  -0.009075902031
8  10  -3.06186957e-16  -0.1241955999  0.9922976346  -0.1238765693
8  11  -2.237528493e-16  -0.1415916952  0.9899926319  -0.1411190592
8  12  -2.13963635e-16  -0.01517562082  0.9998848525  -0.01517503834
8  13  -8.439536955e-17  0.005069142846  0.9999871519  0.005069121137
8  14  -2.262953847e-18  0.04468148204  0.9990019486  0.04466661625
8  15  -2.773527262e-16  0.068391457  0.9976622157  0.06833815386
8  16  -1.529086155e-17  0.02264206275  0.9997436794  0.02264012818
8  17  3.190357977e-17  -0.008944081481  0.999960002  -0.008943962232
8  18  1.813148292e-16  -0.0645889469  0.997914859  -0.0645440483
8  19  -1.489077573e-16  -0.070175593  0.9975387034  -0.07011800923
8  20  -2.987510491e-16  0.015123372  0.999885644  0.01512279551
8  21  2.244683592e-17  -0.05367916664  0.9985596194  -0.05365339136
8  22  1.682872905e-17  -0.08061367752  0.9967524768  -0.08052639368
8  23  -1.638527646e-16  -0.00307065624  0.9999952855  -0.003070651414
8  24  -2.250333831e-16  9.491700013e-05  0.9999999955  9.491699998e-05
8  25  -3.568390885e-17  -0.09432000524  0.995555165  -0.09418021817
8  26  -8.854165177e-17  -0.05068059002  0.9987160138  -0.0506588971
8  27  -1.680483799e-16  0.003204485374  0.9999948656  0.00320447989
8  28  2.51999267e-16  0.04151068814  0.9991385551  0.04149876773
8  29  -2.247023161e-17  0.06160362625  0.9981030966  0.06156466928
8  30  3.990929412e-17  0.02632993429  0.9996533873  0.02632689213
8  31  3.859461017e-17  -0.004583102416  0.9999894976  -0.004583086372
8  32  -2.136992128e-16  -0.05470125357  0.9985042595  -0.05467397789
8  33  -6.64667517e-17  -0.2011990126  0.9798276664  -0.1998442999
8  34  -1.936884489e-16  -0.02136070364  0.9997718688  -0.02135907927
8  35  -2.00102501e-16  -0.008310974646  0.999965464  -0.00831087897
8  36  -2.00102501e-16  -0.008310974646  0.999965464  -0.00831087897

9  0  -1.082869224e-16  -0.008260334898  0.9999658836  -0.00826024096
9  1  -1.313035536e-16  -0.008503409866  0.9999638462  -0.008503307389
9  2  -6.102345409e-18  -0.008932862619  0.9999601022  -0.008932743819
9  3  6.442942276e-17  -0.01091704636  0.9999404096  -0.01091682951
9  4  1.588283086e-16  -0.01263979246  0.9999201189  -0.0126394559
9  5  2.262860491e-16  -0.01210507732  0.9999267344  -0.01210478169
9  6  2.852361464e-16  -0.009959751646  0.9999504021  -0.009959586984
9  7  1.389955358e-16  -0.008567065191  0.9999633029  -0.008566960395
9  8  -1.953444978e-16  -0.009076026636  0.9999588132  -0.009075902031
9  9  -4.507089573e-16  -0.008221244243  0.9999662058  -0.008221151633
9  10  -5.421165262e-16  -0.07256800982  0.9973680973  -0.07250433466
9  11  -1.491639427e-16  -0.05589721947  0.9984381572  -0.05586811554
9  12  -8.011970531e-17  0.007577513817  0.9999712908  0.007577441302
9  13  1.139430581e-16  0.07954384307  0.9968380562  0.07945998767
9  14  1.124069503e-17  0.2008598059  0.9798953985  0.1995119243
9  15  2.493060909e-16  0.09123815719  0.9958406859  0.09111162603
9  16  2.492124176e-17  0.02170031108  0.9997645575  0.02169860799
9  17  -1.393026741e-16  -0.003838306879  0.9999926337  -0.003838297455
9  18  -3.718451274e-16  -0.1471549268  0.989192238  -0.1466244054
9  19  3.492412487e-17  -0.4572429288  0.8972730869  -0.4414759422
9  20  -3.397559173e-16  -0.04830282626  0.9988336453  -0.04828404539
9  21  -5.126367841e-17  -0.05621649495  0.9984202689  -0.05618688952
9  22  -2.962501637e-16  -0.1033233511  0.9946668897  -0.1031396074
9  23  1.417197218e-16  -0.07418245261  0.9972497434  -0.0741144332
9  24  2.582707711e-17  -0.02907271407  0.9995774184  -0.02906861876
9  25  -3.527990011e-16  -0.1568843507  0.9877188706  -0.1562415843
9  26  6.978485462e-17  -0.4493267905  0.9007397212  -0.434359246
9  27  1.986887271e-17  -0.05068059002  0.9987160138  -0.0506588971
9  28  2.53090791e-16  0.009487305609  0.9999549959  0.009487163286
9  29  3.114106305e-16  0.04638244177  0.9989245274  0.0463658129
9  30  7.074856261e-17  0.1276113907  0.9918687101  0.1272653211
9  31  1.705183543e-16  0.1609507156  0.9870753709  0.1602567068
9  32  1.714165823e-16  0.05031441311  0.9987344969  0.05029318697
9  33  -4.678258288e-17  -0.02368954112  0.9997194159  -0.02368732544
9  34  -2.549706769e-16  -0.1593298048  0.987333836  -0.1586565359
9  35  -1.468875134e-16  0.05763238025  0.998339714  0.05760048131
9  36  -1.468875134e-16  0.05763238025  0.998339714  0.05760048131

10  0  -1.911301229e-16  1.207881436  0.3550007697  0.9348660083
10  1  -9.844897188e-17  -0.150745402  0.9886594118  -0.1501751228
10  2  -2.010250224e-17  -0.1311308882  0.991414658  -0.1307554051
10  3  -3.894342671e-16  -0.1683694073  0.985859324  -0.1675750376
10  4  -1.357164372e-17  -0.3833142251  0.9274302236  -0.3739962303
10  5  -1.871530717e-17  -0.7597972656  0.7249756639  -0.6887744818
10  6  -8.416361394e-17  -0.3351646305  0.9443561714  -0.3289246442
10  7  1.462095292e-16  -0.1526498355  0.9883716205  -0.1520576855
10  8  2.614407312e-16  -0.1241955999  0.9922976346  -0.1238765693
10  9  -2.255049738e-16  -0.07256800982  0.9973680973  -0.07250433466
10  10  3.658846786e-17  2.292276868  -0.6604970279  0.7508286596
10  11  -1.419899719e-16  0.02882572187  0.9995845676  0.02882173005
10  12  -2.620404242e-16  0.2077204669  0.9785035645  0.2062299063
10  13  6.007951717e-17  0.6273778828  0.8095695354  0.5870239922
10  14  4.788979411e-17  0.2525544728  0.9682772745  0.2498782098
10  15  -2.254896453e-16  0.04359858672  0.9990497322  0.04358477573
10  16  -1.111944483e-16  0.01466893081  0.9998924132  0.01466840474
10  17  8.022275344e-17  0.007091106932  0.9999748582  0.007091047504
10  18  -2.292018109e-17  -0.02376798187  0.9997175548  -0.02376574411
10  19  -8.179589746e-17  -0.1848021235  0.9829726301  -0.1837520299
10  20  -1.355155921e-16  -0.07125129957  0.9974626999  -0.0711910274
10  21  -7.034498739e-17  -0.06503124885  0.9978862134  -0.06498542166
10  22  1.125269343e-16  -0.08869087946  0.9960695414  -0.08857465037
10  23  7.846795701e-18  -0.09779943923  0.9952214455  -0.09764360957
10  24  1.321602553e-16  -0.06940264864  0.9975926027  -0.06934694645
10  25  -2.935713578e-17  -0.05516298521  0.9984789083  -0.05513501306
10  26  2.192546777e-16  -0.1568843507  0.9877188706  -0.1562415843
10  27  -3.98594628e-17  -0.09432000524  0.995555165  -0.09418021817
10  28  -1.430447501e-16  -0.0013997501  0.9999990203  -0.001399749642
10  29  1.974590861e-16  0.01051744749  0.9999446922  0.01051725359
10  30  -6.907004922e-17  0.02708761854  0.9996331529  0.02708430612
10  31  -7.260323731e-17  0.1316474035  0.9913469886  0.1312674685
10  32  -4.95071454e-17  0.4034331373  0.919718642  0.3925781701
10  33  -1.435202912e-16  0.4541083925  0.898652499  0.438661243
10  34  1.178441368e-17  0.1248334073  0.9922184234  0.1245094388
10  35  6.185335555e-18  1.172742149  0.3876253849  0.9218169889
10  36  6.185335555e-18  1.172742149  0.3876253849  0.9218169889

11  0  4.69402461e-17  0.1328838052  0.9911839315  0.132493071
11  1  2.387889422e-16  -0.02279678635  0.9997401645  -0.02279481185
11  2  -7.198768417e-17  -0.1243162294  0.9922826842  -0.1239962687
11  3  -6.434917109e-17  -0.2005033872  0.9799664461  -0.1991626586
11  4  -1.613198759e-17  -0.3610550382  0.9355246401  -0.3532614439
11  5  3.497323879e-17  -0.6275159207  0.8094884961  -0.5871357379
11  6  1.200810177e-16  -0.3728672935  0.9312866569  -0.364287198
11  7  1.562516668e-16  -0.2116655443  0.9776823591  -0.2100885638
11  8  2.751602916e-17  -0.1415916952  0.9899926319  -0.1411190592
11  9  -1.043803285e-16  -0.05589721947  0.9984381572  -0.05586811554
11  10  1.913783655e-16  0.02882572187  0.9995845676  0.02882173005
11  11  8.38518286e-17  0.2125601792  0.9774940154  0.2109631483
11  12  -2.956197467e-16  0.3933967871  0.9236123074  0.3833279349
11  13  -4.75140009e-17  0.1684579133  0.9858444888  0.1676622913
11  14  2.191797431e-16  0.03777306715  0.9992866825  0.03776408532
11  15  -8.012419231e-17  0.01406721722  0.9999010583  0.01406675327
11  16  1.62180703e-16  0.008560322916  0.9999633607  0.008560218368
11  17  -1.387051229e-16  0.006965045219  0.9999757442  0.006964988905
11  18  1.340858167e-16  0.003071994014  0.9999952814  0.003071989182
11  19  -1.157236427e-16  -0.003033907145  0.9999953977  -0.00303390249
11  20  -1.618334981e-16  -0.005950089  0.9999822983  -0.005950053891
11  21  5.814172058e-17  -0.06188945102  0.9980854591  -0.06184994935
11  22  -9.379390611e-17  -0.08617812994  0.9962889625  -0.08607150012
11  23  -3.001948057e-16  -0.1213442466  0.9926468162  -0.1210466783
11  24  -1.233758979e-16  -0.0951467299  0.9954769637  -0.09500323589
11  25  7.809715062e-17  -0.06940264864  0.9975926027  -0.06934694645
11  26  1.186552692e-16  -0.02907271407  0.9995774184  -0.02906861876
11  27  1.495178748e-17  9.491700148e-05  0.9999999955  9.491700134e-05
11  28  -1.636331355e-17  -0.005571019546  0.9999844819  -0.005570990729
11  29  2.85619304e-17  0.004519059908  0.9999897891  0.004519044527
11  30  1.283953952e-16  0.007312694655  0.9999732624  0.00731262948
11  31  -3.513832425e-17  0.01092517825  0.9999403208  0.01092496091
11  32  -9.092509323e-19  0.0263958338  0.9996516502  0.02639276873
11  33  2.715943033e-17  0.1142287929  0.9934829824  0.1139805412
11  34  2.610607864e-16  0.296552377  0.9563496518  0.2922248168
11  35  -3.568040087e-17  0.2757933854  0.9622094534  0.2723104256
11  36  -3.568040087e-17  0.2757933854  0.9622094534  0.2723104256

12  0  1.233599109e-16  0.2077795906  0.9784913697  0.2062877587
12  1  1.417396687e-16  0.3464948923  0.9405688337  0.3396031053
12  2  7.847514858e-17  0.09229795159  0.995743567  0.09216696104
12  3  1.087532186e-16  -0.006158732884  0.9999810351  -0.00615869395
12  4  -2.906181612e-16  -0.02101745238  0.9997791415  -0.02101590507
12  5  1.105994351e-16  -0.02783826805  0.9996125404  -0.02783467255
12  6  8.01627745e-17  -0.02916273497  0.9995747976  -0.0291586015
12  7  -4.779103882e-17  -0.02484325899  0.9996914221  -0.02484070358
12  8  -1.438825609e-16  -0.01517562082  0.9998848525  -0.01517503834
12  9  -1.206397423e-17  0.007577513817  0.9999712908  0.007577441302
12  10  -2.601574861e-16  0.2077204669  0.9785035645  0.2062299063
12  11  -2.738212918e-16  0.3933967871  0.9236123074  0.3833279349
12  12  -4.060508267e-16  0.07653258944  0.9970728106  0.07645789973
12  13  3.96101145e-18  0.02249803906  0.9997469298  0.02249614117
12  14  -7.539219817e-17  0.009141468359  0.9999582171  0.00914134104
12  15  3.674472599e-17  0.00458799004  0.9999894752  0.004587973944
12  16  3.755471645e-16  0.003108525036  0.9999951685  0.00310852003
12  17  2.939181545e-17  0.002504741685  0.9999968631  0.002504739066
12  18  6.03367123e-16  0.0006567715001  0.9999997843  0.0006567714529
12  19  -1.647238028e-16  0.001371902738  0.9999990589  0.001371902308
12  20  -5.943163046e-17  0.01932876358  0.9998132053  0.01932756006
12  21  1.055544495e-16  -0.05128789812  0.998685064  -0.05126541604
12  22  -1.040065088e-16  -0.09914363949  0.9950892938  -0.09898129787
12  23  -1.241330158e-16  -0.1214842064  0.9926298648  -0.1211856078
12  24  -9.896716199e-17  -0.1213442466  0.9926468162  -0.1210466783
12  25  -1.648895322e-16  -0.09779943923  0.9952214455  -0.09764360957
12  26  -2.789677012e-16  -0.07418245261  0.9972497434  -0.0741144332
12  27  4.070793828e-16  -0.00307065624  0.9999952855  -0.003070651414
12  28  2.898834917e-16  0.00517608865  0.9999866041  0.005176065537
12  29  -3.008314812e-16  -0.003266948701  0.9999946635  -0.003266942889
12  30  -1.82140092e-16  0.001048482865  0.9999994503  0.001048482673
12  31  -1.579405709e-16  0.002434780993  0.9999970359  0.002434778588
12  32  8.144886173e-17  0.003544520451  0.9999937182  0.003544513029
12  33  -9.962273493e-18  0.006742995302  0.9999772661  0.006742944204
12  34  5.0583267e-17  0.01591484547  0.9998733615  0.01591417366
12  35  -3.929753147e-16  0.0494590497  0.9987771505  0.04943888774
12  36  -3.929753147e-16  0.0494590497  0.9987771505  0.04943888774

13  0  -4.721143436e-17  0.01697443363  0.9998559378  0.0169736185
13  1  -1.841715422e-16  0.08397416979  0.9964762408  0.08387551168
13  2  -1.163933532e-16  0.4647883543  0.8939164524  0.4482336179
13  3  -7.384057057e-17  0.3083043412  0.9528494759  0.3034433658
13  4  2.641406438e-17  0.03366321548  0.9994334475  0.03365685791
13  5  -2.714166558e-17  -0.001591882283  0.999998733  -0.00159188161
13  6  -4.334064025e-16  -0.007383121351  0.9999727449  -0.007383054275
13  7  -2.00749981e-16  -0.005844461394  0.9999829212  -0.005844428122
13  8  8.924769515e-17  0.005069142846  0.9999871519  0.005069121137
13  9  1.726989252e-16  0.07954384307  0.9968380562  0.07945998767
13  10  -1.452082266e-16  0.6273778828  0.8095695354  0.5870239922
13  11  -2.042546189e-16  0.1684579133  0.9858444888  0.1676622913
13  12  -2.817638692e-16  0.02249803906  0.9997469298  0.02249614117
13  13  -7.082559416e-17  0.01156335729  0.9999331451  0.0115630996
13  14  6.632363573e-17  0.01238201349  0.9999233439  0.0123816971
13  15  3.564502363e-16  0.01202735545  0.9999276722  0.01202706547
13  16  2.886441514e-18  0.006465881767  0.9999790963  0.006465836713
13  17  -2.814992544e-16  0.001030902212  0.9999994686  0.00103090203
13  18  1.480505667e-16  -0.003006209305  0.9999954814  -0.003006204777
13  19  1.521119278e-16  -0.004734184179  0.9999887938  -0.004734166495
13  20  3.124465872e-17  0.009477923717  0.9999550848  0.009477781816
13  21  -3.084746118e-17  -0.04013287994  0.9991947841  -0.04012210748
13  22  -2.58148644e-16  -0.1073633075  0.9942420942  -0.1071571656
13  23  -1.006852773e-16  -0.09914363949  0.9950892938  -0.09898129787
13  24  2.155350874e-16  -0.08617812994  0.9962889625  -0.08607150012
13  25  1.427788312e-16  -0.08869087946  0.9960695414  -0.08857465037
13  26  1.283624708e-17  -0.1033233511  0.9946668897  -0.1031396074
13  27  1.515285674e-16  -0.08061367752  0.9967524768  -0.08052639368
13  28  3.729381355e-17  -0.002977616332  0.9999955669  -0.002977611932
13  29  3.094681835e-16  0.0001585123698  0.9999999874  0.0001585123691
13  30  8.858976145e-18  -0.004865797261  0.999988162  -0.004865778061
13  31  -1.966340757e-16  -0.001785000588  0.9999984069  -0.00178499964
13  32  -5.521138771e-17  0.002410561634  0.9999970946  0.0024105593
13  33  -2.702770963e-17  0.008532266225  0.9999636004  0.008532162701
13  34  -1.376304905e-16  0.01407469711  0.9999009531  0.01407423242
13  35  -8.677192044e-17  0.01394268712  0.9999028023  0.01394223538
13  36  -8.677192044e-17  0.01394268712  0.9999028023  0.01394223538

14  0  2.391240001e-16  0.04717768456  0.9988873394  0.04716018568
14  1  1.953826272e-16  0.00883056641  0.9999610108  0.008830451644
14  2  1.453840274e-16  0.02297167228  0.9997361627  0.02296965199
14  3  -2.949637235e-16  0.1643878831  0.9865187122  0.1636484969
14  4  -4.344725783e-17  0.2388325491  0.971614819  0.2365684753
14  5  -2.11942544e-16  0.09483309724  0.9955067108  0.09469101713
14  6  -1.039586364e-16  0.02840929174  0.9995964832  0.02840547043
14  7  -8.357420859e-17  0.01965214763  0.9998069028  0.01965088269
14  8  1.397799566e-16  0.04468148204  0.9990019486  0.04466661625
14  9  -1.624192909e-16  0.2008598059  0.9798953985  0.1995119243
14  10  -2.122216416e-16  0.2525544728  0.9682772745  0.2498782098
14  11  -2.493977811e-16  0.03777306715  0.9992866825  0.03776408532
14  12  -1.70946519e-16  0.009141468359  0.9999582171  0.00914134104
14  13  6.087004528e-17  0.01238201349  0.9999233439  0.0123816971
14  14  8.52274396e-17  0.07803335218  0.9969569426  0.07795418279
14  15  -1.034770266e-16  0.1633305687  0.9866911886  0.1626053452
14  16  -6.785767003e-17  0.1020607387  0.9947963221  0.1018836468
14  17  2.11846136e-16  0.04258854714  0.9990932449  0.0425756739
14  18  -1.768109393e-16  0.01888134184  0.9998217528  0.01888021998
14  19  -5.675786464e-17  0.01535859891  0.999882059  0.0153579951
14  20  1.319039054e-16  0.02728682578  0.9996277377  0.02728343974
14  21  1.098750165e-16  0.01565285429  0.9998774966  0.01565221511
14  22  -2.934031023e-16  -0.04013287994  0.9991947841  -0.04012210748
14  23  -2.057444754e-16  -0.05128789812  0.998685064  -0.05126541604
14  24  6.97566219e-17  -0.06188945102  0.9980854591  -0.06184994934
14  25  -4.83323481e-16  -0.06503124885  0.9978862134  -0.06498542166
14  26  -1.216678996e-16  -0.05621649495  0.9984202689  -0.05618688952
14  27  -3.026333524e-17  -0.05367916664  0.9985596194  -0.05365339136
14  28  -2.48868806e-17  -0.05180130904  0.9986586122  -0.05177814509
14  29  7.441620167e-17  0.02307200743  0.999733853  0.02306996054
14  30  -2.695383705e-17  0.05700883379  0.9983754365  0.05697795895
14  31  -2.03331016e-16  0.02105634363  0.9997783234  0.0210547877
14  32  -1.000058474e-16  0.02645627168  0.9996500533  0.02645318552
14  33  2.253341064e-17  0.05942034298  0.9982351308  0.05938538249
14  34  -3.562678717e-17  0.1276825015  0.9918596576  0.1273358534
14  35  -2.879842901e-16  0.1513461079  0.9885690223  0.1507689892
14  36  -2.879842901e-16  0.1513461079  0.9885690223  0.1507689892

15  0  1.561925165e-16  0.2848166874  0.9597131762  0.2809815285
15  1  -1.730314391e-17  0.06085482899  0.9981489163  0.06081727523
15  2  2.644211437e-17  0.004384751688  0.999990387  0.004384737638
15  3  1.02773149e-16  0.009439433671  0.9999554489  0.009439293492
15  4  -1.498908266e-16  0.03115219716  0.9995148095  0.03114715875
15  5  -1.647567877e-16  0.0775353172  0.9969956429  0.07745765371
15  6  -9.471896487e-17  0.07538200794  0.9971601216  0.07531063584
15  7  -8.794513259e-17  0.05518650254  0.9984776114  0.0551584946
15  8  1.45537581e-17  0.068391457  0.9976622157  0.06833815386
15  9  1.075856231e-16  0.09123815719  0.9958406859  0.09111162603
15  10  -1.695862428e-16  0.04359858672  0.9990497322  0.04358477573
15  11  -1.599149457e-16  0.01406721722  0.9999010583  0.01406675327
15  12  -1.380110078e-16  0.00458799004  0.9999894752  0.004587973944
15  13  -2.311575898e-16  0.01202735545  0.9999276722  0.01202706547
15  14  1.280253922e-16  0.1633305687  0.9866911886  0.1626053452
15  15  1.012145065e-16  0.3449745112  0.9410840725  0.3381726903
15  16  -1.83769831e-16  0.137393936  0.9905762915  0.1369620774
15  17  1.249856558e-16  0.05238047481  0.9986284566  0.05235652526
15  18  -2.201609752e-16  0.03184929012  0.9994928542  0.03184390586
15  19  -1.609083294e-16  0.05025778416  0.9987373434  0.05023662961
15  20  2.066101532e-16  0.04270139128  0.9990884341  0.04268841544
15  21  1.673573139e-16  0.02728682578  0.9996277377  0.02728343974
15  22  3.424434866e-16  0.009477923718  0.9999550848  0.009477781817
15  23  3.598508601e-16  0.01932876358  0.9998132053  0.01932756006
15  24  8.497379165e-17  -0.005950089001  0.9999822983  -0.005950053892
15  25  -1.464708264e-16  -0.07125129957  0.9974626999  -0.0711910274
15  26  1.549758244e-17  -0.04830282626  0.9988336453  -0.04828404539
15  27  3.951790995e-17  0.015123372  0.999885644  0.01512279551
15  28  2.933250068e-17  0.005875516779  0.9999827392  0.005875482973
15  29  -4.282521567e-16  -0.03192661585  0.9994903889  -0.03192119228
15  30  -1.17018497e-16  -0.02461517761  0.9996970618  -0.02461269194
15  31  -2.332620504e-16  0.1331428846  0.9911495721  0.1327498618
15  32  -8.957774578e-17  0.06080507533  0.9981519409  0.06076761359
15  33  -2.633787427e-16  0.04277905794  0.9990851156  0.04276601118
15  34  2.810296805e-17  0.0921854875  0.9957539262  0.09205497507
15  35  2.037636716e-16  0.2445067344  0.9702568516  0.2420777599
15  36  2.037636716e-16  0.2445067344  0.9702568516  0.2420777599

16  0  1.063219796e-16  0.09306212018  0.9956728452  0.09292785002
16  1  -2.596516873e-16  0.1420558218  0.9899270281  0.141578526
16  2  -7.085459609e-17  0.03173797691  0.9994963927  0.0317326489
16  3  3.168543181e-16  0.001274897641  0.9999991873  0.001274897296
16  4  7.200127185e-17  0.005861399287  0.999982822  0.005861365724
16  5  5.278484288e-17  0.01227637365  0.9999246463  0.01227606529
16  6  1.899004026e-16  0.02026091405  0.9997947547  0.02025952788
16  7  1.783108839e-16  0.02381910839  0.9997163384  0.02381685616
16  8  1.714557957e-16  0.02264206275  0.9997436794  0.02264012818
16  9  1.132157495e-16  0.02170031108  0.9997645575  0.02169860799
16  10  -1.638211235e-16  0.01466893081  0.9998924132  0.01466840474
16  11  -7.22573561e-17  0.008560322916  0.9999633607  0.008560218368
16  12  4.122003939e-17  0.003108525036  0.9999951685  0.00310852003
16  13  5.499801589e-17  0.006465881767  0.9999790963  0.006465836713
16  14  3.677938745e-16  0.1020607387  0.9947963221  0.1018836468
16  15  3.985324289e-16  0.137393936  0.9905762915  0.1369620774
16  16  2.35367594e-16  0.04208528277  0.9991145452  0.0420728605
16  17  -1.251599252e-16  0.01985559881  0.9998028841  0.01985429418
16  18  -1.066308377e-16  0.08285629289  0.9965693807  0.08276152173
16  19  -1.473320171e-16  0.2761554533  0.9621107955  0.2726587928
16  20  -3.279849654e-16  0.05025778416  0.9987373434  0.05023662961
16  21  8.43369155e-17  0.01535859891  0.999882059  0.0153579951
16  22  -1.066449975e-16  -0.004734184179  0.9999887938  -0.004734166494
16  23  2.309562767e-17  0.001371902739  0.9999990589  0.001371902308
16  24  -7.243193846e-17  -0.003033907145  0.9999953977  -0.003033902491
16  25  -8.955952137e-18  -0.1848021235  0.9829726301  -0.1837520299
16  26  2.58204083e-16  -0.4572429288  0.8972730869  -0.4414759422
16  27  4.017240562e-16  -0.070175593  0.9975387034  -0.07011800923
16  28  2.229099635e-16  -0.002158127078  0.9999976712  -0.002158125403
16  29  1.773409032e-16  -0.007248080479  0.9999737328  -0.007248017017
16  30  3.316126445e-16  -0.007097304389  0.9999748142  -0.007097244805
16  31  -2.387358621e-16  0.02417608081  0.9997077728  0.0241737258
16  32  -2.120576719e-16  0.1396882682  0.9902594481  0.139234426
16  33  -2.757544587e-16  0.2276678764  0.9741954185  0.2257061952
16  34  -2.678869867e-18  0.048484392  0.9988248621  0.04846539856
16  35  -1.862984698e-16  0.03023484846  0.9995429618  0.03023024216
16  36  -1.862984698e-16  0.03023484846  0.9995429618  0.03023024216

17  0  1.092488829e-16  0.06807144801  0.9976840335  0.06801888949
17  1  -1.573843959e-17  0.03747442203  0.999297916  0.03746565156
17  2  -1.403299411e-16  0.05961041347  0.9982238254  0.05957511646
17  3  2.410677627e-17  0.01085086093  0.99994113  0.010850648
17  4  -3.701481429e-17  -0.0007785058235  0.999999697  -0.0007785057449
17  5  3.206559891e-16  0.004683731718  0.9999890313  0.004683714593
17  6  3.397748827e-16  0.007777240897  0.9999697574  0.007777162496
17  7  4.160376057e-17  0.004621568017  0.9999893206  0.004621551565
17  8  -2.484814425e-17  -0.008944081481  0.999960002  -0.008943962233
17  9  -3.840193424e-17  -0.003838306879  0.9999926337  -0.003838297455
17  10  8.711131712e-17  0.007091106932  0.9999748582  0.007091047504
17  11  2.29356215e-16  0.006965045219  0.9999757442  0.006964988905
17  12  1.909387896e-16  0.002504741685  0.9999968631  0.002504739066
17  13  2.494476015e-16  0.001030902212  0.9999994686  0.00103090203
17  14  4.183888679e-17  0.04258854714  0.9990932449  0.0425756739
17  15  8.100227185e-17  0.05238047481  0.9986284566  0.05235652526
17  16  -1.449983503e-16  0.01985559881  0.9998028841  0.01985429418
17  17  -2.422482637e-16  0.1177584819  0.9930744786  0.1174865099
17  18  1.41327606e-16  0.9118877879  0.6122542412  0.790660954
17  19  2.376903521e-16  0.08285629289  0.9965693807  0.08276152173
17  20  -5.45771899e-16  0.03184929012  0.9994928542  0.03184390586
17  21  -3.357709754e-16  0.01888134184  0.9998217528  0.01888021998
17  22  -7.227317755e-17  -0.003006209305  0.9999954814  -0.003006204777
17  23  4.242429875e-17  0.0006567715003  0.9999997843  0.0006567714531
17  24  1.591645109e-18  0.003071994014  0.9999952814  0.003071989182
17  25  3.787877745e-16  -0.02376798187  0.9997175548  -0.02376574411
17  26  2.430887115e-16  -0.1471549268  0.989192238  -0.1466244054
17  27  3.151852531e-16  -0.0645889469  0.997914859  -0.0645440483
17  28  -3.961366124e-17  -0.002160682029  0.9999976657  -0.002160680348
17  29  4.808688868e-17  0.001846035043  0.9999982961  0.001846033994
17  30  3.205631113e-16  -0.003455973361  0.9999940281  -0.003455966482
17  31  4.791507151e-17  0.0004600282879  0.9999998942  0.0004600282716
17  32  3.335055226e-16  0.0325483702  0.9994703486  0.03254262357
17  33  1.194065848e-16  0.06224490605  0.9980634112  0.06220471993
17  34  8.933501459e-18  0.4263141352  0.9104961012  0.4135176534
17  35  -2.361763889e-16  0.5822738939  0.8352143402  0.5499245457
17  36  -2.361763889e-16  0.5822738939  0.8352143402  0.5499245457

18  0  -2.112262187e-16  0.5822738939  0.8352143402  0.5499245457
18  1  -9.889531557e-17  0.4263141352  0.9104961012  0.4135176534
18  2  -2.546790411e-16  0.06224490605  0.9980634112  0.06220471993
18  3  -1.086799724e-19  0.0325483702  0.9994703486  0.03254262357
18  4  -5.467905608e-18  0.0004600282875  0.9999998942  0.0004600282713
18  5  1.936529112e-16  -0.003455973361  0.9999940281  -0.003455966481
18  6  3.296181269e-16  0.001846035043  0.9999982961  0.001846033994
18  7  -1.008474379e-16  -0.002160682029  0.9999976657  -0.002160680348
18  8  -1.212469681e-16  -0.0645889469  0.997914859  -0.0645440483
18  9  -1.642250192e-16  -0.1471549268  0.989192238  -0.1466244054
18  10  -2.617226842e-16  -0.02376798187  0.9997175548  -0.02376574411
18  11  3.941317016e-17  0.003071994013  0.9999952814  0.003071989182
18  12  9.199638322e-17  0.0006567715002  0.9999997843  0.000656771453
18  13  1.105729777e-16  -0.003006209305  0.9999954814  -0.003006204777
18  14  -2.134067436e-16  0.01888134184  0.9998217528  0.01888021998
18  15  3.285281564e-17  0.03184929012  0.9994928542  0.03184390586
18  16  -9.892822876e-17  0.08285629289  0.9965693807  0.08276152173
18  17  -7.77483278e-17  0.9118877879  0.6122542411  0.790660954
18  18  -1.84276119e-16  0.1177584819  0.9930744786  0.1174865099
18  19  5.732884774e-17  0.01985559881  0.9998028841  0.01985429418
18  20  -2.854502432e-16  0.05238047481  0.9986284566  0.05235652526
18  21  -1.778067941e-16  0.04258854714  0.9990932449  0.0425756739
18  22  9.180445283e-17  0.001030902213  0.9999994686  0.00103090203
18  23  3.474445143e-16  0.002504741685  0.9999968631  0.002504739066
18  24  1.061791081e-16  0.006965045219  0.9999757442  0.006964988905
18  25  -3.460317264e-16  0.007091106932  0.9999748582  0.007091047504
18  26  -3.226762764e-16  -0.003838306879  0.9999926337  -0.003838297454
18  27  -5.988606172e-17  -0.008944081481  0.999960002  -0.008943962232
18  28  -1.136068332e-16  0.004621568017  0.9999893206  0.004621551565
18  29  -1.50844914e-16  0.007777240897  0.9999697574  0.007777162496
18  30  2.529427401e-17  0.004683731718  0.9999890313  0.004683714593
18  31  -1.697864161e-16  -0.0007785058236  0.999999697  -0.000778505745
18  32  5.707641194e-17  0.01085086093  0.99994113  0.010850648
18  33  3.057595296e-16  0.05961041347  0.9982238254  0.05957511645
18  34  -2.901553358e-17  0.03747442203  0.999297916  0.03746565156
18  35  -2.491964884e-16  0.06807144801  0.9976840335  0.06801888949
18  36  -2.491964884e-16  0.06807144801  0.9976840335  0.06801888949

19  0  -1.23381555e-16  0.03023484846  0.9995429618  0.03023024216
19  1  -2.635807243e-16  0.048484392  0.9988248621  0.04846539856
19  2  -1.031126677e-16  0.2276678764  0.9741954185  0.2257061952
19  3  4.559691022e-17  0.1396882682  0.9902594481  0.139234426
19  4  -1.784806777e-16  0.02417608081  0.9997077728  0.02417372579
19  5  7.962452937e-17  -0.007097304389  0.9999748142  -0.007097244806
19  6  8.175807181e-18  -0.007248080479  0.9999737328  -0.007248017016
19  7  -9.92816861e-17  -0.002158127078  0.9999976712  -0.002158125403
19  8  5.263350073e-17  -0.070175593  0.9975387034  -0.07011800923
19  9  -9.669683242e-17  -0.4572429288  0.8972730869  -0.4414759422
19  10  -1.265283298e-16  -0.1848021235  0.9829726301  -0.1837520299
19  11  2.2414075e-16  -0.003033907146  0.9999953977  -0.003033902492
19  12  8.833023687e-17  0.001371902739  0.9999990589  0.001371902308
19  13  -7.810823695e-17  -0.004734184179  0.9999887938  -0.004734166495
19  14  2.713838362e-16  0.01535859891  0.999882059  0.0153579951
19  15  -8.513065998e-17  0.05025778416  0.9987373434  0.05023662961
19  16  9.85418263e-17  0.2761554533  0.9621107954  0.2726587928
19  17  7.729198874e-17  0.08285629289  0.9965693807  0.08276152173
19  18  3.27268435e-16  0.01985559881  0.9998028841  0.01985429418
19  19  1.148859147e-16  0.04208528278  0.9991145452  0.0420728605
19  20  1.125593924e-16  0.137393936  0.9905762915  0.1369620774
19  21  2.193776051e-16  0.1020607387  0.9947963221  0.1018836468
19  22  6.907365965e-17  0.006465881767  0.9999790963  0.006465836713
19  23  1.21998531e-16  0.003108525036  0.9999951685  0.00310852003
19  24  8.851648003e-17  0.008560322916  0.9999633607  0.008560218368
19  25  -9.007959461e-17  0.01466893081  0.9998924132  0.01466840474
19  26  -3.224024309e-16  0.02170031108  0.9997645575  0.02169860799
19  27  -4.262688542e-16  0.02264206275  0.9997436794  0.02264012818
19  28  1.396670599e-16  0.02381910839  0.9997163384  0.02381685616
19  29  -7.846871187e-18  0.02026091405  0.9997947547  0.02025952788
19  30  -1.258417058e-16  0.01227637365  0.9999246463  0.01227606529
19  31  -1.501048776e-17  0.005861399287  0.999982822  0.005861365724
19  32  -2.129911302e-16  0.001274897641  0.9999991873  0.001274897296
19  33  1.711534183e-17  0.03173797691  0.9994963927  0.0317326489
19  34  -4.856101647e-17  0.1420558218  0.9899270281  0.141578526
19  35  -1.832182985e-16  0.09306212018  0.9956728452  0.09292785002
19  36  -1.832182985e-16  0.09306212018  0.9956728452  0.09292785002

20  0  3.547806039e-16  0.2445067344  0.9702568516  0.2420777599
20  1  -2.086200934e-17  0.0921854875  0.9957539262  0.09205497507
20  2  -7.324875917e-17  0.04277905794  0.9990851156  0.04276601118
20  3  -1.291676843e-16  0.06080507533  0.9981519409  0.06076761359
20  4  -2.380248778e-16  0.1331428846  0.9911495721  0.1327498618
20  5  -5.840422533e-16  -0.02461517762  0.9996970618  -0.02461269194
20  6  -2.027741143e-16  -0.03192661585  0.9994903889  -0.03192119228
20  7  -1.575433375e-16  0.005875516779  0.9999827392  0.005875482973
20  8  2.999460915e-17  0.015123372  0.999885644  0.01512279551
20  9  5.47914792e-17  -0.04830282626  0.9988336453  -0.04828404539
20  10  -6.9397075e-17  -0.07125129957  0.9974626999  -0.0711910274
20  11  -1.767875072e-16  -0.005950089001  0.9999822983  -0.005950053892
20  12  -8.162088623e-17  0.01932876358  0.9998132053  0.01932756006
20  13  6.987650742e-17  0.009477923717  0.9999550848  0.009477781816
20  14  3.906325463e-17  0.02728682578  0.9996277377  0.02728343974
20  15  6.228069123e-17  0.04270139128  0.9990884341  0.04268841544
20  16  -1.485111283e-16  0.05025778416  0.9987373434  0.05023662961
20  17  -1.955085489e-16  0.03184929012  0.9994928542  0.03184390586
20  18  2.039523581e-16  0.05238047481  0.9986284566  0.05235652526
20  19  1.522449309e-16  0.137393936  0.9905762915  0.1369620774
20  20  1.619767319e-16  0.3449745112  0.9410840725  0.3381726903
20  21  2.297729556e-16  0.1633305687  0.9866911886  0.1626053452
20  22  3.346376798e-16  0.01202735545  0.9999276722  0.01202706547
20  23  4.815614776e-16  0.00458799004  0.9999894752  0.004587973944
20  24  1.113785835e-16  0.01406721722  0.9999010583  0.01406675327
20  25  2.378841933e-16  0.04359858672  0.9990497322  0.04358477573
20  26  3.525020312e-17  0.09123815719  0.9958406859  0.09111162603
20  27  -1.178140966e-16  0.068391457  0.9976622157  0.06833815386
20  28  -1.788758524e-16  0.05518650254  0.9984776114  0.0551584946
20  29  -2.968621409e-16  0.07538200794  0.9971601216  0.07531063584
20  30  5.203214608e-17  0.0775353172  0.9969956429  0.07745765371
20  31  -1.16231233e-16  0.03115219716  0.9995148095  0.03114715875
20  32  -3.696265267e-16  0.009439433671  0.9999554489  0.009439293492
20  33  1.696806827e-16  0.004384751688  0.999990387  0.004384737638
20  34  1.24392816e-16  0.06085482899  0.9981489163  0.06081727523
20  35  -9.418768025e-17  0.2848166874  0.9597131762  0.2809815285
20  36  -9.418768025e-17  0.2848166874  0.9597131762  0.2809815285

21  0  5.221282833e-16  0.1513461079  0.9885690223  0.1507689892
21  1  -4.412825628e-17  0.1276825015  0.9918596576  0.1273358534
21  2  1.350331645e-18  0.05942034298  0.9982351308  0.05938538249
21  3  -5.61320152e-17  0.02645627168  0.9996500533  0.02645318552
21  4  2.258026882e-16  0.02105634363  0.9997783234  0.0210547877
21  5  -3.850751327e-16  0.05700883379  0.9983754365  0.05697795895
21  6  -1.48892863e-17  0.02307200743  0.999733853  0.02306996054
21  7  2.000007663e-16  -0.05180130904  0.9986586122  -0.05177814509
21  8  -1.185150987e-16  -0.05367916664  0.9985596194  -0.05365339136
21  9  -3.30244753e-16  -0.05621649495  0.9984202689  -0.05618688952
21  10  -2.705082778e-16  -0.06503124885  0.9978862134  -0.06498542166
21  11  6.984673324e-17  -0.06188945102  0.9980854591  -0.06184994935
21  12  -7.479908733e-17  -0.05128789812  0.998685064  -0.05126541605
21  13  -8.121699529e-17  -0.04013287994  0.9991947841  -0.04012210748
21  14  1.943032924e-16  0.01565285429  0.9998774966  0.01565221511
21  15  1.388826377e-16  0.02728682578  0.9996277377  0.02728343974
21  16  -7.854970395e-17  0.01535859891  0.999882059  0.0153579951
21  17  -1.619912343e-16  0.01888134184  0.9998217528  0.01888021998
21  18  -1.775215652e-16  0.04258854714  0.9990932449  0.0425756739
21  19  -1.79800134e-16  0.1020607387  0.9947963221  0.1018836468
21  20  -1.548531192e-17  0.1633305687  0.9866911886  0.1626053452
21  21  5.244616173e-18  0.07803335218  0.9969569426  0.07795418278
21  22  -5.118191696e-17  0.01238201349  0.9999233439  0.0123816971
21  23  -2.407066228e-16  0.009141468359  0.9999582171  0.00914134104
21  24  -1.603751301e-16  0.03777306715  0.9992866825  0.03776408532
21  25  1.522446634e-16  0.2525544728  0.9682772745  0.2498782098
21  26  -2.76024339e-16  0.2008598059  0.9798953985  0.1995119243
21  27  2.696276949e-17  0.04468148204  0.9990019486  0.04466661625
21  28  1.920834076e-16  0.01965214763  0.9998069028  0.01965088269
21  29  -1.004191194e-16  0.02840929174  0.9995964832  0.02840547043
21  30  2.103863968e-16  0.09483309724  0.9955067108  0.09469101713
21  31  -2.099551405e-16  0.2388325491  0.971614819  0.2365684753
21  32  -7.690235794e-17  0.1643878831  0.9865187122  0.1636484969
21  33  1.441089555e-16  0.02297167228  0.9997361627  0.02296965199
21  34  -4.850956899e-17  0.00883056641  0.9999610108  0.008830451644
21  35  3.315519982e-16  0.04717768456  0.9988873394  0.04716018568
21  36  3.315519982e-16  0.04717768456  0.9988873394  0.04716018568

22  0  -1.150818036e-16  0.01394268712  0.9999028023  0.01394223538
22  1  -2.647449824e-17  0.01407469711  0.9999009531  0.01407423242
22  2  -8.365427669e-17  0.008532266225  0.9999636004  0.008532162701
22  3  3.736113559e-17  0.002410561634  0.9999970946  0.0024105593
22  4  -6.119039163e-17  -0.001785000588  0.9999984069  -0.00178499964
22  5  -1.392935844e-16  -0.004865797261  0.999988162  -0.004865778061
22  6  2.401981059e-16  0.00015851237  0.9999999874  0.0001585123694
22  7  -6.329503347e-17  -0.002977616333  0.9999955669  -0.002977611933
22  8  -2.586328319e-16  -0.08061367752  0.9967524768  -0.08052639368
22  9  -2.557661657e-16  -0.1033233511  0.9946668897  -0.1031396074
22  10  -2.24190717e-16  -0.08869087946  0.9960695414  -0.08857465037
22  11  -1.689454767e-16  -0.08617812994  0.9962889625  -0.08607150012
22  12  -1.560679777e-16  -0.09914363949  0.9950892938  -0.09898129787
22  13  -8.27898926e-17  -0.1073633075  0.9942420942  -0.1071571656
22  14  -2.944309408e-16  -0.04013287994  0.9991947841  -0.04012210748
22  15  3.353043696e-17  0.009477923717  0.9999550848  0.009477781816
22  16  2.318908259e-16  -0.004734184179  0.9999887938  -0.004734166494
22  17  -8.292083786e-18  -0.003006209305  0.9999954814  -0.003006204777
22  18  -2.381935034e-16  0.001030902213  0.9999994686  0.00103090203
22  19  -2.223399773e-16  0.006465881767  0.9999790963  0.006465836713
22  20  1.084934102e-16  0.01202735545  0.9999276722  0.01202706547
22  21  4.275452242e-16  0.01238201349  0.9999233439  0.0123816971
22  22  9.420875486e-18  0.01156335729  0.9999331451  0.0115630996
22  23  9.859527808e-17  0.02249803906  0.9997469298  0.02249614117
22  24  -2.671145727e-16  0.1684579133  0.9858444888  0.1676622913
22  25  1.560327724e-16  0.6273778828  0.8095695354  0.5870239922
22  26  -2.258979536e-16  0.07954384307  0.9968380562  0.07945998767
22  27  -1.056062137e-16  0.005069142846  0.9999871519  0.005069121136
22  28  2.474031116e-16  -0.005844461394  0.9999829212  -0.005844428122
22  29  -6.368119786e-17  -0.007383121351  0.9999727449  -0.007383054275
22  30  -1.732785808e-16  -0.001591882283  0.999998733  -0.00159188161
22  31  -3.689207339e-16  0.03366321548  0.9994334475  0.03365685791
22  32  -2.64703295e-16  0.3083043412  0.9528494759  0.3034433658
22  33  -3.81623936e-16  0.4647883543  0.8939164524  0.4482336179
22  34  -1.159569158e-16  0.08397416979  0.9964762408  0.08387551168
22  35  1.598507993e-16  0.01697443363  0.9998559378  0.0169736185
22  36  1.598507993e-16  0.01697443363  0.9998559378  0.0169736185

23  0  5.610741407e-17  0.0494590497  0.9987771505  0.04943888773
23  1  1.349214787e-16  0.01591484547  0.9998733615  0.01591417366
23  2  1.99802678e-16  0.006742995302  0.9999772661  0.006742944204
23  3  -1.208691585e-16  0.003544520451  0.9999937182  0.003544513029
23  4  -1.915315653e-16  0.002434780994  0.9999970359  0.002434778588
23  5  2.641495566e-17  0.001048482865  0.9999994503  0.001048482673
23  6  3.065643352e-16  -0.003266948701  0.9999946635  -0.003266942889
23  7  3.098886428e-17  0.005176088648  0.9999866041  0.005176065536
23  8  -3.072020582e-16  -0.003070656239  0.9999952855  -0.003070651414
23  9  4.018864763e-16  -0.07418245261  0.9972497434  -0.0741144332
23  10  6.849597367e-17  -0.09779943923  0.9952214455  -0.09764360957
23  11  2.980777895e-17  -0.1213442466  0.9926468162  -0.1210466783
23  12  8.020519179e-17  -0.1214842064  0.9926298648  -0.1211856078
23  13  1.471783492e-16  -0.09914363949  0.9950892938  -0.09898129787
23  14  -2.510641136e-16  -0.05128789812  0.998685064  -0.05126541604
23  15  -1.974853608e-16  0.01932876358  0.9998132053  0.01932756006
23  16  -3.060298997e-16  0.001371902739  0.9999990589  0.001371902308
23  17  3.803833683e-17  0.0006567715001  0.9999997843  0.0006567714529
23  18  1.961550689e-16  0.002504741685  0.9999968631  0.002504739066
23  19  3.621587115e-17  0.003108525036  0.9999951685  0.00310852003
23  20  -9.876874963e-17  0.00458799004  0.9999894752  0.004587973944
23  21  1.296741383e-16  0.009141468359  0.9999582171  0.00914134104
23  22  -1.69741269e-17  0.02249803906  0.9997469298  0.02249614117
23  23  1.952930607e-16  0.07653258944  0.9970728106  0.07645789973
23  24  -6.852842718e-17  0.3933967871  0.9236123074  0.3833279349
23  25  8.681346065e-17  0.2077204669  0.9785035645  0.2062299063
23  26  -3.309254201e-16  0.007577513816  0.9999712908  0.007577441302
23  27  9.784124574e-17  -0.01517562082  0.9998848525  -0.01517503834
23  28  1.958940123e-16  -0.02484325899  0.9996914221  -0.02484070358
23  29  -2.406232729e-16  -0.02916273497  0.9995747976  -0.0291586015
23  30  -3.726406838e-16  -0.02783826805  0.9996125404  -0.02783467255
23  31  -1.260784755e-16  -0.02101745238  0.9997791415  -0.02101590507
23  32  1.184553088e-18  -0.006158732884  0.9999810351  -0.006158693951
23  33  -1.283915823e-16  0.09229795159  0.995743567  0.09216696104
23  34  -1.119783778e-16  0.3464948923  0.9405688337  0.3396031053
23  35  3.453551517e-17  0.2077795906  0.9784913697  0.2062877587
23  36  3.453551517e-17  0.2077795906  0.9784913697  0.2062877587

24  0  -1.493177494e-16  0.2757933854  0.9622094534  0.2723104256
24  1  -3.439054719e-16  0.296552377  0.9563496518  0.2922248168
24  2  4.848781475e-17  0.1142287929  0.9934829824  0.1139805412
24  3  -2.777834745e-16  0.0263958338  0.9996516502  0.02639276873
24  4  4.738648893e-17  0.01092517825  0.9999403208  0.01092496091
24  5  2.90165888e-16  0.007312694655  0.9999732624  0.00731262948
24  6  1.028121498e-18  0.004519059908  0.9999897891  0.004519044527
24  7  1.242995409e-16  -0.005571019547  0.9999844819  -0.005570990729
24  8  1.961301858e-16  9.491700222e-05  0.9999999955  9.491700208e-05
24  9  2.492007193e-16  -0.02907271407  0.9995774184  -0.02906861876
24  10  -8.862013625e-17  -0.06940264864  0.9975926027  -0.06934694645
24  11  -1.124999049e-16  -0.0951467299  0.9954769637  -0.09500323589
24  12  9.124278307e-17  -0.1213442466  0.9926468162  -0.1210466783
24  13  4.888695941e-17  -0.08617812994  0.9962889625  -0.08607150012
24  14  1.522175871e-16  -0.06188945102  0.9980854591  -0.06184994934
24  15  -4.801233256e-17  -0.005950089001  0.9999822983  -0.005950053892
24  16  -1.203659701e-16  -0.003033907145  0.9999953977  -0.003033902491
24  17  4.003252422e-16  0.003071994014  0.9999952814  0.003071989182
24  18  4.177439007e-16  0.006965045219  0.9999757442  0.006964988905
24  19  1.4402441e-17  0.008560322916  0.9999633607  0.008560218368
24  20  2.435429692e-16  0.01406721722  0.9999010583  0.01406675327
24  21  3.535851214e-17  0.03777306715  0.9992866825  0.03776408532
24  22  3.253999746e-16  0.1684579133  0.9858444888  0.1676622913
24  23  2.082140073e-16  0.3933967871  0.9236123074  0.3833279349
24  24  2.129132021e-16  0.2125601792  0.9774940154  0.2109631483
24  25  3.944273704e-17  0.02882572187  0.9995845676  0.02882173005
24  26  -2.262903299e-16  -0.05589721947  0.9984381572  -0.05586811555
24  27  -1.893625575e-16  -0.1415916952  0.9899926319  -0.1411190592
24  28  3.874535253e-17  -0.2116655443  0.9776823591  -0.2100885638
24  29  4.588104766e-17  -0.3728672936  0.9312866569  -0.364287198
24  30  -1.343576474e-16  -0.6275159207  0.8094884961  -0.5871357379
24  31  8.526999305e-17  -0.3610550382  0.9355246401  -0.3532614439
24  32  2.07271009e-16  -0.2005033872  0.9799664461  -0.1991626586
24  33  1.424559324e-16  -0.1243162294  0.9922826842  -0.1239962687
24  34  3.975930705e-18  -0.02279678636  0.9997401645  -0.02279481185
24  35  -8.917302204e-17  0.1328838052  0.9911839315  0.132493071
24  36  -8.917302204e-17  0.1328838052  0.9911839315  0.132493071

25  0  -1.145717674e-16  1.172742149  0.3876253849  0.9218169889
25  1  -3.910153613e-16  0.1248334073  0.9922184234  0.1245094388
25  2  -2.212000099e-16  0.4541083925  0.898652499  0.438661243
25  3  -2.060901014e-16  0.4034331373  0.919718642  0.3925781701
25  4  2.512525434e-16  0.1316474035  0.9913469886  0.1312674685
25  5  1.309392608e-16  0.02708761854  0.9996331529  0.02708430612
25  6  2.922447512e-16  0.01051744749  0.9999446922  0.01051725359
25  7  5.46616021e-17  -0.001399750099  0.9999990203  -0.001399749642
25  8  -2.152958225e-16  -0.09432000524  0.995555165  -0.09418021817
25  9  -1.057448338e-16  -0.1568843507  0.9877188706  -0.1562415843
25  10  5.551359715e-17  -0.05516298521  0.9984789083  -0.05513501306
25  11  1.451291072e-16  -0.06940264864  0.9975926027  -0.06934694645
25  12  2.424143235e-16  -0.09779943923  0.9952214455  -0.09764360957
25  13  5.559196558e-17  -0.08869087946  0.9960695414  -0.08857465037
25  14  -2.357727622e-16  -0.06503124885  0.9978862134  -0.06498542166
25  15  -2.793457518e-16  -0.07125129957  0.9974626999  -0.0711910274
25  16  8.367774474e-17  -0.1848021235  0.9829726301  -0.1837520299
25  17  1.120375541e-16  -0.02376798187  0.9997175548  -0.02376574411
25  18  1.242791053e-16  0.007091106932  0.9999748582  0.007091047504
25  19  -2.358423817e-16  0.01466893081  0.9998924132  0.01466840474
25  20  8.752584663e-17  0.04359858672  0.9990497322  0.04358477573
25  21  -2.503127759e-16  0.2525544728  0.9682772745  0.2498782098
25  22  4.743914039e-17  0.6273778828  0.8095695354  0.5870239922
25  23  2.176146491e-17  0.2077204669  0.9785035645  0.2062299063
25  24  2.075986614e-16  0.02882572187  0.9995845676  0.02882173005
25  25  4.20332542e-17  2.292276868  -0.6604970279  0.7508286596
25  26  -2.455931151e-16  -0.07256800982  0.9973680973  -0.07250433466
25  27  -7.094893566e-17  -0.1241955999  0.9922976346  -0.1238765693
25  28  -2.835850333e-17  -0.1526498355  0.9883716205  -0.1520576855
25  29  -2.417588575e-18  -0.3351646305  0.9443561714  -0.3289246441
25  30  -7.531456189e-17  -0.7597972656  0.7249756639  -0.6887744818
25  31  1.791600187e-16  -0.3833142251  0.9274302236  -0.3739962303
25  32  7.053077831e-17  -0.1683694073  0.985859324  -0.1675750376
25  33  -1.069907376e-16  -0.1311308882  0.991414658  -0.1307554051
25  34  1.830685997e-16  -0.150745402  0.9886594118  -0.1501751228
25  35  1.726711736e-16  1.207881436  0.3550007697  0.9348660083
25  36  1.726711736e-16  1.207881436  0.3550007697  0.9348660083

26  0  -1.241307961e-16  0.05763238026  0.998339714  0.05760048132
26  1  -2.040023375e-16  -0.1593298047  0.987333836  -0.1586565358
26  2  -4.00115774e-16  -0.02368954112  0.9997194159  -0.02368732544
26  3  -1.079935594e-16  0.05031441311  0.9987344969  0.05029318697
26  4  -4.971187376e-17  0.1609507156  0.9870753709  0.1602567068
26  5  2.276450541e-16  0.1276113907  0.9918687101  0.1272653211
26  6  4.456951322e-16  0.04638244177  0.9989245274  0.0463658129
26  7  6.455437529e-17  0.009487305609  0.9999549959  0.009487163285
26  8  -2.098882899e-16  -0.05068059002  0.9987160138  -0.0506588971
26  9  1.35046689e-17  -0.4493267905  0.9007397212  -0.434359246
26  10  -1.05589007e-16  -0.1568843507  0.9877188706  -0.1562415843
26  11  4.127104375e-17  -0.02907271407  0.9995774184  -0.02906861876
26  12  -2.736392415e-16  -0.07418245261  0.9972497434  -0.0741144332
26  13  1.226169805e-16  -0.1033233511  0.9946668897  -0.1031396074
26  14  1.234760409e-16  -0.05621649495  0.9984202689  -0.05618688952
26  15  1.602899872e-16  -0.04830282626  0.9988336453  -0.04828404539
26  16  -2.651152969e-17  -0.4572429288  0.8972730869  -0.4414759422
26  17  2.623759405e-16  -0.1471549268  0.989192238  -0.1466244054
26  18  -1.571221991e-16  -0.003838306879  0.9999926337  -0.003838297454
26  19  -3.164626391e-16  0.02170031108  0.9997645575  0.02169860799
26  20  9.578073237e-17  0.09123815719  0.9958406859  0.09111162603
26  21  -1.332185705e-16  0.2008598059  0.9798953985  0.1995119243
26  22  -7.643527068e-17  0.07954384307  0.9968380562  0.07945998767
26  23  2.184484742e-16  0.007577513817  0.9999712908  0.007577441302
26  24  9.183514508e-17  -0.05589721947  0.9984381572  -0.05586811555
26  25  1.76565455e-17  -0.07256800982  0.9973680973  -0.07250433466
26  26  1.162874028e-16  -0.008221244243  0.9999662058  -0.008221151633
26  27  7.016535907e-17  -0.009076026636  0.9999588132  -0.009075902031
26  28  -6.037535366e-17  -0.008567065191  0.9999633029  -0.008566960395
26  29  -3.012516174e-16  -0.009959751646  0.9999504021  -0.009959586984
26  30  5.235342336e-17  -0.01210507732  0.9999267344  -0.01210478169
26  31  -3.59003344e-18  -0.01263979246  0.9999201189  -0.0126394559
26  32  -2.577961238e-16  -0.01091704636  0.9999404096  -0.01091682951
26  33  -2.416954307e-16  -0.008932862619  0.9999601022  -0.008932743819
26  34  -1.256765737e-16  -0.008503409866  0.9999638462  -0.008503307389
26  35  -1.035608489e-16  -0.008260334898  0.9999658836  -0.008260240961
26  36  -1.035608489e-16  -0.008260334898  0.9999658836  -0.008260240961

27  0  -3.261584446e-16  -0.008310974646  0.999965464  -0.00831087897
27  1  1.109753055e-16  -0.02136070364  0.9997718688  -0.02135907926
27  2  -2.224139266e-16  -0.2011990126  0.9798276664  -0.1998442999
27  3  -5.399430787e-16  -0.05470125357  0.9985042595  -0.05467397789
27  4  -1.655505302e-17  -0.004583102416  0.9999894976  -0.004583086372
27  5  2.09525505e-16  0.02632993429  0.9996533873  0.02632689213
27  6  2.164287077e-16  0.06160362625  0.9981030966  0.06156466928
27  7  -1.025454427e-16  0.04151068814  0.9991385551  0.04149876773
27  8  -7.883797504e-17  0.003204485374  0.9999948656  0.00320447989
27  9  3.179086684e-17  -0.05068059002  0.9987160138  -0.0506588971
27  10  1.539928216e-17  -0.09432000524  0.995555165  -0.09418021817
27  11  2.227278558e-16  9.49170025e-05  0.9999999955  9.491700236e-05
27  12  1.530619239e-16  -0.00307065624  0.9999952855  -0.003070651414
27  13  -2.878431994e-17  -0.08061367752  0.9967524768  -0.08052639368
27  14  -2.032915997e-16  -0.05367916664  0.9985596194  -0.05365339136
27  15  1.695354091e-16  0.015123372  0.999885644  0.01512279551
27  16  -8.032847994e-18  -0.070175593  0.9975387034  -0.07011800923
27  17  6.854305594e-17  -0.06458894689  0.997914859  -0.0645440483
27  18  -4.187837717e-16  -0.008944081481  0.999960002  -0.008943962233
27  19  -2.955360815e-16  0.02264206275  0.9997436794  0.02264012818
27  20  3.05482723e-16  0.068391457  0.9976622157  0.06833815386
27  21  -1.942403497e-16  0.04468148204  0.9990019486  0.04466661625
27  22  -4.970692736e-16  0.005069142846  0.9999871519  0.005069121136
27  23  -1.069598155e-16  -0.01517562082  0.9998848525  -0.01517503834
27  24  1.696780326e-16  -0.1415916952  0.9899926319  -0.1411190592
27  25  -1.147877666e-16  -0.1241955999  0.9922976346  -0.1238765693
27  26  -2.593934212e-16  -0.009076026636  0.9999588132  -0.009075902031
27  27  -1.058143801e-16  -0.008322523739  0.999965368  -0.008322427663
27  28  -1.415288057e-16  -0.006676081643  0.999977715  -0.006676032051
27  29  -5.757039597e-18  -0.0057855877  0.9999832635  -0.005785555423
27  30  -6.42868577e-17  -0.006169538168  0.9999809685  -0.006169499029
27  31  4.550885177e-18  -0.006682189928  0.9999776743  -0.0066821402
27  32  -4.696723072e-16  -0.006454527283  0.9999791696  -0.006454482467
27  33  -1.603372494e-16  -0.005831277676  0.9999829981  -0.005831244629
27  34  -3.597164343e-16  -0.005981720808  0.9999821096  -0.005981685136
27  35  1.372120757e-17  -0.007485528976  0.9999719836  -0.00748545907
27  36  1.372120757e-17  -0.007485528976  0.9999719836  -0.00748545907

28  0  -1.666760736e-16  -0.006251295692  0.9999804607  -0.006251254976
28  1  3.065452517e-16  -0.006928910543  0.9999759952  -0.0069288551
28  2  1.285481428e-16  -0.02835964726  0.9995978922  -0.02835584595
28  3  -4.807437638e-17  -0.281629652  0.9606037988  -0.2779214669
28  4  -2.047140921e-16  -0.07170524223  0.9974302804  -0.07164381091
28  5  -1.66886996e-17  -0.01506993415  0.9998864507  -0.01506936376
28  6  5.658671287e-18  0.005805164886  0.9999831501  0.005805132281
28  7  -8.141126433e-17  0.03964152768  0.9992143775  0.03963114604
28  8  1.92151068e-16  0.04151068814  0.9991385551  0.04149876773
28  9  7.334442128e-18  0.009487305609  0.9999549959  0.009487163286
28  10  1.072986437e-16  -0.001399750099  0.9999990203  -0.001399749642
28  11  2.128826481e-16  -0.005571019546  0.9999844819  -0.005570990729
28  12  1.324018906e-16  0.005176088649  0.9999866041  0.005176065536
28  13  -4.865189644e-17  -0.002977616333  0.9999955669  -0.002977611933
28  14  5.340987147e-17  -0.05180130904  0.9986586122  -0.05177814509
28  15  8.122915281e-17  0.005875516779  0.9999827392  0.005875482973
28  16  1.264436227e-16  -0.002158127078  0.9999976712  -0.002158125403
28  17  -1.313850371e-16  -0.002160682029  0.9999976657  -0.002160680348
28  18  -1.621592087e-16  0.004621568017  0.9999893206  0.004621551565
28  19  -1.720056145e-16  0.02381910839  0.9997163384  0.02381685616
28  20  -2.20896542e-16  0.05518650254  0.9984776114  0.0551584946
28  21  5.947783228e-17  0.01965214763  0.9998069028  0.01965088269
28  22  1.593522744e-16  -0.005844461394  0.9999829212  -0.005844428122
28  23  -3.361729638e-17  -0.02484325899  0.9996914221  -0.02484070358
28  24  3.589065119e-17  -0.2116655443  0.9776823591  -0.2100885638
28  25  -7.461607018e-17  -0.1526498355  0.9883716205  -0.1520576855
28  26  -1.141647609e-16  -0.008567065191  0.9999633029  -0.008566960395
28  27  1.753292565e-16  -0.006676081643  0.999977715  -0.006676032051
28  28  -1.499263692e-17  -0.005854057169  0.9999828651  -0.005854023733
28  29  -4.694577506e-18  -0.004585984685  0.9999894844  -0.004585968611
28  30  -5.436858659e-17  -0.004140941546  0.9999914263  -0.004140929712
28  31  -2.756101555e-17  -0.004352767837  0.9999905267  -0.004352754092
28  32  2.072637396e-16  -0.004442025506  0.9999901342  -0.004442010898
28  33  1.386365124e-16  -0.004196280716  0.9999911956  -0.004196268401
28  34  1.062497532e-16  -0.004188316061  0.999991229  -0.004188303816
28  35  -9.096988071e-17  -0.005090583167  0.999987043  -0.00509056118
28  36  -9.096988071e-17  -0.005090583167  0.999987043  -0.00509056118

29  0  -2.521459884e-16  -0.003838863516  0.9999926316  -0.003838854087
29  1  1.991711874e-16  -0.005052336376  0.999987237  -0.005052314881
29  2  2.721399294e-16  -0.007098574863  0.9999748052  -0.007098515247
29  3  -6.127063846e-18  -0.04510610807  0.998982892  -0.04509081444
29  4  -7.950612182e-17  -0.597814369  0.8265677427  -0.5628372471
29  5  -1.404689597e-16  -0.08651250666  0.9962601265  -0.08640463114
29  6  2.711062584e-17  -0.01793306104  0.999839207  -0.01793209986
29  7  2.098474003e-16  0.005805164886  0.9999831501  0.005805132281
29  8  -1.146744203e-16  0.06160362625  0.9981030966  0.06156466928
29  9  3.044948951e-17  0.04638244177  0.9989245274  0.0463658129
29  10  6.267922056e-17  0.01051744749  0.9999446922  0.01051725359
29  11  5.244554343e-18  0.004519059909  0.9999897891  0.004519044527
29  12  1.711726244e-16  -0.003266948701  0.9999946635  -0.003266942889
29  13  8.009604416e-17  0.0001585123697  0.9999999874  0.0001585123691
29  14  -2.177812305e-17  0.02307200743  0.999733853  0.02306996054
29  15  -2.145865795e-16  -0.03192661585  0.9994903889  -0.03192119228
29  16  -8.09428331e-17  -0.007248080479  0.9999737328  -0.007248017017
29  17  2.101020519e-18  0.001846035043  0.9999982961  0.001846033994
29  18  1.901919184e-17  0.007777240897  0.9999697574  0.007777162496
29  19  -1.553256671e-18  0.02026091405  0.9997947547  0.02025952788
29  20  -7.74885901e-17  0.07538200794  0.9971601216  0.07531063584
29  21  1.548023674e-16  0.02840929174  0.9995964832  0.02840547043
29  22  -6.450088154e-17  -0.007383121351  0.9999727449  -0.007383054275
29  23  -2.068814615e-17  -0.02916273497  0.9995747976  -0.0291586015
29  24  -4.741164594e-17  -0.3728672936  0.9312866569  -0.364287198
29  25  -3.65530277e-16  -0.3351646305  0.9443561714  -0.3289246441
29  26  -1.351147416e-16  -0.009959751646  0.9999504021  -0.009959586984
29  27  -1.821928047e-16  -0.0057855877  0.9999832635  -0.005785555423
29  28  -1.064683966e-16  -0.004585984685  0.9999894844  -0.004585968611
29  29  2.836859444e-17  -0.003350617868  0.9999943867  -0.003350611598
29  30  -9.202284339e-17  -0.00247645315  0.9999969336  -0.002476450619
29  31  1.920857261e-16  -0.002371245719  0.9999971886  -0.002371243497
29  32  8.747041734e-17  -0.002513912551  0.9999968401  -0.002513909903
29  33  4.15772955e-17  -0.002432355525  0.9999970418  -0.002432353126
29  34  1.213223532e-16  -0.002280845051  0.9999973989  -0.002280843073
29  35  8.391344582e-17  -0.002681368539  0.9999964051  -0.002681365326
29  36  8.391344582e-17  -0.002681368539  0.9999964051  -0.002681365326

30  0  -2.229705608e-16  -0.00153078585  0.9999988283  -0.001530785252
30  1  3.784597436e-16  -0.003236279503  0.9999947633  -0.003236273854
30  2  4.119261169e-16  -0.005050651837  0.9999872455  -0.005050630364
30  3  9.859173631e-17  -0.008394130067  0.9999647695  -0.00839403149
30  4  1.337290615e-16  -0.09444373362  0.9955435046  -0.09430339587
30  5  -1.997842339e-16  -1.228946037  0.3352308899  -0.9421360042
30  6  -8.364023186e-17  -0.08651250666  0.9962601265  -0.08640463114
30  7  1.033656351e-17  -0.01506993415  0.9998864507  -0.01506936376
30  8  -1.049523317e-16  0.02632993429  0.9996533873  0.02632689213
30  9  -8.691024454e-17  0.1276113907  0.9918687101  0.1272653211
30  10  1.35479546e-16  0.02708761854  0.9996331529  0.02708430612
30  11  -1.165688593e-16  0.007312694655  0.9999732624  0.00731262948
30  12  -2.940122286e-17  0.001048482865  0.9999994503  0.001048482673
30  13  2.869597516e-17  -0.004865797261  0.999988162  -0.004865778061
30  14  -5.26767773e-17  0.05700883379  0.9983754365  0.05697795896
30  15  2.232561273e-16  -0.02461517761  0.9996970618  -0.02461269194
30  16  -6.379174902e-17  -0.007097304389  0.9999748142  -0.007097244805
30  17  -3.135251418e-16  -0.003455973361  0.9999940281  -0.003455966482
30  18  2.960896865e-16  0.004683731718  0.9999890313  0.004683714593
30  19  1.85903845e-16  0.01227637365  0.9999246463  0.01227606529
30  20  -2.115786249e-16  0.0775353172  0.9969956429  0.07745765371
30  21  -3.217632622e-17  0.09483309724  0.9955067108  0.09469101713
30  22  -3.336979967e-16  -0.001591882283  0.999998733  -0.00159188161
30  23  -6.967856211e-17  -0.02783826805  0.9996125404  -0.02783467255
30  24  -1.903953659e-16  -0.6275159207  0.8094884961  -0.5871357379
30  25  -1.417482295e-16  -0.7597972656  0.7249756639  -0.6887744818
30  26  -1.872994019e-16  -0.01210507732  0.9999267344  -0.01210478169
30  27  -1.192569195e-16  -0.006169538168  0.9999809685  -0.006169499029
30  28  -1.273420354e-16  -0.004140941547  0.9999914263  -0.004140929712
30  29  -1.543802042e-16  -0.00247645315  0.9999969336  -0.002476450619
30  30  -2.048050221e-17  -0.001049452489  0.9999994493  -0.001049452296
30  31  -4.87673084e-17  -0.00041425526  0.9999999142  -0.0004142552481
30  32  1.211872374e-16  -0.0003963305583  0.9999999215  -0.0003963305479
30  33  1.799345451e-16  -0.0004088816398  0.9999999164  -0.0004088816285
30  34  -8.852173107e-17  -0.00027774461  0.9999999614  -0.0002777446064
30  35  -9.816538792e-17  -0.0004559100843  0.9999998961  -0.0004559100685
30  36  -9.816538792e-17  -0.0004559100843  0.9999998961  -0.0004559100685

31  0  -2.563100702e-16  0.0005542351737  0.9999998464  0.0005542351453
31  1  1.805694611e-16  -0.001293522926  0.9999991634  -0.001293522565
31  2  -5.798965525e-17  -0.003382019341  0.999994281  -0.003382012894
31  3  2.31235718e-16  -0.005492128073  0.9999849183  -0.005492100463
31  4  3.518064985e-16  -0.009156507846  0.9999580795  -0.009156379897
31  5  -9.115581137e-17  -0.09444373362  0.9955435046  -0.09430339587
31  6  -1.542285145e-17  -0.597814369  0.8265677427  -0.5628372471
31  7  -1.528808542e-17  -0.07170524223  0.9974302804  -0.07164381091
31  8  4.36274554e-17  -0.004583102416  0.9999894976  -0.004583086372
31  9  -2.971636777e-17  0.1609507156  0.9870753709  0.1602567068
31  10  1.219501917e-16  0.1316474035  0.9913469886  0.1312674685
31  11  6.691656283e-17  0.01092517825  0.9999403208  0.01092496091
31  12  4.654710843e-17  0.002434780993  0.9999970359  0.002434778588
31  13  -6.444440752e-17  -0.001785000588  0.9999984069  -0.00178499964
31  14  -1.292095493e-17  0.02105634363  0.9997783234  0.0210547877
31  15  2.449704586e-16  0.1331428846  0.9911495721  0.1327498618
31  16  -9.468142756e-17  0.02417608081  0.9997077728  0.0241737258
31  17  -2.546658742e-16  0.0004600282877  0.9999998942  0.0004600282715
31  18  4.273985259e-17  -0.0007785058236  0.999999697  -0.000778505745
31  19  4.100966894e-17  0.005861399287  0.999982822  0.005861365724
31  20  9.288343014e-17  0.03115219716  0.9995148095  0.03114715875
31  21  -2.646629486e-18  0.2388325491  0.971614819  0.2365684753
31  22  -1.367143683e-16  0.03366321548  0.9994334475  0.03365685791
31  23  5.146897296e-17  -0.02101745238  0.9997791415  -0.02101590507
31  24  1.910965554e-16  -0.3610550382  0.9355246401  -0.3532614439
31  25  -1.387660305e-16  -0.3833142251  0.9274302236  -0.3739962303
31  26  -4.320717487e-16  -0.01263979246  0.9999201189  -0.0126394559
31  27  -3.862421606e-17  -0.006682189928  0.9999776743  -0.0066821402
31  28  -1.041161761e-17  -0.004352767837  0.9999905267  -0.004352754092
31  29  -4.386376232e-16  -0.002371245719  0.9999971886  -0.002371243497
31  30  1.697014328e-16  -0.00041425526  0.9999999142  -0.0004142552481
31  31  -6.940753627e-19  0.0009708380269  0.9999995287  0.0009708378744
31  32  1.218031779e-16  0.001507863975  0.9999988632  0.001507863404
31  33  6.722102502e-17  0.001608203419  0.9999987068  0.001608202726
31  34  1.884609802e-16  0.001660111272  0.999998622  0.00166011051
31  35  -8.699463287e-17  0.001499196976  0.9999988762  0.001499196415
31  36  -8.699463287e-17  0.001499196976  0.9999988762  0.001499196415

32  0  1.718689995e-16  0.002361097397  0.9999972126  0.002361095203
32  1  -1.98978084e-16  0.0006994128224  0.9999997554  0.0006994127653
32  2  3.888529559e-17  -0.00147321868  0.9999989148  -0.001473218147
32  3  -9.571900367e-17  -0.003552834037  0.9999936887  -0.003552826563
32  4  -6.804387602e-17  -0.005492128073  0.9999849183  -0.005492100463
32  5  2.504572435e-16  -0.008394130067  0.9999647695  -0.00839403149
32  6  5.964548377e-17  -0.04510610807  0.998982892  -0.04509081444
32  7  -1.794310972e-16  -0.281629652  0.9606037988  -0.2779214669
32  8  1.109558654e-16  -0.05470125357  0.9985042595  -0.05467397789
32  9  -1.809693886e-16  0.05031441311  0.9987344969  0.05029318697
32  10  -2.161915894e-16  0.4034331373  0.919718642  0.3925781701
32  11  -2.220412721e-17  0.0263958338  0.9996516502  0.02639276873
32  12  2.682230663e-16  0.003544520451  0.9999937182  0.003544513029
32  13  -1.448251575e-16  0.002410561634  0.9999970946  0.0024105593
32  14  8.44078781e-17  0.02645627168  0.9996500533  0.02645318552
32  15  1.356790367e-16  0.06080507533  0.9981519409  0.06076761359
32  16  8.209817537e-17  0.1396882682  0.9902594481  0.139234426
32  17  -1.316403875e-16  0.0325483702  0.9994703486  0.03254262357
32  18  -5.805878264e-17  0.01085086093  0.99994113  0.010850648
32  19  1.410944984e-16  0.001274897641  0.9999991873  0.001274897296
32  20  -3.613649954e-16  0.009439433671  0.9999554489  0.009439293492
32  21  -1.994229383e-16  0.1643878831  0.9865187122  0.1636484969
32  22  7.599080038e-17  0.3083043411  0.9528494759  0.3034433658
32  23  1.779509287e-16  -0.006158732884  0.9999810351  -0.006158693951
32  24  6.811048168e-17  -0.2005033872  0.9799664461  -0.1991626586
32  25  -8.426463778e-17  -0.1683694073  0.985859324  -0.1675750376
32  26  -8.038793357e-17  -0.01091704636  0.9999404096  -0.01091682951
32  27  1.178534075e-16  -0.006454527283  0.9999791696  -0.006454482467
32  28  3.322167811e-16  -0.004442025506  0.9999901342  -0.004442010898
32  29  -1.753918706e-16  -0.002513912551  0.9999968401  -0.002513909903
32  30  9.042904597e-18  -0.0003963305583  0.9999999215  -0.0003963305479
32  31  -8.860642516e-17  0.001507863975  0.9999988632  0.001507863404
32  32  -8.002356798e-18  0.002694638868  0.9999963695  0.002694635607
32  33  -2.732793939e-16  0.003189638397  0.9999949131  0.003189632988
32  34  -1.77853258e-16  0.003316126465  0.9999945017  0.003316120387
32  35  2.413913115e-16  0.003145944029  0.9999950515  0.00314593884
32  36  2.413913115e-16  0.003145944029  0.9999950515  0.00314593884

33  0  -9.3971087e-18  0.003867232603  0.9999925223  0.003867222964
33  1  -9.769683159e-17  0.002557039062  0.9999967308  0.002557036275
33  2  2.150286148e-16  0.0006349538876  0.9999997984  0.0006349538449
33  3  4.723017289e-16  -0.00147321868  0.9999989148  -0.001473218147
33  4  -8.580129562e-17  -0.003382019341  0.999994281  -0.003382012893
33  5  -1.986557981e-16  -0.005050651837  0.9999872455  -0.005050630364
33  6  1.723871644e-16  -0.007098574863  0.9999748052  -0.007098515247
33  7  1.286627321e-16  -0.02835964726  0.9995978922  -0.02835584595
33  8  8.867332271e-17  -0.2011990127  0.9798276664  -0.1998442999
33  9  -1.804640197e-16  -0.02368954112  0.9997194159  -0.02368732544
33  10  -1.83207418e-16  0.4541083925  0.898652499  0.438661243
33  11  3.557543304e-17  0.1142287929  0.9934829824  0.1139805412
33  12  9.536831617e-17  0.006742995302  0.9999772661  0.006742944204
33  13  1.541417136e-17  0.008532266225  0.9999636004  0.008532162701
33  14  -1.075153311e-16  0.05942034298  0.9982351308  0.05938538249
33  15  -9.044853102e-17  0.04277905794  0.9990851156  0.04276601118
33  16  -1.234150383e-16  0.2276678764  0.9741954185  0.2257061952
33  17  9.087968786e-18  0.06224490605  0.9980634112  0.06220471993
33  18  -1.98809568e-18  0.05961041347  0.9982238254  0.05957511646
33  19  -3.970296735e-17  0.03173797691  0.9994963927  0.0317326489
33  20  1.559601834e-16  0.004384751688  0.999990387  0.004384737638
33  21  -2.8020308e-16  0.02297167228  0.9997361627  0.02296965199
33  22  1.831465989e-16  0.4647883543  0.8939164524  0.4482336179
33  23  3.564528815e-16  0.09229795159  0.995743567  0.09216696104
33  24  -2.813120653e-16  -0.1243162294  0.9922826842  -0.1239962687
33  25  -1.513770553e-16  -0.1311308882  0.991414658  -0.1307554051
33  26  -7.917505652e-17  -0.008932862619  0.9999601022  -0.008932743819
33  27  7.654207464e-18  -0.005831277676  0.9999829981  -0.005831244629
33  28  9.962622371e-17  -0.004196280716  0.9999911956  -0.004196268401
33  29  -2.507623312e-18  -0.002432355525  0.9999970418  -0.002432353126
33  30  1.769384764e-16  -0.0004088816398  0.9999999164  -0.0004088816284
33  31  -1.126105804e-17  0.001608203419  0.9999987068  0.001608202726
33  32  -4.539293188e-17  0.003189638397  0.9999949131  0.003189632988
33  33  -1.657428499e-16  0.004137216017  0.9999914417  0.004137204214
33  34  2.269690704e-17  0.004537722211  0.9999897046  0.004537706638
33  35  3.676983578e-16  0.004475852633  0.9999899834  0.004475837688
33  36  3.676983578e-16  0.004475852633  0.9999899834  0.004475837688

34  0  -2.613730209e-16  0.005038766343  0.9999873054  0.005038745022
34  1  4.169109484e-17  0.00405559025  0.9999917761  0.004055579132
34  2  -6.383524689e-17  0.002557039062  0.9999967308  0.002557036275
34  3  -3.410524545e-17  0.0006994128224  0.9999997554  0.0006994127654
34  4  -1.071719311e-17  -0.001293522926  0.9999991634  -0.001293522565
34  5  5.814967979e-17  -0.003236279503  0.9999947633  -0.003236273854
34  6  1.22523255e-16  -0.005052336376  0.999987237  -0.005052314881
34  7  3.59404285e-17  -0.006928910543  0.9999759952  -0.0069288551
34  8  9.651589213e-17  -0.02136070364  0.9997718688  -0.02135907927
34  9  1.456922922e-16  -0.1593298048  0.987333836  -0.1586565359
34  10  1.909617787e-16  0.1248334073  0.9922184234  0.1245094388
34  11  4.275996624e-16  0.296552377  0.9563496518  0.2922248168
34  12  2.546966996e-16  0.01591484547  0.9998733615  0.01591417366
34  13  1.277350015e-16  0.01407469711  0.9999009531  0.01407423242
34  14  1.4554986e-16  0.1276825015  0.9918596576  0.1273358534
34  15  -2.164784868e-16  0.0921854875  0.9957539262  0.09205497507
34  16  -3.04648687e-16  0.048484392  0.9988248621  0.04846539856
34  17  -9.53100987e-17  0.4263141352  0.9104961012  0.4135176534
34  18  3.953899486e-16  0.03747442203  0.999297916  0.03746565156
34  19  4.501190968e-16  0.1420558218  0.9899270281  0.141578526
34  20  1.575365266e-16  0.06085482899  0.9981489163  0.06081727523
34  21  1.226498584e-16  0.00883056641  0.9999610108  0.008830451644
34  22  2.928491574e-17  0.08397416979  0.9964762408  0.08387551168
34  23  -4.819958086e-17  0.3464948923  0.9405688337  0.3396031053
34  24  -1.944131107e-16  -0.02279678636  0.9997401645  -0.02279481185
34  25  5.400433356e-17  -0.150745402  0.9886594118  -0.1501751228
34  26  6.680397156e-17  -0.008503409866  0.9999638462  -0.008503307389
34  27  -1.254673651e-16  -0.005981720808  0.9999821096  -0.005981685136
34  28  1.296701424e-16  -0.004188316061  0.999991229  -0.004188303816
34  29  3.311166478e-16  -0.002280845051  0.9999973989  -0.002280843073
34  30  -7.423702555e-17  -0.0002777446101  0.9999999614  -0.0002777446065
34  31  -9.419687705e-17  0.001660111272  0.999998622  0.00166011051
34  32  6.970588685e-17  0.003316126465  0.9999945017  0.003316120387
34  33  9.712974072e-17  0.004537722211  0.9999897046  0.004537706638
34  34  1.164596086e-17  0.005263043438  0.9999861502  0.005263019141
34  35  2.175452569e-16  0.005443362739  0.9999851849  0.005443335857
34  36  2.175452569e-16  0.005443362739  0.9999851849  0.005443335857

35  0  -4.430978761e-17  0.005769599398  0.9999833559  0.005769567389
35  1  1.700312286e-16  0.005038766343  0.9999873054  0.005038745022
35  2  1.620924015e-16  0.003867232603  0.9999925223  0.003867222964
35  3  -3.385306966e-16  0.002361097397  0.9999972126  0.002361095203
35  4  -8.927593845e-17  0.0005542351738  0.9999998464  0.0005542351454
35  5  -1.45970515e-16  -0.00153078585  0.9999988283  -0.001530785252
35  6  1.983499512e-16  -0.003838863516  0.9999926316  -0.003838854087
35  7  1.431232687e-16  -0.006251295692  0.9999804607  -0.006251254976
35  8  -1.189999315e-16  -0.008310974646  0.999965464  -0.00831087897
35  9  -2.885876022e-17  0.05763238025  0.998339714  0.05760048131
35  10  -5.484045575e-17  1.172742149  0.3876253849  0.9218169889
35  11  -1.169743041e-16  0.2757933854  0.9622094534  0.2723104256
35  12  2.854179477e-16  0.0494590497  0.9987771505  0.04943888774
35  13  -1.019644308e-16  0.01394268712  0.9999028023  0.01394223538
35  14  5.247815106e-17  0.1513461079  0.9885690223  0.1507689892
35  15  -2.755723879e-16  0.2445067344  0.9702568516  0.2420777599
35  16  6.290789752e-17  0.03023484846  0.9995429618  0.03023024216
35  17  1.100873655e-16  0.5822738939  0.8352143402  0.5499245457
35  18  -5.291925319e-17  0.06807144801  0.9976840335  0.06801888949
35  19  1.736114871e-16  0.09306212018  0.9956728452  0.09292785002
35  20  -1.580327151e-16  0.2848166874  0.9597131762  0.2809815285
35  21  5.978943184e-17  0.04717768456  0.9988873394  0.04716018568
35  22  1.009134997e-17  0.01697443363  0.9998559378  0.0169736185
35  23  -3.430942156e-17  0.2077795906  0.9784913697  0.2062877587
35  24  -1.356622274e-17  0.1328838052  0.9911839315  0.132493071
35  25  -9.796122303e-17  1.207881436  0.3550007697  0.9348660083
35  26  -1.87543581e-16  -0.008260334898  0.9999658836  -0.008260240961
35  27  -3.22409439e-16  -0.007485528976  0.9999719836  -0.00748545907
35  28  -9.806867378e-17  -0.005090583167  0.999987043  -0.00509056118
35  29  -1.955880612e-16  -0.002681368539  0.9999964051  -0.002681365326
35  30  1.091878461e-16  -0.0004559100843  0.9999998961  -0.0004559100685
35  31  -8.578591338e-18  0.001499196976  0.9999988762  0.001499196415
35  32  8.456936281e-17  0.003145944029  0.9999950515  0.00314593884
35  33  3.885858795e-17  0.004475852633  0.9999899834  0.004475837688
35  34  1.812853561e-16  0.005443362739  0.9999851849  0.005443335857
35  35  4.439139473e-16  0.005915516758  0.9999825034  0.005915482258
35  36  4.439139473e-16  0.005915516758  0.9999825034  0.005915482258

36  0  -4.430978761e-17  0.005769599398  0.9999825034  0.005915482258
36  1  4.169109484e-17  0.00405559025  0.9999825034  0.005915482258
36  2  2.150286148e-16  0.0006349538876  0.9999825034  0.005915482258
36  3  -9.571900367e-17  -0.003552834037  0.9999825034  0.005915482258
36  4  3.518064985e-16  -0.009156507846  0.9999825034  0.005915482258
36  5  -1.997842339e-16  -1.228946037  0.9999825034  0.005915482258
36  6  2.711062584e-17  -0.01793306104  0.9999825034  0.005915482258
36  7  -8.141126433e-17  0.03964152768  0.9999825034  0.005915482258
36  8  -7.883797504e-17  0.003204485374  0.9999825034  0.005915482258
36  9  1.35046689e-17  -0.4493267905  0.9999825034  0.005915482258
36  10  5.551359715e-17  -0.05516298521  0.9999825034  0.005915482258
36  11  -1.124999049e-16  -0.0951467299  0.9999825034  0.005915482258
36  12  8.020519179e-17  -0.1214842064  0.9999825034  0.005915482258
36  13  -8.27898926e-17  -0.1073633075  0.9999825034  0.005915482258
36  14  1.943032924e-16  0.01565285429  0.9999825034  0.005915482258
36  15  6.228069123e-17  0.04270139128  0.9999825034  0.005915482258
36  16  9.85418263e-17  0.2761554533  0.9999825034  0.005915482258
36  17  -7.77483278e-17  0.9118877879  0.9999825034  0.005915482258
36  18  1.41327606e-16  0.9118877879  0.9999825034  0.005915482258
36  19  -1.473320171e-16  0.2761554533  0.9999825034  0.005915482258
36  20  2.066101532e-16  0.04270139128  0.9999825034  0.005915482258
36  21  1.098750165e-16  0.01565285429  0.9999825034  0.005915482258
36  22  -2.58148644e-16  -0.1073633075  0.9999825034  0.005915482258
36  23  -1.241330158e-16  -0.1214842064  0.9999825034  0.005915482258
36  24  -1.233758979e-16  -0.0951467299  0.9999825034  0.005915482258
36  25  -2.935713578e-17  -0.05516298521  0.9999825034  0.005915482258
36  26  6.978485462e-17  -0.4493267905  0.9999825034  0.005915482258
36  27  -1.680483799e-16  0.003204485374  0.9999825034  0.005915482258
36  28  3.398195478e-16  0.03964152768  0.9999825034  0.005915482258
36  29  -5.665063926e-17  -0.01793306104  0.9999825034  0.005915482258
36  30  1.235983132e-16  -1.228946037  0.9999825034  0.005915482258
36  31  1.849771701e-17  -0.009156507846  0.9999825034  0.005915482258
36  32  -1.566463463e-16  -0.003552834037  0.9999825034  0.005915482258
36  33  -1.796786527e-16  0.0006349538875  0.9999825034  0.005915482258
36  34  1.217226574e-16  0.00405559025  0.9999825034  0.005915482258
36  35  -6.655888473e-17  0.005769599398  0.9999825034  0.005915482258
36  36  -6.655888473e-17  0.005769599398  0.9999825034  0.005915482258

#Chern no*2pi*Iota= -1.6455097e-14  25.13274123
