#nx  ny  tilde_F(nx,ny).real()  tilde_F(nx,ny).imag()  ArgofLog.real()  ArgofLog.imag()
#Extra momentum point for pm3d corners2color c1
0  0  -1.792201439e-16  0.00092874662  0.9999995687  0.0009287464865
0  1  -9.589289379e-17  0.0005668436399  0.9999998393  0.0005668436095
0  2  -4.085287361e-17  3.79943472e-06  1  3.79943472e-06
0  3  -1.656649706e-17  -0.0003362353959  0.9999999435  -0.0003362353895
0  4  1.492521766e-16  -1.361404651e-05  0.9999999999  -1.361404651e-05
0  5  6.845310254e-17  0.001945646148  0.9999981072  0.00194564492
0  6  6.622980501e-18  0.009547594872  0.9999544221  0.009547449818
0  7  2.86444714e-16  0.039518794  0.9992192341  0.03950850849
0  8  1.025977907e-16  0.07871926915  0.996903238  0.07863799408
0  9  -2.660501934e-16  -1.061193279  0.4878307708  -0.8729382218
0  10  -1.172147582e-16  -0.3175149202  0.9500142092  -0.312206666
0  11  -8.956626163e-18  -0.03146989376  0.9995048638  -0.03146469963
0  12  -1.514262702e-16  0.1199546954  0.9928140584  0.1196672283
0  13  7.591693072e-17  -1.054097735  0.4940124094  -0.8694548518
0  14  3.319144113e-17  0.2793141661  0.9612447464  0.2756964592
0  15  -2.289438687e-16  0.07623810626  0.9970952829  0.07616427525
0  16  1.106603172e-18  0.04725313915  0.9988837781  0.04723555618
0  17  -2.158814142e-17  0.03201233515  0.999487649  0.03200686778
0  18  1.555514003e-16  0.02876314589  0.9995863692  0.02875918001
0  19  -1.801711166e-16  0.03749765169  0.9992970454  0.0374888649
0  20  -1.536426091e-17  0.05691213933  0.9983809413  0.05688142131
0  21  -9.375158425e-17  0.112818741  0.9936427131  0.1125795658
0  22  -9.079953045e-18  -1.718488549  -0.1471558731  -0.9891133145
0  23  -9.157015163e-17  0.9960248422  0.5436430081  0.8393165551
0  24  2.424335947e-16  -0.009567016941  0.9999542364  -0.009566871
0  25  6.264602149e-17  -0.08544056201  0.9963521751  -0.08533664599
0  26  5.203177996e-17  -1.287183371  0.2798260877  -0.9600507073
0  27  2.569557744e-16  0.01251388445  0.9999217024  0.01251355785
0  28  3.975785838e-17  0.06523981433  0.997872638  0.06519354486
0  29  -2.144667328e-16  0.0196045625  0.9998078367  0.01960330672
0  30  1.391041336e-16  0.004484377465  0.9999899452  0.004484362435
0  31  -5.796287042e-17  0.0006504129792  0.9999997885  0.0006504129334
0  32  2.673963481e-16  -0.0002840368427  0.9999999597  -0.0002840368389
0  33  -1.539972705e-16  -0.0002107402776  0.9999999778  -0.000210740276
0  34  1.533372597e-16  0.0002911583732  0.9999999576  0.000291158369
0  35  8.065638604e-17  0.0008022166115  0.9999996782  0.0008022165254
0  36  8.065638604e-17  0.0008022166115  0.9999996782  0.0008022165254

1  0  -9.405015789e-17  0.0005668436399  0.9999998393  0.0005668436096
1  1  -2.108981881e-16  0.0004580006771  0.9999998951  0.0004580006611
1  2  1.285426607e-16  5.806434579e-05  0.9999999983  5.806434575e-05
1  3  -6.948715449e-17  -0.0002879769641  0.9999999585  -0.0002879769601
1  4  -1.871387508e-16  -0.0001767673752  0.9999999844  -0.0001767673743
1  5  -2.330806145e-16  0.001040464562  0.9999994587  0.001040464375
1  6  -1.999692078e-16  0.005517260146  0.99998478  0.005517232155
1  7  1.405758668e-16  0.02238279569  0.9997495157  0.02238092681
1  8  1.344078498e-16  0.07086396329  0.9974901999  0.07080466857
1  9  -1.264182628e-16  0.09000042038  0.9959526952  0.08987896788
1  10  -1.995928606e-16  0.03178071425  0.9994950356  0.03177536469
1  11  -1.589742198e-16  -0.01265264236  0.9999199564  -0.01265230477
1  12  2.047496613e-17  0.08097861527  0.9967230233  0.08089014091
1  13  8.809951674e-17  0.2290516464  0.9738821604  0.2270540412
1  14  -1.377250447e-17  0.1136594543  0.9935477149  0.1134148946
1  15  -1.126075569e-16  0.09240641775  0.9957335642  0.09227496499
1  16  -8.93857266e-17  0.02623294472  0.999655936  0.02622993605
1  17  -1.194490303e-16  0.004956732264  0.9999877154  0.004956711967
1  18  2.818378447e-17  -0.005910946395  0.9999825304  -0.005910911975
1  19  -8.945978036e-17  -0.003753136557  0.999992957  -0.003753127746
1  20  -3.108398219e-16  0.01053131196  0.9999445462  0.01053111729
1  21  -7.320723233e-17  0.03373855088  0.9994309091  0.03373215054
1  22  1.156769085e-16  -0.005812870952  0.9999831053  -0.005812838217
1  23  -1.261569636e-16  0.2194862565  0.9760094346  0.2177282334
1  24  1.540996072e-16  0.2848193654  0.9597124238  0.2809840986
1  25  2.016039691e-16  0.0007374834988  0.9999997281  0.000737483432
1  26  -1.379968121e-16  0.02202271913  0.9997575097  0.02202093901
1  27  1.707606901e-16  0.05789353401  0.9983246374  0.05786119951
1  28  1.876290942e-16  0.07700910952  0.9970362636  0.07693301624
1  29  -2.033838109e-16  0.04059427219  0.9991761657  0.04058312393
1  30  2.493790922e-16  0.01104993287  0.9999389501  0.01104970801
1  31  -1.593826862e-17  0.002612239622  0.9999965881  0.002612236651
1  32  1.350102671e-16  0.0002523493195  0.9999999682  0.0002523493169
1  33  -3.546673236e-16  -0.0002928860034  0.9999999571  -0.0002928859993
1  34  -1.443804919e-17  -0.0001248567629  0.9999999922  -0.0001248567626
1  35  -7.018974342e-17  0.0002911583731  0.9999999576  0.000291158369
1  36  -7.018974342e-17  0.0002911583731  0.9999999576  0.000291158369

2  0  7.015730147e-17  3.799434717e-06  1  3.799434717e-06
2  1  1.714686798e-17  5.806434578e-05  0.9999999983  5.806434575e-05
2  2  1.566134453e-16  -0.0001167171996  0.9999999932  -0.0001167171994
2  3  -4.042111385e-17  -0.0003195955676  0.9999999489  -0.0003195955622
2  4  -6.124509084e-17  -0.0001986029542  0.9999999803  -0.0001986029529
2  5  -1.948535705e-16  0.0007872305604  0.9999996901  0.0007872304791
2  6  -2.214464509e-16  0.004081517605  0.9999916706  0.004081506272
2  7  3.293737275e-16  0.01504557474  0.9998868175  0.0150450071
2  8  2.029636903e-16  0.05046818021  0.9987267517  0.05044675888
2  9  -2.85751653e-17  0.1045832871  0.9945361509  0.1043927419
2  10  -3.879110483e-17  0.08404104147  0.9964706297  0.08394214753
2  11  -6.641080325e-17  0.02245505416  0.9997478959  0.02245316712
2  12  -2.382355389e-16  0.1304243823  0.99150679  0.1300549323
2  13  -1.704218997e-16  0.1825536908  0.9833832991  0.1815414196
2  14  -2.822476418e-16  1.21657248  0.346862503  0.9379159899
2  15  -1.218297214e-16  0.05435476555  0.9985231434  0.05432800485
2  16  -5.587502259e-17  0.04924755639  0.9987875842  0.04922765194
2  17  -9.992167456e-17  -0.02572055687  0.9996692447  -0.02571772107
2  18  -2.074905239e-17  -0.07784665721  0.9969714789  -0.07776805458
2  19  4.974572736e-17  -0.1051467883  0.9944771676  -0.1049531476
2  20  6.959709024e-17  -0.05980642342  0.9982121289  -0.05977077711
2  21  1.486399104e-16  -0.008035305206  0.9999677171  -0.008035218738
2  22  1.795326004e-18  0.06601950815  0.9978215037  0.0659715601
2  23  1.410193591e-16  0.7653481543  0.721141204  0.6927881089
2  24  -1.888522616e-17  0.5970736617  0.8269844136  0.562224848
2  25  -9.275353102e-17  0.1787331172  0.9840697127  0.1777830154
2  26  -5.256069469e-17  0.04073455136  0.9991704629  0.04072328713
2  27  -9.431006802e-17  0.05888576515  0.9982667343  0.05885173966
2  28  2.2135942e-16  0.1004888299  0.9949552448  0.1003197925
2  29  -1.636350225e-16  0.07260894704  0.9973651283  0.07254516408
2  30  4.410752554e-17  0.02707332237  0.99963354  0.02707001519
2  31  2.075134848e-17  0.007891446247  0.9999688627  0.007891364341
2  32  -3.318647488e-17  0.002024060828  0.9999979516  0.002024059446
2  33  -2.629039746e-16  0.0001775243177  0.9999999842  0.0001775243168
2  34  3.159093351e-16  -0.0002928860035  0.9999999571  -0.0002928859993
2  35  -4.823940271e-16  -0.0002107402776  0.9999999778  -0.000210740276
2  36  -4.823940271e-16  -0.0002107402776  0.9999999778  -0.000210740276

3  0  -1.323543722e-16  -0.0003362353959  0.9999999435  -0.0003362353895
3  1  3.862170715e-17  -0.000287976964  0.9999999585  -0.0002879769601
3  2  1.762168742e-16  -0.0003195955676  0.9999999489  -0.0003195955622
3  3  2.399050646e-16  -0.0003677074362  0.9999999324  -0.0003677074279
3  4  3.684402133e-16  -0.0001512783861  0.9999999886  -0.0001512783856
3  5  2.142817967e-16  0.0008402199832  0.999999647  0.0008402198843
3  6  1.475797351e-16  0.003820028262  0.9999927037  0.003820018972
3  7  -4.728948866e-18  0.01268257343  0.9999195772  0.01268223344
3  8  -2.063177581e-16  0.03958195571  0.9992167367  0.0395716208
3  9  1.864173522e-16  0.09563422232  0.995430532  0.09548851205
3  10  1.432040182e-17  0.1009882361  0.9949050204  0.1008166668
3  11  7.142432729e-17  0.05728693563  0.9983595522  0.0572556068
3  12  -4.128430832e-17  0.1904900552  0.9819115659  0.1893401085
3  13  1.395935228e-18  0.05056051055  0.9987220897  0.05053897145
3  14  -3.941378965e-18  0.4963476799  0.8793277203  0.4762171357
3  15  -3.268456054e-17  0.1398708499  0.99023401  0.139415227
3  16  -2.238772783e-17  0.1255742617  0.9921259077  0.1252444939
3  17  -1.880203507e-16  0.04537816337  0.9989705878  0.04536259136
3  18  -1.340812129e-16  -0.0760962018  0.9971060809  -0.07602278222
3  19  1.109051248e-16  -0.218673154  0.9761861473  -0.2169345657
3  20  2.858521611e-16  -0.1583360108  0.9874910203  -0.1576752513
3  21  1.197774913e-16  -0.03195020739  0.9994896355  -0.03194477178
3  22  -1.928168418e-18  0.1388977221  0.9903692099  0.1384515369
3  23  2.402627923e-16  0.06871480147  0.9976400668  0.06866073885
3  24  3.543002858e-16  0.6068934471  0.821423703  0.57031842
3  25  -2.813584467e-18  0.02814571763  0.9996039354  0.02814200169
3  26  1.055476509e-16  0.1294177011  0.9916372114  0.1290567353
3  27  -1.887317673e-19  0.1132542073  0.9935935943  0.1130122531
3  28  2.569118561e-16  0.08148994838  0.9966815312  0.0813997878
3  29  1.629850552e-16  0.1081730757  0.9941549957  0.1079622361
3  30  2.863540317e-16  0.06199782836  0.9980787502  0.06195811883
3  31  -1.370025676e-16  0.02212010609  0.9997553604  0.02211830224
3  32  -2.740520846e-16  0.007109911933  0.9999747247  0.007109852032
3  33  -7.361796251e-17  0.002024060828  0.9999979516  0.002024059446
3  34  1.305959327e-16  0.0002523493195  0.9999999682  0.0002523493168
3  35  -5.721045126e-17  -0.0002840368427  0.9999999597  -0.0002840368389
3  36  -5.721045126e-17  -0.0002840368427  0.9999999597  -0.0002840368389

4  0  -1.835487133e-16  -1.361404653e-05  0.9999999999  -1.361404653e-05
4  1  -7.374671673e-17  -0.0001767673752  0.9999999844  -0.0001767673743
4  2  -2.849792234e-16  -0.0001986029542  0.9999999803  -0.0001986029529
4  3  -7.249147981e-17  -0.0001512783862  0.9999999886  -0.0001512783856
4  4  -1.104930542e-16  0.0001731381561  0.999999985  0.0001731381552
4  5  -3.401063473e-16  0.001300863882  0.9999991539  0.001300863516
4  6  -1.845528745e-16  0.00446945182  0.999990012  0.004469436939
4  7  -1.362323859e-17  0.0132026184  0.9999128467  0.01320223485
4  8  -3.984330989e-17  0.03730817827  0.9993041306  0.037299524
4  9  -6.485692881e-17  0.08792640997  0.996136963  0.08781315979
4  10  -2.785700124e-16  0.1066395834  0.994319386  0.1064375808
4  11  5.373567109e-17  0.1018006418  0.9948227881  0.1016248999
4  12  4.175676556e-17  0.3304658409  0.9458912884  0.3244836985
4  13  2.595023024e-16  0.00652968298  0.9999786817  0.00652963658
4  14  6.616697914e-17  -0.003113104932  0.9999951543  -0.003113099904
4  15  -9.345202143e-17  0.0713691726  0.9974543014  0.07130860085
4  16  5.472959902e-17  0.0199550168  0.9998009053  0.01995369247
4  17  1.956815163e-16  0.2715737323  0.9633499392  0.2682478232
4  18  1.239391248e-16  0.06297041921  0.9980180182  0.06292881163
4  19  2.747313469e-16  -0.09978162099  0.9950259431  -0.09961612624
4  20  7.667286019e-17  -0.15613106  0.9878362857  -0.1554975006
4  21  -1.346730616e-16  -0.04218709865  0.9991102563  -0.04217458601
4  22  1.462150245e-18  0.2616443456  0.9659659425  0.2586692828
4  23  -9.121789618e-17  0.09877400614  0.9951258126  0.09861347293
4  24  3.324718189e-17  0.05042948285  0.9987287031  0.05040811076
4  25  -4.216202747e-16  0.0416678132  0.9991320223  0.04165575692
4  26  -5.018206896e-17  -0.01793455879  0.9998391801  -0.01793359737
4  27  -3.388814191e-17  0.1114016123  0.9938012551  0.1111713337
4  28  -3.168899243e-17  0.2783837779  0.961500835  0.2748020092
4  29  6.621425646e-18  0.1023383842  0.9947679963  0.1021598436
4  30  3.701308916e-16  0.1060443583  0.9943825642  0.1058457181
4  31  1.636958836e-16  0.05815038507  0.9983097427  0.05811761834
4  32  2.966679729e-16  0.02212010609  0.9997553604  0.02211830224
4  33  -1.781650558e-16  0.007891446247  0.9999688627  0.007891364341
4  34  1.38609013e-17  0.002612239622  0.9999965881  0.002612236651
4  35  2.507036408e-16  0.0006504129792  0.9999997885  0.0006504129333
4  36  2.507036408e-16  0.0006504129792  0.9999997885  0.0006504129333

5  0  9.081013535e-17  0.001945646148  0.9999981072  0.00194564492
5  1  -1.177843264e-16  0.001040464562  0.9999994587  0.001040464375
5  2  -4.041704612e-16  0.0007872305604  0.9999996901  0.0007872304791
5  3  -3.621213977e-16  0.0008402199831  0.999999647  0.0008402198843
5  4  -2.808965582e-16  0.001300863882  0.9999991539  0.001300863515
5  5  -1.95337841e-16  0.002763604493  0.9999961812  0.002763600976
5  6  3.087515633e-16  0.006744615724  0.9999772552  0.006744564589
5  7  2.731900996e-17  0.01715625304  0.9998528351  0.01715541143
5  8  -1.857208306e-17  0.04269221565  0.9990888258  0.04267924818
5  9  -2.191015251e-17  0.08950007582  0.995997541  0.08938063713
5  10  -1.029916814e-16  0.1066348298  0.994319892  0.1064328542
5  11  5.0173444e-17  0.1479976645  0.9890683209  0.1474579827
5  12  -8.275551763e-17  0.7164019904  0.7541733301  0.6566754055
5  13  -7.090339698e-17  -0.008906438865  0.9999603379  -0.008906321115
5  14  1.621335589e-16  -0.04809348717  0.9988437311  -0.0480749494
5  15  9.140237316e-17  -0.0236227493  0.9997209958  -0.02362055232
5  16  9.099901003e-17  0.007143690994  0.9999744839  0.007143630234
5  17  2.964827625e-16  0.0218175985  0.9997620056  0.02181586765
5  18  -1.970766098e-16  0.3959895258  0.9226153349  0.3857213292
5  19  2.393215976e-16  0.07575469865  0.9971319848  0.07568226292
5  20  1.435167948e-16  -0.06735641028  0.9977324145  -0.06730549044
5  21  2.151789052e-16  -0.03879267195  0.9992476587  -0.03878294302
5  22  4.792992499e-19  0.3642105987  0.9344052463  0.3562117848
5  23  -1.415355929e-16  0.1377469218  0.9905278842  0.1373117282
5  24  -3.186520627e-17  0.00580927052  0.9999831262  0.005809237845
5  25  -3.211102298e-16  0.01939860211  0.999811853  0.0193973855
5  26  -1.108175764e-16  -0.06393085037  0.9979571191  -0.06388731007
5  27  -2.451631174e-17  -0.03253601817  0.9994707505  -0.03253027807
5  28  -3.192519871e-17  0.1386464074  0.9904039735  0.1382026382
5  29  -2.828313042e-16  0.6669760111  0.7856959339  0.6186128833
5  30  1.602086139e-16  0.1121791025  0.9937145201  0.1119439707
5  31  1.642972918e-16  0.1060443583  0.9943825642  0.1058457181
5  32  8.825064247e-17  0.06199782836  0.9980787502  0.06195811883
5  33  -1.566050104e-16  0.02707332237  0.99963354  0.02707001519
5  34  -2.12801491e-16  0.01104993287  0.9999389501  0.01104970801
5  35  -8.878560364e-17  0.004484377465  0.9999899452  0.004484362435
5  36  -8.878560364e-17  0.004484377465  0.9999899452  0.004484362435

6  0  1.155046149e-16  0.009547594872  0.9999544221  0.009547449818
6  1  1.61039577e-16  0.005517260146  0.99998478  0.005517232155
6  2  -1.039481024e-17  0.004081517605  0.9999916706  0.004081506272
6  3  -4.211366179e-17  0.003820028262  0.9999927037  0.003820018972
6  4  -4.181320786e-16  0.00446945182  0.999990012  0.004469436939
6  5  -7.167979321e-17  0.006744615724  0.9999772552  0.006744564589
6  6  1.354716234e-16  0.01289003931  0.9999169246  0.01288968236
6  7  -4.296241524e-16  0.02813444617  0.9996042526  0.02813073469
6  8  -1.341509479e-16  0.05876258738  0.9982739759  0.05872877494
6  9  1.306392021e-16  0.09846937644  0.995155807  0.09831032347
6  10  1.279110991e-16  0.1026341543  0.9947377369  0.1024540618
6  11  3.597323055e-16  0.1381521926  0.9904721544  0.137713149
6  12  -4.707428072e-17  0.7805398677  0.7105337566  0.703663116
6  13  -2.069651999e-16  -0.01415066076  0.9998998811  -0.0141501885
6  14  -1.204648036e-16  -0.0625124127  0.9980467353  -0.0624717063
6  15  -5.761765153e-17  -0.1020354793  0.9947988953  -0.1018585188
6  16  -9.02592626e-17  -0.01196889527  0.9999283736  -0.01196860951
6  17  -8.288852106e-17  -0.001118846182  0.9999993741  -0.001118845949
6  18  3.207048323e-17  0.02291232179  0.9997375242  0.02291031711
6  19  -1.863464771e-16  0.3485808215  0.9398583999  0.3415643251
6  20  7.856250801e-17  0.07300111583  0.9973366017  0.07293629397
6  21  -6.616012821e-18  -0.01148727764  0.999934022  -0.011487025
6  22  7.281583309e-17  0.3053925115  0.9537290106  0.300667548
6  23  -6.447467601e-17  0.1407078395  0.990116974  0.1402439936
6  24  -7.975007209e-17  0.001145211768  0.9999993442  0.001145211518
6  25  6.126375444e-17  -2.386785349e-05  0.9999999997  -2.386785349e-05
6  26  -4.475458713e-17  -0.04522211584  0.9989776544  -0.04520670391
6  27  2.000808502e-16  -0.1057107543  0.9944178194  -0.1055139821
6  28  3.198003587e-16  -0.03920157986  0.9992317165  -0.03919154004
6  29  1.539289552e-16  0.2010628934  0.97985486  0.1997109246
6  30  1.395217257e-16  0.6669760111  0.7856959339  0.6186128833
6  31  2.657002063e-16  0.1023383842  0.9947679963  0.1021598436
6  32  -3.783993607e-16  0.1081730757  0.9941549957  0.1079622361
6  33  1.784309069e-16  0.07260894704  0.9973651283  0.07254516408
6  34  -2.320513626e-17  0.04059427219  0.9991761657  0.04058312393
6  35  4.126189865e-17  0.0196045625  0.9998078367  0.01960330672
6  36  4.126189865e-17  0.0196045625  0.9998078367  0.01960330672

7  0  8.580947139e-17  0.039518794  0.9992192341  0.03950850849
7  1  1.356970541e-16  0.02238279569  0.9997495157  0.02238092681
7  2  7.317975861e-17  0.01504557474  0.9998868175  0.0150450071
7  3  -1.743030905e-16  0.01268257343  0.9999195772  0.01268223344
7  4  -5.316354903e-17  0.0132026184  0.9999128467  0.01320223485
7  5  1.934024666e-17  0.01715625304  0.9998528351  0.01715541143
7  6  -1.411666256e-16  0.02813444617  0.9996042526  0.02813073469
7  7  5.575445446e-17  0.05271850231  0.9986107016  0.05269408614
7  8  1.602523072e-16  0.0841251576  0.9964635653  0.08402596649
7  9  5.704128371e-17  0.09688207371  0.9953106016  0.09673058677
7  10  1.0924181e-16  0.08719007956  0.9962013524  0.08707965012
7  11  4.778041e-17  0.08259812422  0.9965907139  0.08250423599
7  12  -3.038199212e-16  0.364161308  0.9344228031  0.3561657269
7  13  -1.678161997e-17  -0.0124292694  0.9999227576  -0.01242894937
7  14  -2.908780574e-16  -0.06650796367  0.9977891605  -0.06645894363
7  15  -8.495770131e-17  -0.1561734427  0.9878296944  -0.1555393677
7  16  -1.312355558e-17  -0.05884536967  0.9982691108  -0.05881141415
7  17  2.289285723e-16  -0.01343356036  0.9999097711  -0.01343315633
7  18  -9.606803009e-17  -0.007269350674  0.9999735784  -0.007269286651
7  19  -2.704388564e-16  0.0219153398  0.9997598686  0.02191358558
7  20  5.151096016e-17  0.2394389372  0.9714711881  0.2371576074
7  21  1.278824991e-16  0.101740394  0.994828909  0.1015649639
7  22  -1.111408462e-16  0.2091041141  0.9782172785  0.2075836122
7  23  -2.925092742e-17  0.1321675372  0.9912785778  0.1317830837
7  24  1.39152553e-16  -0.002842581725  0.9999959599  -0.002842577897
7  25  1.494883e-16  -0.008731147196  0.9999618838  -0.008731036263
7  26  1.106108796e-16  -0.0239108392  0.9997141495  -0.02390856085
7  27  2.408190961e-17  -0.1183258594  0.9930076595  -0.118049939
7  28  4.232828781e-16  -0.1220247412  0.9925642147  -0.1217221411
7  29  4.78601511e-16  -0.03920157986  0.9992317165  -0.03919154004
7  30  2.207430384e-17  0.1386464074  0.9904039735  0.1382026382
7  31  1.43717647e-16  0.2783837779  0.961500835  0.2748020092
7  32  1.832600644e-16  0.08148994838  0.9966815312  0.0813997878
7  33  2.733048064e-17  0.1004888299  0.9949552448  0.1003197925
7  34  -2.830784944e-16  0.07700910952  0.9970362636  0.07693301624
7  35  -3.712051615e-16  0.06523981433  0.997872638  0.06519354486
7  36  -3.712051615e-16  0.06523981433  0.997872638  0.06519354486

8  0  1.968158144e-16  0.07871926915  0.996903238  0.07863799408
8  1  9.717408895e-17  0.07086396329  0.9974901999  0.07080466857
8  2  2.161352707e-17  0.05046818021  0.9987267517  0.05044675888
8  3  -1.559571607e-16  0.03958195571  0.9992167367  0.0395716208
8  4  2.136787593e-17  0.03730817827  0.9993041306  0.037299524
8  5  5.585365163e-17  0.04269221565  0.9990888258  0.04267924818
8  6  -4.790805188e-16  0.05876258738  0.9982739759  0.05872877494
8  7  1.750640225e-16  0.0841251576  0.9964635653  0.08402596649
8  8  2.082126967e-16  0.07967741196  0.996827434  0.07959313351
8  9  5.144002152e-17  0.03091108375  0.9995222905  0.03090616142
8  10  2.253482408e-17  0.0483273989  0.9988324585  0.04830858935
8  11  2.677834115e-16  0.03783179051  0.9992844632  0.03782276673
8  12  -1.52262644e-16  0.190647459  0.9818817509  0.1894946628
8  13  -2.068595359e-16  -0.002455766931  0.9999969846  -0.002455764462
8  14  -1.603544906e-17  -0.05936968153  0.9982381381  -0.05933481037
8  15  2.076448102e-16  -0.1438550068  0.9896707001  -0.1433593577
8  16  5.341323809e-17  -0.07481241678  0.9972028561  -0.07474265006
8  17  5.6900356e-17  -0.02997775552  0.9995507007  -0.02997326572
8  18  -4.659626816e-17  -0.0196424044  0.9998070942  -0.01964114133
8  19  1.604573794e-16  -0.01408835548  0.9999007608  -0.01408788944
8  20  -2.940557727e-16  0.02876552144  0.9995863009  0.02876155457
8  21  -2.062387598e-17  0.190419906  0.9819248456  0.1892712278
8  22  -1.192694675e-16  0.1989698954  0.980270708  0.1976596545
8  23  -2.572488267e-16  0.1566543266  0.9877547838  0.1560143811
8  24  -8.890971486e-17  -0.005729801735  0.9999835847  -0.005729770383
8  25  -1.724844464e-16  -0.01678486249  0.9998591375  -0.01678407436
8  26  -3.696247112e-18  -0.02382015995  0.9997163134  -0.02381790742
8  27  -2.767442129e-16  -0.04793839713  0.9988511751  -0.04792003811
8  28  5.937174098e-17  -0.1183258594  0.9930076595  -0.118049939
8  29  1.868514773e-16  -0.1057107543  0.9944178194  -0.1055139821
8  30  1.837732879e-16  -0.03253601817  0.9994707505  -0.03253027807
8  31  -2.161791345e-17  0.1114016123  0.9938012551  0.1111713337
8  32  -1.633687996e-16  0.1132542073  0.9935935943  0.1130122531
8  33  -2.073652184e-16  0.05888576515  0.9982667343  0.05885173966
8  34  5.757881236e-17  0.05789353401  0.9983246374  0.05786119951
8  35  5.317652442e-17  0.01251388445  0.9999217024  0.01251355785
8  36  5.317652442e-17  0.01251388445  0.9999217024  0.01251355785

9  0  8.062436873e-17  -1.061193279  0.4878307708  -0.8729382218
9  1  -5.669545157e-17  0.09000042038  0.9959526952  0.08987896788
9  2  -1.221774387e-16  0.1045832871  0.9945361509  0.1043927419
9  3  -2.12778011e-16  0.09563422232  0.995430532  0.09548851205
9  4  -1.355085401e-16  0.08792640997  0.996136963  0.08781315979
9  5  -8.933031535e-17  0.08950007582  0.995997541  0.08938063714
9  6  -2.170258458e-16  0.09846937644  0.995155807  0.09831032347
9  7  1.939246789e-16  0.09688207371  0.9953106016  0.09673058677
9  8  4.213150956e-16  0.03091108375  0.9995222905  0.03090616142
9  9  8.50714499e-17  -2.067736915  -0.4767384125  -0.8790452128
9  10  2.076744659e-17  -0.2211918286  0.975636664  -0.2193925703
9  11  9.069616767e-17  0.002138692786  0.999997713  0.002138691156
9  12  2.306603947e-16  0.1333471355  0.9911224371  0.1329523023
9  13  2.352180503e-16  0.02470317559  0.9996948921  0.02470066316
9  14  2.50507471e-18  -0.0424774777  0.9990979676  -0.04246470491
9  15  1.159248765e-16  -0.07153176976  0.9974426937  -0.07147078314
9  16  2.798435997e-17  -0.02756115363  0.9996202154  -0.02755766445
9  17  5.079980532e-19  -0.02191724469  0.9997598268  -0.02191549002
9  18  -5.846246961e-17  -0.02344703661  0.9997251308  -0.02344488829
9  19  -7.59600971e-17  -0.02224742987  0.9997525361  -0.02224559469
9  20  -8.013591153e-17  -0.01389717526  0.9999034358  -0.01389672794
9  21  1.991448785e-16  0.068525037  0.9976530782  0.06847142097
9  22  1.854474425e-16  0.09615815922  0.9953803654  0.09601004172
9  23  1.538246363e-16  0.1905377461  0.981902535  0.1893869365
9  24  -4.098649786e-17  0.02091196178  0.9997813529  0.02091043765
9  25  -2.349299159e-16  -0.01976640709  0.9998046509  -0.01976511995
9  26  -1.525599116e-16  -0.02378372551  0.9997171805  -0.02378148331
9  27  -2.350673713e-16  -0.02382015995  0.9997163134  -0.02381790742
9  28  1.439607297e-16  -0.0239108392  0.9997141495  -0.02390856085
9  29  7.850432605e-17  -0.04522211584  0.9989776544  -0.04520670391
9  30  -6.590546038e-17  -0.06393085037  0.9979571191  -0.06388731007
9  31  1.568622081e-16  -0.01793455879  0.9998391801  -0.01793359737
9  32  2.14295258e-16  0.1294177011  0.9916372114  0.1290567353
9  33  1.07680765e-17  0.04073455136  0.9991704629  0.04072328712
9  34  5.275982233e-17  0.02202271913  0.9997575097  0.02202093901
9  35  1.481669616e-16  -1.287183372  0.2798260876  -0.9600507073
9  36  1.481669616e-16  -1.287183372  0.2798260876  -0.9600507073

10  0  3.74052908e-17  -0.3175149202  0.9500142092  -0.312206666
10  1  1.15169123e-16  0.03178071425  0.9994950356  0.03177536469
10  2  -1.095099413e-16  0.08404104147  0.9964706297  0.08394214753
10  3  -5.534905273e-17  0.1009882361  0.9949050204  0.1008166668
10  4  5.923989365e-17  0.1066395834  0.994319386  0.1064375808
10  5  -1.889584858e-16  0.1066348298  0.994319892  0.1064328542
10  6  -2.397756328e-16  0.1026341543  0.9947377369  0.1024540618
10  7  -1.488430462e-16  0.08719007956  0.9962013524  0.08707965012
10  8  -1.693742628e-16  0.04832739889  0.9988324585  0.04830858935
10  9  1.624841331e-17  -0.2211918286  0.975636664  -0.2193925703
10  10  2.571083784e-16  -0.1284000123  0.9917680375  -0.1280474905
10  11  1.8080175e-16  -0.02379283187  0.9997169639  -0.02379058708
10  12  1.636310558e-16  0.1052186496  0.9944696229  0.1050246117
10  13  3.325301966e-16  0.1027986799  0.9947208671  0.1026177202
10  14  -7.743952318e-17  0.01710983652  0.9998536303  0.01710900172
10  15  -1.629266233e-16  0.04261154149  0.9990922656  0.04259864739
10  16  -1.061455928e-16  0.004742802216  0.9999887529  0.004742784435
10  17  -7.888274154e-18  -0.005138847378  0.9999867962  -0.00513882476
10  18  1.056139566e-16  -0.01303707597  0.9999150185  -0.01303670667
10  19  -4.827807782e-17  -0.01905319906  0.9998184933  -0.01905204629
10  20  1.028137491e-16  -0.01671512109  0.9998603056  -0.01671434275
10  21  2.190835772e-16  0.08423240398  0.9964545481  0.08413283311
10  22  2.427188884e-16  0.5748898974  0.8392521749  0.5437423902
10  23  1.563006761e-16  -0.03054076602  0.9995336671  -0.03053601848
10  24  5.046819178e-17  0.7577726334  0.726368692  0.687305262
10  25  2.526056422e-16  -0.0001320472118  0.9999999913  -0.0001320472114
10  26  8.466411771e-18  -0.01976640709  0.9998046509  -0.01976511995
10  27  -2.60990158e-16  -0.01678486249  0.9998591375  -0.01678407436
10  28  -2.670438085e-16  -0.008731147196  0.9999618838  -0.008731036263
10  29  -4.518488263e-17  -2.386785368e-05  0.9999999997  -2.386785368e-05
10  30  -2.255683995e-16  0.01939860211  0.999811853  0.01939738549
10  31  -7.803527184e-17  0.04166781319  0.9991320223  0.04165575692
10  32  -1.292211669e-16  0.02814571763  0.9996039354  0.02814200169
10  33  -2.997021327e-16  0.1787331172  0.9840697127  0.1777830154
10  34  -2.730171602e-16  0.0007374834982  0.9999997281  0.0007374834313
10  35  -1.36239397e-16  -0.08544056202  0.9963521751  -0.085336646
10  36  -1.36239397e-16  -0.08544056202  0.9963521751  -0.085336646

11  0  1.828724869e-16  -0.03146989376  0.9995048638  -0.03146469963
11  1  1.209431954e-16  -0.01265264236  0.9999199564  -0.01265230477
11  2  6.884393799e-17  0.02245505416  0.9997478959  0.02245316712
11  3  -1.687301771e-16  0.05728693563  0.9983595522  0.0572556068
11  4  -2.661829617e-17  0.1018006418  0.9948227881  0.1016248999
11  5  -1.228897934e-16  0.1479976645  0.9890683209  0.1474579827
11  6  -1.472894329e-16  0.1381521926  0.9904721544  0.137713149
11  7  9.427830068e-17  0.08259812422  0.9965907139  0.08250423599
11  8  5.981086374e-17  0.03783179051  0.9992844632  0.03782276673
11  9  -2.568560776e-17  0.002138692786  0.999997713  0.002138691156
11  10  6.622351897e-17  -0.02379283187  0.9997169639  -0.02379058708
11  11  -5.448005435e-16  -0.02045867574  0.9997907286  -0.02045724858
11  12  1.467715819e-17  0.07835117672  0.9969321165  0.07827103623
11  13  1.880351521e-16  0.3128799733  0.9514510609  0.3078000628
11  14  3.12942997e-16  0.9855206132  0.5524292271  0.8335598053
11  15  -3.564487685e-17  0.1573569631  0.9876449186  0.1567083751
11  16  1.042854968e-17  0.009416940635  0.9999556609  0.009416801455
11  17  -2.154991181e-17  0.002313403413  0.9999973241  0.00231340135
11  18  1.222836051e-16  -0.001412992906  0.9999990017  -0.001412992435
11  19  8.367590581e-17  -0.005913800011  0.9999825135  -0.005913765541
11  20  -2.174116354e-16  -0.004825413497  0.9999883577  -0.00482539477
11  21  -1.246974972e-16  0.1024584671  0.9947557214  0.1022792975
11  22  -1.176272481e-16  1.659265909  -0.08835422051  0.9960891184
11  23  -6.595355699e-17  -0.5801452631  0.8363830334  -0.5481454382
11  24  -7.328274121e-17  0.818188749  0.6835443761  0.7299089572
11  25  -7.859305239e-17  0.7577726334  0.726368692  0.687305262
11  26  -3.287028955e-16  0.02091196178  0.9997813529  0.02091043765
11  27  -3.212570376e-16  -0.005729801735  0.9999835847  -0.005729770383
11  28  -2.173060837e-16  -0.002842581725  0.9999959599  -0.002842577897
11  29  3.335699938e-16  0.001145211768  0.9999993442  0.001145211518
11  30  1.053539642e-16  0.005809270519  0.9999831262  0.005809237845
11  31  -2.860128388e-17  0.05042948285  0.9987287031  0.05040811076
11  32  2.131724357e-16  0.6068934472  0.8214237029  0.5703184201
11  33  -1.351959676e-16  0.5970736618  0.8269844136  0.562224848
11  34  -3.741771386e-16  0.2848193654  0.9597124238  0.2809840986
11  35  -1.200873098e-16  -0.009567016941  0.9999542364  -0.009566871001
11  36  -1.200873098e-16  -0.009567016941  0.9999542364  -0.009566871001

12  0  -3.402352589e-17  0.1199546954  0.9928140584  0.1196672283
12  1  1.490541701e-16  0.08097861527  0.9967230233  0.08089014091
12  2  1.731817178e-16  0.1304243823  0.99150679  0.1300549323
12  3  1.30273609e-16  0.1904900552  0.9819115659  0.1893401085
12  4  -6.842012271e-17  0.3304658409  0.9458912884  0.3244836985
12  5  -6.866646228e-17  0.7164019904  0.7541733301  0.6566754055
12  6  -1.628357179e-16  0.7805398677  0.7105337566  0.703663116
12  7  1.976744489e-16  0.364161308  0.9344228031  0.3561657269
12  8  1.831167279e-16  0.190647459  0.9818817509  0.1894946628
12  9  5.605710312e-17  0.1333471355  0.9911224371  0.1329523023
12  10  3.067828806e-16  0.1052186496  0.9944696229  0.1050246117
12  11  1.704408043e-16  0.07835117672  0.9969321165  0.07827103623
12  12  2.821964505e-16  0.2385847489  0.9716734109  0.2363277017
12  13  -1.178023937e-16  0.8986536048  0.6226640721  0.7824892672
12  14  1.670048527e-16  0.9228134021  0.6035794148  0.7973028848
12  15  2.465761298e-16  0.06727368972  0.9977379786  0.06722295723
12  16  3.366725201e-16  0.05572644865  0.9984476832  0.05569761063
12  17  -1.007143951e-16  0.104244258  0.9945714859  0.1040555591
12  18  -3.423348718e-17  0.1400098367  0.9902146235  0.1395528551
12  19  -4.122568451e-17  0.1411404463  0.9900562109  0.1406723118
12  20  -1.154686053e-16  0.1388337205  0.990378069  0.1383881514
12  21  -8.042099816e-18  0.1706764669  0.9854700952  0.1698490258
12  22  -2.157991729e-16  0.04158844021  0.9991353255  0.04157645269
12  23  -1.837400956e-17  -0.3444987668  0.9412448498  -0.3377249365
12  24  -1.583193135e-16  -0.5801452631  0.8363830334  -0.5481454382
12  25  -2.403830996e-16  -0.03054076601  0.9995336671  -0.03053601848
12  26  -1.794541533e-16  0.190537746  0.981902535  0.1893869365
12  27  -3.69164595e-18  0.1566543266  0.9877547838  0.1560143811
12  28  2.135125627e-16  0.1321675372  0.9912785778  0.1317830837
12  29  1.777087092e-17  0.1407078395  0.990116974  0.1402439936
12  30  1.07822143e-17  0.1377469218  0.9905278842  0.1373117282
12  31  -6.861539605e-19  0.09877400615  0.9951258126  0.09861347293
12  32  -1.596496872e-16  0.06871480147  0.9976400668  0.06866073885
12  33  1.548454303e-16  0.7653481542  0.721141204  0.6927881089
12  34  2.340849618e-16  0.2194862565  0.9760094346  0.2177282333
12  35  2.468304057e-17  0.9960248424  0.543643008  0.8393165552
12  36  2.468304057e-17  0.9960248424  0.543643008  0.8393165552

13  0  6.247418111e-17  -1.054097735  0.4940124095  -0.8694548518
13  1  1.068733433e-16  0.2290516464  0.9738821604  0.2270540412
13  2  1.255012064e-16  0.1825536909  0.9833832991  0.1815414196
13  3  1.078004773e-16  0.05056051055  0.9987220897  0.05053897145
13  4  1.439794736e-16  0.00652968298  0.9999786817  0.00652963658
13  5  1.834176899e-16  -0.008906438865  0.9999603379  -0.008906321115
13  6  5.640069177e-18  -0.01415066076  0.9998998811  -0.0141501885
13  7  -5.602642902e-17  -0.0124292694  0.9999227576  -0.01242894937
13  8  -1.893726124e-16  -0.002455766931  0.9999969846  -0.002455764463
13  9  -1.044849032e-16  0.02470317559  0.9996948921  0.02470066316
13  10  1.687681811e-16  0.1027986799  0.9947208671  0.1026177202
13  11  6.686643587e-16  0.3128799733  0.9514510609  0.3078000628
13  12  4.060739819e-16  0.8986536048  0.6226640721  0.7824892672
13  13  -3.088354433e-16  2.4215249  -0.7517610517  0.659435608
13  14  1.170865642e-16  0.1284359884  0.9917634302  0.1280831704
13  15  2.240052354e-16  0.09234768814  0.9957389817  0.09221648578
13  16  7.279241652e-18  0.1357978926  0.9907936272  0.1353809009
13  17  1.301279506e-16  0.2418496352  0.9708966504  0.2394988397
13  18  1.59276029e-16  0.3525574753  0.9384926891  0.3452991059
13  19  -4.690642069e-17  0.3161038916  0.9504537959  0.3108658584
13  20  -1.789289744e-16  0.2052235363  0.9790154554  0.2037860104
13  21  6.336113385e-17  0.1422644768  0.9898974655  0.1417850761
13  22  -2.949002264e-18  0.08484686955  0.9964026632  0.08474510421
13  23  -3.01705194e-16  0.0415884402  0.9991353255  0.04157645269
13  24  -3.137820646e-18  1.659265909  -0.08835422052  0.9960891184
13  25  -1.121160927e-16  0.5748898974  0.8392521749  0.5437423902
13  26  3.102475426e-18  0.09615815922  0.9953803654  0.09601004172
13  27  -1.102205932e-16  0.1989698954  0.980270708  0.1976596545
13  28  5.126043386e-17  0.2091041141  0.9782172785  0.2075836122
13  29  1.357596666e-17  0.3053925115  0.9537290106  0.300667548
13  30  -3.255101694e-16  0.3642105987  0.9344052463  0.3562117848
13  31  1.973926591e-16  0.2616443456  0.9659659425  0.2586692827
13  32  6.376143713e-17  0.1388977221  0.9903692099  0.1384515369
13  33  2.230702938e-16  0.06601950815  0.9978215037  0.0659715601
13  34  1.10556114e-16  -0.005812870948  0.9999831053  -0.005812838213
13  35  4.643114134e-17  -1.71848855  -0.1471558734  -0.9891133145
13  36  4.643114134e-17  -1.71848855  -0.1471558734  -0.9891133145

14  0  1.195956379e-16  0.2793141661  0.9612447464  0.2756964592
14  1  -2.218577005e-16  0.1136594543  0.9935477149  0.1134148946
14  2  2.510690242e-16  1.21657248  0.346862503  0.9379159899
14  3  5.147262469e-17  0.4963476799  0.8793277203  0.4762171357
14  4  5.388847193e-17  -0.003113104931  0.9999951543  -0.003113099902
14  5  -2.420479187e-17  -0.04809348717  0.9988437311  -0.0480749494
14  6  -3.506612406e-17  -0.0625124127  0.9980467353  -0.0624717063
14  7  2.371560377e-16  -0.06650796367  0.9977891605  -0.06645894363
14  8  2.345202921e-17  -0.05936968153  0.9982381381  -0.05933481037
14  9  -2.393564471e-16  -0.0424774777  0.9990979676  -0.04246470491
14  10  1.173380468e-16  0.01710983652  0.9998536303  0.01710900172
14  11  4.017889702e-17  0.9855206132  0.5524292271  0.8335598053
14  12  -1.175451978e-16  0.9228134021  0.6035794148  0.7973028848
14  13  1.075797232e-16  0.1284359884  0.9917634302  0.1280831704
14  14  2.363434439e-16  0.1339450245  0.9910427692  0.1335448597
14  15  1.484799888e-16  0.06015985206  0.9981909418  0.06012357012
14  16  1.627402943e-17  0.0169078695  0.9998570654  0.01690706392
14  17  1.766661119e-16  -0.01500452779  0.9998874342  -0.01500396478
14  18  1.593941915e-17  -0.03415266194  0.9994168545  -0.03414602302
14  19  2.03124949e-16  -0.0410559426  0.9991573232  -0.04104440966
14  20  1.779984926e-16  -0.03083487462  0.9995246429  -0.0308299886
14  21  -4.280047069e-17  0.01337142272  0.9999106039  0.01337102426
14  22  4.999283457e-18  0.1422644768  0.9898974655  0.1417850761
14  23  9.566166503e-17  0.1706764669  0.9854700952  0.1698490258
14  24  4.095610015e-17  0.1024584671  0.9947557214  0.1022792975
14  25  -1.20163254e-16  0.08423240397  0.9964545481  0.08413283311
14  26  1.530372356e-16  0.068525037  0.9976530782  0.06847142097
14  27  -1.630704521e-16  0.190419906  0.9819248456  0.1892712278
14  28  -1.517016876e-16  0.101740394  0.994828909  0.1015649639
14  29  7.963886963e-17  -0.01148727764  0.999934022  -0.011487025
14  30  -2.64028807e-16  -0.03879267195  0.9992476587  -0.03878294302
14  31  -2.859693932e-16  -0.04218709865  0.9991102563  -0.04217458601
14  32  -1.506729805e-16  -0.03195020739  0.9994896355  -0.03194477178
14  33  1.484557076e-16  -0.008035305205  0.9999677171  -0.008035218738
14  34  -2.396953474e-16  0.03373855088  0.9994309091  0.03373215054
14  35  3.750603821e-17  0.112818741  0.9936427131  0.1125795658
14  36  3.750603821e-17  0.112818741  0.9936427131  0.1125795658

15  0  1.270763802e-16  0.07623810626  0.9970952829  0.07616427525
15  1  1.454826611e-17  0.09240641775  0.9957335642  0.09227496498
15  2  3.913769735e-16  0.05435476555  0.9985231434  0.05432800485
15  3  -7.589248631e-17  0.1398708499  0.99023401  0.139415227
15  4  2.328219618e-16  0.0713691726  0.9974543014  0.07130860085
15  5  2.074095993e-16  -0.02362274931  0.9997209958  -0.02362055232
15  6  -1.803076265e-16  -0.1020354793  0.9947988953  -0.1018585188
15  7  1.857605607e-17  -0.1561734427  0.9878296944  -0.1555393677
15  8  -3.352741315e-16  -0.1438550068  0.9896707001  -0.1433593577
15  9  -3.667761837e-16  -0.07153176976  0.9974426937  -0.07147078314
15  10  1.153407565e-16  0.04261154149  0.9990922656  0.04259864739
15  11  3.497351246e-17  0.1573569631  0.9876449186  0.1567083751
15  12  7.458095588e-17  0.06727368972  0.9977379786  0.06722295723
15  13  3.8276256e-17  0.09234768814  0.9957389817  0.09221648578
15  14  -1.912352797e-16  0.06015985206  0.9981909418  0.06012357012
15  15  8.956694085e-17  0.06078375506  0.9981532363  0.06074633271
15  16  4.99036375e-16  0.03332827897  0.9994446643  0.03332210928
15  17  3.224192383e-16  -0.01647901492  0.9998642241  -0.01647826909
15  18  1.353187185e-16  -0.09323638876  0.9956566357  -0.0931013631
15  19  2.45049218e-16  -0.1739869933  0.9849024063  -0.1731105138
15  20  3.604383628e-16  -0.1259691199  0.9920763765  -0.1256362332
15  21  -1.003200652e-16  -0.03083487462  0.9995246429  -0.0308299886
15  22  -1.538243468e-17  0.2052235363  0.9790154554  0.2037860104
15  23  1.8627294e-16  0.1388337205  0.990378069  0.1383881514
15  24  3.76522091e-17  -0.004825413497  0.9999883577  -0.004825394771
15  25  -1.499183667e-16  -0.01671512109  0.9998603056  -0.01671434275
15  26  -2.102505211e-16  -0.01389717526  0.9999034358  -0.01389672794
15  27  7.668645447e-17  0.02876552144  0.9995863009  0.02876155457
15  28  -1.297498967e-16  0.2394389372  0.9714711881  0.2371576074
15  29  -1.656660557e-16  0.07300111583  0.9973366017  0.07293629397
15  30  -3.504256368e-16  -0.06735641028  0.9977324145  -0.06730549044
15  31  1.131355877e-17  -0.15613106  0.9878362857  -0.1554975006
15  32  -9.027359859e-17  -0.1583360108  0.9874910203  -0.1576752513
15  33  -7.194047216e-17  -0.05980642342  0.9982121289  -0.05977077711
15  34  -1.631416622e-17  0.01053131196  0.9999445462  0.0105311173
15  35  -1.836346317e-16  0.05691213933  0.9983809413  0.05688142132
15  36  -1.836346317e-16  0.05691213933  0.9983809413  0.05688142132

16  0  -1.848590859e-16  0.04725313915  0.9988837781  0.04723555618
16  1  -2.151625771e-16  0.02623294472  0.999655936  0.02622993605
16  2  3.467890023e-17  0.04924755639  0.9987875842  0.04922765194
16  3  -9.455917132e-17  0.1255742617  0.9921259077  0.1252444939
16  4  2.72685241e-16  0.0199550168  0.9998009053  0.01995369246
16  5  2.077040532e-16  0.007143690994  0.9999744839  0.007143630234
16  6  -3.450092344e-16  -0.01196889527  0.9999283736  -0.01196860951
16  7  -1.22742119e-17  -0.05884536967  0.9982691108  -0.05881141415
16  8  -9.373210431e-18  -0.07481241678  0.9972028561  -0.07474265006
16  9  -6.341067082e-17  -0.02756115363  0.9996202154  -0.02755766445
16  10  -1.824312466e-16  0.004742802216  0.9999887529  0.004742784435
16  11  -3.923352277e-17  0.009416940635  0.9999556609  0.009416801455
16  12  -2.835376808e-17  0.05572644865  0.9984476832  0.05569761063
16  13  2.165273124e-17  0.1357978926  0.9907936272  0.1353809009
16  14  -2.114283085e-16  0.0169078695  0.9998570654  0.01690706392
16  15  4.250307926e-18  0.03332827897  0.9994446643  0.03332210928
16  16  -7.725966103e-18  0.0414657547  0.9991404188  0.04145387295
16  17  -3.840946349e-17  0.01799821182  0.9998380366  0.01799724012
16  18  2.141924235e-17  -0.04322911753  0.9990657672  -0.04321565467
16  19  -1.1920934e-16  -0.180873663  0.9836869058  -0.1798890529
16  20  -2.463496555e-17  -0.1739869933  0.9849024063  -0.1731105138
16  21  -1.971980943e-16  -0.0410559426  0.9991573232  -0.04104440966
16  22  1.607197806e-16  0.3161038916  0.9504537959  0.3108658584
16  23  1.968643923e-16  0.1411404463  0.9900562109  0.1406723118
16  24  -1.029575422e-17  -0.005913800011  0.9999825135  -0.005913765541
16  25  -2.751341055e-16  -0.01905319906  0.9998184933  -0.01905204629
16  26  -8.692746439e-17  -0.02224742987  0.9997525361  -0.02224559469
16  27  -6.519738663e-17  -0.01408835548  0.9999007608  -0.01408788944
16  28  4.756232619e-18  0.0219153398  0.9997598686  0.02191358558
16  29  -1.194473142e-17  0.3485808215  0.9398583999  0.3415643251
16  30  -1.997754076e-16  0.07575469865  0.9971319848  0.07568226292
16  31  2.994354508e-16  -0.09978162099  0.9950259431  -0.09961612624
16  32  7.28550481e-17  -0.218673154  0.9761861473  -0.2169345657
16  33  -1.379604407e-16  -0.1051467883  0.9944771676  -0.1049531476
16  34  2.208729472e-16  -0.003753136555  0.999992957  -0.003753127744
16  35  1.405782354e-17  0.0374976517  0.9992970454  0.0374888649
16  36  1.405782354e-17  0.0374976517  0.9992970454  0.0374888649

17  0  8.150049664e-17  0.03201233516  0.999487649  0.03200686778
17  1  -2.288222634e-16  0.004956732264  0.9999877154  0.004956711967
17  2  -8.7715457e-17  -0.02572055687  0.9996692447  -0.02571772107
17  3  -3.145265921e-16  0.04537816337  0.9989705878  0.04536259136
17  4  3.246005839e-16  0.2715737323  0.9633499392  0.2682478232
17  5  2.231283458e-17  0.0218175985  0.9997620056  0.02181586765
17  6  -3.113379185e-16  -0.001118846182  0.9999993741  -0.001118845949
17  7  -1.11574421e-16  -0.01343356036  0.9999097711  -0.01343315633
17  8  -1.935091422e-16  -0.02997775552  0.9995507007  -0.02997326572
17  9  -7.846356331e-17  -0.02191724469  0.9997598268  -0.02191549002
17  10  -1.464012435e-16  -0.005138847378  0.9999867962  -0.00513882476
17  11  1.534177422e-16  0.002313403414  0.9999973241  0.00231340135
17  12  -1.074531884e-16  0.104244258  0.9945714859  0.1040555591
17  13  -2.319229874e-16  0.2418496352  0.9708966504  0.2394988397
17  14  -7.2036432e-17  -0.01500452779  0.9998874342  -0.01500396478
17  15  1.511193056e-16  -0.01647901492  0.9998642241  -0.01647826909
17  16  2.056023034e-17  0.01799821182  0.9998380366  0.01799724012
17  17  1.181200214e-16  0.03049512162  0.9995350598  0.03049039534
17  18  -1.50154274e-17  0.01259121271  0.9999207317  0.01259088002
17  19  -1.932811532e-16  -0.04322911753  0.9990657672  -0.04321565467
17  20  -2.779124249e-16  -0.09323638876  0.9956566357  -0.0931013631
17  21  -1.93877606e-16  -0.03415266194  0.9994168545  -0.03414602302
17  22  2.353893626e-16  0.3525574753  0.9384926891  0.3452991059
17  23  8.784257814e-17  0.1400098367  0.9902146235  0.1395528551
17  24  -3.403744962e-17  -0.001412992906  0.9999990017  -0.001412992435
17  25  -2.102732837e-16  -0.01303707597  0.9999150185  -0.01303670667
17  26  -1.705343802e-16  -0.02344703661  0.9997251308  -0.02344488829
17  27  2.625137407e-17  -0.0196424044  0.9998070942  -0.01964114133
17  28  -1.511493933e-16  -0.007269350674  0.9999735784  -0.007269286651
17  29  -4.071792625e-17  0.02291232179  0.9997375242  0.02291031711
17  30  -8.741710057e-17  0.3959895258  0.9226153349  0.3857213292
17  31  -4.015849201e-16  0.0629704192  0.9980180182  0.06292881163
17  32  -2.510239329e-16  -0.0760962018  0.9971060809  -0.07602278222
17  33  1.759582863e-16  -0.07784665721  0.9969714789  -0.07776805458
17  34  -2.323757184e-16  -0.005910946394  0.9999825304  -0.005910911973
17  35  -8.540715845e-17  0.02876314589  0.9995863692  0.02875918001
17  36  -8.540715845e-17  0.02876314589  0.9995863692  0.02875918001

18  0  2.741043131e-16  0.02876314589  0.9995863692  0.02875918001
18  1  3.878382357e-16  -0.005910946395  0.9999825304  -0.005910911975
18  2  3.183396143e-16  -0.07784665721  0.9969714789  -0.07776805458
18  3  7.424207009e-17  -0.0760962018  0.9971060809  -0.07602278221
18  4  -8.434362723e-17  0.06297041921  0.9980180182  0.06292881163
18  5  -3.716167473e-16  0.3959895258  0.9226153349  0.3857213292
18  6  -3.886541156e-16  0.02291232179  0.9997375242  0.02291031711
18  7  -2.438074568e-16  -0.007269350674  0.9999735784  -0.007269286651
18  8  2.843362664e-16  -0.0196424044  0.9998070942  -0.01964114133
18  9  2.416557452e-16  -0.02344703661  0.9997251308  -0.02344488829
18  10  1.367953754e-16  -0.01303707597  0.9999150185  -0.01303670667
18  11  -1.453143729e-17  -0.001412992906  0.9999990017  -0.001412992435
18  12  -4.055600543e-16  0.1400098367  0.9902146235  0.1395528551
18  13  -2.552865733e-16  0.3525574753  0.9384926891  0.3452991059
18  14  -3.520155726e-16  -0.03415266194  0.9994168545  -0.03414602302
18  15  6.479702198e-18  -0.09323638876  0.9956566357  -0.0931013631
18  16  -2.123005918e-16  -0.04322911753  0.9990657672  -0.04321565467
18  17  -8.514459981e-17  0.01259121271  0.9999207317  0.01259088002
18  18  -1.702850043e-16  0.03049512162  0.9995350598  0.03049039534
18  19  9.371079193e-17  0.01799821182  0.9998380366  0.01799724012
18  20  3.972389825e-18  -0.01647901492  0.9998642241  -0.01647826909
18  21  1.299633435e-16  -0.01500452779  0.9998874342  -0.01500396478
18  22  2.51105865e-16  0.2418496352  0.9708966504  0.2394988397
18  23  6.651351658e-18  0.104244258  0.9945714859  0.1040555591
18  24  -5.420788636e-17  0.002313403413  0.9999973241  0.00231340135
18  25  3.100918059e-16  -0.005138847378  0.9999867962  -0.00513882476
18  26  1.921187901e-16  -0.02191724469  0.9997598268  -0.02191549002
18  27  3.082285503e-17  -0.02997775552  0.9995507007  -0.02997326572
18  28  6.937863337e-17  -0.01343356036  0.9999097711  -0.01343315633
18  29  -6.436468142e-18  -0.001118846182  0.9999993741  -0.001118845949
18  30  -1.273430977e-16  0.0218175985  0.9997620056  0.02181586765
18  31  -2.479590017e-16  0.2715737323  0.9633499392  0.2682478232
18  32  -6.072550881e-17  0.04537816337  0.9989705878  0.04536259136
18  33  -1.433587076e-17  -0.02572055687  0.9996692447  -0.02571772107
18  34  -1.855681796e-16  0.004956732265  0.9999877154  0.004956711968
18  35  8.636744679e-17  0.03201233516  0.999487649  0.03200686779
18  36  8.636744679e-17  0.03201233516  0.999487649  0.03200686779

19  0  3.120325807e-16  0.03749765169  0.9992970454  0.0374888649
19  1  -7.465210424e-17  -0.003753136557  0.999992957  -0.003753127746
19  2  -1.95738783e-17  -0.1051467883  0.9944771676  -0.1049531476
19  3  1.113552388e-16  -0.218673154  0.9761861473  -0.2169345657
19  4  -2.352019311e-16  -0.09978162099  0.9950259431  -0.09961612624
19  5  -1.243697484e-16  0.07575469865  0.9971319848  0.07568226292
19  6  5.582685621e-17  0.3485808215  0.9398583999  0.3415643251
19  7  8.207976335e-17  0.0219153398  0.9997598686  0.02191358558
19  8  2.428337435e-16  -0.01408835548  0.9999007608  -0.01408788944
19  9  -1.611378261e-16  -0.02224742987  0.9997525361  -0.02224559469
19  10  6.945433457e-17  -0.01905319906  0.9998184933  -0.01905204629
19  11  4.485603913e-17  -0.005913800011  0.9999825135  -0.005913765541
19  12  -3.224845568e-16  0.1411404463  0.9900562109  0.1406723118
19  13  -3.964941183e-16  0.3161038916  0.9504537959  0.3108658584
19  14  -9.819215358e-17  -0.0410559426  0.9991573232  -0.04104440966
19  15  -2.035820503e-16  -0.1739869933  0.9849024063  -0.1731105138
19  16  1.365614025e-16  -0.180873663  0.9836869058  -0.1798890529
19  17  2.117527218e-16  -0.04322911753  0.9990657672  -0.04321565467
19  18  -4.965495255e-17  0.01799821182  0.9998380366  0.01799724012
19  19  -1.201709736e-17  0.0414657547  0.9991404188  0.04145387295
19  20  4.761974216e-17  0.03332827897  0.9994446643  0.03332210928
19  21  1.618906663e-17  0.0169078695  0.9998570654  0.01690706392
19  22  3.677291504e-17  0.1357978926  0.9907936272  0.1353809009
19  23  2.087036103e-16  0.05572644865  0.9984476832  0.05569761063
19  24  -1.277496468e-17  0.009416940635  0.9999556609  0.009416801455
19  25  9.832223661e-17  0.004742802216  0.9999887529  0.004742784435
19  26  -2.844968888e-16  -0.02756115364  0.9996202154  -0.02755766445
19  27  -4.824678266e-17  -0.07481241678  0.9972028561  -0.07474265006
19  28  -6.321475465e-17  -0.05884536967  0.9982691108  -0.05881141415
19  29  1.080390473e-16  -0.01196889528  0.9999283736  -0.01196860951
19  30  -1.786498796e-16  0.007143690993  0.9999744839  0.007143630234
19  31  -3.17878278e-16  0.01995501679  0.9998009053  0.01995369246
19  32  9.633455774e-17  0.1255742617  0.9921259077  0.1252444939
19  33  2.501645163e-16  0.04924755639  0.9987875842  0.04922765195
19  34  5.48662768e-17  0.02623294472  0.999655936  0.02622993605
19  35  2.380543518e-16  0.04725313915  0.9988837781  0.04723555618
19  36  2.380543518e-16  0.04725313915  0.9988837781  0.04723555618

20  0  -1.670751835e-17  0.05691213933  0.9983809413  0.05688142132
20  1  -2.254336414e-18  0.01053131196  0.9999445462  0.01053111729
20  2  1.567154256e-16  -0.05980642342  0.9982121289  -0.05977077711
20  3  1.349065429e-16  -0.1583360108  0.9874910203  -0.1576752513
20  4  1.973310646e-16  -0.15613106  0.9878362857  -0.1554975006
20  5  5.958040827e-17  -0.06735641028  0.9977324145  -0.06730549044
20  6  -1.415462712e-16  0.07300111583  0.9973366017  0.07293629397
20  7  -1.825300409e-16  0.2394389372  0.9714711881  0.2371576074
20  8  -2.706540607e-16  0.02876552144  0.9995863009  0.02876155457
20  9  -2.404136638e-16  -0.01389717526  0.9999034358  -0.01389672794
20  10  -1.809991706e-17  -0.01671512109  0.9998603056  -0.01671434275
20  11  -5.506993616e-17  -0.004825413497  0.9999883577  -0.00482539477
20  12  -3.462760974e-16  0.1388337205  0.990378069  0.1383881514
20  13  -1.134423196e-16  0.2052235363  0.9790154554  0.2037860104
20  14  1.408853724e-17  -0.03083487462  0.9995246429  -0.0308299886
20  15  2.954229242e-16  -0.1259691199  0.9920763765  -0.1256362332
20  16  -4.923982553e-18  -0.1739869933  0.9849024063  -0.1731105138
20  17  2.147446522e-16  -0.09323638876  0.9956566357  -0.0931013631
20  18  4.540042035e-16  -0.01647901492  0.9998642241  -0.01647826909
20  19  1.050871677e-16  0.03332827897  0.9994446643  0.03332210928
20  20  4.755828313e-17  0.06078375506  0.9981532363  0.06074633271
20  21  -6.540235314e-17  0.06015985206  0.9981909418  0.06012357012
20  22  -1.905905321e-16  0.09234768814  0.9957389817  0.09221648578
20  23  -1.435238168e-16  0.06727368972  0.9977379786  0.06722295723
20  24  -7.266284268e-17  0.1573569631  0.9876449186  0.1567083751
20  25  2.002712022e-16  0.04261154149  0.9990922656  0.04259864739
20  26  5.58220194e-17  -0.07153176976  0.9974426937  -0.07147078314
20  27  -6.885379887e-17  -0.1438550068  0.9896707001  -0.1433593577
20  28  1.403492333e-16  -0.1561734427  0.9878296944  -0.1555393677
20  29  -4.692698501e-17  -0.1020354793  0.9947988953  -0.1018585188
20  30  -2.025883593e-16  -0.02362274931  0.9997209958  -0.02362055232
20  31  1.138766304e-16  0.07136917259  0.9974543014  0.07130860084
20  32  1.445930069e-16  0.1398708499  0.99023401  0.139415227
20  33  2.18711285e-16  0.05435476555  0.9985231434  0.05432800485
20  34  1.138408994e-16  0.09240641776  0.9957335642  0.09227496499
20  35  2.227462654e-17  0.07623810626  0.9970952829  0.07616427525
20  36  2.227462654e-17  0.07623810626  0.9970952829  0.07616427525

21  0  3.301049442e-16  0.112818741  0.9936427131  0.1125795658
21  1  3.933996495e-17  0.03373855088  0.9994309091  0.03373215054
21  2  -8.239604969e-17  -0.008035305206  0.9999677171  -0.008035218738
21  3  -3.030180562e-16  -0.03195020739  0.9994896355  -0.03194477178
21  4  1.551276957e-16  -0.04218709865  0.9991102563  -0.04217458601
21  5  7.12925514e-17  -0.03879267195  0.9992476587  -0.03878294302
21  6  -2.578277128e-16  -0.01148727764  0.999934022  -0.011487025
21  7  -1.462386035e-16  0.101740394  0.994828909  0.1015649639
21  8  -2.099896602e-16  0.190419906  0.9819248456  0.1892712278
21  9  -5.759491464e-17  0.068525037  0.9976530782  0.06847142097
21  10  1.319244464e-17  0.08423240398  0.9964545481  0.08413283311
21  11  4.156732668e-17  0.1024584671  0.9947557214  0.1022792975
21  12  2.513858385e-16  0.1706764669  0.9854700952  0.1698490258
21  13  2.100538703e-16  0.1422644768  0.9898974655  0.1417850761
21  14  2.671693883e-17  0.01337142272  0.9999106039  0.01337102426
21  15  4.008388046e-16  -0.03083487462  0.9995246429  -0.0308299886
21  16  1.10494369e-16  -0.0410559426  0.9991573232  -0.04104440966
21  17  1.562815817e-16  -0.03415266194  0.9994168545  -0.03414602302
21  18  -6.952691086e-17  -0.01500452779  0.9998874342  -0.01500396478
21  19  2.00260602e-16  0.0169078695  0.9998570654  0.01690706392
21  20  2.219868589e-16  0.06015985206  0.9981909418  0.06012357012
21  21  9.487392737e-17  0.1339450245  0.9910427692  0.1335448597
21  22  -4.973893481e-17  0.1284359884  0.9917634302  0.1280831704
21  23  1.010360464e-17  0.9228134021  0.6035794147  0.7973028848
21  24  -8.485301392e-18  0.9855206132  0.5524292271  0.8335598053
21  25  3.719626483e-17  0.01710983652  0.9998536303  0.01710900172
21  26  -1.87762403e-16  -0.0424774777  0.9990979676  -0.04246470491
21  27  -3.933135686e-17  -0.05936968153  0.9982381381  -0.05933481037
21  28  2.710672014e-16  -0.06650796367  0.9977891605  -0.06645894363
21  29  -2.847359427e-17  -0.0625124127  0.9980467353  -0.0624717063
21  30  -5.81825587e-17  -0.04809348717  0.9988437311  -0.0480749494
21  31  -1.212440646e-16  -0.003113104935  0.9999951543  -0.003113099907
21  32  -8.615380146e-17  0.49634768  0.8793277203  0.4762171357
21  33  -1.560718364e-16  1.21657248  0.3468625029  0.9379159899
21  34  5.556776047e-17  0.1136594543  0.9935477149  0.1134148946
21  35  -3.637930342e-16  0.2793141661  0.9612447463  0.2756964592
21  36  -3.637930342e-16  0.2793141661  0.9612447463  0.2756964592

22  0  2.86882463e-16  -1.718488549  -0.1471558731  -0.9891133145
22  1  -2.367792777e-17  -0.005812870953  0.9999831053  -0.005812838218
22  2  -9.985143221e-17  0.06601950815  0.9978215037  0.0659715601
22  3  -2.234232769e-16  0.1388977221  0.9903692099  0.1384515369
22  4  5.694896488e-17  0.2616443456  0.9659659425  0.2586692828
22  5  -1.687824798e-17  0.3642105987  0.9344052463  0.3562117848
22  6  -1.632158166e-16  0.3053925115  0.9537290106  0.300667548
22  7  -7.114721278e-17  0.2091041141  0.9782172785  0.2075836122
22  8  2.651975643e-16  0.1989698954  0.980270708  0.1976596545
22  9  -1.478150238e-16  0.09615815922  0.9953803654  0.09601004172
22  10  1.528771698e-16  0.5748898975  0.8392521749  0.5437423902
22  11  -3.266849757e-17  1.659265909  -0.0883542205  0.9960891184
22  12  1.575431241e-16  0.0415884402  0.9991353255  0.04157645269
22  13  3.646950102e-16  0.08484686955  0.9964026632  0.08474510421
22  14  2.716924461e-16  0.1422644768  0.9898974655  0.1417850761
22  15  -1.424931863e-16  0.2052235363  0.9790154554  0.2037860104
22  16  7.983266454e-17  0.3161038916  0.9504537959  0.3108658584
22  17  -5.080253401e-17  0.3525574753  0.9384926891  0.3452991059
22  18  1.519532131e-16  0.2418496352  0.9708966504  0.2394988397
22  19  2.664732922e-16  0.1357978926  0.9907936272  0.1353809009
22  20  -1.382626599e-16  0.09234768814  0.9957389817  0.09221648578
22  21  1.848311994e-16  0.1284359884  0.9917634302  0.1280831704
22  22  -2.020834693e-16  2.4215249  -0.7517610517  0.659435608
22  23  -3.256035697e-16  0.8986536048  0.6226640721  0.7824892672
22  24  6.013363401e-17  0.3128799733  0.9514510609  0.3078000628
22  25  2.427250014e-16  0.1027986799  0.9947208671  0.1026177202
22  26  -8.194975399e-17  0.02470317559  0.9996948921  0.02470066316
22  27  -2.263323262e-16  -0.002455766931  0.9999969846  -0.002455764462
22  28  2.900812822e-16  -0.0124292694  0.9999227576  -0.01242894937
22  29  -2.855123052e-17  -0.01415066076  0.9998998811  -0.0141501885
22  30  -1.701781642e-16  -0.008906438864  0.9999603379  -0.008906321115
22  31  5.846625001e-17  0.006529682981  0.9999786817  0.00652963658
22  32  8.617034877e-17  0.05056051056  0.9987220897  0.05053897145
22  33  -2.053911324e-16  0.1825536909  0.9833832991  0.1815414196
22  34  2.656564875e-16  0.2290516464  0.9738821604  0.2270540411
22  35  1.489231204e-16  -1.054097736  0.4940124093  -0.8694548519
22  36  1.489231204e-16  -1.054097736  0.4940124093  -0.8694548519

23  0  -1.940386818e-17  0.9960248422  0.5436430081  0.8393165551
23  1  -1.447582211e-16  0.2194862565  0.9760094346  0.2177282334
23  2  -7.034601311e-17  0.7653481543  0.721141204  0.6927881089
23  3  -2.866562242e-17  0.06871480147  0.9976400668  0.06866073885
23  4  3.753609428e-16  0.09877400615  0.9951258126  0.09861347293
23  5  2.877608147e-16  0.1377469218  0.9905278842  0.1373117282
23  6  1.259853786e-17  0.1407078395  0.990116974  0.1402439936
23  7  -9.679453469e-17  0.1321675372  0.9912785778  0.1317830837
23  8  1.855945282e-16  0.1566543266  0.9877547838  0.1560143811
23  9  4.516342879e-17  0.1905377461  0.981902535  0.1893869365
23  10  -1.888149973e-16  -0.03054076602  0.9995336671  -0.03053601848
23  11  -2.17529586e-16  -0.5801452631  0.8363830334  -0.5481454382
23  12  -2.48270966e-17  -0.3444987668  0.9412448498  -0.3377249365
23  13  1.403503695e-16  0.0415884402  0.9991353255  0.04157645269
23  14  1.132733054e-16  0.1706764669  0.9854700952  0.1698490258
23  15  2.169882603e-16  0.1388337205  0.990378069  0.1383881514
23  16  -8.631376858e-17  0.1411404463  0.9900562109  0.1406723118
23  17  -4.745767967e-17  0.1400098367  0.9902146235  0.1395528551
23  18  1.486949999e-16  0.104244258  0.9945714859  0.1040555591
23  19  -9.168946685e-17  0.05572644864  0.9984476832  0.05569761063
23  20  -2.077283641e-16  0.06727368972  0.9977379786  0.06722295723
23  21  -1.04023858e-16  0.9228134021  0.6035794148  0.7973028848
23  22  3.418184029e-17  0.8986536048  0.6226640721  0.7824892672
23  23  -6.352711542e-17  0.2385847488  0.9716734109  0.2363277016
23  24  2.919755811e-16  0.07835117672  0.9969321165  0.07827103622
23  25  -2.001639999e-16  0.1052186496  0.9944696229  0.1050246117
23  26  -2.447836862e-16  0.1333471355  0.9911224371  0.1329523023
23  27  -1.403828295e-17  0.190647459  0.9818817509  0.1894946628
23  28  1.40360265e-16  0.364161308  0.9344228031  0.3561657269
23  29  1.01798337e-17  0.7805398677  0.7105337566  0.703663116
23  30  2.278735745e-16  0.7164019904  0.7541733301  0.6566754055
23  31  2.754067112e-16  0.3304658409  0.9458912884  0.3244836985
23  32  1.367396823e-16  0.1904900552  0.9819115659  0.1893401085
23  33  2.748468914e-17  0.1304243823  0.99150679  0.1300549322
23  34  -2.543055496e-17  0.08097861526  0.9967230233  0.08089014091
23  35  3.692784664e-16  0.1199546953  0.9928140584  0.1196672283
23  36  3.692784664e-16  0.1199546953  0.9928140584  0.1196672283

24  0  8.096047058e-17  -0.009567016941  0.9999542364  -0.009566871
24  1  6.043774524e-17  0.2848193654  0.9597124238  0.2809840986
24  2  -1.311281209e-16  0.5970736617  0.8269844136  0.562224848
24  3  -1.223180312e-16  0.6068934471  0.821423703  0.57031842
24  4  8.132629024e-17  0.05042948285  0.9987287031  0.05040811076
24  5  2.248243341e-16  0.00580927052  0.9999831262  0.005809237845
24  6  3.010716126e-16  0.001145211768  0.9999993442  0.001145211518
24  7  1.841274328e-16  -0.002842581725  0.9999959599  -0.002842577897
24  8  2.069740973e-17  -0.005729801735  0.9999835847  -0.005729770383
24  9  1.342998574e-16  0.02091196178  0.9997813529  0.02091043764
24  10  -8.44495077e-17  0.7577726334  0.726368692  0.687305262
24  11  1.449200105e-16  0.818188749  0.6835443761  0.7299089572
24  12  2.982658843e-16  -0.5801452631  0.8363830334  -0.5481454382
24  13  1.033194365e-16  1.659265909  -0.08835422053  0.9960891184
24  14  -2.23430742e-16  0.1024584671  0.9947557214  0.1022792975
24  15  7.867675314e-17  -0.004825413497  0.9999883577  -0.004825394771
24  16  -3.091564639e-17  -0.005913800011  0.9999825135  -0.005913765541
24  17  1.058795968e-17  -0.001412992906  0.9999990017  -0.001412992435
24  18  3.267123944e-17  0.002313403413  0.9999973241  0.00231340135
24  19  -1.421651463e-17  0.009416940635  0.9999556609  0.009416801455
24  20  -1.10483284e-16  0.1573569631  0.9876449186  0.1567083751
24  21  -1.369773682e-17  0.9855206132  0.5524292271  0.8335598053
24  22  1.712030541e-16  0.3128799733  0.9514510609  0.3078000628
24  23  -2.836934674e-16  0.07835117672  0.9969321165  0.07827103622
24  24  -1.666392393e-16  -0.02045867574  0.9997907286  -0.02045724859
24  25  1.927543022e-17  -0.02379283187  0.9997169639  -0.02379058708
24  26  -9.850833778e-17  0.002138692786  0.999997713  0.002138691155
24  27  -9.824898811e-17  0.03783179051  0.9992844632  0.03782276673
24  28  -1.787006246e-16  0.08259812422  0.9965907139  0.08250423599
24  29  -4.682931269e-16  0.1381521926  0.9904721544  0.137713149
24  30  5.557481735e-18  0.1479976645  0.9890683209  0.1474579827
24  31  4.61280326e-17  0.1018006418  0.9948227881  0.1016248999
24  32  -1.281404938e-16  0.05728693563  0.9983595522  0.0572556068
24  33  -2.409141085e-17  0.02245505416  0.9997478959  0.02245316712
24  34  -1.015538701e-17  -0.01265264236  0.9999199564  -0.01265230477
24  35  3.587767312e-16  -0.03146989376  0.9995048638  -0.03146469963
24  36  3.587767312e-16  -0.03146989376  0.9995048638  -0.03146469963

25  0  -1.339137124e-16  -0.08544056201  0.9963521751  -0.08533664599
25  1  4.040841152e-17  0.0007374834986  0.9999997281  0.0007374834317
25  2  -2.391027299e-16  0.1787331172  0.9840697127  0.1777830154
25  3  -2.336046808e-16  0.02814571763  0.9996039354  0.02814200169
25  4  -1.356401625e-16  0.0416678132  0.9991320223  0.04165575692
25  5  6.156898306e-17  0.01939860211  0.999811853  0.0193973855
25  6  -1.630921943e-16  -2.386785339e-05  0.9999999997  -2.386785339e-05
25  7  4.380159786e-17  -0.008731147196  0.9999618838  -0.008731036263
25  8  -5.912902702e-19  -0.01678486249  0.9998591375  -0.01678407436
25  9  5.05497347e-16  -0.01976640709  0.9998046509  -0.01976511995
25  10  -8.823548948e-18  -0.0001320472115  0.9999999913  -0.0001320472111
25  11  1.912392209e-16  0.7577726334  0.726368692  0.687305262
25  12  -1.113835306e-16  -0.03054076602  0.9995336671  -0.03053601848
25  13  6.878519351e-18  0.5748898974  0.8392521749  0.5437423902
25  14  -1.806980645e-16  0.08423240397  0.9964545481  0.08413283311
25  15  -7.81124927e-17  -0.01671512109  0.9998603056  -0.01671434275
25  16  -1.403359313e-16  -0.01905319906  0.9998184933  -0.01905204629
25  17  -7.921453573e-17  -0.01303707597  0.9999150185  -0.01303670667
25  18  -1.447443619e-16  -0.005138847378  0.9999867962  -0.00513882476
25  19  -1.766851922e-16  0.004742802216  0.9999887529  0.004742784435
25  20  3.311906281e-18  0.04261154149  0.9990922656  0.04259864739
25  21  1.661040876e-16  0.01710983652  0.9998536303  0.01710900172
25  22  2.805337978e-16  0.1027986799  0.9947208671  0.1026177202
25  23  -2.96330495e-17  0.1052186496  0.9944696229  0.1050246117
25  24  -5.203928516e-17  -0.02379283187  0.9997169639  -0.02379058708
25  25  1.279276425e-17  -0.1284000123  0.9917680375  -0.1280474905
25  26  -5.700321444e-17  -0.2211918286  0.975636664  -0.2193925703
25  27  -5.824495118e-16  0.0483273989  0.9988324585  0.04830858935
25  28  -4.263725504e-16  0.08719007956  0.9962013524  0.08707965012
25  29  -4.276708493e-16  0.1026341543  0.9947377369  0.1024540618
25  30  -1.505752457e-16  0.1066348298  0.994319892  0.1064328542
25  31  -1.603577134e-16  0.1066395834  0.994319386  0.1064375808
25  32  -9.366920983e-18  0.1009882361  0.9949050204  0.1008166668
25  33  -3.115728727e-16  0.08404104147  0.9964706297  0.08394214753
25  34  -1.548066574e-17  0.03178071424  0.9994950356  0.03177536469
25  35  3.924210196e-17  -0.3175149203  0.9500142092  -0.312206666
25  36  3.924210196e-17  -0.3175149203  0.9500142092  -0.312206666

26  0  9.849607892e-17  -1.287183371  0.2798260878  -0.9600507073
26  1  -2.145707771e-17  0.02202271913  0.9997575097  0.02202093901
26  2  -3.941520077e-17  0.04073455136  0.9991704629  0.04072328713
26  3  -6.074500037e-17  0.1294177011  0.9916372114  0.1290567353
26  4  -1.077608876e-16  -0.01793455879  0.9998391801  -0.01793359737
26  5  5.704137839e-17  -0.06393085037  0.9979571191  -0.06388731007
26  6  -1.017112007e-17  -0.04522211583  0.9989776544  -0.04520670391
26  7  -2.478548027e-16  -0.0239108392  0.9997141495  -0.02390856085
26  8  1.653093922e-16  -0.02382015995  0.9997163134  -0.02381790742
26  9  2.427927107e-16  -0.02378372551  0.9997171805  -0.02378148331
26  10  5.329131843e-17  -0.01976640709  0.9998046509  -0.01976511995
26  11  -1.54596475e-16  0.02091196178  0.9997813529  0.02091043765
26  12  -3.37212574e-16  0.1905377461  0.981902535  0.1893869365
26  13  -2.665235231e-16  0.09615815922  0.9953803654  0.09601004172
26  14  7.033273378e-17  0.068525037  0.9976530782  0.06847142097
26  15  1.452721071e-17  -0.01389717526  0.9999034358  -0.01389672794
26  16  2.403701343e-17  -0.02224742987  0.9997525361  -0.02224559469
26  17  -1.843350823e-16  -0.02344703661  0.9997251308  -0.02344488829
26  18  4.11317862e-17  -0.02191724469  0.9997598268  -0.02191549002
26  19  -4.747899062e-17  -0.02756115364  0.9996202154  -0.02755766445
26  20  2.503783826e-17  -0.07153176976  0.9974426937  -0.07147078314
26  21  2.279656216e-16  -0.0424774777  0.9990979676  -0.04246470491
26  22  -8.067843397e-17  0.02470317559  0.9996948921  0.02470066316
26  23  -2.62614618e-16  0.1333471355  0.9911224371  0.1329523023
26  24  -2.126537918e-16  0.002138692786  0.999997713  0.002138691156
26  25  -3.433283593e-16  -0.2211918286  0.975636664  -0.2193925703
26  26  -1.476394582e-16  -2.067736915  -0.4767384124  -0.8790452128
26  27  -2.212715586e-16  0.03091108375  0.9995222905  0.03090616142
26  28  1.233778072e-16  0.09688207371  0.9953106016  0.09673058677
26  29  1.273290197e-17  0.09846937644  0.995155807  0.09831032347
26  30  2.245158974e-17  0.08950007582  0.995997541  0.08938063713
26  31  6.707337954e-17  0.08792640996  0.996136963  0.08781315979
26  32  1.800965102e-16  0.09563422232  0.995430532  0.09548851205
26  33  -4.476947161e-17  0.1045832871  0.9945361509  0.1043927419
26  34  1.282512783e-16  0.09000042038  0.9959526952  0.08987896787
26  35  2.008951083e-16  -1.061193279  0.4878307706  -0.8729382219
26  36  2.008951083e-16  -1.061193279  0.4878307706  -0.8729382219

27  0  1.982985362e-16  0.01251388445  0.9999217024  0.01251355785
27  1  1.837065146e-16  0.05789353401  0.9983246374  0.05786119951
27  2  4.492413986e-17  0.05888576515  0.9982667343  0.05885173966
27  3  -8.12480714e-17  0.1132542073  0.9935935943  0.1130122531
27  4  -2.623391263e-16  0.1114016123  0.9938012551  0.1111713337
27  5  1.246332491e-16  -0.03253601817  0.9994707505  -0.03253027807
27  6  2.122350125e-16  -0.1057107543  0.9944178194  -0.1055139821
27  7  3.897261584e-17  -0.1183258594  0.9930076595  -0.118049939
27  8  6.763802929e-17  -0.04793839713  0.9988511751  -0.04792003811
27  9  -2.506256182e-17  -0.02382015995  0.9997163134  -0.02381790742
27  10  -9.500306139e-18  -0.01678486249  0.9998591375  -0.01678407436
27  11  3.394125371e-16  -0.005729801735  0.9999835847  -0.005729770383
27  12  2.351668282e-16  0.1566543266  0.9877547838  0.1560143811
27  13  4.474001527e-17  0.1989698954  0.980270708  0.1976596545
27  14  -1.59557708e-16  0.190419906  0.9819248456  0.1892712278
27  15  -7.275466364e-17  0.02876552144  0.9995863009  0.02876155457
27  16  1.141665976e-16  -0.01408835548  0.9999007608  -0.01408788944
27  17  5.287906578e-17  -0.0196424044  0.9998070942  -0.01964114133
27  18  -3.703010755e-17  -0.02997775552  0.9995507007  -0.02997326572
27  19  -8.032255075e-17  -0.07481241678  0.9972028561  -0.07474265006
27  20  -3.786061118e-17  -0.1438550068  0.9896707001  -0.1433593577
27  21  1.841770862e-16  -0.05936968153  0.9982381381  -0.05933481037
27  22  1.026100513e-16  -0.002455766931  0.9999969846  -0.002455764462
27  23  -1.349431363e-16  0.190647459  0.9818817509  0.1894946628
27  24  1.2175824e-17  0.03783179051  0.9992844632  0.03782276673
27  25  -5.916092856e-18  0.0483273989  0.9988324585  0.04830858935
27  26  -2.972222999e-16  0.03091108375  0.9995222905  0.03090616142
27  27  6.368651546e-17  0.07967741196  0.996827434  0.07959313351
27  28  7.504212772e-18  0.0841251576  0.9964635653  0.08402596649
27  29  -1.279012545e-17  0.05876258738  0.9982739759  0.05872877494
27  30  -3.48086244e-16  0.04269221565  0.9990888258  0.04267924818
27  31  -1.794266552e-16  0.03730817827  0.9993041306  0.037299524
27  32  -9.186551709e-17  0.0395819557  0.9992167367  0.0395716208
27  33  -1.056560393e-16  0.05046818021  0.9987267517  0.05044675888
27  34  -2.234025318e-17  0.07086396329  0.9974901999  0.07080466857
27  35  -3.668344932e-17  0.07871926915  0.996903238  0.07863799409
27  36  -3.668344932e-17  0.07871926915  0.996903238  0.07863799409

28  0  -9.0128267e-17  0.06523981433  0.997872638  0.06519354486
28  1  1.128648587e-16  0.07700910952  0.9970362636  0.07693301624
28  2  3.042365049e-16  0.1004888299  0.9949552448  0.1003197925
28  3  2.377394991e-16  0.08148994838  0.9966815312  0.0813997878
28  4  6.961988753e-17  0.2783837779  0.961500835  0.2748020092
28  5  1.132908007e-16  0.1386464074  0.9904039735  0.1382026382
28  6  4.835870999e-17  -0.03920157986  0.9992317165  -0.03919154004
28  7  -1.857766438e-16  -0.1220247412  0.9925642147  -0.1217221411
28  8  -2.268871077e-16  -0.1183258594  0.9930076595  -0.118049939
28  9  -2.860493931e-16  -0.0239108392  0.9997141495  -0.02390856085
28  10  5.319532147e-17  -0.008731147196  0.9999618838  -0.008731036263
28  11  3.367775199e-16  -0.002842581725  0.9999959599  -0.002842577897
28  12  3.945139326e-18  0.1321675372  0.9912785778  0.1317830837
28  13  1.852961321e-16  0.2091041141  0.9782172785  0.2075836122
28  14  -3.079307655e-16  0.101740394  0.994828909  0.1015649639
28  15  -3.731604659e-17  0.2394389372  0.9714711881  0.2371576074
28  16  -1.959366648e-16  0.0219153398  0.9997598686  0.02191358558
28  17  1.080137801e-16  -0.007269350674  0.9999735784  -0.007269286651
28  18  9.721877132e-17  -0.01343356036  0.9999097711  -0.01343315633
28  19  -2.065528154e-16  -0.05884536967  0.9982691108  -0.05881141415
28  20  -3.587964843e-18  -0.1561734427  0.9878296944  -0.1555393677
28  21  3.129133195e-17  -0.06650796367  0.9977891605  -0.06645894363
28  22  1.028870222e-16  -0.0124292694  0.9999227576  -0.01242894937
28  23  -2.324595901e-17  0.364161308  0.9344228031  0.3561657269
28  24  -3.982489248e-17  0.08259812422  0.9965907139  0.08250423599
28  25  1.05255046e-16  0.08719007956  0.9962013524  0.08707965012
28  26  -1.437986451e-16  0.09688207371  0.9953106016  0.09673058677
28  27  3.477464037e-16  0.0841251576  0.9964635653  0.08402596649
28  28  2.27603076e-16  0.05271850231  0.9986107016  0.05269408614
28  29  -5.315522743e-17  0.02813444617  0.9996042526  0.02813073469
28  30  5.73006226e-17  0.01715625304  0.9998528351  0.01715541143
28  31  -2.463028881e-17  0.0132026184  0.9999128467  0.01320223485
28  32  1.638929547e-16  0.01268257343  0.9999195772  0.01268223344
28  33  -1.391386911e-16  0.01504557474  0.9998868175  0.0150450071
28  34  -1.446522455e-16  0.02238279569  0.9997495157  0.02238092681
28  35  4.402192054e-17  0.039518794  0.9992192341  0.03950850849
28  36  4.402192054e-17  0.039518794  0.9992192341  0.03950850849

29  0  -1.171477485e-16  0.0196045625  0.9998078367  0.01960330672
29  1  8.831427161e-17  0.04059427219  0.9991761657  0.04058312393
29  2  -1.083750866e-16  0.07260894704  0.9973651283  0.07254516408
29  3  -6.168262605e-17  0.1081730757  0.9941549957  0.1079622361
29  4  3.559446442e-17  0.1023383842  0.9947679963  0.1021598436
29  5  8.871677729e-17  0.6669760111  0.7856959339  0.6186128833
29  6  -7.347260844e-17  0.2010628934  0.97985486  0.1997109246
29  7  -1.179159527e-16  -0.03920157986  0.9992317165  -0.03919154004
29  8  -7.337823088e-18  -0.1057107543  0.9944178194  -0.1055139821
29  9  2.282073327e-16  -0.04522211584  0.9989776544  -0.04520670391
29  10  -4.702190089e-17  -2.386785361e-05  0.9999999997  -2.38678536e-05
29  11  2.34531088e-16  0.001145211768  0.9999993442  0.001145211518
29  12  4.814493102e-17  0.1407078395  0.990116974  0.1402439936
29  13  -1.434580463e-16  0.3053925115  0.9537290106  0.300667548
29  14  -3.257738573e-16  -0.01148727764  0.999934022  -0.011487025
29  15  8.570408349e-17  0.07300111583  0.9973366017  0.07293629397
29  16  -3.189478488e-16  0.3485808215  0.9398583999  0.3415643251
29  17  -2.568316864e-16  0.02291232179  0.9997375242  0.02291031711
29  18  -1.05937588e-16  -0.001118846182  0.9999993741  -0.001118845949
29  19  -4.109988232e-17  -0.01196889528  0.9999283736  -0.01196860951
29  20  1.971959346e-16  -0.1020354793  0.9947988953  -0.1018585188
29  21  -4.180463604e-17  -0.0625124127  0.9980467353  -0.0624717063
29  22  -3.724009025e-16  -0.01415066076  0.9998998811  -0.0141501885
29  23  -2.099001461e-16  0.7805398677  0.7105337566  0.703663116
29  24  2.339339347e-17  0.1381521926  0.9904721544  0.137713149
29  25  -2.167503928e-16  0.1026341543  0.9947377369  0.1024540618
29  26  -2.137776246e-17  0.09846937644  0.995155807  0.09831032347
29  27  -1.702086549e-16  0.05876258738  0.9982739759  0.05872877494
29  28  -3.239907785e-16  0.02813444617  0.9996042526  0.02813073469
29  29  -1.650575527e-17  0.01289003931  0.9999169246  0.01288968236
29  30  4.461065434e-16  0.006744615724  0.9999772552  0.006744564588
29  31  -2.587047993e-16  0.00446945182  0.999990012  0.004469436939
29  32  -3.129591873e-16  0.003820028262  0.9999927037  0.003820018972
29  33  -4.104567068e-16  0.004081517605  0.9999916706  0.004081506272
29  34  -1.119322256e-16  0.005517260146  0.99998478  0.005517232155
29  35  2.551752415e-16  0.009547594872  0.9999544221  0.009547449818
29  36  2.551752415e-16  0.009547594872  0.9999544221  0.009547449818

30  0  -1.522658345e-16  0.004484377465  0.9999899452  0.004484362435
30  1  -1.059792522e-16  0.01104993287  0.9999389501  0.01104970801
30  2  1.82808959e-16  0.02707332237  0.99963354  0.02707001519
30  3  2.314704337e-16  0.06199782836  0.9980787502  0.06195811883
30  4  4.928364368e-17  0.1060443583  0.9943825642  0.1058457181
30  5  1.843311296e-16  0.1121791025  0.9937145201  0.1119439707
30  6  1.00643055e-16  0.6669760111  0.7856959339  0.6186128833
30  7  6.545528606e-17  0.1386464074  0.9904039735  0.1382026382
30  8  -2.571116909e-16  -0.03253601817  0.9994707505  -0.03253027807
30  9  1.189774191e-16  -0.06393085037  0.9979571191  -0.06388731007
30  10  -1.50851267e-17  0.01939860211  0.999811853  0.01939738549
30  11  -6.772826702e-17  0.005809270519  0.9999831262  0.005809237845
30  12  -2.131597915e-16  0.1377469218  0.9905278842  0.1373117282
30  13  -1.107156836e-16  0.3642105987  0.9344052463  0.3562117848
30  14  -1.486030339e-16  -0.03879267195  0.9992476587  -0.03878294302
30  15  3.108796675e-16  -0.06735641028  0.9977324145  -0.06730549044
30  16  1.474063982e-16  0.07575469865  0.9971319848  0.07568226292
30  17  2.045950531e-16  0.3959895258  0.9226153349  0.3857213292
30  18  -3.224497732e-16  0.0218175985  0.9997620056  0.02181586765
30  19  -1.433419792e-16  0.007143690993  0.9999744839  0.007143630234
30  20  -1.330287702e-16  -0.02362274931  0.9997209958  -0.02362055232
30  21  -1.942753535e-16  -0.04809348717  0.9988437311  -0.0480749494
30  22  -9.084034609e-17  -0.008906438864  0.9999603379  -0.008906321115
30  23  6.40823403e-17  0.7164019904  0.7541733301  0.6566754055
30  24  1.530484457e-16  0.1479976645  0.9890683209  0.1474579827
30  25  -6.043762744e-17  0.1066348298  0.994319892  0.1064328542
30  26  2.280870625e-16  0.08950007582  0.995997541  0.08938063713
30  27  -2.906073741e-17  0.04269221565  0.9990888258  0.04267924818
30  28  1.082371169e-16  0.01715625304  0.9998528351  0.01715541143
30  29  -3.281303088e-16  0.006744615724  0.9999772552  0.006744564588
30  30  1.240368781e-16  0.002763604493  0.9999961812  0.002763600976
30  31  -6.804058586e-19  0.001300863882  0.9999991539  0.001300863515
30  32  7.46216076e-17  0.0008402199831  0.999999647  0.0008402198843
30  33  -1.694610524e-17  0.0007872305603  0.9999996901  0.000787230479
30  34  1.652670536e-17  0.001040464562  0.9999994587  0.001040464375
30  35  1.059707628e-16  0.001945646148  0.9999981072  0.00194564492
30  36  1.059707628e-16  0.001945646148  0.9999981072  0.00194564492

31  0  -5.955149793e-17  0.0006504129792  0.9999997885  0.0006504129334
31  1  7.266175226e-17  0.002612239622  0.9999965881  0.002612236651
31  2  2.642829566e-16  0.007891446247  0.9999688627  0.007891364341
31  3  -3.052137318e-17  0.02212010609  0.9997553604  0.02211830224
31  4  2.018995354e-16  0.05815038507  0.9983097427  0.05811761834
31  5  2.599513955e-16  0.1060443583  0.9943825642  0.1058457181
31  6  5.963858024e-17  0.1023383842  0.9947679963  0.1021598436
31  7  5.961915207e-17  0.2783837779  0.961500835  0.2748020092
31  8  -3.006335335e-16  0.1114016123  0.9938012551  0.1111713336
31  9  1.146898162e-16  -0.01793455879  0.9998391801  -0.01793359737
31  10  7.63834971e-19  0.0416678132  0.9991320223  0.04165575692
31  11  3.983484121e-17  0.05042948285  0.9987287031  0.05040811076
31  12  -2.626366839e-16  0.09877400615  0.9951258126  0.09861347293
31  13  -1.581832436e-16  0.2616443456  0.9659659425  0.2586692828
31  14  -2.81920753e-17  -0.04218709865  0.9991102563  -0.04217458601
31  15  4.214083926e-17  -0.15613106  0.9878362857  -0.1554975006
31  16  1.591285668e-16  -0.09978162099  0.9950259431  -0.09961612624
31  17  1.346352702e-16  0.06297041921  0.9980180182  0.06292881163
31  18  -1.669262754e-16  0.2715737323  0.9633499392  0.2682478232
31  19  9.416849809e-17  0.0199550168  0.9998009053  0.01995369246
31  20  6.733208941e-17  0.07136917259  0.9974543014  0.07130860084
31  21  -3.852658787e-17  -0.003113104936  0.9999951543  -0.003113099908
31  22  1.083814183e-17  0.006529682981  0.9999786817  0.00652963658
31  23  -1.493658502e-16  0.3304658409  0.9458912884  0.3244836985
31  24  2.595745942e-16  0.1018006418  0.9948227881  0.1016248999
31  25  -2.534337911e-17  0.1066395834  0.994319386  0.1064375808
31  26  9.699010592e-17  0.08792640997  0.996136963  0.08781315979
31  27  9.612353668e-18  0.03730817827  0.9993041306  0.037299524
31  28  1.846122921e-16  0.0132026184  0.9999128467  0.01320223485
31  29  -2.927100458e-17  0.00446945182  0.999990012  0.004469436939
31  30  1.154508322e-16  0.001300863882  0.9999991539  0.001300863515
31  31  -5.150912508e-18  0.0001731381561  0.999999985  0.0001731381552
31  32  -7.529209187e-17  -0.0001512783861  0.9999999886  -0.0001512783856
31  33  -3.944498001e-16  -0.0001986029542  0.9999999803  -0.0001986029529
31  34  -1.85951431e-16  -0.0001767673752  0.9999999844  -0.0001767673743
31  35  -7.234862502e-17  -1.361404655e-05  0.9999999999  -1.361404655e-05
31  36  -7.234862502e-17  -1.361404655e-05  0.9999999999  -1.361404655e-05

32  0  4.447667182e-17  -0.0002840368427  0.9999999597  -0.0002840368388
32  1  2.47352181e-17  0.0002523493195  0.9999999682  0.0002523493169
32  2  -5.6868862e-18  0.002024060828  0.9999979516  0.002024059446
32  3  -2.391536565e-16  0.007109911933  0.9999747247  0.007109852032
32  4  -1.177547481e-16  0.02212010609  0.9997553604  0.02211830224
32  5  -2.178764385e-16  0.06199782836  0.9980787502  0.06195811883
32  6  3.47399667e-17  0.1081730757  0.9941549957  0.1079622361
32  7  1.647531143e-16  0.08148994838  0.9966815312  0.0813997878
32  8  -6.065055802e-18  0.1132542073  0.9935935943  0.1130122531
32  9  5.687179345e-17  0.1294177011  0.9916372114  0.1290567353
32  10  -2.120267233e-18  0.02814571763  0.9996039354  0.02814200169
32  11  -1.885814065e-16  0.6068934472  0.8214237029  0.57031842
32  12  -1.552172864e-16  0.06871480147  0.9976400668  0.06866073885
32  13  -1.829365869e-16  0.1388977221  0.9903692099  0.1384515369
32  14  -5.672586913e-17  -0.03195020739  0.9994896355  -0.03194477178
32  15  7.792348688e-17  -0.1583360108  0.9874910203  -0.1576752513
32  16  5.53494136e-17  -0.218673154  0.9761861473  -0.2169345657
32  17  1.847242383e-16  -0.0760962018  0.9971060809  -0.07602278222
32  18  -1.037830314e-17  0.04537816337  0.9989705878  0.04536259136
32  19  2.230225086e-16  0.1255742617  0.9921259077  0.1252444939
32  20  -1.100005733e-17  0.1398708499  0.99023401  0.139415227
32  21  -1.660605377e-17  0.49634768  0.8793277203  0.4762171357
32  22  4.637744925e-18  0.05056051056  0.9987220897  0.05053897146
32  23  -1.335035999e-16  0.1904900552  0.9819115659  0.1893401085
32  24  -1.69092591e-16  0.05728693563  0.9983595522  0.0572556068
32  25  -7.325149899e-17  0.1009882361  0.9949050204  0.1008166668
32  26  1.277160274e-16  0.09563422232  0.995430532  0.09548851205
32  27  -2.002898369e-16  0.0395819557  0.9992167367  0.0395716208
32  28  -2.651071688e-16  0.01268257343  0.9999195772  0.01268223344
32  29  -6.12172852e-17  0.003820028262  0.9999927037  0.003820018972
32  30  -3.732964271e-16  0.0008402199831  0.999999647  0.0008402198843
32  31  3.698775552e-17  -0.0001512783861  0.9999999886  -0.0001512783856
32  32  2.31525995e-16  -0.0003677074362  0.9999999324  -0.0003677074279
32  33  -1.708433227e-16  -0.0003195955676  0.9999999489  -0.0003195955621
32  34  2.742356138e-17  -0.000287976964  0.9999999585  -0.00028797696
32  35  2.012677946e-16  -0.0003362353959  0.9999999435  -0.0003362353895
32  36  2.012677946e-16  -0.0003362353959  0.9999999435  -0.0003362353895

33  0  6.583586828e-17  -0.0002107402775  0.9999999778  -0.000210740276
33  1  -1.28401377e-16  -0.0002928860035  0.9999999571  -0.0002928859993
33  2  7.077629812e-17  0.0001775243177  0.9999999842  0.0001775243168
33  3  -1.301357267e-16  0.002024060828  0.9999979516  0.002024059446
33  4  3.044918129e-17  0.007891446247  0.9999688627  0.007891364341
33  5  -2.298273965e-16  0.02707332237  0.99963354  0.02707001519
33  6  -2.471075826e-16  0.07260894704  0.9973651283  0.07254516408
33  7  1.90528606e-16  0.1004888299  0.9949552448  0.1003197925
33  8  1.734578971e-16  0.05888576515  0.9982667343  0.05885173966
33  9  3.939694868e-16  0.04073455136  0.9991704629  0.04072328713
33  10  -1.920257157e-16  0.1787331172  0.9840697127  0.1777830154
33  11  9.269885734e-17  0.5970736618  0.8269844136  0.562224848
33  12  -1.383286726e-16  0.7653481542  0.721141204  0.6927881089
33  13  -6.08381485e-17  0.06601950815  0.9978215037  0.0659715601
33  14  -3.120653666e-17  -0.008035305205  0.9999677171  -0.008035218737
33  15  2.259871018e-16  -0.05980642342  0.9982121289  -0.05977077711
33  16  1.045938134e-16  -0.1051467883  0.9944771676  -0.1049531476
33  17  2.423817852e-16  -0.07784665721  0.9969714789  -0.07776805458
33  18  -4.180566426e-17  -0.02572055687  0.9996692447  -0.02571772107
33  19  2.843816954e-17  0.04924755639  0.9987875842  0.04922765195
33  20  9.874522334e-17  0.05435476555  0.9985231434  0.05432800485
33  21  2.141244194e-16  1.21657248  0.3468625029  0.9379159899
33  22  1.114513415e-16  0.1825536909  0.9833832991  0.1815414196
33  23  1.004051903e-16  0.1304243823  0.99150679  0.1300549322
33  24  9.855949619e-17  0.02245505416  0.9997478959  0.02245316712
33  25  2.366557326e-16  0.08404104147  0.9964706297  0.08394214753
33  26  8.202976792e-17  0.1045832871  0.9945361509  0.1043927419
33  27  -2.458746388e-16  0.05046818021  0.9987267517  0.05044675888
33  28  -1.998365978e-16  0.01504557474  0.9998868175  0.0150450071
33  29  5.345611424e-17  0.004081517604  0.9999916706  0.004081506272
33  30  2.233568664e-16  0.0007872305603  0.9999996901  0.000787230479
33  31  2.702728426e-16  -0.0001986029542  0.9999999803  -0.0001986029529
33  32  5.495351724e-17  -0.0003195955676  0.9999999489  -0.0003195955621
33  33  3.643616671e-17  -0.0001167171995  0.9999999932  -0.0001167171993
33  34  -8.778677421e-17  5.806434589e-05  0.9999999983  5.806434585e-05
33  35  -1.515464976e-16  3.799434807e-06  1  3.799434807e-06
33  36  -1.515464976e-16  3.799434807e-06  1  3.799434807e-06

34  0  -1.796230618e-16  0.0002911583732  0.9999999576  0.000291158369
34  1  -2.36386269e-16  -0.0001248567629  0.9999999922  -0.0001248567626
34  2  -1.948048251e-17  -0.0002928860035  0.9999999571  -0.0002928859993
34  3  -5.33964127e-16  0.0002523493195  0.9999999682  0.0002523493168
34  4  -3.022932809e-16  0.002612239622  0.9999965881  0.002612236651
34  5  1.974696432e-17  0.01104993287  0.9999389501  0.01104970801
34  6  1.336822672e-16  0.04059427219  0.9991761657  0.04058312393
34  7  2.971728771e-16  0.07700910952  0.9970362636  0.07693301624
34  8  6.906818201e-17  0.05789353401  0.9983246374  0.05786119951
34  9  8.675879364e-17  0.02202271913  0.9997575097  0.022020939
34  10  4.817130202e-17  0.0007374834979  0.9999997281  0.000737483431
34  11  -1.064652781e-16  0.2848193654  0.9597124238  0.2809840986
34  12  -3.250537685e-16  0.2194862565  0.9760094346  0.2177282333
34  13  1.292204579e-16  -0.005812870951  0.9999831053  -0.005812838215
34  14  -2.739119838e-16  0.03373855088  0.9994309091  0.03373215054
34  15  -1.280929421e-16  0.01053131196  0.9999445462  0.0105311173
34  16  2.909557055e-17  -0.003753136555  0.999992957  -0.003753127744
34  17  -5.907877698e-17  -0.005910946394  0.9999825304  -0.005910911973
34  18  -4.014029768e-17  0.004956732265  0.9999877154  0.004956711968
34  19  -7.552664542e-17  0.02623294472  0.999655936  0.02622993605
34  20  -7.727353049e-17  0.09240641776  0.9957335642  0.09227496499
34  21  -4.81674729e-16  0.1136594543  0.9935477149  0.1134148946
34  22  -3.611237934e-16  0.2290516464  0.9738821604  0.2270540412
34  23  -7.889545345e-17  0.08097861526  0.9967230233  0.08089014091
34  24  -9.100190814e-17  -0.01265264236  0.9999199564  -0.01265230477
34  25  9.747282237e-17  0.03178071424  0.9994950356  0.03177536469
34  26  3.064840682e-16  0.09000042038  0.9959526952  0.08987896787
34  27  -9.131659476e-17  0.07086396329  0.9974901999  0.07080466857
34  28  -3.468490388e-16  0.02238279569  0.9997495157  0.02238092681
34  29  -4.386418292e-17  0.005517260146  0.99998478  0.005517232155
34  30  3.610925649e-16  0.001040464562  0.9999994587  0.001040464375
34  31  2.591877159e-16  -0.0001767673752  0.9999999844  -0.0001767673743
34  32  -1.949167741e-16  -0.000287976964  0.9999999585  -0.00028797696
34  33  -8.782706444e-17  5.806434589e-05  0.9999999983  5.806434585e-05
34  34  -3.04854633e-17  0.0004580006773  0.9999998951  0.0004580006613
34  35  -7.952895283e-18  0.0005668436401  0.9999998393  0.0005668436097
34  36  -7.952895283e-18  0.0005668436401  0.9999998393  0.0005668436097

35  0  7.475311771e-17  0.0008022166114  0.9999996782  0.0008022165254
35  1  -6.849873806e-17  0.0002911583732  0.9999999576  0.000291158369
35  2  7.23621329e-17  -0.0002107402776  0.9999999778  -0.000210740276
35  3  2.764132224e-16  -0.0002840368427  0.9999999597  -0.0002840368389
35  4  2.543119013e-16  0.0006504129792  0.9999997885  0.0006504129333
35  5  -6.202372402e-18  0.004484377465  0.9999899452  0.004484362435
35  6  1.488230726e-16  0.0196045625  0.9998078367  0.01960330672
35  7  2.447846217e-17  0.06523981433  0.997872638  0.06519354486
35  8  5.125264213e-17  0.01251388445  0.9999217024  0.01251355785
35  9  -9.56521027e-17  -1.287183372  0.2798260876  -0.9600507074
35  10  1.689807772e-16  -0.08544056202  0.9963521751  -0.08533664599
35  11  -1.419831987e-16  -0.009567016941  0.9999542364  -0.009566871001
35  12  -2.81115939e-16  0.9960248424  0.543643008  0.8393165552
35  13  -2.349068023e-16  -1.71848855  -0.1471558734  -0.9891133145
35  14  1.290508355e-16  0.112818741  0.9936427131  0.1125795658
35  15  -1.266106464e-17  0.05691213933  0.9983809413  0.05688142132
35  16  -1.300755553e-16  0.0374976517  0.9992970454  0.0374888649
35  17  -2.662153675e-17  0.02876314589  0.9995863692  0.02875918001
35  18  -1.008752431e-16  0.03201233516  0.999487649  0.03200686779
35  19  1.295136485e-16  0.04725313915  0.9988837781  0.04723555618
35  20  2.396227443e-16  0.07623810626  0.9970952829  0.07616427525
35  21  -1.147467119e-16  0.2793141661  0.9612447463  0.2756964592
35  22  -2.231024578e-16  -1.054097736  0.4940124093  -0.8694548519
35  23  1.00846319e-17  0.1199546953  0.9928140584  0.1196672283
35  24  9.86457272e-18  -0.03146989376  0.9995048638  -0.03146469963
35  25  9.5043454e-17  -0.3175149203  0.9500142092  -0.312206666
35  26  1.679559464e-16  -1.061193279  0.4878307706  -0.8729382219
35  27  1.071783911e-16  0.07871926915  0.996903238  0.07863799409
35  28  -5.467040499e-17  0.039518794  0.9992192341  0.03950850849
35  29  1.098531434e-16  0.009547594872  0.9999544221  0.009547449818
35  30  1.458583554e-16  0.001945646148  0.9999981072  0.00194564492
35  31  1.498532665e-16  -1.361404656e-05  0.9999999999  -1.361404656e-05
35  32  -2.233530972e-17  -0.0003362353959  0.9999999435  -0.0003362353895
35  33  1.814684202e-16  3.799434793e-06  1  3.799434793e-06
35  34  3.25648883e-16  0.0005668436401  0.9999998393  0.0005668436097
35  35  1.13117368e-16  0.0009287466202  0.9999995687  0.0009287464867
35  36  1.13117368e-16  0.0009287466202  0.9999995687  0.0009287464867

36  0  7.475311771e-17  0.0008022166114  0.9999995687  0.0009287464867
36  1  -2.36386269e-16  -0.0001248567629  0.9999995687  0.0009287464867
36  2  7.077629812e-17  0.0001775243177  0.9999995687  0.0009287464867
36  3  -2.391536565e-16  0.007109911933  0.9999995687  0.0009287464867
36  4  2.018995354e-16  0.05815038507  0.9999995687  0.0009287464867
36  5  1.843311296e-16  0.1121791025  0.9999995687  0.0009287464867
36  6  -7.347260844e-17  0.2010628934  0.9999995687  0.0009287464867
36  7  -1.857766438e-16  -0.1220247412  0.9999995687  0.0009287464867
36  8  6.763802929e-17  -0.04793839713  0.9999995687  0.0009287464867
36  9  2.427927107e-16  -0.02378372551  0.9999995687  0.0009287464867
36  10  -8.823548948e-18  -0.0001320472115  0.9999995687  0.0009287464867
36  11  1.449200105e-16  0.818188749  0.9999995687  0.0009287464867
36  12  -2.48270966e-17  -0.3444987668  0.9999995687  0.0009287464867
36  13  3.646950102e-16  0.08484686955  0.9999995687  0.0009287464867
36  14  2.671693883e-17  0.01337142272  0.9999995687  0.0009287464867
36  15  2.954229242e-16  -0.1259691199  0.9999995687  0.0009287464867
36  16  1.365614025e-16  -0.180873663  0.9999995687  0.0009287464867
36  17  -8.514459981e-17  0.01259121271  0.9999995687  0.0009287464867
36  18  -1.50154274e-17  0.01259121271  0.9999995687  0.0009287464867
36  19  -1.1920934e-16  -0.180873663  0.9999995687  0.0009287464867
36  20  3.604383628e-16  -0.1259691199  0.9999995687  0.0009287464867
36  21  -4.280047069e-17  0.01337142272  0.9999995687  0.0009287464867
36  22  -2.949002264e-18  0.08484686955  0.9999995687  0.0009287464867
36  23  -1.837400956e-17  -0.3444987668  0.9999995687  0.0009287464867
36  24  -7.328274121e-17  0.818188749  0.9999995687  0.0009287464867
36  25  2.526056422e-16  -0.0001320472118  0.9999995687  0.0009287464867
36  26  -1.525599116e-16  -0.02378372551  0.9999995687  0.0009287464867
36  27  -2.767442129e-16  -0.04793839713  0.9999995687  0.0009287464867
36  28  4.232828781e-16  -0.1220247412  0.9999995687  0.0009287464867
36  29  1.539289552e-16  0.2010628934  0.9999995687  0.0009287464867
36  30  1.602086139e-16  0.1121791025  0.9999995687  0.0009287464867
36  31  1.636958836e-16  0.05815038507  0.9999995687  0.0009287464867
36  32  -2.740520846e-16  0.007109911933  0.9999995687  0.0009287464867
36  33  -2.629039746e-16  0.0001775243177  0.9999995687  0.0009287464867
36  34  -1.443804919e-17  -0.0001248567629  0.9999995687  0.0009287464867
36  35  8.065638604e-17  0.0008022166115  0.9999995687  0.0009287464867
36  36  8.065638604e-17  0.0008022166115  0.9999995687  0.0009287464867

#Chern no*2pi*Iota= -5.35166607e-15  81.68140899
