#nx  ny  tilde_F(nx,ny).real()  tilde_F(nx,ny).imag()  ArgofLog.real()  ArgofLog.imag()
#Extra momentum point for pm3d corners2color c1
0  0  -5.57925694e-17  -0.02621474841  0.9996564132  -0.02621174599
0  1  7.940954123e-17  -0.01433026171  0.9998973236  -0.01432977125
0  2  -1.016209674e-16  -0.00329690493  0.9999945652  -0.003296898957
0  3  -3.375790966e-16  0.001302517476  0.9999991517  0.001302517107
0  4  -7.60934907e-17  0.002381496531  0.9999971642  0.00238149428
0  5  3.6444106e-17  0.001666056797  0.9999986121  0.001666056026
0  6  5.041909021e-17  -0.002645221916  0.9999965014  -0.002645218831
0  7  2.846553445e-16  -0.04341873221  0.9990575549  -0.04340509143
0  8  -8.768269342e-17  -0.06749364907  0.9977231682  -0.0674424174
0  9  7.245919764e-17  -0.005186419523  0.9999865506  -0.005186396271
0  10  -2.430040661e-16  0.001063617021  0.9999994344  0.001063616821
0  11  -1.203620055e-16  0.00327841662  0.999994626  0.003278410747
0  12  1.619004545e-16  0.01173537624  0.9999311413  0.01173510688
0  13  1.159012943e-16  0.1585944295  0.9874502411  0.1579304322
0  14  1.533665775e-16  0.3928923106  0.9238055698  0.3828619454
0  15  -9.332250021e-17  0.03641654167  0.999336991  0.03640849314
0  16  -2.197997491e-17  0.01017368252  0.9999482485  0.01017350702
0  17  6.282129963e-17  0.006712242213  0.999977473  0.006712191811
0  18  9.213199329e-17  0.006296239503  0.9999801787  0.006296197903
0  19  3.452918058e-16  0.007815785088  0.9999694569  0.007815705515
0  20  3.731492622e-17  0.01667847241  0.9998609175  0.01667769918
0  21  1.4110648e-16  0.154641788  0.9880667682  0.1540261718
0  22  5.398159959e-17  0.3959129767  0.9226448588  0.3856507027
0  23  4.80662078e-16  0.03454019522  0.9994035468  0.03453332775
0  24  -8.056531291e-17  0.005692146088  0.9999837998  0.00569211535
0  25  -1.161013343e-16  0.002073565007  0.9999978502  0.002073563521
0  26  3.352334483e-16  -0.0005762885996  0.9999998339  -0.0005762885678
0  27  1.40288491e-16  -0.02363382751  0.9997207341  -0.02363162743
0  28  2.085409719e-16  -0.0815919918  0.9966732197  -0.08150149217
0  29  1.110734601e-16  -0.01241060243  0.9999229895  -0.01241028384
0  30  2.071894838e-16  0.000386745034  0.9999999252  0.0003867450243
0  31  -3.89637107e-17  0.002225608663  0.9999975233  0.002225606825
0  32  -3.725570019e-16  0.00209950642  0.999997796  0.002099504878
0  33  8.317201481e-17  -0.0004418059998  0.9999999024  -0.0004418059854
0  34  -3.103096929e-17  -0.008205274085  0.9999663369  -0.008205182014
0  35  1.373245565e-17  -0.02169685627  0.9997646324  -0.02169515399
0  36  1.373245565e-17  -0.02169685627  0.9997646324  -0.02169515399

1  0  2.034459271e-16  -0.01433026172  0.9998973236  -0.01432977125
1  1  9.287590659e-17  -0.0114815593  0.9999340876  -0.01148130704
1  2  2.759254076e-16  -0.004006335254  0.9999919746  -0.004006324537
1  3  1.638951584e-16  0.0006967669954  0.9999997573  0.000696766939
1  4  1.799270235e-16  0.002299082578  0.9999973571  0.002299080553
1  5  3.858815223e-16  0.002115441285  0.9999977625  0.002115439707
1  6  2.797520189e-16  -0.0001593671936  0.9999999873  -0.0001593671929
1  7  1.609660248e-16  -0.01715289967  0.9998528926  -0.01715205855
1  8  -1.764725866e-16  -0.1023207782  0.9947697947  -0.1021423297
1  9  7.62805912e-17  -0.02153504756  0.9997681298  -0.02153338309
1  10  3.065806567e-16  -0.0006000409732  0.99999982  -0.0006000409371
1  11  -7.464350529e-17  0.002132084163  0.9999977271  0.002132082548
1  12  1.553210516e-16  0.006175805538  0.9999809298  0.00617576628
1  13  -2.374805907e-17  0.03681224221  0.9993225059  0.03680392848
1  14  1.379121114e-16  0.2140071386  0.9771877371  0.2123773211
1  15  -1.355132296e-16  0.05892527943  0.998264408  0.0588911854
1  16  -1.232733769e-16  0.01211039929  0.99992667  0.01211010327
1  17  2.909520075e-16  0.0066795734  0.9999776917  0.00667952373
1  18  1.196870077e-16  0.005613393745  0.9999842449  0.005613364266
1  19  1.870982108e-16  0.00595260294  0.9999822833  0.005952567786
1  20  -1.428127157e-16  0.008519108052  0.9999637126  0.008519005006
1  21  -2.881747948e-17  0.02536128363  0.9996784199  0.02535856501
1  22  -1.261420695e-16  0.1740182046  0.9848970028  0.1731412539
1  23  -2.000018027e-16  0.107717714  0.9942040545  0.1075095248
1  24  -4.602316215e-16  0.01358411461  0.9999077373  0.01358369684
1  25  -4.516960539e-16  0.003596156419  0.9999935338  0.003596148668
1  26  2.141241013e-17  0.001042107907  0.999999457  0.001042107718
1  27  -2.175111832e-16  -0.005280246233  0.9999860595  -0.005280221697
1  28  2.581038948e-17  -0.07056536476  0.9975112976  -0.07050681631
1  29  1.258356906e-16  -0.0621055417  0.9980720706  -0.06206562487
1  30  3.918679581e-16  -0.004431042784  0.9999901829  -0.004431028284
1  31  -1.063258616e-16  0.001375381776  0.9999990542  0.001375381343
1  32  -1.614009753e-16  0.00236200136  0.9999972105  0.002361999163
1  33  -1.150311335e-16  0.001704202632  0.9999985478  0.001704201807
1  34  -1.495771513e-16  -0.001440500203  0.9999989625  -0.001440499705
1  35  -7.213237693e-17  -0.008205274086  0.9999663369  -0.008205182014
1  36  -7.213237693e-17  -0.008205274086  0.9999663369  -0.008205182014

2  0  -3.356047729e-16  -0.00329690493  0.9999945652  -0.003296898957
2  1  -2.803321697e-16  -0.004006335254  0.9999919746  -0.004006324537
2  2  -2.928845182e-17  -0.001664820992  0.9999986142  -0.001664820223
2  3  2.487433194e-16  0.0009860308745  0.9999995139  0.0009860307147
2  4  1.243206099e-16  0.00227536747  0.9999974114  0.002275365507
2  5  3.876189599e-17  0.002253813132  0.9999974602  0.002253811224
2  6  -4.398817664e-17  0.0006727616574  0.9999997737  0.0006727616066
2  7  -9.787994085e-17  -0.008725223157  0.9999619355  -0.00872511245
2  8  1.663602535e-16  -0.1110873823  0.9938361394  -0.110859046
2  9  1.029016272e-16  -0.06906845303  0.9976157225  -0.06901355151
2  10  -1.204079712e-16  -0.004258258216  0.9999909336  -0.004258245347
2  11  -2.703793153e-16  0.001103707887  0.9999993909  0.001103707663
2  12  -1.549900445e-16  0.004098057808  0.999991603  0.004098046337
2  13  -1.457433011e-16  0.01593216939  0.9998730857  0.01593149537
2  14  6.61557058e-17  0.07895574907  0.9968846138  0.07887373948
2  15  -2.227913376e-16  0.05228347939  0.9986335302  0.05225966262
2  16  -7.30364186e-17  0.01207985173  0.9999270395  0.01207955795
2  17  1.608512126e-16  0.006058884302  0.999981645  0.006058847232
2  18  1.219289023e-16  0.00476699604  0.9999886379  0.004766977986
2  19  3.174099301e-17  0.004598745189  0.9999894258  0.004598728979
2  20  -7.776635697e-17  0.005250982256  0.9999862136  0.005250958125
2  21  1.23731285e-16  0.008203276653  0.9999663533  0.008203184649
2  22  1.46818155e-18  0.02687862193  0.9996387916  0.02687538559
2  23  -3.76505056e-16  0.08400479347  0.9964736718  0.08390602742
2  24  -2.106455822e-17  0.03784912311  0.9992838074  0.03784008692
2  25  -2.139431641e-16  0.007895704037  0.9999688291  0.007895621998
2  26  -3.645303213e-17  0.002452794947  0.9999969919  0.002452792487
2  27  -1.042589513e-16  -0.0006473892204  0.9999997904  -0.0006473891752
2  28  -1.298456875e-16  -0.01946484425  0.9998105659  -0.01946361513
2  29  2.626449938e-16  -0.1299038934  0.9915743478  -0.1295388464
2  30  1.690036899e-16  -0.04073660595  0.9991703792  -0.04072534001
2  31  8.047646012e-17  -0.00203979896  0.9999979196  -0.002039797546
2  32  1.516969741e-16  0.00171557647  0.9999985284  0.001715575629
2  33  -1.090529693e-18  0.002371230382  0.9999971886  0.00237122816
2  34  -1.823535109e-16  0.001704202632  0.9999985478  0.001704201808
2  35  -9.610379395e-17  -0.0004418059997  0.9999999024  -0.0004418059853
2  36  -9.610379395e-17  -0.0004418059997  0.9999999024  -0.0004418059853

3  0  -1.28450022e-16  0.001302517476  0.9999991517  0.001302517107
3  1  -6.325258648e-18  0.0006967669955  0.9999997573  0.0006967669391
3  2  1.188597362e-17  0.0009860308745  0.9999995139  0.0009860307147
3  3  -1.067339811e-17  0.001823825958  0.9999983368  0.001823824947
3  4  3.263255799e-16  0.002377899765  0.9999971728  0.002377897524
3  5  9.044059761e-17  0.002220869002  0.9999975339  0.002220867176
3  6  -1.688592503e-16  0.0008267823082  0.9999996582  0.000826782214
3  7  -3.653493536e-16  -0.006353052253  0.9999798194  -0.006353009517
3  8  -3.366730452e-17  -0.1005010701  0.9949540168  -0.1003319709
3  9  -1.09678571e-16  -0.1491355585  0.988899889  -0.148583342
3  10  -2.367929372e-16  -0.01105225618  0.9999389244  -0.01105203117
3  11  -1.018541147e-16  -0.0002085394232  0.9999999783  -0.0002085394217
3  12  2.295820581e-17  0.002953978404  0.999995637  0.002953974108
3  13  -3.027899127e-17  0.00981016694  0.9999518807  0.009810009587
3  14  5.438781863e-17  0.03557864681  0.9993671467  0.03557114114
3  15  1.963167159e-16  0.0334843594  0.9994394512  0.03347810263
3  16  4.165071328e-16  0.01005026889  0.9999494965  0.0100500997
3  17  -9.181931839e-17  0.005005805229  0.999987471  0.005005784323
3  18  6.20495745e-17  0.003872925787  0.9999925002  0.003872916105
3  19  8.959284368e-17  0.003592289464  0.9999935477  0.003592281738
3  20  4.047004799e-17  0.003688722436  0.9999931967  0.003688714071
3  21  2.275065151e-16  0.004313103151  0.9999906986  0.004313089779
3  22  2.33043936e-16  0.006845291717  0.9999765711  0.006845238258
3  23  4.156382539e-17  0.01994619741  0.9998010812  0.01994487484
3  24  1.902364876e-16  0.04102162108  0.9991587313  0.04101011703
3  25  8.806034424e-17  0.01982990297  0.9998033939  0.01982860339
3  26  -1.23169493e-16  0.005589750024  0.9999843774  0.005589720915
3  27  -1.415463966e-17  0.001452409655  0.9999989453  0.001452409144
3  28  -1.452301689e-16  -0.003584004084  0.9999935775  -0.003583996412
3  29  3.162852977e-16  -0.05228977097  0.9986332014  -0.0522659456
3  30  4.362146169e-17  -0.1793192784  0.9839653341  -0.1783598084
3  31  -6.05704218e-17  -0.03062819432  0.9995309935  -0.0306234059
3  32  -2.629762516e-16  -0.001455943386  0.9999989401  -0.001455942872
3  33  -2.911116467e-17  0.00171557647  0.9999985284  0.001715575629
3  34  -5.079029894e-17  0.00236200136  0.9999972105  0.002361999163
3  35  1.387199594e-16  0.00209950642  0.999997796  0.002099504878
3  36  1.387199594e-16  0.00209950642  0.999997796  0.002099504878

4  0  -6.455908527e-17  0.002381496531  0.9999971642  0.00238149428
4  1  -1.917728009e-16  0.002299082578  0.9999973571  0.002299080553
4  2  -1.00773461e-16  0.00227536747  0.9999974114  0.002275365507
4  3  1.427760528e-16  0.002377899765  0.9999971728  0.002377897524
4  4  1.311893083e-16  0.002387806181  0.9999971492  0.002387803912
4  5  3.708670149e-16  0.001975451821  0.9999980488  0.001975450537
4  6  -2.70797114e-16  0.0004379946801  0.9999999041  0.0004379946661
4  7  -2.766117832e-16  -0.006782887177  0.9999769963  -0.006782835166
4  8  3.573644946e-17  -0.0955863925  0.9954350981  -0.09544090069
4  9  4.64849893e-17  -0.2076162944  0.9785250427  -0.206127972
4  10  1.197788709e-16  -0.01876265931  0.9998239865  -0.01876155847
4  11  -4.797327351e-17  -0.001656232824  0.9999986284  -0.001656232067
4  12  -1.949397942e-17  0.002129744538  0.9999977321  0.002129742928
4  13  -1.412667e-16  0.007272903536  0.9999735526  0.007272839419
4  14  -1.434027293e-16  0.02101589853  0.9997791741  0.02101435156
4  15  -3.403408686e-17  0.02106149943  0.9997782148  0.02105994237
4  16  1.2049556e-16  0.007512437696  0.9999717818  0.007512367033
4  17  4.311797055e-17  0.003874242263  0.9999924951  0.003874232571
4  18  -1.571035179e-16  0.003066186066  0.9999952993  0.003066181262
4  19  -1.452950252e-17  0.002853289275  0.9999959294  0.002853285404
4  20  4.186884553e-17  0.002825071548  0.9999960095  0.00282506779
4  21  -8.436150124e-17  0.002934047769  0.9999956957  0.00293404356
4  22  -2.553759327e-17  0.003367270072  0.9999943308  0.003367263709
4  23  1.868413973e-16  0.005158759436  0.9999866936  0.005158736555
4  24  1.101754398e-16  0.01329722688  0.9999115932  0.01329683502
4  25  -4.178897248e-17  0.02393825712  0.9997134936  0.02393597093
4  26  -6.840120556e-17  0.01335227842  0.9999108597  0.01335188167
4  27  -7.120177043e-17  0.004366440366  0.9999904671  0.004366426491
4  28  1.448750065e-16  0.0004500567567  0.9999998987  0.0004500567415
4  29  1.617496472e-16  -0.007295694852  0.9999733865  -0.00729563013
4  30  1.171382525e-17  -0.09057592066  0.9959008049  -0.09045212402
4  31  -3.034703657e-16  -0.1993877392  0.9801880316  -0.1980692372
4  32  2.825580039e-16  -0.03062819432  0.9995309935  -0.0306234059
4  33  1.014525974e-16  -0.00203979896  0.9999979196  -0.002039797546
4  34  -1.527090854e-16  0.001375381776  0.9999990542  0.001375381343
4  35  -4.15157077e-17  0.002225608663  0.9999975233  0.002225606825
4  36  -4.15157077e-17  0.002225608663  0.9999975233  0.002225606825

5  0  1.538014555e-16  0.001666056797  0.9999986121  0.001666056026
5  1  2.974270031e-16  0.002115441285  0.9999977625  0.002115439707
5  2  -1.65829069e-16  0.002253813132  0.9999974602  0.002253811224
5  3  1.430573554e-16  0.002220869002  0.9999975339  0.002220867176
5  4  -5.232417635e-18  0.001975451822  0.9999980488  0.001975450537
5  5  1.624362841e-16  0.00126870245  0.9999991952  0.00126870211
5  6  2.133835946e-16  -0.0008386089116  0.9999996484  -0.0008386088133
5  7  -1.879675401e-16  -0.01051910511  0.9999446747  -0.01051891112
5  8  1.140527343e-16  -0.1086671457  0.9941015335  -0.1084534051
5  9  3.376313294e-16  -0.1826331561  0.9833688698  -0.1816195638
5  10  1.107791829e-16  -0.02030744107  0.999793811  -0.02030604532
5  11  -7.715315012e-17  -0.002511731746  0.9999968456  -0.002511729105
5  12  -1.528963817e-16  0.001584364696  0.9999987449  0.001584364033
5  13  -1.556374745e-16  0.006052604247  0.999981683  0.006052567292
5  14  -2.565446746e-16  0.01520734144  0.9998843706  0.0152067553
5  15  -7.909268429e-17  0.01457335121  0.9998938106  0.01457283537
5  16  -6.463631534e-17  0.005493343173  0.9999849116  0.005493315545
5  17  5.049589121e-16  0.002925385882  0.9999957211  0.002925381709
5  18  1.577781583e-16  0.002430416468  0.9999970465  0.002430414075
5  19  -8.153210174e-17  0.002343864941  0.9999972531  0.002343862795
5  20  -2.954422683e-16  0.002337527303  0.999997268  0.002337525174
5  21  -5.011972905e-17  0.002338767296  0.9999972651  0.002338765164
5  22  -3.121393077e-16  0.002368148867  0.9999971959  0.002368146654
5  23  6.418008042e-17  0.002583498772  0.9999966628  0.002583495898
5  24  6.278543442e-17  0.003744155748  0.9999929907  0.003744147
5  25  -4.623935543e-16  0.009167244905  0.9999579811  0.009167116505
5  26  7.013404754e-17  0.01663832493  0.9998615863  0.01663755727
5  27  -1.892835707e-17  0.01055795989  0.9999442653  0.01055776375
5  28  -6.219702698e-17  0.00366802281  0.9999932728  0.003668014585
5  29  -2.309723462e-16  -0.0002585963144  0.9999999666  -0.0002585963115
5  30  1.298680414e-16  -0.00920503929  0.9999576339  -0.009204909296
5  31  -1.019305364e-16  -0.09057592066  0.9959008049  -0.09045212402
5  32  6.813343913e-17  -0.1793192784  0.9839653341  -0.1783598084
5  33  2.713008459e-16  -0.04073660595  0.9991703792  -0.04072534001
5  34  2.841225267e-16  -0.004431042784  0.9999901829  -0.004431028284
5  35  -1.249507958e-18  0.000386745034  0.9999999252  0.0003867450243
5  36  -1.249507958e-18  0.000386745034  0.9999999252  0.0003867450243

6  0  -7.835220704e-17  -0.002645221916  0.9999965014  -0.002645218831
6  1  6.031441584e-17  -0.0001593671936  0.9999999873  -0.0001593671929
6  2  -1.541001508e-16  0.0006727616574  0.9999997737  0.0006727616066
6  3  4.047430047e-16  0.0008267823081  0.9999996582  0.0008267822139
6  4  7.862064948e-17  0.0004379946802  0.9999999041  0.0004379946662
6  5  -7.999749571e-17  -0.0008386089117  0.9999996484  -0.0008386088134
6  6  -9.883732301e-17  -0.004795231449  0.9999885029  -0.004795213072
6  7  -1.23589378e-16  -0.02332584631  0.9997279648  -0.02332373112
6  8  1.948480109e-16  -0.1258225235  0.9920947837  -0.125490797
6  9  2.772548724e-16  -0.09729993695  0.9952700945  -0.09714648202
6  10  -9.136016872e-17  -0.01397410719  0.9999023638  -0.01397365239
6  11  4.044581401e-17  -0.002147169062  0.9999976948  -0.002147167413
6  12  -3.626612078e-16  0.001461248643  0.9999989324  0.001461248123
6  13  -1.32807557e-17  0.005567025871  0.9999845042  0.005566997116
6  14  -2.897189096e-17  0.01283151877  0.9999176772  0.01283116666
6  15  -1.907099856e-16  0.01144591835  0.9999344962  0.01144566843
6  16  1.248415677e-16  0.00419636655  0.9999911953  0.004196354234
6  17  -7.946350768e-18  0.002246531516  0.9999974765  0.002246529626
6  18  1.399606971e-16  0.001980166723  0.9999980395  0.001980165429
6  19  3.099608796e-16  0.002022121818  0.9999979555  0.00202212044
6  20  1.119802437e-16  0.00209186807  0.999997812  0.002091866545
6  21  -4.802016854e-17  0.002109170363  0.9999977757  0.002109168799
6  22  2.706922419e-16  0.002059262014  0.9999978797  0.002059260558
6  23  -2.17397375e-17  0.001982015525  0.9999980358  0.001982014227
6  24  7.580774414e-17  0.00201697915  0.9999979659  0.002016977782
6  25  4.487961166e-18  0.002775914523  0.9999961472  0.002775910958
6  26  1.487800505e-16  0.006932646769  0.9999759693  0.006932591236
6  27  7.598350605e-17  0.01346835575  0.9999093031  0.01346794856
6  28  9.377061964e-17  0.009433373505  0.9999555061  0.009433233595
6  29  2.650537912e-17  0.003427435232  0.9999941263  0.003427428521
6  30  2.032966974e-16  -0.0002585963143  0.9999999666  -0.0002585963114
6  31  1.848117713e-16  -0.007295694852  0.9999733865  -0.007295630131
6  32  -2.656227353e-16  -0.05228977097  0.9986332014  -0.0522659456
6  33  1.102578564e-16  -0.1299038934  0.9915743478  -0.1295388464
6  34  -1.367231147e-16  -0.0621055417  0.9980720706  -0.06206562487
6  35  -2.353902504e-16  -0.01241060243  0.9999229895  -0.01241028384
6  36  -2.353902504e-16  -0.01241060243  0.9999229895  -0.01241028384

7  0  2.768840634e-16  -0.04341873221  0.9990575549  -0.04340509143
7  1  1.080084861e-16  -0.01715289967  0.9998528926  -0.01715205855
7  2  4.351611296e-17  -0.008725223157  0.9999619355  -0.00872511245
7  3  -8.159846393e-17  -0.006353052253  0.9999798194  -0.006353009517
7  4  -3.131634437e-17  -0.006782887176  0.9999769963  -0.006782835166
7  5  1.101110103e-16  -0.01051910511  0.9999446747  -0.01051891112
7  6  3.358846926e-17  -0.0233258463  0.9997279648  -0.02332373112
7  7  5.301932555e-17  -0.06681149101  0.9977689424  -0.06676179686
7  8  -2.73885783e-16  -0.1017143424  0.9948315546  -0.101539047
7  9  -4.490424475e-16  -0.03323166956  0.9994478789  -0.03322555337
7  10  1.90783838e-17  -0.006458813377  0.9999791419  -0.006458768471
7  11  2.067123837e-17  -0.0008663930588  0.9999996247  -0.0008663929504
7  12  5.595992462e-17  0.001802081529  0.9999983763  0.001802080553
7  13  7.414851588e-17  0.005684497397  0.9999838433  0.005684466783
7  14  3.223463493e-16  0.01237283267  0.9999234575  0.01237251698
7  15  -5.717500663e-17  0.01032799254  0.9999466668  0.01032780893
7  16  -4.044601295e-17  0.003533178639  0.9999937583  0.003533171288
7  17  2.092187908e-16  0.001832720733  0.9999983206  0.001832719707
7  18  4.706337116e-16  0.001693300487  0.9999985664  0.001693299677
7  19  9.849586081e-17  0.001838293653  0.9999983103  0.001838292617
7  20  -1.089695836e-16  0.002001964309  0.9999979961  0.002001962972
7  21  4.454068585e-16  0.002088934799  0.9999978182  0.00208893328
7  22  1.095867292e-16  0.002058180068  0.9999978819  0.002058178615
7  23  2.470556559e-16  0.001921655924  0.9999981536  0.001921654741
7  24  4.878505537e-17  0.001741540057  0.9999984835  0.001741539177
7  25  8.337235565e-17  0.001657820517  0.9999986258  0.001657819757
7  26  -8.688299172e-17  0.002227674676  0.9999975187  0.002227672834
7  27  2.347780797e-18  0.005958770039  0.9999822466  0.005958734776
7  28  -1.528397925e-16  0.01256057912  0.999921117  0.01256024885
7  29  -1.123473225e-16  0.009433373505  0.9999555061  0.009433233595
7  30  -1.714631929e-16  0.003668022811  0.9999932728  0.003668014585
7  31  1.94608492e-17  0.0004500567567  0.9999998987  0.0004500567415
7  32  -1.84248439e-16  -0.003584004084  0.9999935775  -0.003583996411
7  33  -2.495564063e-16  -0.01946484425  0.9998105659  -0.01946361513
7  34  -2.077941774e-16  -0.07056536476  0.9975112976  -0.07050681631
7  35  -3.064708631e-16  -0.0815919918  0.9966732197  -0.08150149217
7  36  -3.064708631e-16  -0.0815919918  0.9966732197  -0.08150149217

8  0  2.620518014e-16  -0.06749364907  0.9977231682  -0.0674424174
8  1  -2.237476467e-17  -0.1023207783  0.9947697947  -0.1021423297
8  2  3.660451821e-16  -0.1110873823  0.9938361394  -0.110859046
8  3  -1.353685176e-16  -0.1005010701  0.9949540168  -0.1003319709
8  4  -1.078123991e-16  -0.0955863925  0.9954350981  -0.09544090069
8  5  2.473400078e-16  -0.1086671457  0.9941015335  -0.1084534051
8  6  1.24750364e-16  -0.1258225235  0.9920947837  -0.125490797
8  7  -1.398544741e-16  -0.1017143424  0.9948315546  -0.101539047
8  8  -2.28667485e-16  -0.03861480556  0.999254541  -0.03860520983
8  9  -9.111745983e-18  -0.008824203684  0.999961067  -0.008824089166
8  10  -2.927567178e-16  -0.001770282206  0.9999984331  -0.001770281282
8  11  1.692547716e-16  0.0005275202795  0.9999998609  0.000527520255
8  12  2.233667877e-16  0.002474243801  0.9999969391  0.002474241276
8  13  -3.359211923e-16  0.006423358794  0.9999793703  0.006423314623
8  14  1.603726642e-16  0.01358799831  0.9999076846  0.01358758018
8  15  -8.653153961e-17  0.01077708307  0.9999419278  0.01077687445
8  16  -1.355119382e-16  0.003418481519  0.999994157  0.003418474861
8  17  -5.605246133e-17  0.001662178986  0.9999986186  0.001662178221
8  18  -2.178202848e-17  0.001543930223  0.9999988081  0.00154392961
8  19  -1.335287875e-16  0.001746497086  0.9999984749  0.001746496198
8  20  4.650591398e-17  0.001996384188  0.9999980072  0.001996382862
8  21  -9.186585028e-17  0.002178872915  0.9999976263  0.002178871191
8  22  1.27663315e-16  0.002219503813  0.9999975369  0.002219501991
8  23  -1.453608172e-16  0.002100045099  0.9999977949  0.002100043555
8  24  1.766892789e-16  0.001867575478  0.9999982561  0.001867574393
8  25  1.688474882e-16  0.001611971328  0.9999987008  0.00161197063
8  26  -4.251335e-17  0.001484276116  0.9999988985  0.001484275571
8  27  3.695851524e-17  0.002050971454  0.9999978968  0.002050970016
8  28  2.747858546e-16  0.005958770038  0.9999822466  0.005958734775
8  29  4.873346491e-17  0.01346835575  0.9999093031  0.01346794856
8  30  3.64318954e-16  0.01055795989  0.9999442653  0.01055776375
8  31  1.426602118e-16  0.004366440366  0.9999904671  0.004366426491
8  32  -1.167582547e-16  0.001452409655  0.9999989453  0.001452409144
8  33  -1.110690732e-16  -0.0006473892204  0.9999997904  -0.0006473891752
8  34  -1.875250668e-16  -0.005280246234  0.9999860595  -0.005280221697
8  35  -1.731938458e-16  -0.02363382751  0.9997207341  -0.02363162743
8  36  -1.731938458e-16  -0.02363382751  0.9997207341  -0.02363162743

9  0  -1.702051796e-16  -0.005186419523  0.9999865506  -0.005186396271
9  1  1.174727889e-16  -0.02153504756  0.9997681298  -0.02153338309
9  2  2.209151547e-17  -0.06906845303  0.9976157225  -0.06901355152
9  3  -1.433173712e-16  -0.1491355585  0.988899889  -0.148583342
9  4  1.274363154e-16  -0.2076162944  0.9785250427  -0.206127972
9  5  -1.21370912e-16  -0.1826331561  0.9833688698  -0.1816195638
9  6  2.345130212e-16  -0.09729993695  0.9952700945  -0.09714648202
9  7  1.036081318e-16  -0.03323166957  0.9994478789  -0.03322555337
9  8  -7.658168151e-17  -0.008824203684  0.999961067  -0.008824089167
9  9  -1.533526696e-17  -0.00171998958  0.9999985208  -0.001719988732
9  10  -3.108108012e-16  0.0004661324994  0.9999998914  0.0004661324826
9  11  9.677844843e-17  0.001622963781  0.999998683  0.001622963069
9  12  3.572949131e-16  0.003378176089  0.999994294  0.003378169663
9  13  -1.328275393e-16  0.00801647859  0.9999678682  0.008016392728
9  14  1.16266394e-16  0.01715211522  0.9998529061  0.01715127422
9  15  -1.344343146e-16  0.0129965444  0.9999155461  0.01299617853
9  16  5.27998532e-17  0.003838220092  0.999992634  0.003838210668
9  17  1.35048923e-16  0.001724185088  0.9999985136  0.001724184233
9  18  1.737495312e-16  0.001516844474  0.9999988496  0.001516843893
9  19  -1.278256665e-16  0.00171462885  0.99999853  0.00171462801
9  20  1.664013132e-16  0.00201671169  0.9999979664  0.002016710323
9  21  -3.798263225e-17  0.002292688357  0.9999973718  0.002292686349
9  22  3.530088432e-16  0.00243591202  0.9999970332  0.002435909611
9  23  3.136523186e-17  0.00238524999  0.9999971553  0.002385247729
9  24  7.275800927e-17  0.002161434044  0.9999976641  0.002161432361
9  25  -4.296115799e-17  0.001852482977  0.9999982842  0.001852481917
9  26  1.470415548e-16  0.001571163423  0.9999987657  0.001571162777
9  27  3.141100115e-17  0.001484276116  0.9999988985  0.001484275571
9  28  2.325750669e-16  0.002227674676  0.9999975187  0.002227672833
9  29  2.848337684e-17  0.00693264677  0.9999759693  0.006932591238
9  30  3.859883102e-16  0.01663832493  0.9998615863  0.01663755727
9  31  -1.168239814e-16  0.01335227842  0.9999108597  0.01335188167
9  32  -7.346595663e-17  0.005589750024  0.9999843774  0.005589720915
9  33  -8.930760749e-17  0.002452794947  0.9999969919  0.002452792487
9  34  -2.364403571e-16  0.001042107907  0.999999457  0.001042107718
9  35  8.332780215e-17  -0.0005762885996  0.9999998339  -0.0005762885677
9  36  8.332780215e-17  -0.0005762885996  0.9999998339  -0.0005762885677

10  0  1.472896873e-16  0.001063617021  0.9999994344  0.001063616821
10  1  1.87564223e-16  -0.0006000409731  0.99999982  -0.0006000409371
10  2  3.540999516e-17  -0.004258258216  0.9999909336  -0.004258245347
10  3  -8.68061809e-18  -0.01105225618  0.9999389244  -0.01105203118
10  4  4.476226759e-16  -0.01876265931  0.9998239865  -0.01876155847
10  5  3.315872669e-16  -0.02030744107  0.999793811  -0.02030604532
10  6  -5.434938058e-17  -0.01397410719  0.9999023638  -0.01397365239
10  7  -5.753917658e-17  -0.006458813377  0.9999791419  -0.006458768471
10  8  2.069813152e-16  -0.001770282206  0.9999984331  -0.001770281282
10  9  1.22920054e-16  0.0004661324994  0.9999998914  0.0004661324825
10  10  -2.456498994e-16  0.001559821662  0.9999987835  0.00155982103
10  11  -3.819104887e-16  0.002566056742  0.9999967077  0.002566053926
10  12  2.831974466e-16  0.004732298898  0.9999888027  0.004732281235
10  13  -4.402085814e-17  0.01139623923  0.9999350636  0.01139599256
10  14  1.534173635e-16  0.02569983474  0.9996697774  0.02569700579
10  15  2.41613949e-17  0.01800950009  0.9998378333  0.01800852657
10  16  2.496154396e-16  0.004854157868  0.9999882186  0.004854138805
10  17  1.624102668e-16  0.002022814122  0.9999979541  0.002022812743
10  18  -3.944626984e-16  0.001608938979  0.9999987057  0.001608938285
10  19  -1.132188282e-16  0.001728351006  0.9999985064  0.001728350146
10  20  4.810471814e-17  0.002025399631  0.9999979489  0.002025398246
10  21  3.628611609e-17  0.002359049626  0.9999972174  0.002359047438
10  22  1.101683007e-16  0.002604302592  0.9999966088  0.002604299648
10  23  -6.087053197e-17  0.002658518421  0.9999964661  0.002658515289
10  24  -1.326501903e-16  0.002496736865  0.9999968832  0.002496734271
10  25  1.555110778e-16  0.002188600581  0.999997605  0.002188598833
10  26  1.710749146e-16  0.001852482977  0.9999982842  0.001852481917
10  27  -9.044385455e-17  0.001611971328  0.9999987008  0.00161197063
10  28  5.092165067e-16  0.001657820517  0.9999986258  0.001657819757
10  29  1.140217275e-16  0.002775914523  0.9999961472  0.002775910958
10  30  -1.574524272e-16  0.009167244903  0.9999579811  0.009167116504
10  31  -4.471107053e-17  0.02393825712  0.9997134936  0.02393597092
10  32  1.360452516e-16  0.01982990297  0.9998033939  0.01982860339
10  33  3.484377004e-16  0.007895704037  0.9999688291  0.007895621998
10  34  -2.587234723e-16  0.003596156419  0.9999935338  0.003596148668
10  35  1.113671588e-16  0.002073565007  0.9999978502  0.002073563521
10  36  1.113671588e-16  0.002073565007  0.9999978502  0.002073563521

11  0  -1.112537783e-16  0.00327841662  0.999994626  0.003278410747
11  1  1.010444065e-16  0.002132084163  0.9999977271  0.002132082548
11  2  8.129756946e-17  0.001103707887  0.9999993909  0.001103707663
11  3  1.095041472e-16  -0.0002085394232  0.9999999783  -0.0002085394217
11  4  2.662915802e-16  -0.001656232824  0.9999986284  -0.001656232067
11  5  5.064221902e-17  -0.002511731746  0.9999968456  -0.002511729105
11  6  -1.1337112e-16  -0.002147169062  0.9999976948  -0.002147167412
11  7  -2.047218607e-16  -0.0008663930588  0.9999996247  -0.0008663929504
11  8  7.039601734e-17  0.0005275202795  0.9999998609  0.0005275202551
11  9  4.22305297e-16  0.001622963781  0.999998683  0.001622963069
11  10  -5.539712985e-17  0.002566056742  0.9999967077  0.002566053926
11  11  -7.846042409e-17  0.003969524888  0.9999921214  0.003969514464
11  12  3.1724502e-16  0.007559435329  0.9999714276  0.007559363331
11  13  1.380640308e-16  0.02017707332  0.9997964498  0.02017570428
11  14  3.364661129e-16  0.04906193679  0.9987967046  0.04904225655
11  15  2.030449632e-16  0.02826605132  0.9996005418  0.02826228751
11  16  7.997704256e-18  0.006571325807  0.9999784089  0.006571278513
11  17  -3.323534482e-17  0.002575587435  0.9999966832  0.002575584588
11  18  -4.614300278e-16  0.001828741727  0.9999983279  0.001828740707
11  19  -2.219758288e-16  0.001791704307  0.9999983949  0.001791703348
11  20  -2.077501667e-16  0.002013658112  0.9999979726  0.002013656751
11  21  -5.504150185e-17  0.00234057103  0.9999972609  0.002340568893
11  22  -1.354710263e-17  0.002645777649  0.9999964999  0.002645774563
11  23  -7.413184644e-17  0.00280503571  0.9999960659  0.002805032031
11  24  1.206027604e-17  0.002746566122  0.9999962282  0.002746562669
11  25  -1.090826845e-16  0.002496736865  0.9999968832  0.002496734271
11  26  1.48624858e-16  0.002161434044  0.9999976641  0.002161432361
11  27  6.363262265e-17  0.001867575478  0.9999982561  0.001867574393
11  28  3.548458057e-16  0.001741540057  0.9999984835  0.001741539177
11  29  5.033374095e-17  0.00201697915  0.9999979659  0.002016977782
11  30  1.589961341e-16  0.003744155748  0.9999929907  0.003744147
11  31  -4.094935036e-17  0.01329722688  0.9999115932  0.01329683502
11  32  -1.210853191e-16  0.04102162108  0.9991587313  0.04101011703
11  33  2.967493777e-16  0.03784912311  0.9992838074  0.03784008692
11  34  -1.661054853e-16  0.01358411461  0.9999077373  0.01358369684
11  35  2.256809361e-16  0.005692146088  0.9999837998  0.00569211535
11  36  2.256809361e-16  0.005692146088  0.9999837998  0.00569211535

12  0  2.819309843e-17  0.01173537624  0.9999311413  0.01173510688
12  1  -3.675020569e-16  0.006175805538  0.9999809298  0.00617576628
12  2  1.363528994e-16  0.004098057808  0.999991603  0.004098046337
12  3  -8.463680615e-17  0.002953978404  0.999995637  0.002953974108
12  4  -2.050251365e-16  0.002129744538  0.9999977321  0.002129742928
12  5  2.718672275e-16  0.001584364696  0.9999987449  0.001584364033
12  6  -1.528315176e-17  0.001461248643  0.9999989324  0.001461248123
12  7  -2.915298594e-17  0.001802081529  0.9999983763  0.001802080553
12  8  2.153662678e-16  0.002474243801  0.9999969391  0.002474241276
12  9  4.318249183e-17  0.003378176089  0.999994294  0.003378169663
12  10  1.161224466e-16  0.004732298898  0.9999888027  0.004732281235
12  11  -4.045589661e-16  0.007559435329  0.9999714276  0.007559363331
12  12  1.128601449e-16  0.0160559852  0.9998711054  0.01605529535
12  13  1.733292538e-17  0.05359238191  0.998564272  0.05356673143
12  14  2.366904192e-16  0.1321891711  0.9912757266  0.1318045289
12  15  1.033183282e-16  0.04657371953  0.9989156404  0.04655688409
12  16  -7.594151543e-18  0.008943100146  0.9999600107  0.008942980936
12  17  -1.722667292e-16  0.003398877682  0.9999942238  0.003398871138
12  18  1.000594251e-17  0.002196887899  0.9999975868  0.002196886132
12  19  -2.170238347e-17  0.001927344123  0.9999981427  0.00192734293
12  20  3.477939353e-17  0.002003875288  0.9999979922  0.002003873947
12  21  -4.74125113e-17  0.002248573336  0.999997472  0.002248571441
12  22  -8.240578382e-17  0.002540698391  0.9999967724  0.002540695657
12  23  1.782404731e-16  0.002758463065  0.9999961954  0.002758459567
12  24  1.307834853e-16  0.00280503571  0.9999960659  0.002805032031
12  25  -3.412511861e-16  0.002658518421  0.9999964661  0.002658515289
12  26  9.253121343e-18  0.00238524999  0.9999971553  0.002385247729
12  27  -5.317672756e-19  0.002100045099  0.9999977949  0.002100043555
12  28  1.435673579e-16  0.001921655924  0.9999981536  0.001921654741
12  29  -1.448747647e-16  0.001982015525  0.9999980358  0.001982014227
12  30  8.461640891e-17  0.002583498772  0.9999966628  0.002583495898
12  31  -2.678365445e-16  0.005158759436  0.9999866936  0.005158736555
12  32  -5.841786141e-17  0.01994619741  0.9998010812  0.01994487484
12  33  3.069138964e-16  0.08400479348  0.9964736718  0.08390602742
12  34  3.752144096e-16  0.107717714  0.9942040545  0.1075095248
12  35  1.829152892e-16  0.03454019522  0.9994035468  0.03453332775
12  36  1.829152892e-16  0.03454019522  0.9994035468  0.03453332775

13  0  -3.591853442e-17  0.1585944295  0.9874502411  0.1579304322
13  1  -1.50945551e-16  0.03681224221  0.9993225059  0.03680392848
13  2  1.017720617e-16  0.01593216939  0.9998730857  0.01593149537
13  3  -2.01971442e-16  0.00981016694  0.9999518807  0.009810009587
13  4  -9.056352135e-17  0.007272903535  0.9999735526  0.007272839419
13  5  -2.275661188e-16  0.006052604247  0.999981683  0.006052567292
13  6  2.951574496e-17  0.005567025871  0.9999845042  0.005566997116
13  7  -2.337620111e-16  0.005684497397  0.9999838433  0.005684466783
13  8  1.140476788e-16  0.006423358794  0.9999793703  0.006423314623
13  9  -5.506090278e-16  0.008016478589  0.9999678682  0.008016392728
13  10  4.039949234e-17  0.01139623923  0.9999350636  0.01139599255
13  11  5.083070537e-18  0.02017707332  0.9997964498  0.02017570428
13  12  -3.468944883e-17  0.05359238191  0.998564272  0.05356673143
13  13  -1.573203438e-16  0.2641644538  0.9653110013  0.2611027975
13  14  -3.841387889e-18  0.3972003537  0.9221476166  0.3868381745
13  15  4.533280284e-16  0.06047892303  0.9981717073  0.06044206082
13  16  1.696997172e-16  0.01127293354  0.9999364612  0.01127269478
13  17  -4.994629841e-16  0.004453605801  0.9999900827  0.004453591079
13  18  -2.081119519e-16  0.002738823186  0.9999962494  0.002738819762
13  19  -4.978479557e-16  0.002174726592  0.9999976353  0.002174724878
13  20  -1.118041803e-16  0.002044792705  0.9999979094  0.00204479128
13  21  -9.600194903e-17  0.002138918862  0.9999977125  0.002138917232
13  22  -2.92748118e-16  0.002339866264  0.9999972625  0.002339864129
13  23  2.653586543e-17  0.002540698391  0.9999967724  0.002540695657
13  24  -1.414590656e-16  0.002645777649  0.9999964999  0.002645774562
13  25  -2.119826179e-16  0.002604302592  0.9999966088  0.002604299648
13  26  9.905294237e-17  0.00243591202  0.9999970332  0.002435909611
13  27  2.469402204e-16  0.002219503813  0.9999975369  0.002219501991
13  28  1.741368507e-16  0.002058180068  0.9999978819  0.002058178615
13  29  5.732152503e-17  0.002059262014  0.9999978797  0.002059260558
13  30  1.818864725e-16  0.002368148867  0.9999971959  0.002368146654
13  31  -1.281386217e-16  0.003367270072  0.9999943308  0.003367263709
13  32  -1.581337408e-17  0.006845291717  0.9999765711  0.006845238257
13  33  1.462283627e-16  0.02687862193  0.9996387916  0.02687538559
13  34  1.830918694e-17  0.1740182046  0.9848970028  0.1731412539
13  35  1.314305359e-17  0.3959129767  0.9226448588  0.3856507027
13  36  1.314305359e-17  0.3959129767  0.9226448588  0.3856507027

14  0  -1.528531369e-16  0.3928923106  0.9238055698  0.3828619454
14  1  -1.706165471e-16  0.2140071386  0.9771877371  0.2123773211
14  2  4.439482546e-17  0.07895574907  0.9968846138  0.07887373948
14  3  -3.594915426e-16  0.03557864681  0.9993671467  0.03557114114
14  4  1.277608086e-16  0.02101589853  0.9997791741  0.02101435156
14  5  -1.529023979e-16  0.01520734144  0.9998843706  0.0152067553
14  6  -1.274114129e-16  0.01283151877  0.9999176772  0.01283116666
14  7  -2.411923468e-16  0.01237283267  0.9999234575  0.01237251698
14  8  1.474497169e-16  0.01358799831  0.9999076846  0.01358758018
14  9  2.078707551e-16  0.01715211522  0.9998529061  0.01715127422
14  10  -8.290170835e-17  0.02569983474  0.9996697774  0.02569700579
14  11  7.875357196e-17  0.04906193679  0.9987967046  0.04904225655
14  12  -1.892786599e-17  0.1321891711  0.9912757266  0.1318045289
14  13  2.390039629e-16  0.3972003537  0.9221476166  0.3868381745
14  14  3.135612656e-18  0.2581231215  0.9668707847  0.2552663036
14  15  1.647719994e-16  0.04385690589  0.99903844  0.04384284797
14  16  2.30780223e-17  0.01211615704  0.9999266003  0.01211586059
14  17  -6.392500055e-17  0.005556871974  0.9999845606  0.005556843375
14  18  4.806638937e-17  0.003459819718  0.9999940148  0.003459812816
14  19  -2.136333461e-16  0.002582400963  0.9999966656  0.002582398092
14  20  -3.188334498e-17  0.002202235003  0.9999975751  0.002202233223
14  21  -1.617814982e-16  0.002092849729  0.99999781  0.002092848201
14  22  -8.819520445e-17  0.002138918862  0.9999977125  0.002138917232
14  23  5.920957767e-17  0.002248573336  0.999997472  0.002248571441
14  24  -1.444955064e-16  0.00234057103  0.9999972609  0.002340568893
14  25  1.7045413e-16  0.002359049626  0.9999972174  0.002359047438
14  26  -1.355140591e-16  0.002292688357  0.9999973718  0.002292686349
14  27  1.433014814e-16  0.002178872915  0.9999976263  0.002178871191
14  28  2.043361902e-18  0.002088934799  0.9999978182  0.00208893328
14  29  7.832504453e-17  0.002109170363  0.9999977757  0.002109168799
14  30  3.061123703e-16  0.002338767296  0.9999972651  0.002338765164
14  31  1.741732964e-17  0.002934047769  0.9999956957  0.00293404356
14  32  -1.257525724e-16  0.004313103151  0.9999906986  0.004313089779
14  33  2.152368122e-17  0.008203276653  0.9999663533  0.008203184649
14  34  1.175108037e-16  0.02536128363  0.9996784199  0.02535856501
14  35  -7.248256555e-17  0.154641788  0.9880667682  0.1540261718
14  36  -7.248256555e-17  0.154641788  0.9880667682  0.1540261718

15  0  2.344223346e-16  0.03641654166  0.999336991  0.03640849314
15  1  1.204837528e-16  0.05892527943  0.998264408  0.0588911854
15  2  4.803946893e-18  0.05228347939  0.9986335302  0.05225966262
15  3  -9.020031865e-17  0.0334843594  0.9994394512  0.03347810263
15  4  2.963999962e-16  0.02106149943  0.9997782148  0.02105994237
15  5  -1.897189917e-16  0.01457335121  0.9998938106  0.01457283537
15  6  -1.294573644e-16  0.01144591835  0.9999344962  0.01144566843
15  7  4.388147318e-17  0.01032799254  0.9999466668  0.01032780893
15  8  3.153122002e-16  0.01077708307  0.9999419278  0.01077687445
15  9  3.387511428e-16  0.0129965444  0.9999155461  0.01299617853
15  10  -1.129127468e-16  0.01800950009  0.9998378333  0.01800852657
15  11  3.413379146e-17  0.02826605132  0.9996005418  0.02826228751
15  12  -6.862506024e-17  0.04657371953  0.9989156404  0.04655688409
15  13  -3.801044266e-16  0.06047892303  0.9981717073  0.06044206082
15  14  -3.76531542e-16  0.04385690589  0.99903844  0.04384284797
15  15  -2.255239718e-16  0.02167262888  0.9997651578  0.0216709323
15  16  1.064934464e-16  0.0108679523  0.9999409444  0.01086773836
15  17  9.405789119e-18  0.006380473441  0.9999796448  0.006380430149
15  18  -2.513700559e-18  0.004308792563  0.9999907172  0.00430877923
15  19  -2.091607451e-16  0.003194857874  0.9999948964  0.003194852439
15  20  -6.489834686e-17  0.002552943242  0.9999967412  0.002552940469
15  21  -3.189862605e-17  0.002202235003  0.9999975751  0.002202233223
15  22  -3.405098639e-16  0.002044792705  0.9999979094  0.00204479128
15  23  1.406984597e-16  0.002003875288  0.9999979922  0.002003873947
15  24  -2.948139287e-18  0.002013658112  0.9999979726  0.002013656751
15  25  2.523564738e-16  0.002025399631  0.9999979489  0.002025398246
15  26  -1.504041922e-16  0.00201671169  0.9999979664  0.002016710323
15  27  -1.6941536e-16  0.001996384188  0.9999980072  0.001996382862
15  28  -8.017269343e-17  0.002001964309  0.9999979961  0.002001962972
15  29  -1.97019667e-16  0.00209186807  0.999997812  0.002091866545
15  30  -5.382295157e-17  0.002337527303  0.999997268  0.002337525174
15  31  -2.280254196e-16  0.002825071548  0.9999960095  0.00282506779
15  32  -1.6771238e-16  0.003688722436  0.9999931967  0.003688714071
15  33  2.162739359e-16  0.005250982256  0.9999862136  0.005250958125
15  34  -1.692335663e-17  0.008519108052  0.9999637126  0.008519005007
15  35  -3.175530994e-16  0.01667847241  0.9998609175  0.01667769918
15  36  -3.175530994e-16  0.01667847241  0.9998609175  0.01667769918

16  0  5.524696296e-17  0.01017368252  0.9999482485  0.01017350702
16  1  -8.424914857e-17  0.01211039929  0.99992667  0.01211010327
16  2  6.985092694e-17  0.01207985173  0.9999270395  0.01207955795
16  3  -1.754798446e-16  0.01005026889  0.9999494965  0.0100500997
16  4  2.844265144e-16  0.007512437696  0.9999717818  0.007512367033
16  5  1.39041416e-16  0.005493343173  0.9999849116  0.005493315545
16  6  -1.673406553e-16  0.00419636655  0.9999911953  0.004196354234
16  7  6.378549782e-17  0.003533178639  0.9999937583  0.003533171288
16  8  2.648542377e-16  0.003418481519  0.999994157  0.003418474861
16  9  7.157189663e-17  0.003838220092  0.999992634  0.003838210668
16  10  -1.875815175e-16  0.004854157868  0.9999882186  0.004854138805
16  11  3.247863553e-17  0.006571325807  0.9999784089  0.006571278513
16  12  -7.064141778e-17  0.008943100146  0.9999600107  0.008942980936
16  13  -9.343247419e-17  0.01127293354  0.9999364612  0.01127269478
16  14  -1.462650586e-17  0.01211615704  0.9999266003  0.01211586059
16  15  1.4933502e-17  0.0108679523  0.9999409444  0.01086773836
16  16  2.48891093e-17  0.008663049101  0.999962476  0.008662940744
16  17  1.413126891e-16  0.006670520216  0.9999777522  0.006670470748
16  18  3.44064125e-17  0.005169516765  0.9999866381  0.005169493741
16  19  -3.815406431e-17  0.004044108739  0.9999918226  0.004044097715
16  20  -1.301036414e-17  0.003194857874  0.9999948964  0.003194852439
16  21  1.477444492e-16  0.002582400963  0.9999966656  0.002582398092
16  22  1.150046125e-16  0.002174726592  0.9999976353  0.002174724878
16  23  1.79305092e-16  0.001927344123  0.9999981427  0.00192734293
16  24  -3.237855155e-16  0.001791704307  0.9999983949  0.001791703348
16  25  1.217897033e-16  0.001728351006  0.9999985064  0.001728350146
16  26  -2.212176422e-17  0.00171462885  0.99999853  0.00171462801
16  27  -1.269483052e-16  0.001746497086  0.9999984749  0.001746496198
16  28  -3.613708704e-17  0.001838293653  0.9999983103  0.001838292617
16  29  -1.328926697e-16  0.002022121818  0.9999979555  0.00202212044
16  30  -8.602701368e-17  0.002343864941  0.9999972531  0.002343862795
16  31  2.887390888e-16  0.002853289275  0.9999959294  0.002853285404
16  32  -1.774176657e-16  0.003592289464  0.9999935477  0.003592281738
16  33  -2.632093349e-18  0.004598745189  0.9999894258  0.004598728979
16  34  8.737888087e-17  0.00595260294  0.9999822833  0.005952567786
16  35  -1.148033106e-17  0.007815785088  0.9999694569  0.007815705515
16  36  -1.148033106e-17  0.007815785088  0.9999694569  0.007815705515

17  0  1.06043073e-16  0.006712242213  0.999977473  0.006712191811
17  1  5.394267882e-17  0.0066795734  0.9999776917  0.00667952373
17  2  5.49535737e-17  0.006058884302  0.999981645  0.006058847232
17  3  1.863536284e-16  0.005005805229  0.999987471  0.005005784323
17  4  4.544653504e-16  0.003874242263  0.9999924951  0.003874232571
17  5  1.907308215e-16  0.002925385882  0.9999957211  0.002925381709
17  6  -1.154441691e-16  0.002246531515  0.9999974765  0.002246529626
17  7  -9.419140219e-17  0.001832720733  0.9999983206  0.001832719707
17  8  3.534351001e-16  0.001662178986  0.9999986186  0.001662178221
17  9  -3.825246855e-18  0.001724185088  0.9999985136  0.001724184233
17  10  9.65422705e-17  0.002022814122  0.9999979541  0.002022812743
17  11  3.269463071e-16  0.002575587435  0.9999966832  0.002575584588
17  12  2.760521743e-17  0.003398877682  0.9999942238  0.003398871138
17  13  -8.234323077e-17  0.004453605801  0.9999900827  0.004453591079
17  14  4.233363199e-17  0.005556871974  0.9999845606  0.005556843375
17  15  1.60006008e-16  0.006380473441  0.9999796448  0.006380430149
17  16  1.702839897e-17  0.006670520216  0.9999777522  0.006670470748
17  17  5.940384292e-17  0.006455963351  0.9999791603  0.006455918504
17  18  3.552949173e-16  0.005915308312  0.9999825046  0.005915273815
17  19  3.179358417e-16  0.005169516765  0.9999866381  0.005169493741
17  20  -1.66454719e-16  0.004308792563  0.9999907172  0.00430877923
17  21  -1.923844631e-16  0.003459819718  0.9999940148  0.003459812816
17  22  9.794135601e-17  0.002738823186  0.9999962494  0.002738819762
17  23  -1.748180933e-16  0.002196887899  0.9999975868  0.002196886132
17  24  -5.235171928e-17  0.001828741727  0.9999983279  0.001828740707
17  25  3.183570104e-17  0.001608938979  0.9999987057  0.001608938285
17  26  -2.068436187e-16  0.001516844474  0.9999988496  0.001516843893
17  27  -1.138097593e-16  0.001543930224  0.9999988081  0.00154392961
17  28  1.583112478e-16  0.001693300487  0.9999985664  0.001693299677
17  29  2.617310204e-16  0.001980166723  0.9999980395  0.001980165429
17  30  8.892087269e-17  0.002430416468  0.9999970465  0.002430414075
17  31  -2.359720485e-17  0.003066186066  0.9999952993  0.003066181262
17  32  -1.433525192e-16  0.003872925787  0.9999925002  0.003872916105
17  33  9.116677658e-17  0.00476699604  0.9999886379  0.004766977986
17  34  1.897546277e-16  0.005613393745  0.9999842449  0.005613364266
17  35  1.7319617e-16  0.006296239503  0.9999801787  0.006296197903
17  36  1.7319617e-16  0.006296239503  0.9999801787  0.006296197903

18  0  1.191227719e-17  0.006296239503  0.9999801787  0.006296197903
18  1  1.519862805e-17  0.005613393745  0.9999842449  0.005613364266
18  2  -1.23929019e-16  0.00476699604  0.9999886379  0.004766977986
18  3  1.397684709e-16  0.003872925787  0.9999925002  0.003872916105
18  4  3.154082154e-16  0.003066186066  0.9999952993  0.003066181262
18  5  2.064693644e-16  0.002430416468  0.9999970465  0.002430414075
18  6  -4.119276279e-17  0.001980166723  0.9999980395  0.001980165429
18  7  3.914073834e-17  0.001693300487  0.9999985664  0.001693299677
18  8  -1.719679439e-17  0.001543930223  0.9999988081  0.00154392961
18  9  -1.873140751e-16  0.001516844474  0.9999988496  0.001516843893
18  10  2.417144201e-17  0.001608938979  0.9999987057  0.001608938285
18  11  3.815725083e-16  0.001828741727  0.9999983279  0.001828740707
18  12  1.565254429e-16  0.002196887899  0.9999975868  0.002196886132
18  13  1.101611722e-16  0.002738823186  0.9999962494  0.002738819762
18  14  4.431600976e-16  0.003459819718  0.9999940148  0.003459812816
18  15  -4.746666097e-18  0.004308792563  0.9999907172  0.00430877923
18  16  1.074072471e-16  0.005169516765  0.9999866381  0.005169493741
18  17  -3.335995107e-17  0.005915308312  0.9999825046  0.005915273815
18  18  -2.41707957e-16  0.006455963351  0.9999791603  0.006455918504
18  19  -2.161198313e-16  0.006670520216  0.9999777522  0.006670470748
18  20  6.915754964e-17  0.006380473441  0.9999796448  0.006380430149
18  21  4.315446568e-17  0.005556871974  0.9999845606  0.005556843375
18  22  5.488371125e-17  0.004453605801  0.9999900827  0.004453591079
18  23  5.124665358e-17  0.003398877682  0.9999942238  0.003398871138
18  24  8.064764771e-17  0.002575587435  0.9999966832  0.002575584588
18  25  -1.242035425e-16  0.002022814122  0.9999979541  0.002022812743
18  26  -2.005897345e-16  0.001724185088  0.9999985136  0.001724184233
18  27  -3.801658908e-16  0.001662178986  0.9999986186  0.001662178221
18  28  2.411238762e-16  0.001832720733  0.9999983206  0.001832719707
18  29  -1.462477466e-17  0.002246531515  0.9999974765  0.002246529626
18  30  -1.236830384e-16  0.002925385882  0.9999957211  0.002925381709
18  31  -3.77789995e-16  0.003874242263  0.9999924951  0.003874232571
18  32  -4.406937043e-16  0.005005805229  0.999987471  0.005005784323
18  33  -1.427329523e-16  0.006058884302  0.999981645  0.006058847232
18  34  1.44676121e-16  0.0066795734  0.9999776917  0.00667952373
18  35  -1.063865975e-16  0.006712242213  0.999977473  0.006712191811
18  36  -1.063865975e-16  0.006712242213  0.999977473  0.006712191811

19  0  1.878552898e-16  0.007815785088  0.9999694569  0.007815705515
19  1  -3.321858575e-17  0.00595260294  0.9999822833  0.005952567786
19  2  -2.008575878e-16  0.004598745188  0.9999894258  0.004598728979
19  3  -8.070386873e-17  0.003592289464  0.9999935477  0.003592281738
19  4  9.926415827e-17  0.002853289275  0.9999959294  0.002853285404
19  5  2.787269899e-16  0.002343864941  0.9999972531  0.002343862795
19  6  2.824595724e-16  0.002022121818  0.9999979555  0.00202212044
19  7  -4.150724408e-17  0.001838293653  0.9999983103  0.001838292617
19  8  -3.468475524e-16  0.001746497086  0.9999984749  0.001746496198
19  9  -3.488229543e-16  0.00171462885  0.99999853  0.00171462801
19  10  -7.738422737e-17  0.001728351006  0.9999985064  0.001728350146
19  11  2.744465135e-17  0.001791704307  0.9999983949  0.001791703348
19  12  2.025618313e-16  0.001927344123  0.9999981427  0.00192734293
19  13  3.441259892e-16  0.002174726592  0.9999976353  0.002174724878
19  14  1.638894559e-16  0.002582400963  0.9999966656  0.002582398092
19  15  3.274591957e-17  0.003194857874  0.9999948964  0.003194852439
19  16  2.591596857e-16  0.004044108739  0.9999918226  0.004044097715
19  17  1.203895746e-16  0.005169516765  0.9999866381  0.005169493741
19  18  -1.083667477e-16  0.006670520216  0.9999777522  0.006670470748
19  19  -3.354794119e-16  0.008663049101  0.999962476  0.008662940744
19  20  -1.070592638e-17  0.0108679523  0.9999409444  0.01086773836
19  21  6.960763518e-17  0.01211615704  0.9999266003  0.01211586059
19  22  -1.170397679e-16  0.01127293354  0.9999364612  0.01127269478
19  23  -2.36807799e-16  0.008943100146  0.9999600107  0.008942980936
19  24  1.422771854e-16  0.006571325807  0.9999784089  0.006571278513
19  25  1.098489124e-17  0.004854157868  0.9999882186  0.004854138805
19  26  1.852778904e-16  0.003838220092  0.999992634  0.003838210668
19  27  -3.401955679e-17  0.003418481519  0.999994157  0.003418474861
19  28  -1.743286146e-16  0.003533178639  0.9999937583  0.003533171288
19  29  -2.596448954e-16  0.00419636655  0.9999911953  0.004196354234
19  30  -1.607977251e-16  0.005493343173  0.9999849116  0.005493315545
19  31  1.898796404e-16  0.007512437696  0.9999717818  0.007512367033
19  32  -2.900430699e-18  0.01005026889  0.9999494965  0.0100500997
19  33  1.943293219e-16  0.01207985173  0.9999270395  0.01207955795
19  34  -3.860655152e-17  0.01211039929  0.99992667  0.01211010327
19  35  -3.408362693e-16  0.01017368252  0.9999482485  0.01017350702
19  36  -3.408362693e-16  0.01017368252  0.9999482485  0.01017350702

20  0  -1.210118853e-16  0.01667847241  0.9998609175  0.01667769918
20  1  -3.359187598e-16  0.008519108052  0.9999637126  0.008519005006
20  2  -3.000986241e-16  0.005250982256  0.9999862136  0.005250958125
20  3  -1.589145348e-17  0.003688722436  0.9999931967  0.003688714071
20  4  9.88652623e-17  0.002825071548  0.9999960095  0.00282506779
20  5  1.777064602e-17  0.002337527303  0.999997268  0.002337525174
20  6  2.851275305e-16  0.00209186807  0.999997812  0.002091866545
20  7  -5.807146225e-17  0.002001964309  0.9999979961  0.002001962972
20  8  3.952415879e-17  0.001996384188  0.9999980072  0.001996382862
20  9  -1.387893889e-16  0.00201671169  0.9999979664  0.002016710323
20  10  -2.965982376e-16  0.002025399631  0.9999979489  0.002025398246
20  11  2.031673078e-16  0.002013658112  0.9999979726  0.002013656751
20  12  1.561048326e-16  0.002003875288  0.9999979922  0.002003873947
20  13  1.028406109e-16  0.002044792705  0.9999979094  0.00204479128
20  14  -6.606708222e-17  0.002202235003  0.9999975751  0.002202233223
20  15  -8.670499861e-17  0.002552943242  0.9999967412  0.002552940469
20  16  7.740253842e-18  0.003194857874  0.9999948964  0.003194852439
20  17  9.642871388e-17  0.004308792563  0.9999907172  0.00430877923
20  18  -1.901228493e-16  0.006380473441  0.9999796448  0.006380430149
20  19  -3.264628404e-16  0.0108679523  0.9999409444  0.01086773836
20  20  1.974302974e-16  0.02167262888  0.9997651578  0.0216709323
20  21  -1.259449162e-16  0.04385690589  0.99903844  0.04384284797
20  22  1.639429087e-16  0.06047892303  0.9981717073  0.06044206082
20  23  -2.083952287e-17  0.04657371953  0.9989156404  0.04655688409
20  24  4.222476928e-17  0.02826605132  0.9996005418  0.02826228751
20  25  -1.80613385e-16  0.01800950009  0.9998378333  0.01800852657
20  26  -7.180593044e-17  0.0129965444  0.9999155461  0.01299617853
20  27  9.945340305e-17  0.01077708307  0.9999419278  0.01077687445
20  28  -6.067192191e-17  0.01032799254  0.9999466668  0.01032780893
20  29  -8.23816026e-17  0.01144591835  0.9999344962  0.01144566843
20  30  4.98649054e-17  0.01457335121  0.9998938106  0.01457283537
20  31  -7.784316292e-19  0.02106149943  0.9997782148  0.02105994237
20  32  1.543265537e-17  0.0334843594  0.9994394512  0.03347810263
20  33  -6.178903987e-17  0.05228347939  0.9986335302  0.05225966262
20  34  4.772608146e-17  0.05892527943  0.998264408  0.0588911854
20  35  1.410422558e-16  0.03641654167  0.999336991  0.03640849315
20  36  1.410422558e-16  0.03641654167  0.999336991  0.03640849315

21  0  2.738882981e-16  0.154641788  0.9880667682  0.1540261718
21  1  9.751206335e-17  0.02536128363  0.9996784199  0.02535856501
21  2  -1.274386489e-16  0.008203276653  0.9999663533  0.008203184649
21  3  4.482556138e-17  0.004313103151  0.9999906986  0.004313089779
21  4  -1.356909419e-17  0.002934047769  0.9999956957  0.00293404356
21  5  -2.185255035e-16  0.002338767296  0.9999972651  0.002338765164
21  6  -1.857955498e-16  0.002109170363  0.9999977757  0.002109168799
21  7  -4.332563254e-17  0.002088934799  0.9999978182  0.00208893328
21  8  2.546863753e-16  0.002178872915  0.9999976263  0.002178871191
21  9  1.927157259e-16  0.002292688357  0.9999973718  0.002292686349
21  10  -1.870019287e-16  0.002359049626  0.9999972174  0.002359047438
21  11  -1.249018869e-17  0.00234057103  0.9999972609  0.002340568893
21  12  1.714798074e-16  0.002248573336  0.999997472  0.002248571441
21  13  2.398692815e-16  0.002138918862  0.9999977125  0.002138917232
21  14  2.77238543e-16  0.002092849729  0.99999781  0.002092848201
21  15  9.568807915e-17  0.002202235004  0.9999975751  0.002202233223
21  16  9.070831554e-17  0.002582400963  0.9999966656  0.002582398092
21  17  2.111297957e-16  0.003459819718  0.9999940148  0.003459812816
21  18  2.591034236e-16  0.005556871974  0.9999845606  0.005556843375
21  19  2.651606879e-16  0.01211615704  0.9999266003  0.01211586059
21  20  3.413589578e-16  0.04385690589  0.99903844  0.04384284797
21  21  2.42792334e-17  0.2581231215  0.9668707847  0.2552663036
21  22  1.034768105e-16  0.3972003537  0.9221476166  0.3868381745
21  23  -1.4185507e-16  0.1321891711  0.9912757266  0.1318045289
21  24  2.491804037e-17  0.04906193679  0.9987967046  0.04904225655
21  25  -2.126888837e-16  0.02569983474  0.9996697774  0.02569700579
21  26  -2.474195799e-16  0.01715211522  0.9998529061  0.01715127422
21  27  3.490042472e-17  0.01358799831  0.9999076846  0.01358758018
21  28  -8.680793918e-17  0.01237283267  0.9999234575  0.01237251698
21  29  -2.866811203e-16  0.01283151877  0.9999176772  0.01283116666
21  30  4.364365985e-17  0.01520734144  0.9998843706  0.0152067553
21  31  -5.740220616e-17  0.02101589853  0.9997791741  0.02101435156
21  32  -4.212691325e-17  0.03557864681  0.9993671467  0.03557114114
21  33  9.231172204e-17  0.07895574907  0.9968846138  0.07887373948
21  34  -5.640222601e-17  0.2140071386  0.9771877371  0.2123773211
21  35  -5.961576561e-17  0.3928923106  0.9238055698  0.3828619454
21  36  -5.961576561e-17  0.3928923106  0.9238055698  0.3828619454

22  0  3.481542461e-16  0.3959129767  0.9226448588  0.3856507027
22  1  -6.338619806e-17  0.1740182046  0.9848970028  0.1731412539
22  2  -9.10817477e-17  0.02687862193  0.9996387916  0.02687538559
22  3  2.538190847e-17  0.006845291717  0.9999765711  0.006845238257
22  4  2.583949272e-16  0.003367270072  0.9999943308  0.003367263709
22  5  2.598249585e-16  0.002368148867  0.9999971959  0.002368146654
22  6  -1.369876785e-16  0.002059262014  0.9999978797  0.002059260558
22  7  -1.877305852e-17  0.002058180068  0.9999978819  0.002058178615
22  8  -6.869206045e-17  0.002219503813  0.9999975369  0.002219501991
22  9  -1.233290541e-16  0.00243591202  0.9999970332  0.002435909611
22  10  -4.487448123e-17  0.002604302592  0.9999966088  0.002604299648
22  11  -2.201695812e-16  0.002645777649  0.9999964999  0.002645774563
22  12  -2.277702231e-16  0.002540698391  0.9999967724  0.002540695657
22  13  1.885379444e-17  0.002339866264  0.9999972625  0.002339864129
22  14  3.342686039e-16  0.002138918862  0.9999977125  0.002138917232
22  15  8.220550245e-18  0.002044792705  0.9999979094  0.00204479128
22  16  2.236876737e-16  0.002174726592  0.9999976353  0.002174724878
22  17  4.15644238e-18  0.002738823186  0.9999962494  0.002738819762
22  18  2.661895113e-16  0.004453605801  0.9999900827  0.004453591079
22  19  5.640679662e-17  0.01127293354  0.9999364612  0.01127269478
22  20  4.19815006e-17  0.06047892303  0.9981717073  0.06044206081
22  21  4.31674236e-17  0.3972003537  0.9221476166  0.3868381745
22  22  -1.685292301e-17  0.2641644538  0.9653110013  0.2611027975
22  23  -9.00469527e-17  0.05359238191  0.998564272  0.05356673143
22  24  9.284886039e-17  0.02017707332  0.9997964498  0.02017570428
22  25  6.50990382e-17  0.01139623923  0.9999350636  0.01139599256
22  26  -1.580170558e-16  0.00801647859  0.9999678682  0.008016392728
22  27  -6.659951331e-19  0.006423358794  0.9999793703  0.006423314623
22  28  -2.506427322e-17  0.005684497397  0.9999838433  0.005684466783
22  29  -1.428087465e-16  0.005567025871  0.9999845042  0.005566997116
22  30  7.983030031e-17  0.006052604247  0.999981683  0.006052567292
22  31  -9.926615675e-17  0.007272903535  0.9999735526  0.007272839419
22  32  -3.258717811e-17  0.00981016694  0.9999518807  0.009810009587
22  33  -1.782091933e-17  0.01593216939  0.9998730857  0.01593149537
22  34  -5.556374024e-17  0.03681224221  0.9993225059  0.03680392848
22  35  -4.328554183e-17  0.1585944295  0.9874502411  0.1579304322
22  36  -4.328554183e-17  0.1585944295  0.9874502411  0.1579304322

23  0  3.808195814e-18  0.03454019522  0.9994035468  0.03453332775
23  1  -1.342083916e-16  0.107717714  0.9942040545  0.1075095248
23  2  9.058365098e-17  0.08400479347  0.9964736718  0.08390602742
23  3  -1.871440415e-16  0.01994619741  0.9998010812  0.01994487484
23  4  1.641482096e-16  0.005158759436  0.9999866936  0.005158736555
23  5  -1.165250348e-16  0.002583498772  0.9999966628  0.002583495898
23  6  2.953937381e-17  0.001982015525  0.9999980358  0.001982014227
23  7  -1.160124928e-16  0.001921655924  0.9999981536  0.001921654741
23  8  5.727342151e-17  0.002100045099  0.9999977949  0.002100043555
23  9  2.987564357e-17  0.00238524999  0.9999971553  0.002385247729
23  10  1.86408997e-16  0.002658518421  0.9999964661  0.002658515289
23  11  1.154208008e-18  0.00280503571  0.9999960659  0.002805032031
23  12  -4.173609595e-17  0.002758463065  0.9999961954  0.002758459567
23  13  8.799271241e-17  0.002540698391  0.9999967724  0.002540695657
23  14  8.017947028e-17  0.002248573336  0.999997472  0.002248571441
23  15  -2.96759505e-17  0.002003875288  0.9999979922  0.002003873947
23  16  1.807895647e-16  0.001927344123  0.9999981427  0.00192734293
23  17  3.158863494e-16  0.002196887899  0.9999975868  0.002196886132
23  18  1.334717548e-16  0.003398877682  0.9999942238  0.003398871138
23  19  1.380653551e-16  0.008943100146  0.9999600107  0.008942980936
23  20  4.778358081e-17  0.04657371953  0.9989156404  0.04655688409
23  21  -2.140506106e-16  0.1321891711  0.9912757266  0.1318045289
23  22  1.097099163e-16  0.05359238191  0.998564272  0.05356673143
23  23  5.407227994e-17  0.0160559852  0.9998711054  0.01605529535
23  24  3.106807175e-16  0.007559435329  0.9999714276  0.007559363331
23  25  -1.364239876e-16  0.004732298898  0.9999888027  0.004732281235
23  26  -4.336152782e-17  0.003378176089  0.999994294  0.003378169663
23  27  3.354531972e-16  0.002474243801  0.9999969391  0.002474241276
23  28  2.596663993e-16  0.001802081529  0.9999983763  0.001802080553
23  29  -4.411434225e-17  0.001461248643  0.9999989324  0.001461248123
23  30  -1.875725595e-16  0.001584364696  0.9999987449  0.001584364034
23  31  -1.18292701e-16  0.002129744538  0.9999977321  0.002129742928
23  32  -1.292305879e-16  0.002953978404  0.999995637  0.002953974108
23  33  -2.123604374e-16  0.004098057808  0.999991603  0.004098046337
23  34  3.128784402e-17  0.006175805538  0.9999809298  0.00617576628
23  35  1.172434345e-16  0.01173537624  0.9999311413  0.01173510688
23  36  1.172434345e-16  0.01173537624  0.9999311413  0.01173510688

24  0  -2.740470152e-17  0.005692146088  0.9999837998  0.00569211535
24  1  4.255889218e-17  0.01358411461  0.9999077373  0.01358369684
24  2  -3.062323624e-16  0.03784912311  0.9992838074  0.03784008692
24  3  -2.531103635e-16  0.04102162108  0.9991587313  0.04101011703
24  4  3.156561403e-16  0.01329722688  0.9999115932  0.01329683502
24  5  2.125372293e-16  0.003744155748  0.9999929907  0.003744146999
24  6  1.507211861e-16  0.00201697915  0.9999979659  0.002016977782
24  7  2.825057583e-17  0.001741540057  0.9999984835  0.001741539177
24  8  6.924382659e-17  0.001867575478  0.9999982561  0.001867574393
24  9  7.434779195e-17  0.002161434044  0.9999976641  0.002161432361
24  10  1.729389043e-16  0.002496736865  0.9999968832  0.002496734271
24  11  -1.858515996e-17  0.002746566122  0.9999962282  0.002746562669
24  12  -9.795580005e-17  0.00280503571  0.9999960659  0.002805032031
24  13  -1.15242772e-16  0.002645777649  0.9999964999  0.002645774563
24  14  2.239419284e-17  0.00234057103  0.9999972609  0.002340568893
24  15  -1.633771554e-16  0.002013658112  0.9999979726  0.002013656751
24  16  -2.144554519e-18  0.001791704307  0.9999983949  0.001791703348
24  17  -5.277047073e-17  0.001828741727  0.9999983279  0.001828740707
24  18  -5.786097371e-17  0.002575587435  0.9999966832  0.002575584588
24  19  1.832920261e-16  0.006571325807  0.9999784089  0.006571278513
24  20  1.139699089e-16  0.02826605132  0.9996005418  0.02826228751
24  21  -1.862608326e-17  0.0490619368  0.9987967046  0.04904225655
24  22  6.640187833e-17  0.02017707332  0.9997964498  0.02017570428
24  23  7.976840568e-17  0.007559435329  0.9999714276  0.007559363331
24  24  1.228314405e-16  0.003969524888  0.9999921214  0.003969514463
24  25  4.872709166e-17  0.002566056742  0.9999967077  0.002566053926
24  26  -1.798985312e-16  0.001622963782  0.999998683  0.001622963069
24  27  2.801526048e-16  0.0005275202795  0.9999998609  0.000527520255
24  28  1.186869509e-16  -0.0008663930588  0.9999996247  -0.0008663929504
24  29  6.680953588e-17  -0.002147169062  0.9999976948  -0.002147167413
24  30  2.691165192e-16  -0.002511731746  0.9999968456  -0.002511729105
24  31  -6.760771107e-17  -0.001656232824  0.9999986284  -0.001656232067
24  32  -1.027078642e-16  -0.0002085394232  0.9999999783  -0.0002085394217
24  33  1.626201011e-16  0.001103707887  0.9999993909  0.001103707663
24  34  -3.106864422e-17  0.002132084163  0.9999977271  0.002132082548
24  35  1.968171322e-17  0.00327841662  0.999994626  0.003278410747
24  36  1.968171322e-17  0.00327841662  0.999994626  0.003278410747

25  0  1.760566736e-16  0.002073565007  0.9999978502  0.002073563521
25  1  -7.505846946e-17  0.003596156419  0.9999935338  0.003596148668
25  2  4.050716989e-17  0.007895704037  0.9999688291  0.007895621998
25  3  1.668536298e-16  0.01982990297  0.9998033939  0.0198286034
25  4  4.718259855e-17  0.02393825712  0.9997134936  0.02393597093
25  5  1.826902766e-16  0.009167244903  0.9999579811  0.009167116503
25  6  -3.500176748e-17  0.002775914523  0.9999961472  0.002775910958
25  7  5.484134105e-17  0.001657820517  0.9999986258  0.001657819757
25  8  -2.684852276e-16  0.001611971328  0.9999987008  0.00161197063
25  9  -2.352222573e-16  0.001852482977  0.9999982842  0.001852481917
25  10  -1.696580752e-16  0.002188600581  0.999997605  0.002188598833
25  11  -1.932169017e-16  0.002496736865  0.9999968832  0.002496734271
25  12  -1.417866843e-16  0.002658518421  0.9999964661  0.002658515289
25  13  -3.732056679e-16  0.002604302592  0.9999966088  0.002604299648
25  14  -2.80803545e-16  0.002359049626  0.9999972174  0.002359047438
25  15  -4.397253287e-17  0.002025399631  0.9999979489  0.002025398246
25  16  2.408110631e-16  0.001728351006  0.9999985064  0.001728350146
25  17  1.340325186e-16  0.001608938979  0.9999987057  0.001608938285
25  18  2.336995324e-16  0.002022814122  0.9999979541  0.002022812743
25  19  1.341895165e-17  0.004854157868  0.9999882186  0.004854138805
25  20  4.134857479e-17  0.01800950009  0.9998378333  0.01800852657
25  21  -2.270633766e-16  0.02569983474  0.9996697774  0.02569700579
25  22  8.942669716e-17  0.01139623923  0.9999350636  0.01139599256
25  23  1.942711418e-16  0.004732298898  0.9999888027  0.004732281235
25  24  2.018135889e-16  0.002566056742  0.9999967077  0.002566053926
25  25  8.126009905e-17  0.001559821662  0.9999987835  0.00155982103
25  26  -1.921966647e-16  0.0004661324995  0.9999998914  0.0004661324826
25  27  9.443863655e-17  -0.001770282206  0.9999984331  -0.001770281282
25  28  1.594633292e-16  -0.006458813377  0.9999791419  -0.006458768471
25  29  -1.547146271e-16  -0.01397410719  0.9999023638  -0.01397365239
25  30  2.930824712e-16  -0.02030744107  0.999793811  -0.02030604532
25  31  1.766551813e-16  -0.01876265931  0.9998239865  -0.01876155847
25  32  2.089766194e-16  -0.01105225618  0.9999389244  -0.01105203117
25  33  1.709270208e-16  -0.004258258216  0.9999909336  -0.004258245347
25  34  -1.646011512e-16  -0.0006000409731  0.99999982  -0.0006000409371
25  35  -1.255646345e-16  0.001063617021  0.9999994344  0.001063616821
25  36  -1.255646345e-16  0.001063617021  0.9999994344  0.001063616821

26  0  3.71454626e-16  -0.0005762885997  0.9999998339  -0.0005762885678
26  1  -1.019749701e-16  0.001042107907  0.999999457  0.001042107718
26  2  -3.5987673e-17  0.002452794947  0.9999969919  0.002452792487
26  3  7.41231921e-17  0.005589750024  0.9999843774  0.005589720915
26  4  6.627387462e-18  0.01335227842  0.9999108597  0.01335188167
26  5  2.4889202e-16  0.01663832493  0.9998615863  0.01663755727
26  6  -2.584591257e-16  0.00693264677  0.9999759693  0.006932591238
26  7  3.250263151e-17  0.002227674676  0.9999975187  0.002227672834
26  8  2.016399318e-16  0.001484276116  0.9999988985  0.001484275571
26  9  -2.352916752e-16  0.001571163423  0.9999987657  0.001571162777
26  10  -1.593563153e-16  0.001852482977  0.9999982842  0.001852481917
26  11  -4.34833204e-17  0.002161434044  0.9999976641  0.002161432361
26  12  -1.89288459e-16  0.00238524999  0.9999971553  0.002385247729
26  13  -1.03970965e-17  0.00243591202  0.9999970332  0.002435909611
26  14  -2.277956125e-16  0.002292688357  0.9999973718  0.002292686349
26  15  -1.19324098e-16  0.00201671169  0.9999979664  0.002016710323
26  16  4.388971087e-16  0.00171462885  0.99999853  0.00171462801
26  17  1.570354837e-16  0.001516844474  0.9999988496  0.001516843893
26  18  1.744102576e-16  0.001724185088  0.9999985136  0.001724184233
26  19  4.445956717e-17  0.003838220092  0.999992634  0.003838210668
26  20  1.053376696e-16  0.0129965444  0.9999155461  0.01299617853
26  21  5.539790736e-17  0.01715211522  0.9998529061  0.01715127422
26  22  -2.726888785e-16  0.008016478589  0.9999678682  0.008016392728
26  23  -7.967236624e-17  0.003378176089  0.999994294  0.003378169663
26  24  1.180262129e-16  0.001622963781  0.999998683  0.001622963069
26  25  4.747127378e-16  0.0004661324995  0.9999998914  0.0004661324826
26  26  6.29406841e-17  -0.00171998958  0.9999985208  -0.001719988731
26  27  -1.388248674e-16  -0.008824203684  0.999961067  -0.008824089166
26  28  -1.224036986e-16  -0.03323166957  0.9994478789  -0.03322555337
26  29  -6.485496676e-17  -0.09729993695  0.9952700945  -0.09714648202
26  30  -7.716641761e-17  -0.1826331561  0.9833688698  -0.1816195638
26  31  1.947775322e-16  -0.2076162944  0.9785250427  -0.206127972
26  32  4.468718539e-16  -0.1491355585  0.988899889  -0.148583342
26  33  1.277145075e-16  -0.06906845303  0.9976157225  -0.06901355152
26  34  -6.626955194e-17  -0.02153504756  0.9997681298  -0.02153338309
26  35  2.32983018e-16  -0.005186419523  0.9999865506  -0.005186396271
26  36  2.32983018e-16  -0.005186419523  0.9999865506  -0.005186396271

27  0  3.905185496e-17  -0.02363382751  0.9997207341  -0.02363162743
27  1  6.430543452e-17  -0.005280246233  0.9999860595  -0.005280221697
27  2  2.296207413e-17  -0.0006473892204  0.9999997904  -0.0006473891752
27  3  -1.137331278e-16  0.001452409655  0.9999989453  0.001452409144
27  4  2.644413586e-16  0.004366440366  0.9999904671  0.004366426492
27  5  2.580122457e-16  0.01055795989  0.9999442653  0.01055776375
27  6  1.13158438e-16  0.01346835575  0.9999093031  0.01346794856
27  7  -1.898255228e-16  0.005958770039  0.9999822466  0.005958734776
27  8  -4.114820292e-17  0.002050971454  0.9999978968  0.002050970016
27  9  -2.070142856e-16  0.001484276116  0.9999988985  0.001484275571
27  10  -6.703303593e-17  0.001611971328  0.9999987008  0.00161197063
27  11  1.800974697e-16  0.001867575478  0.9999982561  0.001867574393
27  12  -4.104187008e-17  0.002100045099  0.9999977949  0.002100043555
27  13  9.735436577e-17  0.002219503813  0.9999975369  0.002219501991
27  14  7.806318616e-17  0.002178872915  0.9999976263  0.002178871191
27  15  -1.588873164e-16  0.001996384188  0.9999980072  0.001996382862
27  16  -1.545851188e-16  0.001746497086  0.9999984749  0.001746496198
27  17  -1.71232317e-16  0.001543930223  0.9999988081  0.00154392961
27  18  -8.108158172e-17  0.001662178986  0.9999986186  0.001662178221
27  19  2.231811131e-16  0.003418481519  0.999994157  0.003418474861
27  20  4.022885118e-16  0.01077708307  0.9999419278  0.01077687445
27  21  -1.351742584e-16  0.01358799831  0.9999076846  0.01358758018
27  22  4.90079946e-17  0.006423358794  0.9999793703  0.006423314623
27  23  -7.686192839e-17  0.002474243801  0.9999969391  0.002474241276
27  24  -2.585894898e-16  0.0005275202795  0.9999998609  0.0005275202551
27  25  3.582651351e-17  -0.001770282206  0.9999984331  -0.001770281282
27  26  -1.111032482e-16  -0.008824203684  0.999961067  -0.008824089166
27  27  1.09699867e-16  -0.03861480556  0.999254541  -0.03860520983
27  28  -2.17024277e-17  -0.1017143424  0.9948315546  -0.101539047
27  29  2.232064084e-16  -0.1258225235  0.9920947837  -0.125490797
27  30  -1.42522066e-16  -0.1086671457  0.9941015335  -0.1084534051
27  31  5.673496885e-17  -0.0955863925  0.9954350981  -0.09544090069
27  32  1.832337281e-16  -0.1005010701  0.9949540168  -0.1003319709
27  33  -7.690032566e-17  -0.1110873823  0.9938361394  -0.110859046
27  34  2.879157359e-16  -0.1023207783  0.9947697947  -0.1021423297
27  35  9.650062846e-17  -0.06749364907  0.9977231682  -0.0674424174
27  36  9.650062846e-17  -0.06749364907  0.9977231682  -0.0674424174

28  0  4.885188231e-17  -0.0815919918  0.9966732197  -0.08150149217
28  1  2.009291826e-16  -0.07056536476  0.9975112976  -0.07050681631
28  2  1.026312851e-18  -0.01946484425  0.9998105659  -0.01946361513
28  3  2.708807525e-17  -0.003584004084  0.9999935775  -0.003583996412
28  4  1.376033432e-16  0.0004500567567  0.9999998987  0.0004500567415
28  5  -3.356418644e-17  0.003668022811  0.9999932728  0.003668014585
28  6  -2.479603791e-17  0.009433373505  0.9999555061  0.009433233595
28  7  2.267641906e-17  0.01256057912  0.999921117  0.01256024884
28  8  -4.79277021e-17  0.005958770038  0.9999822466  0.005958734775
28  9  -2.353579795e-17  0.002227674676  0.9999975187  0.002227672834
28  10  8.957021255e-17  0.001657820517  0.9999986258  0.001657819757
28  11  -8.920901924e-18  0.001741540057  0.9999984835  0.001741539177
28  12  1.147455746e-16  0.001921655924  0.9999981536  0.001921654741
28  13  1.907962007e-16  0.002058180068  0.9999978819  0.002058178615
28  14  9.048238912e-17  0.002088934799  0.9999978182  0.00208893328
28  15  -3.605357952e-17  0.002001964309  0.9999979961  0.002001962972
28  16  -2.118100835e-17  0.001838293653  0.9999983103  0.001838292617
28  17  -6.141248747e-17  0.001693300487  0.9999985664  0.001693299677
28  18  -9.581918429e-17  0.001832720733  0.9999983206  0.001832719707
28  19  1.90568339e-16  0.003533178639  0.9999937583  0.003533171288
28  20  1.472234286e-16  0.01032799254  0.9999466668  0.01032780893
28  21  3.939494918e-17  0.01237283267  0.9999234575  0.01237251698
28  22  1.371746348e-17  0.005684497397  0.9999838433  0.005684466783
28  23  1.495633539e-16  0.001802081529  0.9999983763  0.001802080553
28  24  -3.762040647e-16  -0.0008663930588  0.9999996247  -0.0008663929504
28  25  -3.199097763e-16  -0.006458813377  0.9999791419  -0.006458768471
28  26  -1.741004494e-16  -0.03323166956  0.9994478789  -0.03322555337
28  27  1.320816794e-16  -0.1017143424  0.9948315546  -0.101539047
28  28  -3.990660752e-17  -0.06681149101  0.9977689424  -0.06676179686
28  29  1.410870036e-16  -0.02332584631  0.9997279648  -0.02332373112
28  30  -1.522859614e-16  -0.01051910511  0.9999446747  -0.01051891112
28  31  -1.972445643e-17  -0.006782887177  0.9999769963  -0.006782835166
28  32  1.346279595e-16  -0.006353052253  0.9999798194  -0.006353009517
28  33  -1.386902431e-16  -0.008725223157  0.9999619355  -0.00872511245
28  34  2.156095756e-16  -0.01715289967  0.9998528926  -0.01715205855
28  35  2.012691011e-16  -0.04341873221  0.9990575549  -0.04340509143
28  36  2.012691011e-16  -0.04341873221  0.9990575549  -0.04340509143

29  0  -4.665430297e-16  -0.01241060243  0.9999229895  -0.01241028384
29  1  -1.123752999e-16  -0.0621055417  0.9980720706  -0.06206562487
29  2  -8.99757126e-17  -0.1299038934  0.9915743478  -0.1295388464
29  3  9.566084002e-17  -0.05228977097  0.9986332014  -0.0522659456
29  4  6.753019398e-17  -0.007295694852  0.9999733865  -0.00729563013
29  5  2.152454231e-16  -0.0002585963144  0.9999999666  -0.0002585963115
29  6  1.244037017e-16  0.003427435231  0.9999941263  0.003427428521
29  7  1.122474843e-16  0.009433373505  0.9999555061  0.009433233595
29  8  1.89411872e-16  0.01346835575  0.9999093031  0.01346794856
29  9  2.4760086e-17  0.006932646771  0.9999759693  0.006932591238
29  10  -2.463513372e-16  0.002775914523  0.9999961472  0.002775910958
29  11  -2.849397517e-16  0.00201697915  0.9999979659  0.002016977782
29  12  -2.033215188e-16  0.001982015525  0.9999980358  0.001982014227
29  13  1.004742764e-16  0.002059262014  0.9999978797  0.002059260558
29  14  7.626878509e-17  0.002109170363  0.9999977757  0.002109168799
29  15  -6.731286474e-17  0.00209186807  0.999997812  0.002091866545
29  16  6.982865588e-17  0.002022121818  0.9999979555  0.00202212044
29  17  1.743797925e-16  0.001980166723  0.9999980395  0.001980165429
29  18  8.973319351e-17  0.002246531515  0.9999974765  0.002246529626
29  19  -3.675564036e-16  0.00419636655  0.9999911953  0.004196354234
29  20  -9.973878284e-17  0.01144591835  0.9999344962  0.01144566843
29  21  3.304563083e-16  0.01283151877  0.9999176772  0.01283116666
29  22  -8.166075645e-17  0.005567025871  0.9999845042  0.005566997116
29  23  1.277140975e-16  0.001461248643  0.9999989324  0.001461248123
29  24  -7.860677567e-17  -0.002147169062  0.9999976948  -0.002147167413
29  25  -6.050655897e-17  -0.01397410719  0.9999023638  -0.01397365239
29  26  2.003511606e-16  -0.09729993695  0.9952700945  -0.09714648202
29  27  -8.689181104e-17  -0.1258225235  0.9920947837  -0.125490797
29  28  -2.225471097e-17  -0.0233258463  0.9997279648  -0.02332373112
29  29  5.19195078e-18  -0.004795231449  0.9999885029  -0.004795213072
29  30  -1.422854869e-16  -0.0008386089117  0.9999996484  -0.0008386088134
29  31  1.825312168e-16  0.0004379946802  0.9999999041  0.0004379946662
29  32  -1.308110414e-16  0.0008267823081  0.9999996582  0.0008267822139
29  33  -2.636986206e-16  0.0006727616574  0.9999997737  0.0006727616066
29  34  -5.708798319e-17  -0.0001593671936  0.9999999873  -0.0001593671929
29  35  -2.517145172e-17  -0.002645221916  0.9999965014  -0.002645218831
29  36  -2.517145172e-17  -0.002645221916  0.9999965014  -0.002645218831

30  0  1.026037628e-16  0.000386745034  0.9999999252  0.0003867450243
30  1  -1.210443803e-16  -0.004431042784  0.9999901829  -0.004431028284
30  2  -1.578380194e-16  -0.04073660595  0.9991703792  -0.04072534001
30  3  -7.634498378e-17  -0.1793192784  0.9839653341  -0.1783598084
30  4  5.713334622e-17  -0.09057592066  0.9959008049  -0.09045212402
30  5  3.122448774e-16  -0.009205039291  0.9999576339  -0.009204909296
30  6  3.098743358e-16  -0.0002585963143  0.9999999666  -0.0002585963114
30  7  1.286054969e-17  0.00366802281  0.9999932728  0.003668014585
30  8  -5.597910087e-17  0.01055795989  0.9999442653  0.01055776374
30  9  1.218339768e-16  0.01663832493  0.9998615863  0.01663755727
30  10  1.469736013e-16  0.009167244903  0.9999579811  0.009167116503
30  11  -1.029011401e-16  0.003744155748  0.9999929907  0.003744147
30  12  1.058365605e-16  0.002583498772  0.9999966628  0.002583495898
30  13  2.393263993e-17  0.002368148867  0.9999971959  0.002368146654
30  14  1.472423426e-17  0.002338767296  0.9999972651  0.002338765164
30  15  1.957785535e-16  0.002337527303  0.999997268  0.002337525174
30  16  -2.460081776e-16  0.002343864941  0.9999972531  0.002343862795
30  17  -1.043271383e-16  0.002430416468  0.9999970465  0.002430414075
30  18  -1.409949325e-16  0.002925385882  0.9999957211  0.002925381709
30  19  -2.089849083e-16  0.005493343173  0.9999849116  0.005493315545
30  20  -2.287205018e-17  0.01457335121  0.9998938106  0.01457283537
30  21  4.90445603e-17  0.01520734144  0.9998843706  0.0152067553
30  22  -5.81335314e-17  0.006052604247  0.999981683  0.006052567292
30  23  1.483193195e-16  0.001584364696  0.9999987449  0.001584364034
30  24  -3.952938678e-18  -0.002511731746  0.9999968456  -0.002511729105
30  25  -4.046774493e-17  -0.02030744107  0.999793811  -0.02030604532
30  26  1.604708418e-16  -0.1826331561  0.9833688698  -0.1816195638
30  27  -2.379765094e-16  -0.1086671457  0.9941015335  -0.1084534051
30  28  -9.673259778e-17  -0.01051910511  0.9999446747  -0.01051891112
30  29  1.109152871e-16  -0.0008386089116  0.9999996484  -0.0008386088133
30  30  -2.254490606e-16  0.00126870245  0.9999991952  0.00126870211
30  31  7.164443096e-17  0.001975451821  0.9999980488  0.001975450537
30  32  -1.930291615e-16  0.002220869002  0.9999975339  0.002220867176
30  33  -5.696522458e-17  0.002253813132  0.9999974602  0.002253811224
30  34  1.434219477e-17  0.002115441285  0.9999977625  0.002115439707
30  35  -1.298260829e-16  0.001666056797  0.9999986121  0.001666056026
30  36  -1.298260829e-16  0.001666056797  0.9999986121  0.001666056026

31  0  4.275253388e-16  0.002225608663  0.9999975233  0.002225606825
31  1  2.349076881e-16  0.001375381776  0.9999990542  0.001375381343
31  2  -9.427426011e-17  -0.00203979896  0.9999979196  -0.002039797546
31  3  -7.340716146e-17  -0.03062819432  0.9995309935  -0.0306234059
31  4  2.969807668e-16  -0.1993877392  0.9801880316  -0.1980692372
31  5  -5.920206057e-17  -0.09057592066  0.9959008049  -0.09045212402
31  6  -5.614862552e-17  -0.007295694852  0.9999733865  -0.00729563013
31  7  -4.87275628e-18  0.0004500567566  0.9999998987  0.0004500567415
31  8  -6.4969096e-17  0.004366440366  0.9999904671  0.004366426492
31  9  2.026042317e-16  0.01335227842  0.9999108597  0.01335188167
31  10  -2.991241865e-17  0.02393825712  0.9997134936  0.02393597092
31  11  -8.837948048e-17  0.01329722688  0.9999115932  0.01329683502
31  12  -6.695947344e-17  0.005158759436  0.9999866936  0.005158736555
31  13  4.246694035e-17  0.003367270072  0.9999943308  0.003367263709
31  14  1.989821633e-16  0.002934047769  0.9999956957  0.00293404356
31  15  4.003544961e-16  0.002825071548  0.9999960095  0.00282506779
31  16  -1.407010285e-16  0.002853289275  0.9999959294  0.002853285404
31  17  -2.922243632e-16  0.003066186066  0.9999952993  0.003066181262
31  18  -2.448272271e-16  0.003874242263  0.9999924951  0.003874232571
31  19  -8.003362024e-17  0.007512437696  0.9999717818  0.007512367034
31  20  2.605936426e-16  0.02106149943  0.9997782148  0.02105994237
31  21  -1.272715857e-16  0.02101589853  0.9997791741  0.02101435156
31  22  -1.94764737e-16  0.007272903536  0.9999735526  0.007272839419
31  23  -1.431586606e-16  0.002129744538  0.9999977321  0.002129742928
31  24  9.439444838e-17  -0.001656232824  0.9999986284  -0.001656232067
31  25  1.751065264e-16  -0.01876265931  0.9998239865  -0.01876155847
31  26  -7.673084934e-17  -0.2076162944  0.9785250427  -0.206127972
31  27  9.266593454e-17  -0.0955863925  0.9954350981  -0.09544090069
31  28  1.098089591e-16  -0.006782887177  0.9999769963  -0.006782835166
31  29  -3.614897411e-17  0.0004379946802  0.9999999041  0.0004379946662
31  30  5.486652234e-17  0.001975451821  0.9999980488  0.001975450537
31  31  -1.048220929e-16  0.002387806181  0.9999971492  0.002387803912
31  32  -8.895977941e-17  0.002377899765  0.9999971728  0.002377897524
31  33  1.482086405e-16  0.00227536747  0.9999974114  0.002275365507
31  34  2.75107628e-16  0.002299082578  0.9999973571  0.002299080553
31  35  1.045885694e-16  0.002381496531  0.9999971642  0.00238149428
31  36  1.045885694e-16  0.002381496531  0.9999971642  0.00238149428

32  0  3.545800176e-17  0.00209950642  0.999997796  0.002099504878
32  1  3.277765297e-16  0.00236200136  0.9999972105  0.002361999163
32  2  1.062276541e-16  0.00171557647  0.9999985284  0.001715575629
32  3  1.739503521e-16  -0.001455943386  0.9999989401  -0.001455942872
32  4  1.74683928e-16  -0.03062819432  0.9995309935  -0.0306234059
32  5  -7.885971954e-17  -0.1793192784  0.9839653341  -0.1783598084
32  6  8.515191198e-17  -0.05228977097  0.9986332014  -0.0522659456
32  7  -1.789199757e-16  -0.003584004084  0.9999935775  -0.003583996411
32  8  -2.778888177e-16  0.001452409655  0.9999989453  0.001452409144
32  9  -2.682926446e-16  0.005589750024  0.9999843774  0.005589720915
32  10  2.11041726e-16  0.01982990297  0.9998033939  0.01982860339
32  11  3.10378094e-16  0.04102162108  0.9991587313  0.04101011703
32  12  6.348311788e-17  0.01994619741  0.9998010812  0.01994487484
32  13  1.430404073e-16  0.006845291717  0.9999765711  0.006845238257
32  14  2.158376523e-16  0.004313103151  0.9999906986  0.004313089779
32  15  2.528757492e-16  0.003688722436  0.9999931967  0.003688714071
32  16  2.144141502e-16  0.003592289464  0.9999935477  0.003592281738
32  17  1.221027914e-16  0.003872925787  0.9999925002  0.003872916105
32  18  -2.090998646e-16  0.005005805229  0.999987471  0.005005784323
32  19  -8.481836366e-17  0.01005026889  0.9999494965  0.0100500997
32  20  1.980695771e-16  0.0334843594  0.9994394512  0.03347810263
32  21  8.948661039e-17  0.03557864681  0.9993671467  0.03557114114
32  22  2.852655971e-16  0.00981016694  0.9999518807  0.009810009587
32  23  1.157085468e-16  0.002953978404  0.999995637  0.002953974108
32  24  6.286419236e-18  -0.0002085394232  0.9999999783  -0.0002085394217
32  25  3.861781923e-16  -0.01105225618  0.9999389244  -0.01105203117
32  26  1.754303518e-16  -0.1491355585  0.988899889  -0.148583342
32  27  -9.993423167e-17  -0.1005010701  0.9949540168  -0.1003319709
32  28  2.210603118e-17  -0.006353052253  0.9999798194  -0.006353009517
32  29  1.721030263e-16  0.0008267823082  0.9999996582  0.000826782214
32  30  1.856670055e-16  0.002220869002  0.9999975339  0.002220867176
32  31  9.232925053e-17  0.002377899765  0.9999971728  0.002377897524
32  32  -1.56633803e-16  0.001823825958  0.9999983368  0.001823824947
32  33  -1.448177813e-16  0.0009860308745  0.9999995139  0.0009860307148
32  34  -1.710910805e-16  0.0006967669954  0.9999997573  0.000696766939
32  35  2.035501155e-16  0.001302517476  0.9999991517  0.001302517107
32  36  2.035501155e-16  0.001302517476  0.9999991517  0.001302517107

33  0  -4.963015072e-17  -0.0004418059998  0.9999999024  -0.0004418059854
33  1  4.77733474e-17  0.001704202632  0.9999985478  0.001704201808
33  2  -3.532938994e-17  0.002371230382  0.9999971886  0.00237122816
33  3  1.997703136e-17  0.00171557647  0.9999985284  0.001715575628
33  4  8.388313626e-17  -0.00203979896  0.9999979196  -0.002039797546
33  5  2.399309253e-16  -0.04073660595  0.9991703792  -0.04072534001
33  6  -1.083392217e-16  -0.1299038934  0.9915743478  -0.1295388464
33  7  -5.873178728e-17  -0.01946484425  0.9998105659  -0.01946361513
33  8  -1.310951439e-16  -0.0006473892204  0.9999997904  -0.0006473891751
33  9  -1.172055232e-16  0.002452794947  0.9999969919  0.002452792487
33  10  -2.270784615e-16  0.007895704037  0.9999688291  0.007895621998
33  11  9.785135247e-17  0.03784912311  0.9992838074  0.03784008692
33  12  -3.679134966e-16  0.08400479348  0.9964736718  0.08390602742
33  13  -1.774233759e-16  0.02687862193  0.9996387916  0.02687538559
33  14  1.2313324e-16  0.008203276654  0.9999663533  0.008203184649
33  15  1.0714251e-16  0.005250982256  0.9999862136  0.005250958125
33  16  2.14286533e-16  0.004598745189  0.9999894258  0.004598728979
33  17  -1.400287905e-16  0.00476699604  0.9999886379  0.004766977986
33  18  -2.434659238e-16  0.006058884302  0.999981645  0.006058847232
33  19  -2.019346485e-16  0.01207985173  0.9999270395  0.01207955795
33  20  -2.580275008e-17  0.05228347939  0.9986335302  0.05225966262
33  21  2.634033847e-16  0.07895574907  0.9968846138  0.07887373948
33  22  1.751064495e-16  0.01593216939  0.9998730857  0.01593149537
33  23  1.807906423e-16  0.004098057808  0.999991603  0.004098046337
33  24  -8.40617965e-17  0.001103707887  0.9999993909  0.001103707663
33  25  6.914977164e-17  -0.004258258216  0.9999909336  -0.004258245347
33  26  -2.646253715e-17  -0.06906845303  0.9976157225  -0.06901355151
33  27  1.648746594e-16  -0.1110873823  0.9938361394  -0.110859046
33  28  -1.075127594e-16  -0.008725223157  0.9999619355  -0.00872511245
33  29  -2.17935161e-16  0.0006727616573  0.9999997737  0.0006727616065
33  30  2.345519694e-18  0.002253813132  0.9999974602  0.002253811224
33  31  -1.525698817e-16  0.00227536747  0.9999974114  0.002275365507
33  32  -1.518513188e-16  0.0009860308745  0.9999995139  0.0009860307148
33  33  -1.600256549e-16  -0.001664820992  0.9999986142  -0.001664820223
33  34  -1.636396682e-16  -0.004006335254  0.9999919746  -0.004006324537
33  35  1.23260457e-16  -0.00329690493  0.9999945652  -0.003296898957
33  36  1.23260457e-16  -0.00329690493  0.9999945652  -0.003296898957

34  0  -4.08762394e-17  -0.008205274085  0.9999663369  -0.008205182014
34  1  -7.489125357e-18  -0.001440500203  0.9999989625  -0.001440499705
34  2  1.751149108e-16  0.001704202632  0.9999985478  0.001704201808
34  3  2.090564411e-16  0.00236200136  0.9999972105  0.002361999163
34  4  1.575673299e-16  0.001375381776  0.9999990542  0.001375381343
34  5  6.663153843e-17  -0.004431042784  0.9999901829  -0.004431028284
34  6  8.030628034e-17  -0.0621055417  0.9980720706  -0.06206562487
34  7  1.182160295e-16  -0.07056536476  0.9975112976  -0.07050681631
34  8  1.156095558e-16  -0.005280246234  0.9999860595  -0.005280221697
34  9  2.648861187e-16  0.001042107907  0.999999457  0.001042107718
34  10  6.351155177e-17  0.003596156419  0.9999935338  0.003596148668
34  11  2.11252243e-16  0.01358411461  0.9999077373  0.01358369684
34  12  -3.420195084e-16  0.107717714  0.9942040545  0.1075095248
34  13  -1.174663371e-16  0.1740182046  0.9848970028  0.1731412539
34  14  1.96504812e-16  0.02536128363  0.9996784199  0.02535856501
34  15  -2.098047175e-16  0.008519108052  0.9999637126  0.008519005006
34  16  -1.35332984e-16  0.00595260294  0.9999822833  0.005952567786
34  17  -7.419725894e-17  0.005613393745  0.9999842449  0.005613364266
34  18  1.946897251e-16  0.0066795734  0.9999776917  0.00667952373
34  19  2.796199606e-16  0.01211039929  0.99992667  0.01211010327
34  20  3.159350535e-16  0.05892527943  0.998264408  0.0588911854
34  21  2.90558723e-16  0.2140071386  0.9771877371  0.2123773211
34  22  2.239011772e-16  0.03681224221  0.9993225059  0.03680392848
34  23  -1.706425755e-16  0.006175805538  0.9999809298  0.00617576628
34  24  -1.226566547e-16  0.002132084163  0.9999977271  0.002132082548
34  25  1.385352508e-16  -0.0006000409731  0.99999982  -0.000600040937
34  26  -4.706631425e-17  -0.02153504756  0.9997681298  -0.02153338309
34  27  4.041430105e-17  -0.1023207783  0.9947697947  -0.1021423298
34  28  9.402953215e-17  -0.01715289967  0.9998528926  -0.01715205855
34  29  4.679948952e-17  -0.0001593671935  0.9999999873  -0.0001593671929
34  30  -3.45542292e-18  0.002115441285  0.9999977625  0.002115439707
34  31  9.535066157e-17  0.002299082578  0.9999973571  0.002299080553
34  32  1.282630183e-17  0.0006967669954  0.9999997573  0.000696766939
34  33  6.829012743e-17  -0.004006335254  0.9999919746  -0.004006324537
34  34  5.876499369e-17  -0.0114815593  0.9999340876  -0.01148130704
34  35  -3.234607783e-17  -0.01433026172  0.9998973236  -0.01432977125
34  36  -3.234607783e-17  -0.01433026172  0.9998973236  -0.01432977125

35  0  -5.945012934e-17  -0.02169685627  0.9997646324  -0.02169515399
35  1  9.589754711e-17  -0.008205274086  0.9999663369  -0.008205182014
35  2  3.975635232e-17  -0.0004418059997  0.9999999024  -0.0004418059853
35  3  1.018574464e-17  0.00209950642  0.999997796  0.002099504878
35  4  2.8627986e-16  0.002225608663  0.9999975233  0.002225606825
35  5  -2.247882746e-17  0.0003867450339  0.9999999252  0.0003867450243
35  6  1.900574586e-16  -0.01241060243  0.9999229895  -0.01241028384
35  7  2.384630368e-16  -0.0815919918  0.9966732197  -0.08150149217
35  8  1.306215794e-16  -0.02363382751  0.9997207341  -0.02363162743
35  9  1.58745005e-17  -0.0005762885997  0.9999998339  -0.0005762885678
35  10  5.394127884e-17  0.002073565007  0.9999978502  0.002073563521
35  11  1.343409696e-16  0.005692146088  0.9999837998  0.00569211535
35  12  -2.829269385e-16  0.03454019522  0.9994035468  0.03453332775
35  13  3.354016667e-17  0.3959129767  0.9226448588  0.3856507027
35  14  1.956600689e-16  0.154641788  0.9880667682  0.1540261718
35  15  -7.322160503e-17  0.01667847241  0.9998609175  0.01667769918
35  16  -1.773754619e-16  0.007815785088  0.9999694569  0.007815705515
35  17  -9.595856389e-17  0.006296239503  0.9999801787  0.006296197903
35  18  -6.720853505e-17  0.006712242213  0.999977473  0.00671219181
35  19  5.807656386e-17  0.01017368252  0.9999482485  0.01017350702
35  20  -4.565987163e-17  0.03641654167  0.999336991  0.03640849314
35  21  -1.971980172e-16  0.3928923106  0.9238055698  0.3828619454
35  22  -1.149328411e-16  0.1585944295  0.9874502411  0.1579304322
35  23  -2.210919076e-16  0.01173537624  0.9999311413  0.01173510688
35  24  -1.892624621e-17  0.00327841662  0.999994626  0.003278410747
35  25  1.498543716e-16  0.001063617021  0.9999994344  0.001063616821
35  26  -9.125266182e-18  -0.005186419523  0.9999865506  -0.005186396271
35  27  -2.810292569e-16  -0.06749364907  0.9977231682  -0.06744241739
35  28  -8.36317945e-17  -0.04341873221  0.9990575549  -0.04340509143
35  29  1.535023113e-16  -0.002645221916  0.9999965014  -0.002645218831
35  30  -5.295974655e-17  0.001666056797  0.9999986121  0.001666056026
35  31  -2.069022607e-16  0.002381496531  0.9999971642  0.00238149428
35  32  -3.398937596e-16  0.001302517476  0.9999991517  0.001302517107
35  33  -1.368499898e-16  -0.00329690493  0.9999945652  -0.003296898957
35  34  8.892475791e-17  -0.01433026172  0.9998973236  -0.01432977125
35  35  -1.254216781e-16  -0.02621474841  0.9996564132  -0.02621174599
35  36  -1.254216781e-16  -0.02621474841  0.9996564132  -0.02621174599

36  0  -5.945012934e-17  -0.02169685627  0.9996564132  -0.02621174599
36  1  -7.489125357e-18  -0.001440500203  0.9996564132  -0.02621174599
36  2  -3.532938994e-17  0.002371230382  0.9996564132  -0.02621174599
36  3  1.739503521e-16  -0.001455943386  0.9996564132  -0.02621174599
36  4  2.969807668e-16  -0.1993877392  0.9996564132  -0.02621174599
36  5  3.122448774e-16  -0.009205039291  0.9996564132  -0.02621174599
36  6  1.244037017e-16  0.003427435231  0.9996564132  -0.02621174599
36  7  2.267641906e-17  0.01256057912  0.9996564132  -0.02621174599
36  8  -4.114820292e-17  0.002050971454  0.9996564132  -0.02621174599
36  9  -2.352916752e-16  0.001571163423  0.9996564132  -0.02621174599
36  10  -1.696580752e-16  0.002188600581  0.9996564132  -0.02621174599
36  11  -1.858515996e-17  0.002746566122  0.9996564132  -0.02621174599
36  12  -4.173609595e-17  0.002758463065  0.9996564132  -0.02621174599
36  13  1.885379444e-17  0.002339866264  0.9996564132  -0.02621174599
36  14  2.77238543e-16  0.002092849729  0.9996564132  -0.02621174599
36  15  -8.670499861e-17  0.002552943242  0.9996564132  -0.02621174599
36  16  2.591596857e-16  0.004044108739  0.9996564132  -0.02621174599
36  17  -3.335995107e-17  0.005915308312  0.9996564132  -0.02621174599
36  18  3.552949173e-16  0.005915308312  0.9996564132  -0.02621174599
36  19  -3.815406431e-17  0.004044108739  0.9996564132  -0.02621174599
36  20  -6.489834686e-17  0.002552943242  0.9996564132  -0.02621174599
36  21  -1.617814982e-16  0.002092849729  0.9996564132  -0.02621174599
36  22  -2.92748118e-16  0.002339866264  0.9996564132  -0.02621174599
36  23  1.782404731e-16  0.002758463065  0.9996564132  -0.02621174599
36  24  1.206027604e-17  0.002746566122  0.9996564132  -0.02621174599
36  25  1.555110778e-16  0.002188600581  0.9996564132  -0.02621174599
36  26  1.470415548e-16  0.001571163423  0.9996564132  -0.02621174599
36  27  3.695851524e-17  0.002050971454  0.9996564132  -0.02621174599
36  28  -1.528397925e-16  0.01256057912  0.9996564132  -0.02621174599
36  29  2.650537912e-17  0.003427435232  0.9996564132  -0.02621174599
36  30  1.298680414e-16  -0.00920503929  0.9996564132  -0.02621174599
36  31  -3.034703657e-16  -0.1993877392  0.9996564132  -0.02621174599
36  32  -2.629762516e-16  -0.001455943386  0.9996564132  -0.02621174599
36  33  -1.090529693e-18  0.002371230382  0.9996564132  -0.02621174599
36  34  -1.495771513e-16  -0.001440500203  0.9996564132  -0.02621174599
36  35  1.373245565e-17  -0.02169685627  0.9996564132  -0.02621174599
36  36  1.373245565e-17  -0.02169685627  0.9996564132  -0.02621174599

#Chern no*2pi*Iota= 1.684804431e-14  6.283185307
