#nx  ny  tilde_F(nx,ny).real()  tilde_F(nx,ny).imag()  ArgofLog.real()  ArgofLog.imag()
#Extra momentum point for pm3d corners2color c1
0  0  4.431924807e-16  0.05581217143  0.998442905  0.05578320014
0  1  3.71128271e-16  0.0657476246  0.9978394034  0.06570026641
0  2  5.334284502e-17  0.08510510852  0.9963807455  0.08500241138
0  3  2.11095551e-16  0.07889533099  0.9968893774  0.07881350948
0  4  1.024925102e-16  0.05235054331  0.9986300232  0.05232663479
0  5  -4.022278269e-17  0.03174628479  0.999496129  0.0317409526
0  6  -1.891344986e-16  0.02024666139  0.9997950434  0.02024527814
0  7  -1.793944299e-16  0.01396041468  0.999902555  0.01395996122
0  8  -1.463812137e-16  0.01025697785  0.9999473977  0.010256798
0  9  9.80003805e-17  0.007806463444  0.9999695297  0.007806384155
0  10  1.679974252e-16  0.005812814918  0.9999831056  0.005812782184
0  11  -5.104373854e-17  0.003171869694  0.9999949696  0.003171864375
0  12  -3.377986554e-16  -0.006039122002  0.9999817646  -0.006039085293
0  13  -1.964597807e-16  -0.155003093  0.9880110533  -0.1543831552
0  14  -2.435390193e-17  -0.3845047949  0.9269842978  -0.3751001354
0  15  2.663664109e-16  -0.02985240228  0.9995544501  -0.02984796857
0  16  1.696924928e-16  -0.003019230239  0.9999954421  -0.003019225652
0  17  1.416644344e-17  0.002184962884  0.999997613  0.002184961145
0  18  -1.381828339e-16  0.003210963323  0.9999948449  0.003210957806
0  19  8.32548171e-17  0.0001892947435  0.9999999821  0.0001892947423
0  20  2.663489214e-16  -0.01005311826  0.9999494678  -0.01005294892
0  21  -2.830559995e-16  -0.14629437  0.9893180504  -0.145773095
0  22  3.185501648e-17  -0.3912389639  0.9244373104  -0.381334052
0  23  3.772505939e-16  -0.02948522156  0.9995653423  -0.02948094945
0  24  -7.453166779e-17  0.0003946387179  0.9999999221  0.0003946387077
0  25  3.574771063e-16  0.004691120179  0.9999889967  0.004691102973
0  26  -4.383288802e-17  0.006802476114  0.9999768632  0.006802423651
0  27  -7.351145316e-19  0.008940687368  0.9999600323  0.008940568255
0  28  -4.701011559e-17  0.01191217649  0.9999290509  0.01191189477
0  29  2.904300669e-16  0.01670253175  0.999860516  0.01670175516
0  30  1.293582526e-17  0.02520325478  0.9996824148  0.02520058666
0  31  -2.115030697e-16  0.04089453371  0.9991639351  0.04088313625
0  32  3.293739651e-17  0.0660863916  0.9978170891  0.06603829769
0  33  6.127670334e-17  0.08603258193  0.9963014795  0.08592649133
0  34  4.801615569e-16  0.07580493054  0.9971281819  0.07573235065
0  35  -9.815774056e-18  0.05876053475  0.9982740965  0.05872672585
0  36  -9.815774056e-18  0.05876053475  0.9982740965  0.05872672585

1  0  -1.533664518e-16  0.0657476246  0.9978394034  0.06570026641
1  1  1.150412201e-17  0.06978635113  0.9975659207  0.0697297201
1  2  1.254155121e-17  0.08439677953  0.9964407052  0.08429662475
1  3  1.45753922e-16  0.08345849863  0.9965193605  0.08336164649
1  4  2.12874616e-16  0.05955487216  0.9982271327  0.05951967371
1  5  -3.611335349e-17  0.03660591388  0.9993300783  0.03659773915
1  6  3.585014894e-17  0.02285027815  0.9997389438  0.02284828971
1  7  -2.035530625e-16  0.01530062253  0.9998829478  0.01530002553
1  8  -1.299847082e-16  0.01095856097  0.9999399556  0.01095834163
1  9  2.72784505e-16  0.008208631947  0.9999663094  0.008208539762
1  10  7.819869333e-17  0.006172619586  0.9999809494  0.006172580389
1  11  1.582747191e-16  0.004053187717  0.9999917858  0.004053176619
1  12  7.76525936e-17  -0.000558059197  0.9999998443  -0.000558059168
1  13  2.616889417e-17  -0.0320567522  0.9994862263  -0.03205126204
1  14  -4.374074296e-17  -0.2092339115  0.9781903264  -0.2077105805
1  15  1.287837486e-16  -0.05289427394  0.998601424  -0.05286961275
1  16  -1.111915745e-16  -0.005977017271  0.9999821377  -0.005976981683
1  17  -1.82829498e-16  0.0009628004276  0.9999995365  0.0009628002789
1  18  -1.533640315e-18  0.003555609408  0.9999936788  0.003555601916
1  19  -6.820054737e-17  0.002617956625  0.9999965732  0.002617953635
1  20  6.743364073e-17  -0.001717714755  0.9999985247  -0.00171771391
1  21  -2.970157766e-16  -0.01941162381  0.9998116003  -0.01941040475
1  22  4.271446653e-17  -0.1678644672  0.9859438137  -0.1670772163
1  23  -2.846058268e-16  -0.1037854138  0.9946191265  -0.1035991948
1  24  -2.878931209e-16  -0.008354228438  0.9999651036  -0.00835413126
1  25  2.140543044e-16  0.002334601967  0.9999972748  0.002334599847
1  26  2.446450057e-16  0.005183357637  0.9999865664  0.005183334427
1  27  -1.884592231e-16  0.007160246443  0.9999743655  0.00716018526
1  28  -1.91529663e-16  0.009488908162  0.9999549806  0.009488765766
1  29  -1.834146985e-16  0.01293434985  0.9999163525  0.0129339892
1  30  -3.090933716e-16  0.01868488425  0.9998254426  0.01868379704
1  31  9.247004492e-17  0.0290272531  0.9995787389  0.02902317697
1  32  3.634726139e-16  0.04743795061  0.9988750314  0.04742016054
1  33  2.107974422e-16  0.07279458196  0.9973516442  0.07273030862
1  34  2.477124978e-16  0.08611128544  0.9962947137  0.08600490349
1  35  -7.56100342e-17  0.07580493054  0.9971281819  0.07573235065
1  36  -7.56100342e-17  0.07580493054  0.9971281819  0.07573235065

2  0  5.904793523e-17  0.08510510852  0.9963807455  0.08500241138
2  1  -4.678191875e-17  0.08439677953  0.9964407052  0.08429662475
2  2  -1.188013661e-16  0.0883867071  0.9960964373  0.08827166946
2  3  1.164952753e-17  0.08267146612  0.9965846602  0.08257732763
2  4  4.217503405e-17  0.06105682198  0.9981366112  0.06101889307
2  5  7.108746444e-17  0.03875557664  0.9992490966  0.03874587559
2  6  -2.189937629e-16  0.02421666316  0.9997067909  0.02421429627
2  7  -2.420735948e-16  0.01592952294  0.9998731278  0.01592884927
2  8  -6.57279885e-17  0.01114287818  0.9999379188  0.01114264759
2  9  1.93524321e-17  0.008162966141  0.9999666832  0.008162875486
2  10  -1.141398727e-16  0.006056125602  0.9999816617  0.006056088582
2  11  -1.275951067e-16  0.004123425412  0.9999914987  0.004123413727
2  12  -1.710307603e-16  0.0009866807583  0.9999995132  0.0009866805982
2  13  -2.279973126e-16  -0.01137289152  0.9999353294  -0.01137264636
2  14  -3.141331934e-16  -0.07491545031  0.9971951498  -0.074845395
2  15  8.495088097e-18  -0.04747883338  0.9988730919  -0.04746099727
2  16  -1.108321912e-16  -0.006983157083  0.9999756179  -0.006983100328
2  17  8.011415877e-17  0.0002292005332  0.9999999737  0.0002292005312
2  18  1.522167078e-16  0.003401405029  0.9999942152  0.003401398471
2  19  -3.895758868e-17  0.004207732355  0.9999911475  0.004207719938
2  20  -1.047953679e-16  0.001994909679  0.9999980102  0.001994908356
2  21  1.268111805e-17  -0.00259128296  0.9999966426  -0.00259128006
2  22  7.759151796e-17  -0.02189436152  0.999760328  -0.02189261233
2  23  -2.637274435e-16  -0.07957920155  0.996835246  -0.0794952343
2  24  1.618490878e-16  -0.03371924963  0.99943156  -0.03371286026
2  25  -6.422166804e-17  -0.00306706674  0.9999952966  -0.003067061931
2  26  -1.462297255e-16  0.002801862784  0.9999960748  0.002801859119
2  27  -1.35196282e-16  0.005113920847  0.9999869239  0.005113898557
2  28  -3.078333702e-16  0.00707260386  0.9999749892  0.007072544896
2  29  -3.978771111e-17  0.009563182118  0.9999542731  0.009563036353
2  30  -2.365993179e-16  0.01335855831  0.9999107758  0.013358161
2  31  6.901262283e-17  0.01974083364  0.9998051561  0.0197395515
2  32  1.044568677e-16  0.03098645772  0.9995199581  0.0309814993
2  33  7.197502221e-17  0.04969194133  0.9987656095  0.04967149323
2  34  -1.163131549e-16  0.07279458196  0.9973516442  0.07273030862
2  35  -1.419292524e-16  0.08603258193  0.9963014795  0.08592649133
2  36  -1.419292524e-16  0.08603258193  0.9963014795  0.08592649133

3  0  -9.78665317e-17  0.07889533099  0.9968893774  0.07881350948
3  1  -2.924047011e-16  0.08345849863  0.9965193605  0.08336164649
3  2  -1.004879238e-16  0.08267146612  0.9965846602  0.08257732763
3  3  -5.120686226e-17  0.07411220523  0.9972549473  0.07404437885
3  4  -4.857790886e-17  0.05662281693  0.9983973566  0.05659256497
3  5  2.251039934e-16  0.03800353574  0.9992779525  0.03799438851
3  6  4.592340392e-17  0.02446923633  0.9997006432  0.02446679461
3  7  -1.108825549e-16  0.01611582458  0.9998701429  0.01611512699
3  8  -1.096550136e-16  0.01109748816  0.9999384235  0.01109726038
3  9  2.98299443e-16  0.007943919949  0.9999684472  0.007943836398
3  10  -3.669019596e-17  0.005752596721  0.9999834539  0.005752564993
3  11  -4.485615228e-18  0.003872658273  0.9999925013  0.003872648593
3  12  1.41260691e-16  0.001318016297  0.9999991314  0.001318015915
3  13  8.990638854e-19  -0.005811678748  0.9999831122  -0.005811646033
3  14  -1.505408663e-16  -0.03192623983  0.9994904009  -0.03192081646
3  15  1.40894288e-16  -0.02964004058  0.9995607662  -0.02963570081
3  16  -3.952540248e-17  -0.005846204671  0.999982911  -0.005846171369
3  17  -2.646715676e-17  0.0001601647434  0.9999999872  0.0001601647428
3  18  7.34108716e-17  0.003160338089  0.9999950061  0.003160332828
3  19  -1.843609418e-16  0.005166113333  0.9999866557  0.005166090354
3  20  -9.027206179e-18  0.004404696374  0.9999902993  0.004404682131
3  21  -1.308201402e-16  0.001719102606  0.9999985223  0.001719101759
3  22  -3.293560807e-16  -0.002224401106  0.999997526  -0.002224399272
3  23  1.803594365e-16  -0.01591168269  0.9998734118  -0.01591101127
3  24  -2.489238008e-18  -0.03735822689  0.9993022626  -0.03734953774
3  25  2.116706896e-16  -0.01606266132  0.9998709982  -0.01606197061
3  26  3.65195912e-17  -0.001425436659  0.9999989841  -0.001425436177
3  27  -1.69198856e-16  0.002717016867  0.9999963089  0.002717013524
3  28  -2.402751653e-16  0.004815453865  0.9999884057  0.004815435254
3  29  7.197571907e-17  0.006807281268  0.9999768306  0.006807228694
3  30  -1.761614148e-16  0.009434983017  0.9999554909  0.009434843036
3  31  -4.961040886e-18  0.01345190485  0.9999095245  0.01345149915
3  32  -2.084236067e-16  0.02004725129  0.9997990606  0.02004590851
3  33  -2.422975076e-16  0.03098645772  0.9995199581  0.0309814993
3  34  -3.428089531e-17  0.04743795061  0.9988750314  0.04742016054
3  35  5.137160808e-17  0.0660863916  0.9978170891  0.06603829769
3  36  5.137160808e-17  0.0660863916  0.9978170891  0.06603829769

4  0  7.104755091e-17  0.05235054331  0.9986300232  0.05232663479
4  1  -1.494802376e-18  0.05955487216  0.9982271327  0.05951967371
4  2  -4.287339519e-17  0.06105682198  0.9981366112  0.06101889307
4  3  -7.113332072e-17  0.05662281693  0.9983973566  0.05659256497
4  4  -1.159097944e-16  0.04664050866  0.9989125286  0.0466236007
4  5  1.014610694e-16  0.03433477061  0.9994106197  0.03432802493
4  6  2.566506277e-16  0.0236550804  0.9997202316  0.02365287438
4  7  1.973882401e-16  0.0160619801  0.9998710092  0.01606128948
4  8  -8.81645135e-17  0.01107770021  0.9999386429  0.01107747364
4  9  8.356431929e-17  0.007802454455  0.999969561  0.007802375289
4  10  -2.352229188e-16  0.005503692971  0.9999848547  0.005503665186
4  11  1.336351546e-16  0.003593171414  0.9999935446  0.003593163682
4  12  1.582687842e-16  0.001266143375  0.9999991984  0.001266143036
4  13  -4.342123814e-17  -0.003900115192  0.9999923946  -0.003900105305
4  14  -1.109583823e-16  -0.01783856314  0.9998408971  -0.01783761708
4  15  2.249499065e-16  -0.01784489546  0.9998407841  -0.01784394838
4  16  -1.492899767e-16  -0.003987059761  0.9999920517  -0.003987049198
4  17  1.110663305e-16  0.0004740382269  0.9999998876  0.0004740382092
4  18  -2.702257168e-16  0.003020099963  0.9999954395  0.003020095372
4  19  -3.30146686e-16  0.005673653886  0.9999839049  0.005673623447
4  20  -6.928726668e-17  0.00650254149  0.9999788586  0.006502495666
4  21  -1.239433498e-16  0.004404700501  0.9999902993  0.004404686258
4  22  -2.421425134e-16  0.001746510539  0.9999984749  0.001746509651
4  23  -9.586699115e-17  -0.001283267618  0.9999991766  -0.001283267266
4  24  -1.49835087e-16  -0.009970474394  0.9999502952  -0.0099703092
4  25  4.906435305e-17  -0.02082399331  0.9997831885  -0.02082248833
4  26  5.910709028e-17  -0.0100955328  0.9999490405  -0.01009536131
4  27  7.529850376e-18  -0.0009306947788  0.9999995669  -0.0009306946444
4  28  -1.356982541e-16  0.00249362455  0.9999968909  0.002493621965
4  29  -1.353192148e-16  0.004537428443  0.9999897059  0.004537412873
4  30  -1.436715064e-16  0.006607042499  0.9999781736  0.006606994429
4  31  2.249575487e-17  0.009359097955  0.999956204  0.009358961324
4  32  -3.038850542e-16  0.01345190485  0.9999095245  0.01345149916
4  33  -3.436289872e-16  0.01974083364  0.9998051561  0.0197395515
4  34  9.242443402e-17  0.0290272531  0.9995787389  0.02902317697
4  35  7.216285896e-17  0.04089453371  0.9991639351  0.04088313625
4  36  7.216285896e-17  0.04089453371  0.9991639351  0.04088313625

5  0  2.336263586e-16  0.03174628479  0.999496129  0.0317409526
5  1  -1.254277769e-16  0.03660591388  0.9993300783  0.03659773915
5  2  -5.731613583e-17  0.03875557664  0.9992490966  0.03874587559
5  3  1.858705433e-16  0.03800353574  0.9992779525  0.03799438851
5  4  7.013929225e-17  0.03433477061  0.9994106197  0.03432802493
5  5  -1.268184938e-16  0.02834401082  0.9995983354  0.02834021579
5  6  -2.843946217e-16  0.02161476564  0.99976641  0.02161308262
5  7  -4.840124371e-17  0.0156783758  0.9998770968  0.01567773349
5  8  -2.241132711e-17  0.01113659878  0.9999379887  0.01113636858
5  9  -1.965785516e-16  0.007858551566  0.9999691217  0.00785847068
5  10  -1.49044772e-16  0.005450255639  0.9999851474  0.005450228655
5  11  -1.879982402e-16  0.003449088704  0.9999940519  0.003449081865
5  12  1.7296895e-16  0.001162849601  0.9999993239  0.001162849339
5  13  -7.446771682e-17  -0.003195062952  0.9999948958  -0.003195057516
5  14  -8.639635429e-17  -0.01246063475  0.9999223673  -0.0124603123
5  15  -5.763874512e-17  -0.01180484473  0.9999303236  -0.01180457056
5  16  -1.28602606e-16  -0.002453326018  0.9999969906  -0.002453323557
5  17  -9.773634525e-17  0.0008620629804  0.9999996284  0.0008620628737
5  18  -9.600995913e-17  0.00297328892  0.9999955798  0.002973284539
5  19  -1.740833996e-16  0.005879430787  0.9999827162  0.005879396914
5  20  1.344414071e-16  0.008400100841  0.9999647194  0.008400002054
5  21  -2.594822764e-16  0.00743061628  0.9999723931  0.007430547902
5  22  -1.349051518e-17  0.004343399109  0.9999905675  0.004343385453
5  23  1.651934847e-16  0.001895377349  0.9999982038  0.001895376214
5  24  9.895707647e-17  -0.0003983635514  0.9999999207  -0.0003983635408
5  25  1.497832824e-16  -0.006344711608  0.9999798724  -0.00634466904
5  26  -2.056798327e-16  -0.01396152432  0.9999025395  -0.01396107075
5  27  7.811785735e-17  -0.007757715995  0.9999699091  -0.007757638182
5  28  -9.844012501e-17  -0.0008144686699  0.9999996683  -0.0008144685799
5  29  1.11803375e-16  0.002338362676  0.999997266  0.002338360545
5  30  8.528316476e-19  0.004428658637  0.9999901935  0.004428644161
5  31  3.444186369e-17  0.006607042499  0.9999781736  0.006606994429
5  32  3.201801113e-17  0.009434983017  0.9999554909  0.009434843036
5  33  1.990811437e-16  0.01335855831  0.9999107758  0.013358161
5  34  2.078497289e-16  0.01868488425  0.9998254426  0.01868379704
5  35  2.658755676e-17  0.02520325478  0.9996824148  0.02520058666
5  36  2.658755676e-17  0.02520325478  0.9996824148  0.02520058666

6  0  -7.053092714e-17  0.02024666139  0.9997950434  0.02024527814
6  1  -1.36513897e-16  0.02285027815  0.9997389438  0.02284828971
6  2  -1.722279995e-16  0.02421666316  0.9997067909  0.02421429627
6  3  1.006973381e-16  0.02446923634  0.9997006432  0.02446679461
6  4  4.68249312e-17  0.0236550804  0.9997202316  0.02365287438
6  5  4.248817585e-17  0.02161476564  0.99976641  0.02161308262
6  6  1.823815463e-17  0.01843082404  0.9998301572  0.01842978058
6  7  -2.089405122e-16  0.01468637428  0.9998921571  0.01468584633
6  8  9.742138856e-18  0.01109642299  0.9999384353  0.01109619528
6  9  -8.47451107e-17  0.008065839651  0.9999674713  0.008065752194
6  10  1.243475377e-16  0.005618563357  0.9999842159  0.005618533796
6  11  -9.16766761e-17  0.003504421176  0.9999938595  0.003504414003
6  12  -1.028792892e-16  0.001142414221  0.9999993474  0.001142413973
6  13  -7.56628291e-17  -0.002967264932  0.9999955977  -0.002967260578
6  14  -3.939559289e-17  -0.01036716362  0.9999462614  -0.01036697791
6  15  1.667828903e-17  -0.008978591102  0.9999596927  -0.008978470467
6  16  1.110628511e-16  -0.00148335745  0.9999988998  -0.001483356906
6  17  -6.869349915e-17  0.001171885963  0.9999993133  0.001171885695
6  18  -1.466826158e-16  0.002969728793  0.9999955904  0.002969724428
6  19  8.616497667e-17  0.005913494591  0.9999825153  0.005913460126
6  20  1.862073841e-16  0.009964484788  0.9999503549  0.009964319892
6  21  -3.23112127e-16  0.01130444082  0.9999361055  0.01130420006
6  22  9.975577942e-17  0.007988590485  0.9999680914  0.007988505516
6  23  2.415418099e-16  0.004274258988  0.9999908654  0.004274245973
6  24  3.127587679e-16  0.002045157908  0.9999979087  0.002045156483
6  25  1.174790646e-17  0.0002124045036  0.9999999774  0.000212404502
6  26  -1.464520479e-16  -0.004447341708  0.9999901106  -0.004447327047
6  27  -2.479520334e-16  -0.01108550862  0.9999385564  -0.01108528158
6  28  -9.145126937e-17  -0.006902649188  0.9999761768  -0.006902594373
6  29  -3.143665785e-17  -0.0007997948819  0.9999996802  -0.0007997947966
6  30  -3.634287845e-17  0.002338362676  0.999997266  0.002338360545
6  31  -4.05692407e-17  0.004537428443  0.9999897059  0.004537412873
6  32  6.707388825e-17  0.006807281268  0.9999768306  0.006807228694
6  33  1.486637287e-16  0.009563182118  0.9999542731  0.009563036353
6  34  2.930359411e-16  0.01293434985  0.9999163525  0.0129339892
6  35  -7.813425955e-17  0.01670253175  0.999860516  0.01670175516
6  36  -7.813425955e-17  0.01670253175  0.999860516  0.01670175516

7  0  -4.629734069e-17  0.01396041468  0.999902555  0.01395996122
7  1  2.603683518e-16  0.01530062253  0.9998829478  0.01530002553
7  2  -2.342280581e-16  0.01592952294  0.9998731278  0.01592884927
7  3  1.339447318e-16  0.01611582458  0.9998701429  0.01611512699
7  4  2.631614102e-17  0.0160619801  0.9998710092  0.01606128948
7  5  -2.697174722e-18  0.0156783758  0.9998770968  0.01567773349
7  6  7.017203916e-18  0.01468637428  0.9998921571  0.01468584633
7  7  -3.282172388e-16  0.01294658991  0.9999161941  0.01294622825
7  8  7.799398174e-17  0.01066234721  0.9999431577  0.01066214518
7  9  2.546638244e-16  0.008226554211  0.9999661621  0.008226461421
7  10  2.004275063e-16  0.005920792824  0.9999824722  0.005920758231
7  11  3.028447308e-16  0.003737163473  0.9999930168  0.003737154774
7  12  2.772899081e-17  0.001229361237  0.9999992443  0.001229360927
7  13  -2.223651235e-16  -0.0030023741  0.9999954929  -0.00300236959
7  14  2.523313689e-16  -0.009976170999  0.9999502384  -0.009976005522
7  15  1.157395474e-16  -0.00800007492  0.9999679996  -0.007999989585
7  16  8.365895485e-17  -0.001003235742  0.9999994968  -0.001003235574
7  17  2.088037234e-16  0.001364688936  0.9999990688  0.001364688512
7  18  -1.686883463e-16  0.002977268619  0.9999955679  0.00297726422
7  19  2.43347827e-16  0.005874720569  0.9999827439  0.005874686777
7  20  6.241017265e-17  0.0110998781  0.999938397  0.01109965017
7  21  -5.805588352e-18  0.01599393271  0.9998720998  0.01599325083
7  22  4.793590001e-17  0.01411153636  0.9999004339  0.01411106801
7  23  1.96844998e-16  0.008272451826  0.9999657835  0.008272357475
7  24  1.379487277e-16  0.004217147391  0.9999911078  0.004217134892
7  25  -1.434956113e-16  0.002150509327  0.9999976877  0.002150507669
7  26  7.638471578e-17  0.0005500922939  0.9999998487  0.0005500922662
7  27  -1.437788563e-16  -0.003646341238  0.9999933521  -0.003646333158
7  28  -5.463045123e-17  -0.01028249438  0.9999471356  -0.01028231319
7  29  1.26985075e-16  -0.006902649188  0.9999761768  -0.006902594374
7  30  4.500721638e-16  -0.0008144686702  0.9999996683  -0.0008144685801
7  31  -9.702292202e-18  0.00249362455  0.9999968909  0.002493621965
7  32  -1.692615126e-16  0.004815453865  0.9999884057  0.004815435255
7  33  4.028935396e-16  0.00707260386  0.9999749892  0.007072544896
7  34  7.37374277e-17  0.009488908162  0.9999549806  0.009488765766
7  35  -8.35480114e-17  0.01191217649  0.9999290509  0.01191189477
7  36  -8.35480114e-17  0.01191217649  0.9999290509  0.01191189477

8  0  -2.297733557e-16  0.01025697785  0.9999473977  0.010256798
8  1  -1.592461741e-17  0.01095856097  0.9999399556  0.01095834163
8  2  -3.429881932e-17  0.01114287818  0.9999379188  0.01114264759
8  3  1.393268679e-16  0.01109748816  0.9999384235  0.01109726038
8  4  -5.596836805e-17  0.01107770021  0.9999386429  0.01107747364
8  5  -6.097840223e-17  0.01113659878  0.9999379887  0.01113636858
8  6  2.238134716e-16  0.01109642299  0.9999384353  0.01109619528
8  7  2.255534662e-16  0.01066234721  0.9999431577  0.01066214518
8  8  3.791523567e-16  0.009636192623  0.9999535723  0.009636043494
8  9  7.589756999e-19  0.008065780513  0.9999674718  0.008065693057
8  10  7.435666648e-17  0.00616169045  0.9999810168  0.006161651461
8  11  4.812825828e-18  0.004035792476  0.9999918562  0.004035781521
8  12  6.014625475e-17  0.001354040892  0.9999990833  0.001354040479
8  13  -4.734800593e-17  -0.003348071199  0.9999943952  -0.003348064943
8  14  -1.596212526e-16  -0.01102954158  0.9999391752  -0.01102931795
8  15  -4.367550142e-16  -0.008412096542  0.9999646185  -0.008411997331
8  16  1.282798519e-16  -0.0009266593565  0.9999995707  -0.0009266592239
8  17  3.74342994e-16  0.001443096364  0.9999989587  0.001443095863
8  18  2.126390301e-16  0.002983060118  0.9999955507  0.002983055694
8  19  3.85806979e-16  0.00582596398  0.9999830291  0.005825931023
8  20  5.827969698e-17  0.01181752767  0.9999301738  0.01181725261
8  21  -3.31467877e-16  0.02100707259  0.9997793596  0.02100552756
8  22  3.987466514e-17  0.02429533482  0.9997048829  0.02429294478
8  23  -6.435373743e-17  0.0164787595  0.9998642283  0.01647801371
8  24  -7.324475675e-17  0.008391444876  0.999964792  0.008391346394
8  25  -3.119287513e-17  0.004180386546  0.9999912622  0.00418037437
8  26  5.465672335e-17  0.002202706506  0.999997574  0.002202704725
8  27  -2.466200798e-16  0.0006565872168  0.9999997844  0.0006565871696
8  28  1.250491561e-16  -0.003646341237  0.9999933521  -0.003646333156
8  29  -7.455987723e-17  -0.01108550862  0.9999385564  -0.01108528158
8  30  -1.047237739e-16  -0.007757715995  0.9999699091  -0.007757638182
8  31  -3.946000332e-18  -0.0009306947787  0.9999995669  -0.0009306946444
8  32  -2.512311406e-17  0.002717016867  0.9999963089  0.002717013524
8  33  1.144215564e-16  0.005113920847  0.9999869239  0.005113898557
8  34  -1.850834129e-16  0.007160246443  0.9999743655  0.00716018526
8  35  1.501355583e-17  0.008940687369  0.9999600323  0.008940568255
8  36  1.501355583e-17  0.008940687369  0.9999600323  0.008940568255

9  0  -2.287909042e-16  0.007806463443  0.9999695297  0.007806384155
9  1  2.144381524e-16  0.008208631947  0.9999663094  0.008208539762
9  2  -1.783856457e-16  0.008162966141  0.9999666832  0.008162875486
9  3  -7.984629141e-17  0.007943919949  0.9999684472  0.007943836398
9  4  1.570101834e-16  0.007802454455  0.999969561  0.007802375289
9  5  1.169495704e-16  0.007858551566  0.9999691217  0.00785847068
9  6  -9.616246004e-17  0.008065839651  0.9999674713  0.008065752194
9  7  -1.723076758e-16  0.008226554211  0.9999661621  0.008226461421
9  8  5.108747864e-16  0.008065780513  0.9999674718  0.008065693057
9  9  1.031964925e-16  0.007367744773  0.9999728583  0.007367678116
9  10  9.727200683e-17  0.006074166326  0.9999815523  0.006074128974
9  11  6.944916561e-17  0.004181933066  0.9999912557  0.004181920876
9  12  6.063401564e-18  0.001315229279  0.9999991351  0.0013152289
9  13  1.22797984e-16  -0.004358832476  0.9999905003  -0.004358818674
9  14  5.808118398e-17  -0.01424640756  0.9998985217  -0.01424592566
9  15  -1.277394292e-16  -0.01042351362  0.9999456757  -0.01042332487
9  16  -2.896847216e-16  -0.001237741655  0.999999234  -0.001237741339
9  17  4.598622498e-17  0.001413177827  0.9999990015  0.001413177357
9  18  4.582509571e-17  0.002983720677  0.9999955487  0.00298371625
9  19  1.601418014e-17  0.005801193171  0.9999831731  0.005801160632
9  20  -1.155594843e-16  0.01219251081  0.9999256723  0.01219220873
9  21  -2.771022249e-16  0.02536316714  0.9996783721  0.02536044792
9  22  2.01763156e-16  0.03941740035  0.9992232349  0.0394071938
9  23  1.149944128e-16  0.03396898451  0.9994231095  0.03396245213
9  24  1.678277208e-17  0.01807399853  0.9998366697  0.01807301451
9  25  -3.028786527e-17  0.008429342291  0.9999644733  0.008429242469
9  26  -2.982065468e-16  0.004167755873  0.9999913149  0.004167743807
9  27  -3.021884285e-16  0.002202706506  0.999997574  0.002202704725
9  28  1.153640521e-16  0.0005500922944  0.9999998487  0.0005500922667
9  29  2.102039062e-16  -0.004447341709  0.9999901106  -0.004447327049
9  30  -4.057630806e-17  -0.01396152432  0.9999025395  -0.01396107075
9  31  -5.463181187e-17  -0.0100955328  0.9999490405  -0.01009536131
9  32  1.281381701e-16  -0.001425436659  0.9999989841  -0.001425436176
9  33  -9.386212818e-17  0.002801862785  0.9999960748  0.002801859119
9  34  7.299628354e-17  0.005183357637  0.9999865664  0.005183334427
9  35  2.541144492e-16  0.006802476114  0.9999768632  0.006802423651
9  36  2.541144492e-16  0.006802476114  0.9999768632  0.006802423651

10  0  -2.066888311e-16  0.005812814918  0.9999831056  0.005812782184
10  1  -1.358159821e-16  0.006172619586  0.9999809494  0.006172580389
10  2  1.540939551e-16  0.006056125602  0.9999816617  0.006056088582
10  3  9.390504698e-17  0.005752596721  0.9999834539  0.005752564993
10  4  9.020066227e-18  0.005503692971  0.9999848547  0.005503665186
10  5  -1.981555414e-16  0.005450255639  0.9999851474  0.005450228655
10  6  -2.024118098e-16  0.005618563358  0.9999842159  0.005618533796
10  7  -3.085996915e-17  0.005920792823  0.9999824722  0.00592075823
10  8  3.027797736e-16  0.00616169045  0.9999810168  0.00616165146
10  9  -3.065095417e-16  0.006074166326  0.9999815523  0.006074128974
10  10  -2.91543331e-16  0.005388422383  0.9999854825  0.005388396307
10  11  -2.810330468e-17  0.003822301665  0.999992695  0.003822292358
10  12  1.366499836e-16  0.0006481652902  0.9999997899  0.0006481652448
10  13  3.405642443e-17  -0.007124760309  0.999974619  -0.007124700031
10  14  1.963673324e-16  -0.0223528454  0.9997501856  -0.02235098401
10  15  3.843648557e-16  -0.01507515815  0.999886372  -0.01507458716
10  16  -7.287738825e-17  -0.001999396232  0.9999980012  -0.0019993949
10  17  3.123070455e-17  0.001272616941  0.9999991902  0.001272616597
10  18  -1.277471772e-16  0.00297935183  0.9999955617  0.002979347422
10  19  -9.871113616e-18  0.005814484403  0.9999830959  0.00581445164
10  20  -2.058610832e-16  0.01229500027  0.9999244174  0.0122946905
10  21  -2.317095739e-17  0.02777998909  0.9996141609  0.02777641613
10  22  3.83338341e-17  0.05573747978  0.9984470688  0.05570862463
10  23  5.556616845e-17  0.06690221982  0.9977628811  0.06685232297
10  24  -2.206002822e-16  0.04137442598  0.9991442005  0.04136262257
10  25  -1.160252804e-16  0.01863940094  0.9998262914  0.01863832165
10  26  -2.688923269e-16  0.008429342291  0.9999644733  0.008429242469
10  27  -2.65494698e-16  0.004180386546  0.9999912622  0.00418037437
10  28  -1.327516672e-16  0.002150509327  0.9999976877  0.002150507669
10  29  -1.433484728e-16  0.0002124045034  0.9999999774  0.0002124045018
10  30  -1.715390063e-16  -0.006344711607  0.9999798724  -0.006344669039
10  31  -8.292112892e-17  -0.02082399331  0.9997831885  -0.02082248833
10  32  -3.366761551e-16  -0.01606266132  0.9998709982  -0.01606197061
10  33  -1.616687289e-17  -0.00306706674  0.9999952966  -0.003067061931
10  34  3.44271208e-16  0.002334601967  0.9999972748  0.002334599847
10  35  -4.339332053e-18  0.004691120179  0.9999889967  0.004691102973
10  36  -4.339332053e-18  0.004691120179  0.9999889967  0.004691102973

11  0  1.659744589e-16  0.003171869694  0.9999949696  0.003171864376
11  1  -2.407984408e-16  0.004053187717  0.9999917858  0.004053176619
11  2  -2.195467822e-16  0.004123425411  0.9999914987  0.004123413727
11  3  -1.997905678e-16  0.003872658273  0.9999925013  0.003872648593
11  4  -7.348994279e-18  0.003593171414  0.9999935446  0.003593163682
11  5  -2.306943788e-16  0.003449088704  0.9999940519  0.003449081865
11  6  -1.993512759e-16  0.003504421176  0.9999938595  0.003504414003
11  7  -2.666550099e-16  0.003737163473  0.9999930168  0.003737154774
11  8  -3.019199891e-17  0.004035792476  0.9999918562  0.004035781521
11  9  -9.896840875e-17  0.004181933066  0.9999912557  0.004181920876
11  10  -5.801743418e-17  0.003822301665  0.999992695  0.003822292358
11  11  5.514465003e-17  0.002349921413  0.9999972389  0.002349919251
11  12  -9.765675095e-17  -0.001847590475  0.9999982932  -0.001847589424
11  13  -2.965747197e-16  -0.01545382873  0.999880592  -0.01545321363
11  14  -1.514386616e-16  -0.04533469692  0.9989725586  -0.04531916961
11  15  2.239286843e-16  -0.0248057346  0.9996923535  -0.02480319075
11  16  1.190767464e-16  -0.003309351498  0.9999945241  -0.003309345457
11  17  7.769181983e-17  0.001015047694  0.9999994848  0.00101504752
11  18  -9.278817806e-17  0.002972648178  0.9999955817  0.0029726438
11  19  1.059800268e-16  0.005864808036  0.9999828021  0.005864774415
11  20  -6.85820975e-17  0.01214313382  0.9999262731  0.01214283539
11  21  -2.549580751e-18  0.02731707614  0.9996269119  0.02731367883
11  22  2.801089581e-16  0.06151095272  0.9981087978  0.06147217127
11  23  2.470403632e-16  0.1005950558  0.9949445827  0.100425482
11  24  5.232206637e-18  0.08380108968  0.9964907431  0.08370304021
11  25  -5.810455902e-17  0.04137442598  0.9991442005  0.04136262257
11  26  -3.625430746e-17  0.01807399853  0.9998366697  0.01807301451
11  27  -1.133986467e-16  0.008391444876  0.999964792  0.008391346394
11  28  -3.630897862e-17  0.004217147392  0.9999911078  0.004217134892
11  29  1.182928893e-16  0.002045157908  0.9999979087  0.002045156483
11  30  -2.751710829e-17  -0.0003983635513  0.9999999207  -0.0003983635408
11  31  2.226116642e-16  -0.009970474394  0.9999502952  -0.0099703092
11  32  -1.278050355e-16  -0.03735822689  0.9993022626  -0.03734953774
11  33  -8.344296293e-17  -0.03371924963  0.99943156  -0.03371286026
11  34  -1.627566001e-16  -0.008354228438  0.9999651036  -0.00835413126
11  35  -3.915319293e-16  0.0003946387179  0.9999999221  0.0003946387077
11  36  -3.915319293e-16  0.0003946387179  0.9999999221  0.0003946387077

12  0  1.600846324e-16  -0.006039122002  0.9999817646  -0.006039085293
12  1  -1.142610289e-17  -0.0005580591968  0.9999998443  -0.0005580591678
12  2  2.722367981e-16  0.0009866807584  0.9999995132  0.0009866805983
12  3  2.109449089e-16  0.001318016297  0.9999991314  0.001318015915
12  4  1.205538858e-16  0.001266143375  0.9999991984  0.001266143037
12  5  9.682045733e-17  0.001162849601  0.9999993239  0.001162849339
12  6  3.742564266e-16  0.001142414221  0.9999993474  0.001142413973
12  7  1.785104242e-16  0.001229361237  0.9999992443  0.001229360927
12  8  1.152229291e-16  0.001354040892  0.9999990833  0.001354040479
12  9  1.951787906e-16  0.001315229279  0.9999991351  0.0013152289
12  10  -1.399233906e-16  0.0006481652905  0.9999997899  0.0006481652451
12  11  7.372404346e-17  -0.001847590475  0.9999982932  -0.001847589424
12  12  5.289990544e-17  -0.01051760003  0.9999446906  -0.01051740612
12  13  -8.310912401e-17  -0.0489962138  0.9987999256  -0.04897661253
12  14  5.356405758e-17  -0.128378691  0.9917707674  -0.1280263447
12  15  3.615511201e-16  -0.04228026186  0.9991063229  -0.04226766614
12  16  -2.537560352e-16  -0.005093962076  0.9999870258  -0.005093940046
12  17  -2.426361368e-16  0.0006548671762  0.9999997856  0.0006548671294
12  18  -1.410646431e-16  0.002972932948  0.9999955808  0.002972928568
12  19  2.284655195e-16  0.00593475155  0.9999823894  0.005934716712
12  20  5.742498411e-17  0.01168862208  0.9999316888  0.01168835593
12  21  -4.450401382e-18  0.02409353427  0.9997097648  0.02409120329
12  22  -4.275787918e-17  0.05028594729  0.9987359282  0.05026475716
12  23  1.901202591e-17  0.08946965892  0.9960002592  0.08935034194
12  24  2.71750398e-16  0.1005950558  0.9949445827  0.100425482
12  25  -3.253559093e-16  0.06690221982  0.9977628811  0.06685232297
12  26  8.069810315e-17  0.03396898451  0.9994231095  0.03396245213
12  27  -1.369649732e-16  0.0164787595  0.9998642283  0.01647801371
12  28  1.836808676e-16  0.008272451826  0.9999657835  0.008272357475
12  29  -3.320006914e-17  0.004274258988  0.9999908654  0.004274245973
12  30  -1.642098247e-17  0.001895377349  0.9999982038  0.001895376214
12  31  -5.541405022e-17  -0.001283267618  0.9999991766  -0.001283267266
12  32  5.113904113e-17  -0.01591168269  0.9998734118  -0.01591101127
12  33  -2.685237932e-17  -0.07957920155  0.996835246  -0.0794952343
12  34  -3.309711966e-17  -0.1037854138  0.9946191265  -0.1035991948
12  35  -6.285570293e-17  -0.02948522156  0.9995653423  -0.02948094945
12  36  -6.285570293e-17  -0.02948522156  0.9995653423  -0.02948094945

13  0  5.859990141e-17  -0.155003093  0.9880110533  -0.1543831552
13  1  1.575611765e-16  -0.0320567522  0.9994862263  -0.03205126204
13  2  1.986063606e-16  -0.01137289152  0.9999353294  -0.01137264636
13  3  -4.830658421e-17  -0.005811678748  0.9999831122  -0.005811646033
13  4  2.446371167e-16  -0.003900115192  0.9999923946  -0.003900105304
13  5  5.049623604e-17  -0.003195062952  0.9999948958  -0.003195057516
13  6  -5.392350597e-17  -0.002967264932  0.9999955977  -0.002967260578
13  7  1.822329019e-16  -0.0030023741  0.9999954929  -0.003002369589
13  8  -8.396484322e-17  -0.003348071198  0.9999943952  -0.003348064943
13  9  -3.032703039e-16  -0.004358832476  0.9999905003  -0.004358818674
13  10  -6.40650085e-17  -0.007124760308  0.999974619  -0.00712470003
13  11  -5.368020689e-17  -0.01545382873  0.999880592  -0.01545321363
13  12  2.972514728e-17  -0.04899621379  0.9987999256  -0.04897661253
13  13  -2.057979983e-17  -0.2615533429  0.9659894781  -0.2585813762
13  14  -2.004950737e-16  -0.3906805824  0.9246500961  -0.3808178039
13  15  1.369202867e-16  -0.05490887851  0.9984928862  -0.0548812911
13  16  -6.211012161e-17  -0.00663031198  0.9999780196  -0.006630263401
13  17  9.709629006e-17  0.0002851473339  0.9999999593  0.0002851473301
13  18  1.189337144e-16  0.003005251059  0.9999954842  0.003005246536
13  19  9.695205445e-18  0.00598227874  0.9999821062  0.005982243058
13  20  3.676746417e-17  0.01083727372  0.9999412773  0.01083706159
13  21  5.487258862e-17  0.01922859343  0.9998151363  0.01922740853
13  22  2.917361932e-16  0.03283021234  0.999461137  0.03282431513
13  23  -1.160720902e-16  0.05028594729  0.9987359282  0.05026475716
13  24  -1.054406198e-16  0.06151095271  0.9981087978  0.06147217127
13  25  -2.090669475e-16  0.05573747978  0.9984470688  0.05570862463
13  26  -1.347833815e-16  0.03941740035  0.9992232349  0.0394071938
13  27  -3.879748097e-16  0.02429533482  0.9997048829  0.02429294478
13  28  1.503286737e-16  0.01411153636  0.9999004339  0.01411106801
13  29  2.937933679e-16  0.007988590485  0.9999680914  0.007988505516
13  30  1.326566435e-16  0.004343399109  0.9999905675  0.004343385452
13  31  1.943418329e-17  0.001746510539  0.9999984749  0.001746509651
13  32  -8.941255549e-17  -0.002224401106  0.999997526  -0.002224399272
13  33  -1.001985094e-16  -0.02189436152  0.999760328  -0.02189261233
13  34  6.088914303e-17  -0.1678644672  0.9859438137  -0.1670772163
13  35  3.316885314e-16  -0.3912389639  0.9244373104  -0.381334052
13  36  3.316885314e-16  -0.3912389639  0.9244373104  -0.381334052

14  0  -4.87925391e-17  -0.3845047949  0.9269842978  -0.3751001354
14  1  1.58905783e-16  -0.2092339115  0.9781903264  -0.2077105805
14  2  1.040666436e-17  -0.07491545031  0.9971951498  -0.074845395
14  3  1.155346335e-16  -0.03192623984  0.9994904009  -0.03192081646
14  4  -5.760502378e-18  -0.01783856314  0.9998408971  -0.01783761708
14  5  7.189957029e-17  -0.01246063476  0.9999223673  -0.0124603123
14  6  1.219236809e-16  -0.01036716362  0.9999462614  -0.01036697791
14  7  5.610813884e-17  -0.009976170999  0.9999502384  -0.009976005522
14  8  2.003329646e-16  -0.01102954158  0.9999391752  -0.01102931795
14  9  -4.83799067e-17  -0.01424640756  0.9998985217  -0.01424592566
14  10  -1.008657605e-16  -0.0223528454  0.9997501856  -0.02235098401
14  11  7.189801558e-17  -0.04533469692  0.9989725586  -0.04531916961
14  12  -6.15438017e-18  -0.128378691  0.9917707674  -0.1280263447
14  13  2.230485787e-16  -0.3906805824  0.9246500961  -0.3808178039
14  14  2.319698126e-16  -0.2480850049  0.9693844222  -0.2455480442
14  15  -2.178427928e-16  -0.03749996423  0.9992969587  -0.03749117581
14  16  7.597633736e-17  -0.006515023953  0.9999787773  -0.006514977864
14  17  -1.123447033e-16  0.0001461279925  0.9999999893  0.000146127992
14  18  -1.538207216e-16  0.003117674621  0.9999951401  0.00311766957
14  19  -6.761771454e-17  0.005925883275  0.999982442  0.005925848593
14  20  -2.361373322e-16  0.009509358537  0.9999547864  0.009509215219
14  21  1.5038942e-16  0.0140596261  0.9999011651  0.01405916291
14  22  2.092780192e-16  0.01922859343  0.9998151363  0.01922740853
14  23  -3.192738706e-16  0.02409353426  0.9997097648  0.02409120329
14  24  -8.121958657e-17  0.02731707614  0.9996269119  0.02731367883
14  25  7.028091632e-17  0.02777998909  0.9996141609  0.02777641613
14  26  8.16135942e-17  0.02536316714  0.9996783721  0.02536044792
14  27  -3.466369645e-16  0.02100707259  0.9997793596  0.02100552756
14  28  -1.899633099e-16  0.01599393271  0.9998720998  0.01599325083
14  29  3.378822611e-17  0.01130444082  0.9999361055  0.01130420006
14  30  -5.518223342e-17  0.00743061628  0.9999723931  0.007430547902
14  31  5.326581771e-17  0.004404700501  0.9999902993  0.004404686258
14  32  -2.492967678e-16  0.001719102606  0.9999985223  0.001719101759
14  33  8.419104234e-18  -0.00259128296  0.9999966426  -0.00259128006
14  34  -6.818275078e-17  -0.01941162381  0.9998116003  -0.01941040475
14  35  5.137655198e-16  -0.14629437  0.9893180504  -0.145773095
14  36  5.137655198e-16  -0.14629437  0.9893180504  -0.145773095

15  0  9.278127544e-17  -0.02985240228  0.9995544501  -0.02984796857
15  1  3.423830318e-16  -0.05289427394  0.998601424  -0.05286961275
15  2  3.976659357e-17  -0.04747883338  0.9988730919  -0.04746099728
15  3  -1.267927523e-16  -0.02964004058  0.9995607662  -0.02963570081
15  4  -7.791761977e-17  -0.01784489546  0.9998407841  -0.01784394838
15  5  -2.859901618e-16  -0.01180484473  0.9999303236  -0.01180457056
15  6  -1.145325591e-16  -0.008978591102  0.9999596927  -0.008978470467
15  7  -2.345994026e-16  -0.00800007492  0.9999679996  -0.007999989585
15  8  6.176887123e-18  -0.008412096542  0.9999646185  -0.008411997331
15  9  1.008771869e-16  -0.01042351362  0.9999456757  -0.01042332487
15  10  -2.584036842e-16  -0.01507515815  0.999886372  -0.01507458716
15  11  -1.00954096e-16  -0.0248057346  0.9996923535  -0.02480319075
15  12  -1.261193119e-16  -0.04228026186  0.9991063229  -0.04226766614
15  13  -1.880820855e-17  -0.05490887851  0.9984928862  -0.0548812911
15  14  2.906236586e-16  -0.03749996423  0.9992969587  -0.03749117581
15  15  2.483381857e-16  -0.01520106951  0.999884466  -0.01520048409
15  16  5.492845309e-17  -0.004266073673  0.9999909003  -0.004266060733
15  17  1.000577407e-16  0.0005647620578  0.9999998405  0.0005647620278
15  18  1.127118956e-16  0.003353072622  0.9999943785  0.003353066339
15  19  2.579673556e-16  0.005630986291  0.999984146  0.005630956533
15  20  7.318372708e-18  0.00772425544  0.9999701681  0.00772417863
15  21  1.131795854e-16  0.009509358537  0.9999547864  0.009509215219
15  22  -1.227175458e-17  0.01083727372  0.9999412773  0.01083706159
15  23  -1.920267589e-16  0.01168862208  0.9999316888  0.01168835593
15  24  -1.96123391e-16  0.01214313382  0.9999262731  0.01214283539
15  25  7.459283607e-17  0.01229500027  0.9999244174  0.0122946905
15  26  2.028698358e-16  0.01219251081  0.9999256723  0.01219220873
15  27  -6.446899243e-17  0.01181752767  0.9999301738  0.01181725261
15  28  -1.978058803e-16  0.0110998781  0.999938397  0.01109965017
15  29  1.076285462e-16  0.009964484789  0.9999503549  0.009964319892
15  30  4.527018612e-18  0.008400100841  0.9999647194  0.008400002054
15  31  -5.121851928e-17  0.00650254149  0.9999788586  0.006502495666
15  32  -1.501337919e-16  0.004404696374  0.9999902993  0.004404682131
15  33  -1.459434208e-16  0.001994909679  0.9999980102  0.001994908356
15  34  1.103027397e-16  -0.001717714755  0.9999985247  -0.00171771391
15  35  -6.090445772e-17  -0.01005311826  0.9999494678  -0.01005294892
15  36  -6.090445772e-17  -0.01005311826  0.9999494678  -0.01005294892

16  0  8.527639163e-17  -0.003019230239  0.9999954421  -0.003019225652
16  1  -1.080832062e-16  -0.005977017272  0.9999821377  -0.005976981684
16  2  -9.087675664e-17  -0.006983157083  0.9999756179  -0.006983100328
16  3  -7.745075967e-17  -0.00584620467  0.999982911  -0.005846171368
16  4  -2.365476304e-16  -0.003987059761  0.9999920517  -0.003987049198
16  5  -2.419354177e-16  -0.002453326018  0.9999969906  -0.002453323557
16  6  -1.145737164e-16  -0.00148335745  0.9999988998  -0.001483356906
16  7  3.151924671e-17  -0.001003235742  0.9999994968  -0.001003235574
16  8  -1.984320356e-16  -0.0009266593564  0.9999995707  -0.0009266592238
16  9  1.245695489e-16  -0.001237741655  0.999999234  -0.001237741339
16  10  -4.081815607e-17  -0.001999396232  0.9999980012  -0.0019993949
16  11  -1.769777821e-16  -0.003309351498  0.9999945241  -0.003309345457
16  12  2.968602092e-17  -0.005093962076  0.9999870258  -0.005093940046
16  13  3.44335767e-16  -0.00663031198  0.9999780196  -0.006630263401
16  14  -4.809356107e-17  -0.006515023953  0.9999787773  -0.006514977864
16  15  2.2331409e-16  -0.004266073673  0.9999909003  -0.004266060733
16  16  2.434287111e-16  -0.001133293471  0.9999993578  -0.001133293228
16  17  2.306410728e-17  0.001622966493  0.999998683  0.00162296578
16  18  -3.524581105e-17  0.003626413606  0.9999934246  0.003626405657
16  19  2.660057085e-16  0.004920816906  0.9999878928  0.004920797047
16  20  -5.98198644e-17  0.005630986291  0.999984146  0.005630956533
16  21  6.569605391e-17  0.005925883275  0.999982442  0.005925848593
16  22  -2.883948608e-16  0.00598227874  0.9999821062  0.005982243058
16  23  -3.120950389e-16  0.00593475155  0.9999823894  0.005934716712
16  24  -7.492237013e-17  0.005864808036  0.9999828021  0.005864774415
16  25  1.75104582e-16  0.005814484403  0.9999830959  0.005814451641
16  26  1.316871407e-16  0.005801193171  0.9999831731  0.005801160632
16  27  9.729280252e-17  0.00582596398  0.9999830291  0.005825931023
16  28  -3.137010373e-17  0.005874720569  0.9999827439  0.005874686777
16  29  -2.343399605e-16  0.005913494591  0.9999825153  0.005913460126
16  30  1.453428257e-16  0.005879430787  0.9999827162  0.005879396914
16  31  3.132085343e-16  0.005673653886  0.9999839049  0.005673623447
16  32  -2.226102099e-17  0.005166113333  0.9999866557  0.005166090354
16  33  1.881364154e-16  0.004207732354  0.9999911475  0.004207719938
16  34  -3.715528248e-17  0.002617956625  0.9999965732  0.002617953635
16  35  -2.257879117e-16  0.0001892947436  0.9999999821  0.0001892947425
16  36  -2.257879117e-16  0.0001892947436  0.9999999821  0.0001892947425

17  0  3.492641584e-16  0.002184962884  0.999997613  0.002184961145
17  1  8.939549185e-17  0.0009628004276  0.9999995365  0.0009628002788
17  2  6.221740818e-17  0.0002292005332  0.9999999737  0.0002292005311
17  3  -2.083528206e-16  0.0001601647437  0.9999999872  0.000160164743
17  4  -4.215028832e-17  0.0004740382268  0.9999998876  0.0004740382091
17  5  3.570465961e-16  0.0008620629804  0.9999996284  0.0008620628737
17  6  9.081130257e-17  0.001171885963  0.9999993133  0.001171885695
17  7  -1.538879818e-16  0.001364688936  0.9999990688  0.001364688512
17  8  -6.154720921e-17  0.001443096364  0.9999989587  0.001443095863
17  9  -1.331292074e-16  0.001413177827  0.9999990015  0.001413177357
17  10  -6.820913583e-17  0.001272616941  0.9999991902  0.001272616597
17  11  -1.239446885e-16  0.001015047694  0.9999994848  0.00101504752
17  12  -3.406442462e-16  0.0006548671762  0.9999997856  0.0006548671294
17  13  -1.411991138e-17  0.0002851473339  0.9999999593  0.0002851473301
17  14  -1.102729159e-16  0.0001461279925  0.9999999893  0.000146127992
17  15  1.755724955e-16  0.0005647620579  0.9999998405  0.0005647620279
17  16  -1.127649295e-17  0.001622966493  0.999998683  0.00162296578
17  17  -2.516632796e-16  0.00285804281  0.9999959158  0.002858038919
17  18  -3.107568892e-16  0.003586619715  0.9999935681  0.003586612025
17  19  -2.562096153e-16  0.003626413606  0.9999934246  0.003626405657
17  20  -7.977043255e-18  0.003353072622  0.9999943785  0.003353066339
17  21  -1.213276877e-16  0.003117674621  0.9999951401  0.00311766957
17  22  8.252947136e-17  0.003005251059  0.9999954842  0.003005246536
17  23  6.728064309e-18  0.002972932948  0.9999955808  0.002972928568
17  24  -1.766183152e-16  0.002972648178  0.9999955817  0.0029726438
17  25  -2.324978157e-16  0.00297935183  0.9999955617  0.002979347422
17  26  9.19465325e-18  0.002983720677  0.9999955487  0.00298371625
17  27  2.240507065e-16  0.002983060118  0.9999955507  0.002983055694
17  28  3.159505454e-16  0.002977268619  0.9999955679  0.00297726422
17  29  -5.591592853e-17  0.002969728793  0.9999955904  0.002969724428
17  30  2.150551706e-16  0.00297328892  0.9999955798  0.00297328454
17  31  7.081721068e-17  0.003020099963  0.9999954395  0.003020095372
17  32  -2.984358067e-16  0.003160338089  0.9999950061  0.003160332828
17  33  -5.591784291e-18  0.003401405029  0.9999942152  0.003401398471
17  34  -1.695463118e-16  0.003555609408  0.9999936788  0.003555601916
17  35  -1.690236558e-16  0.003210963323  0.9999948449  0.003210957806
17  36  -1.690236558e-16  0.003210963323  0.9999948449  0.003210957806

18  0  2.151977004e-16  0.003210963324  0.9999948449  0.003210957806
18  1  5.727997649e-17  0.003555609408  0.9999936788  0.003555601916
18  2  -7.719521899e-17  0.00340140503  0.9999942152  0.003401398471
18  3  1.901854618e-16  0.003160338089  0.9999950061  0.003160332829
18  4  1.839833256e-16  0.003020099963  0.9999954395  0.003020095372
18  5  2.859245136e-16  0.00297328892  0.9999955798  0.00297328454
18  6  4.882602218e-17  0.002969728793  0.9999955904  0.002969724428
18  7  -8.777355883e-17  0.002977268619  0.9999955679  0.00297726422
18  8  3.53207081e-16  0.002983060118  0.9999955507  0.002983055694
18  9  -2.217429102e-16  0.002983720677  0.9999955487  0.00298371625
18  10  3.022427896e-16  0.00297935183  0.9999955617  0.002979347422
18  11  2.829058755e-16  0.002972648178  0.9999955817  0.0029726438
18  12  6.589155677e-17  0.002972932948  0.9999955808  0.002972928568
18  13  5.37418183e-17  0.003005251059  0.9999954842  0.003005246536
18  14  -1.466811898e-16  0.003117674621  0.9999951401  0.00311766957
18  15  -8.161858385e-19  0.003353072622  0.9999943785  0.003353066339
18  16  1.90778138e-16  0.003626413606  0.9999934246  0.003626405658
18  17  1.006762608e-16  0.003586619715  0.9999935681  0.003586612026
18  18  -8.290943644e-17  0.002858042809  0.9999959158  0.002858038918
18  19  7.131115748e-17  0.001622966493  0.999998683  0.00162296578
18  20  2.213140338e-16  0.0005647620578  0.9999998405  0.0005647620278
18  21  7.511782301e-18  0.0001461279926  0.9999999893  0.0001461279921
18  22  8.843666889e-17  0.0002851473339  0.9999999593  0.00028514733
18  23  -1.943808443e-16  0.0006548671763  0.9999997856  0.0006548671294
18  24  -1.62269083e-16  0.001015047694  0.9999994848  0.00101504752
18  25  1.516392415e-16  0.001272616941  0.9999991902  0.001272616597
18  26  9.396704658e-17  0.001413177827  0.9999990015  0.001413177357
18  27  7.765919436e-17  0.001443096364  0.9999989587  0.001443095863
18  28  9.730568554e-17  0.001364688936  0.9999990688  0.001364688512
18  29  -1.400854026e-16  0.001171885963  0.9999993133  0.001171885695
18  30  1.777851368e-16  0.0008620629805  0.9999996284  0.0008620628737
18  31  -2.566266786e-17  0.0004740382269  0.9999998876  0.0004740382091
18  32  1.110678953e-16  0.0001601647436  0.9999999872  0.0001601647429
18  33  1.581309251e-16  0.0002292005331  0.9999999737  0.0002292005311
18  34  2.889576252e-17  0.0009628004278  0.9999995365  0.0009628002791
18  35  2.367278513e-17  0.002184962884  0.999997613  0.002184961145
18  36  2.367278513e-17  0.002184962884  0.999997613  0.002184961145

19  0  -7.047484987e-17  0.0001892947438  0.9999999821  0.0001892947427
19  1  -6.701563164e-17  0.002617956625  0.9999965732  0.002617953634
19  2  -1.934970352e-16  0.004207732355  0.9999911475  0.004207719938
19  3  4.001744374e-17  0.005166113333  0.9999866557  0.005166090354
19  4  -2.776150721e-16  0.005673653886  0.9999839049  0.005673623447
19  5  -3.584240048e-16  0.005879430787  0.9999827162  0.005879396914
19  6  -2.905577373e-16  0.005913494591  0.9999825153  0.005913460126
19  7  9.738224713e-17  0.005874720569  0.9999827439  0.005874686778
19  8  3.324838802e-16  0.00582596398  0.9999830291  0.005825931023
19  9  1.162874233e-16  0.005801193171  0.9999831731  0.005801160632
19  10  1.797873079e-16  0.005814484403  0.9999830959  0.005814451641
19  11  2.286305961e-16  0.005864808036  0.9999828021  0.005864774415
19  12  -2.02171759e-16  0.00593475155  0.9999823894  0.005934716712
19  13  1.15518023e-17  0.00598227874  0.9999821062  0.005982243058
19  14  -1.664824471e-16  0.005925883275  0.999982442  0.005925848593
19  15  -8.808280324e-17  0.005630986291  0.999984146  0.005630956533
19  16  -1.945546871e-16  0.004920816906  0.9999878928  0.004920797047
19  17  1.071351488e-17  0.003626413606  0.9999934246  0.003626405657
19  18  1.806332195e-16  0.001622966493  0.999998683  0.00162296578
19  19  2.182497027e-16  -0.001133293471  0.9999993578  -0.001133293228
19  20  2.251463316e-17  -0.004266073673  0.9999909003  -0.004266060733
19  21  4.391397469e-17  -0.006515023953  0.9999787773  -0.006514977864
19  22  1.645359809e-16  -0.00663031198  0.9999780196  -0.006630263401
19  23  -2.316871494e-17  -0.005093962076  0.9999870258  -0.005093940046
19  24  -1.651632173e-16  -0.003309351498  0.9999945241  -0.003309345457
19  25  -2.040577937e-16  -0.001999396232  0.9999980012  -0.0019993949
19  26  1.336068568e-16  -0.001237741655  0.999999234  -0.001237741339
19  27  3.491237778e-17  -0.0009266593564  0.9999995707  -0.0009266592238
19  28  -2.012383217e-16  -0.001003235742  0.9999994968  -0.001003235574
19  29  -3.387679974e-16  -0.00148335745  0.9999988998  -0.001483356906
19  30  7.361345833e-17  -0.002453326018  0.9999969906  -0.002453323557
19  31  1.200670665e-16  -0.003987059761  0.9999920517  -0.003987049198
19  32  -6.462463749e-17  -0.005846204671  0.999982911  -0.005846171369
19  33  4.054998271e-16  -0.006983157083  0.9999756179  -0.006983100328
19  34  -1.7686991e-17  -0.005977017271  0.9999821377  -0.005976981683
19  35  1.383452329e-16  -0.003019230239  0.9999954421  -0.003019225652
19  36  1.383452329e-16  -0.003019230239  0.9999954421  -0.003019225652

20  0  2.536793533e-16  -0.01005311826  0.9999494678  -0.01005294892
20  1  2.7098101e-16  -0.001717714755  0.9999985247  -0.00171771391
20  2  -1.504389388e-16  0.001994909679  0.9999980102  0.001994908356
20  3  4.458138679e-17  0.004404696374  0.9999902993  0.004404682131
20  4  8.60839103e-17  0.00650254149  0.9999788586  0.006502495666
20  5  -1.257457035e-16  0.008400100841  0.9999647194  0.008400002054
20  6  -4.684295613e-17  0.009964484789  0.9999503549  0.009964319892
20  7  5.376268833e-17  0.0110998781  0.999938397  0.01109965017
20  8  -1.006232561e-16  0.01181752767  0.9999301738  0.01181725261
20  9  1.330985013e-16  0.01219251081  0.9999256723  0.01219220873
20  10  9.436604127e-17  0.01229500027  0.9999244174  0.0122946905
20  11  2.137326259e-16  0.01214313382  0.9999262731  0.01214283539
20  12  2.347410068e-16  0.01168862208  0.9999316888  0.01168835593
20  13  -2.292544757e-16  0.01083727372  0.9999412773  0.01083706159
20  14  -2.290577113e-16  0.009509358537  0.9999547864  0.009509215219
20  15  2.090656894e-16  0.00772425544  0.9999701681  0.00772417863
20  16  2.288796555e-16  0.005630986291  0.999984146  0.005630956533
20  17  2.689690211e-16  0.003353072622  0.9999943785  0.003353066339
20  18  -5.734778976e-17  0.0005647620579  0.9999998405  0.0005647620279
20  19  1.735089808e-16  -0.004266073673  0.9999909003  -0.004266060733
20  20  -1.090145464e-16  -0.01520106951  0.999884466  -0.01520048409
20  21  -1.995186291e-17  -0.03749996423  0.9992969587  -0.03749117581
20  22  1.498456814e-16  -0.05490887851  0.9984928862  -0.0548812911
20  23  1.785410485e-16  -0.04228026186  0.9991063229  -0.04226766614
20  24  -2.737798111e-18  -0.0248057346  0.9996923535  -0.02480319075
20  25  -3.824342443e-17  -0.01507515815  0.999886372  -0.01507458716
20  26  2.241941164e-16  -0.01042351362  0.9999456757  -0.01042332487
20  27  -2.245115795e-16  -0.008412096542  0.9999646185  -0.008411997331
20  28  -9.536592258e-17  -0.00800007492  0.9999679996  -0.007999989585
20  29  -2.296078239e-16  -0.008978591102  0.9999596927  -0.008978470467
20  30  1.660641542e-16  -0.01180484473  0.9999303236  -0.01180457056
20  31  8.517909592e-17  -0.01784489546  0.9998407841  -0.01784394838
20  32  4.197273388e-17  -0.02964004058  0.9995607662  -0.02963570081
20  33  2.097014579e-16  -0.04747883338  0.9988730919  -0.04746099728
20  34  -4.957007877e-17  -0.05289427394  0.998601424  -0.05286961275
20  35  -5.004631813e-17  -0.02985240228  0.9995544501  -0.02984796857
20  36  -5.004631813e-17  -0.02985240228  0.9995544501  -0.02984796857

21  0  3.55301354e-17  -0.14629437  0.9893180504  -0.145773095
21  1  3.205557563e-16  -0.01941162381  0.9998116003  -0.01941040475
21  2  -1.502436863e-16  -0.002591282961  0.9999966426  -0.002591280061
21  3  -4.336671448e-19  0.001719102606  0.9999985223  0.001719101759
21  4  3.096324837e-16  0.004404700501  0.9999902993  0.004404686258
21  5  1.95412721e-16  0.00743061628  0.9999723931  0.007430547901
21  6  -2.96943068e-18  0.01130444082  0.9999361055  0.01130420006
21  7  2.053377897e-16  0.01599393271  0.9998720998  0.01599325083
21  8  8.282978047e-17  0.02100707259  0.9997793596  0.02100552756
21  9  2.979916373e-16  0.02536316714  0.9996783721  0.02536044792
21  10  -1.198102468e-16  0.02777998909  0.9996141609  0.02777641613
21  11  -5.80650709e-17  0.02731707614  0.9996269119  0.02731367883
21  12  -5.311270101e-18  0.02409353427  0.9997097648  0.02409120329
21  13  -9.709492552e-17  0.01922859343  0.9998151363  0.01922740853
21  14  -1.926763229e-16  0.0140596261  0.9999011651  0.01405916291
21  15  -1.581787853e-17  0.009509358537  0.9999547864  0.009509215219
21  16  -1.093282679e-16  0.005925883275  0.999982442  0.005925848593
21  17  7.675651005e-17  0.003117674621  0.9999951401  0.00311766957
21  18  2.538091399e-19  0.0001461279925  0.9999999893  0.000146127992
21  19  1.191105556e-16  -0.006515023953  0.9999787773  -0.006514977864
21  20  -1.883927398e-16  -0.03749996423  0.9992969587  -0.03749117581
21  21  -2.416397301e-16  -0.2480850049  0.9693844222  -0.2455480442
21  22  5.214669247e-17  -0.3906805824  0.9246500961  -0.3808178039
21  23  1.794210005e-16  -0.128378691  0.9917707674  -0.1280263447
21  24  1.812006289e-16  -0.04533469692  0.9989725586  -0.04531916961
21  25  -4.155198578e-16  -0.0223528454  0.9997501856  -0.02235098401
21  26  -3.012550931e-16  -0.01424640756  0.9998985217  -0.01424592566
21  27  -4.71051114e-16  -0.01102954158  0.9999391752  -0.01102931795
21  28  -5.743393388e-17  -0.009976170999  0.9999502384  -0.009976005522
21  29  -2.27434223e-16  -0.01036716362  0.9999462614  -0.01036697792
21  30  7.349124193e-17  -0.01246063476  0.9999223673  -0.0124603123
21  31  3.267641138e-17  -0.01783856314  0.9998408971  -0.01783761708
21  32  9.817047288e-17  -0.03192623984  0.9994904009  -0.03192081646
21  33  -1.324722295e-16  -0.07491545031  0.9971951498  -0.074845395
21  34  1.284363587e-16  -0.2092339115  0.9781903264  -0.2077105805
21  35  2.743870834e-17  -0.3845047949  0.9269842978  -0.3751001354
21  36  2.743870834e-17  -0.3845047949  0.9269842978  -0.3751001354

22  0  -1.954551276e-16  -0.3912389639  0.9244373104  -0.381334052
22  1  -9.314794417e-17  -0.1678644672  0.9859438137  -0.1670772163
22  2  1.282550936e-18  -0.02189436152  0.999760328  -0.02189261233
22  3  -7.883294777e-17  -0.002224401106  0.999997526  -0.002224399272
22  4  -1.231340612e-16  0.001746510539  0.9999984749  0.001746509651
22  5  -6.053773445e-17  0.004343399109  0.9999905675  0.004343385453
22  6  7.158571626e-17  0.007988590485  0.9999680914  0.007988505516
22  7  8.925953388e-17  0.01411153636  0.9999004339  0.01411106801
22  8  -8.856465418e-17  0.02429533482  0.9997048829  0.02429294478
22  9  -3.489111161e-16  0.03941740035  0.9992232349  0.0394071938
22  10  -3.14865952e-16  0.05573747978  0.9984470688  0.05570862463
22  11  -5.423306244e-17  0.06151095272  0.9981087978  0.06147217127
22  12  1.474086065e-16  0.05028594729  0.9987359282  0.05026475716
22  13  1.278377521e-16  0.03283021234  0.999461137  0.03282431513
22  14  2.285526911e-17  0.01922859343  0.9998151363  0.01922740853
22  15  3.403143188e-16  0.01083727372  0.9999412773  0.01083706159
22  16  -2.989979759e-17  0.005982278739  0.9999821062  0.005982243058
22  17  -2.751947739e-16  0.003005251059  0.9999954842  0.003005246536
22  18  -1.323957828e-16  0.0002851473339  0.9999999593  0.0002851473301
22  19  -2.873251703e-17  -0.00663031198  0.9999780196  -0.006630263401
22  20  -1.336570537e-16  -0.05490887851  0.9984928862  -0.05488129109
22  21  -1.1574707e-16  -0.3906805824  0.9246500961  -0.3808178039
22  22  -2.074030166e-16  -0.2615533429  0.9659894781  -0.2585813762
22  23  -7.600592838e-18  -0.04899621379  0.9987999256  -0.04897661253
22  24  1.850917833e-16  -0.01545382873  0.999880592  -0.01545321363
22  25  1.201144267e-16  -0.007124760309  0.999974619  -0.007124700031
22  26  1.886915091e-16  -0.004358832476  0.9999905003  -0.004358818674
22  27  1.086505696e-16  -0.003348071199  0.9999943952  -0.003348064943
22  28  -2.455043889e-17  -0.0030023741  0.9999954929  -0.003002369589
22  29  1.535113182e-17  -0.002967264932  0.9999955977  -0.002967260578
22  30  1.211867616e-16  -0.003195062952  0.9999948958  -0.003195057516
22  31  2.654148696e-17  -0.003900115192  0.9999923946  -0.003900105304
22  32  -1.59343452e-16  -0.005811678748  0.9999831122  -0.005811646033
22  33  -1.407882026e-16  -0.01137289152  0.9999353294  -0.01137264636
22  34  -1.086891563e-16  -0.0320567522  0.9994862263  -0.03205126204
22  35  -6.105502198e-17  -0.155003093  0.9880110533  -0.1543831552
22  36  -6.105502198e-17  -0.155003093  0.9880110533  -0.1543831552

23  0  -3.356727903e-17  -0.02948522156  0.9995653423  -0.02948094945
23  1  1.557129927e-19  -0.1037854138  0.9946191265  -0.1035991948
23  2  -4.135001325e-16  -0.07957920155  0.996835246  -0.0794952343
23  3  1.010475735e-16  -0.01591168269  0.9998734118  -0.01591101127
23  4  5.201305627e-17  -0.001283267619  0.9999991766  -0.001283267267
23  5  1.508317033e-16  0.001895377349  0.9999982038  0.001895376214
23  6  1.357293505e-20  0.004274258988  0.9999908654  0.004274245973
23  7  8.102460414e-17  0.008272451826  0.9999657835  0.008272357474
23  8  1.723752804e-16  0.0164787595  0.9998642283  0.01647801371
23  9  1.043171556e-16  0.03396898451  0.9994231095  0.03396245213
23  10  7.467896544e-17  0.06690221982  0.9977628811  0.06685232297
23  11  1.059261336e-16  0.1005950558  0.9949445827  0.100425482
23  12  1.710154916e-16  0.08946965892  0.9960002592  0.08935034193
23  13  3.117571219e-16  0.05028594729  0.9987359282  0.05026475716
23  14  -1.175305633e-16  0.02409353427  0.9997097648  0.02409120329
23  15  2.937880968e-17  0.01168862208  0.9999316888  0.01168835593
23  16  -1.791513016e-16  0.00593475155  0.9999823894  0.005934716712
23  17  8.710574039e-17  0.002972932948  0.9999955808  0.002972928568
23  18  1.754325375e-17  0.0006548671762  0.9999997856  0.0006548671294
23  19  -3.627021978e-16  -0.005093962076  0.9999870258  -0.005093940046
23  20  -1.527728674e-16  -0.04228026186  0.9991063229  -0.04226766614
23  21  -2.437269904e-16  -0.128378691  0.9917707674  -0.1280263447
23  22  -1.981155071e-16  -0.04899621379  0.9987999256  -0.04897661252
23  23  2.524623198e-16  -0.01051760003  0.9999446906  -0.01051740612
23  24  5.059635397e-17  -0.001847590475  0.9999982932  -0.001847589424
23  25  2.862162651e-16  0.0006481652903  0.9999997899  0.0006481652449
23  26  9.721622473e-17  0.001315229279  0.9999991351  0.0013152289
23  27  -1.361731493e-16  0.001354040892  0.9999990833  0.001354040479
23  28  5.622446148e-18  0.001229361237  0.9999992443  0.001229360927
23  29  1.827457528e-16  0.001142414221  0.9999993474  0.001142413973
23  30  2.384483552e-16  0.001162849601  0.9999993239  0.001162849339
23  31  8.939673944e-17  0.001266143375  0.9999991984  0.001266143037
23  32  -1.551680926e-16  0.001318016297  0.9999991314  0.001318015915
23  33  -7.97879694e-17  0.0009866807583  0.9999995132  0.0009866805982
23  34  2.283593142e-16  -0.000558059197  0.9999998443  -0.0005580591681
23  35  2.019399257e-17  -0.006039122002  0.9999817646  -0.006039085293
23  36  2.019399257e-17  -0.006039122002  0.9999817646  -0.006039085293

24  0  -3.421279682e-17  0.000394638718  0.9999999221  0.0003946387078
24  1  -1.461215462e-16  -0.008354228438  0.9999651036  -0.00835413126
24  2  -3.91212089e-16  -0.03371924963  0.99943156  -0.03371286026
24  3  -4.120598577e-17  -0.03735822689  0.9993022626  -0.03734953774
24  4  -1.279457528e-16  -0.009970474394  0.9999502952  -0.0099703092
24  5  1.02093762e-16  -0.0003983635511  0.9999999207  -0.0003983635406
24  6  4.004139359e-18  0.002045157909  0.9999979087  0.002045156483
24  7  -1.370146848e-16  0.004217147391  0.9999911078  0.004217134892
24  8  2.224223006e-16  0.008391444876  0.999964792  0.008391346394
24  9  8.987463757e-17  0.01807399853  0.9998366697  0.01807301451
24  10  -1.472666064e-16  0.04137442598  0.9991442005  0.04136262257
24  11  3.337178068e-18  0.08380108968  0.9964907431  0.08370304021
24  12  -1.043784198e-16  0.1005950558  0.9949445827  0.100425482
24  13  -1.353641047e-16  0.06151095272  0.9981087978  0.06147217127
24  14  -3.448055561e-17  0.02731707614  0.9996269119  0.02731367883
24  15  5.2254378e-17  0.01214313382  0.9999262731  0.01214283539
24  16  -1.089841248e-16  0.005864808036  0.9999828021  0.005864774415
24  17  2.549999957e-16  0.002972648178  0.9999955817  0.0029726438
24  18  -3.22380946e-18  0.001015047694  0.9999994848  0.00101504752
24  19  -1.766149786e-16  -0.003309351498  0.9999945241  -0.003309345457
24  20  -3.052927833e-16  -0.0248057346  0.9996923535  -0.02480319075
24  21  1.52440278e-18  -0.04533469693  0.9989725586  -0.04531916961
24  22  -6.527179894e-17  -0.01545382874  0.999880592  -0.01545321363
24  23  1.023408957e-16  -0.001847590475  0.9999982932  -0.001847589424
24  24  -1.730421725e-16  0.002349921413  0.9999972389  0.002349919251
24  25  -1.726443685e-16  0.003822301665  0.999992695  0.003822292358
24  26  9.237331078e-17  0.004181933066  0.9999912557  0.004181920876
24  27  -4.8716456e-17  0.004035792476  0.9999918562  0.004035781521
24  28  -8.33798777e-17  0.003737163473  0.9999930168  0.003737154774
24  29  3.288955028e-16  0.003504421176  0.9999938595  0.003504414003
24  30  -4.499126198e-17  0.003449088704  0.9999940519  0.003449081865
24  31  -2.106553308e-16  0.003593171414  0.9999935446  0.003593163682
24  32  -2.059473668e-16  0.003872658273  0.9999925013  0.003872648593
24  33  6.025643792e-17  0.004123425412  0.9999914987  0.004123413727
24  34  -3.085529261e-17  0.004053187717  0.9999917858  0.004053176619
24  35  -2.599287439e-18  0.003171869694  0.9999949696  0.003171864376
24  36  -2.599287439e-18  0.003171869694  0.9999949696  0.003171864376

25  0  4.731994649e-17  0.004691120179  0.9999889967  0.004691102973
25  1  -1.345551546e-16  0.002334601967  0.9999972748  0.002334599847
25  2  -1.018674822e-16  -0.00306706674  0.9999952966  -0.003067061932
25  3  -1.684808242e-16  -0.01606266132  0.9998709982  -0.01606197061
25  4  1.847709802e-16  -0.02082399331  0.9997831885  -0.02082248833
25  5  1.39939232e-16  -0.006344711606  0.9999798724  -0.006344669038
25  6  5.325964716e-17  0.0002124045033  0.9999999774  0.0002124045017
25  7  -1.500251996e-16  0.002150509327  0.9999976877  0.002150507669
25  8  -2.819788439e-17  0.004180386546  0.9999912622  0.00418037437
25  9  -6.055230339e-17  0.008429342291  0.9999644733  0.008429242469
25  10  -2.408508955e-16  0.01863940094  0.9998262914  0.01863832165
25  11  1.60046532e-16  0.04137442598  0.9991442005  0.04136262257
25  12  3.522806343e-16  0.06690221982  0.9977628811  0.06685232297
25  13  4.511893718e-16  0.05573747978  0.9984470688  0.05570862463
25  14  2.94520177e-17  0.02777998909  0.9996141609  0.02777641613
25  15  1.184585965e-16  0.01229500027  0.9999244174  0.0122946905
25  16  -2.203200101e-16  0.005814484403  0.9999830959  0.005814451641
25  17  1.19525713e-16  0.00297935183  0.9999955617  0.002979347422
25  18  -1.898589172e-16  0.001272616941  0.9999991902  0.001272616597
25  19  -9.079034406e-17  -0.001999396232  0.9999980012  -0.0019993949
25  20  1.021404888e-16  -0.01507515815  0.999886372  -0.01507458716
25  21  1.333294589e-17  -0.0223528454  0.9997501856  -0.02235098401
25  22  -1.007814396e-16  -0.007124760308  0.999974619  -0.007124700031
25  23  -1.632069456e-16  0.0006481652902  0.9999997899  0.0006481652449
25  24  1.411133542e-16  0.003822301665  0.999992695  0.003822292358
25  25  -4.492580675e-17  0.005388422383  0.9999854825  0.005388396307
25  26  1.235815436e-16  0.006074166326  0.9999815523  0.006074128974
25  27  -1.021227252e-16  0.00616169045  0.9999810168  0.00616165146
25  28  -3.51564633e-16  0.005920792824  0.9999824722  0.005920758231
25  29  9.74011806e-17  0.005618563358  0.9999842159  0.005618533796
25  30  5.508517227e-17  0.005450255639  0.9999851474  0.005450228655
25  31  -9.285302641e-17  0.005503692971  0.9999848547  0.005503665186
25  32  -2.75378443e-17  0.005752596721  0.9999834539  0.005752564993
25  33  1.08950699e-16  0.006056125602  0.9999816617  0.006056088582
25  34  -7.099398996e-17  0.006172619586  0.9999809494  0.006172580389
25  35  -1.861990174e-16  0.005812814918  0.9999831056  0.005812782184
25  36  -1.861990174e-16  0.005812814918  0.9999831056  0.005812782184

26  0  -6.497088291e-17  0.006802476114  0.9999768632  0.006802423651
26  1  -2.471424912e-16  0.005183357637  0.9999865664  0.005183334427
26  2  2.090475844e-16  0.002801862784  0.9999960748  0.002801859118
26  3  -1.962152085e-17  -0.001425436659  0.9999989841  -0.001425436176
26  4  -1.724608839e-16  -0.0100955328  0.9999490405  -0.01009536131
26  5  -2.172681419e-17  -0.01396152432  0.9999025395  -0.01396107075
26  6  1.738484044e-16  -0.00444734171  0.9999901106  -0.004447327049
26  7  -1.09959253e-16  0.0005500922942  0.9999998487  0.0005500922665
26  8  -2.573441914e-16  0.002202706506  0.999997574  0.002202704725
26  9  -1.625457672e-16  0.004167755873  0.9999913149  0.004167743807
26  10  -1.726971474e-16  0.008429342291  0.9999644733  0.008429242469
26  11  1.610642604e-16  0.01807399853  0.9998366697  0.01807301451
26  12  -8.853066876e-17  0.03396898451  0.9994231095  0.03396245213
26  13  -2.224359753e-16  0.03941740035  0.9992232349  0.0394071938
26  14  -4.698359142e-16  0.02536316714  0.9996783721  0.02536044792
26  15  -1.424066314e-16  0.01219251081  0.9999256723  0.01219220873
26  16  -1.53971902e-16  0.005801193171  0.9999831731  0.005801160632
26  17  -9.625268635e-17  0.002983720677  0.9999955487  0.00298371625
26  18  -1.005443119e-16  0.001413177827  0.9999990015  0.001413177357
26  19  -4.665189986e-16  -0.001237741655  0.999999234  -0.001237741339
26  20  4.871580182e-17  -0.01042351362  0.9999456757  -0.01042332487
26  21  -2.46738785e-16  -0.01424640756  0.9998985217  -0.01424592566
26  22  -1.914722196e-16  -0.004358832476  0.9999905003  -0.004358818674
26  23  -2.332311655e-16  0.001315229279  0.9999991351  0.0013152289
26  24  -3.373850555e-17  0.004181933066  0.9999912557  0.004181920876
26  25  8.675065462e-17  0.006074166326  0.9999815523  0.006074128974
26  26  4.101211745e-16  0.007367744773  0.9999728583  0.007367678116
26  27  -1.468749905e-16  0.008065780513  0.9999674718  0.008065693057
26  28  -3.117953306e-16  0.008226554211  0.9999661621  0.008226461421
26  29  -3.858276489e-16  0.008065839651  0.9999674713  0.008065752194
26  30  2.348670282e-17  0.007858551566  0.9999691217  0.00785847068
26  31  -1.648799362e-16  0.007802454455  0.999969561  0.007802375289
26  32  -1.355231671e-16  0.007943919949  0.9999684472  0.007943836398
26  33  -4.202756379e-16  0.008162966141  0.9999666832  0.008162875486
26  34  -3.739681404e-16  0.008208631947  0.9999663094  0.008208539762
26  35  -1.356427622e-16  0.007806463443  0.9999695297  0.007806384155
26  36  -1.356427622e-16  0.007806463443  0.9999695297  0.007806384155

27  0  -1.076644238e-16  0.008940687369  0.9999600323  0.008940568255
27  1  -1.270549377e-16  0.007160246443  0.9999743655  0.00716018526
27  2  -5.196223702e-17  0.005113920847  0.9999869239  0.005113898557
27  3  -1.698542933e-16  0.002717016867  0.9999963089  0.002717013524
27  4  -9.324811047e-17  -0.0009306947789  0.9999995669  -0.0009306946445
27  5  -2.97620609e-17  -0.007757715995  0.9999699091  -0.007757638182
27  6  3.533543004e-16  -0.01108550862  0.9999385564  -0.01108528158
27  7  1.084888744e-16  -0.003646341237  0.9999933521  -0.003646333157
27  8  -3.800214181e-18  0.0006565872168  0.9999997844  0.0006565871697
27  9  -2.239971456e-16  0.002202706506  0.999997574  0.002202704725
27  10  1.290064941e-16  0.004180386546  0.9999912622  0.00418037437
27  11  9.122571287e-17  0.008391444876  0.999964792  0.008391346394
27  12  -2.024256328e-16  0.0164787595  0.9998642283  0.01647801371
27  13  -2.142461595e-16  0.02429533482  0.9997048829  0.02429294478
27  14  -2.457317482e-17  0.02100707259  0.9997793596  0.02100552756
27  15  -7.683306758e-17  0.01181752767  0.9999301738  0.01181725261
27  16  -1.000508275e-16  0.00582596398  0.9999830291  0.005825931023
27  17  7.920440898e-17  0.002983060118  0.9999955507  0.002983055694
27  18  7.857655032e-17  0.001443096364  0.9999989587  0.001443095863
27  19  -2.651134509e-17  -0.0009266593565  0.9999995707  -0.0009266592239
27  20  2.093123851e-16  -0.008412096542  0.9999646185  -0.008411997331
27  21  -2.495141725e-16  -0.01102954158  0.9999391752  -0.01102931795
27  22  -6.593349987e-17  -0.003348071199  0.9999943952  -0.003348064943
27  23  -1.858755729e-16  0.001354040892  0.9999990833  0.001354040479
27  24  -2.769341999e-16  0.004035792476  0.9999918562  0.004035781521
27  25  -5.051738498e-17  0.00616169045  0.9999810168  0.00616165146
27  26  -1.0887688e-16  0.008065780513  0.9999674718  0.008065693057
27  27  -3.37340864e-17  0.009636192623  0.9999535723  0.009636043494
27  28  -5.8028431e-17  0.01066234721  0.9999431577  0.01066214518
27  29  -1.687466931e-17  0.01109642299  0.9999384353  0.01109619528
27  30  -1.905916014e-17  0.01113659878  0.9999379887  0.01113636858
27  31  1.103840833e-16  0.01107770021  0.9999386429  0.01107747364
27  32  3.714737944e-17  0.01109748816  0.9999384235  0.01109726038
27  33  -1.690389239e-16  0.01114287818  0.9999379188  0.01114264759
27  34  -4.237263484e-16  0.01095856097  0.9999399556  0.01095834163
27  35  -8.987066194e-17  0.01025697785  0.9999473977  0.010256798
27  36  -8.987066194e-17  0.01025697785  0.9999473977  0.010256798

28  0  -1.308020375e-16  0.01191217649  0.9999290509  0.01191189477
28  1  1.673979747e-16  0.009488908162  0.9999549806  0.009488765766
28  2  -4.073245147e-17  0.00707260386  0.9999749892  0.007072544896
28  3  -6.178972666e-17  0.004815453865  0.9999884057  0.004815435255
28  4  -3.671224126e-17  0.00249362455  0.9999968909  0.002493621965
28  5  6.04690631e-17  -0.0008144686701  0.9999996683  -0.0008144685801
28  6  6.618642742e-17  -0.006902649188  0.9999761768  -0.006902594373
28  7  -1.794655164e-16  -0.01028249438  0.9999471356  -0.01028231319
28  8  -4.183217623e-16  -0.003646341236  0.9999933521  -0.003646333156
28  9  -3.348551472e-16  0.0005500922942  0.9999998487  0.0005500922665
28  10  4.416556261e-18  0.002150509327  0.9999976877  0.002150507669
28  11  7.959913263e-17  0.004217147392  0.9999911078  0.004217134892
28  12  -3.611304743e-17  0.008272451826  0.9999657835  0.008272357475
28  13  6.872102238e-17  0.01411153636  0.9999004339  0.01411106801
28  14  5.268192165e-17  0.01599393271  0.9998720998  0.01599325083
28  15  2.076906289e-16  0.0110998781  0.999938397  0.01109965017
28  16  1.357201693e-17  0.005874720569  0.9999827439  0.005874686777
28  17  6.547508518e-17  0.002977268619  0.9999955679  0.00297726422
28  18  2.727865349e-16  0.001364688936  0.9999990688  0.001364688512
28  19  2.025850415e-16  -0.001003235742  0.9999994968  -0.001003235574
28  20  1.390059957e-16  -0.00800007492  0.9999679996  -0.007999989584
28  21  2.661300156e-17  -0.009976170999  0.9999502384  -0.009976005522
28  22  4.570093111e-16  -0.0030023741  0.9999954929  -0.003002369589
28  23  7.187775473e-18  0.001229361237  0.9999992443  0.001229360927
28  24  -8.869588039e-17  0.003737163473  0.9999930168  0.003737154774
28  25  -3.574593521e-17  0.005920792823  0.9999824722  0.005920758231
28  26  -4.799589802e-17  0.008226554211  0.9999661621  0.008226461421
28  27  -1.491096297e-16  0.01066234721  0.9999431577  0.01066214518
28  28  7.696730958e-17  0.01294658991  0.9999161941  0.01294622825
28  29  1.884494968e-16  0.01468637428  0.9998921571  0.01468584633
28  30  -3.169370494e-17  0.0156783758  0.9998770968  0.01567773349
28  31  2.54709486e-16  0.0160619801  0.9998710092  0.01606128948
28  32  8.487036148e-17  0.01611582458  0.9998701429  0.01611512699
28  33  -1.510493336e-17  0.01592952294  0.9998731278  0.01592884927
28  34  5.477212651e-17  0.01530062253  0.9998829478  0.01530002553
28  35  -5.30467208e-18  0.01396041468  0.999902555  0.01395996122
28  36  -5.30467208e-18  0.01396041468  0.999902555  0.01395996122

29  0  -8.850711726e-17  0.01670253175  0.999860516  0.01670175516
29  1  -1.710579684e-16  0.01293434985  0.9999163525  0.0129339892
29  2  1.57294407e-16  0.009563182118  0.9999542731  0.009563036353
29  3  2.40065463e-16  0.006807281268  0.9999768306  0.006807228694
29  4  1.410186905e-16  0.004537428442  0.9999897059  0.004537412873
29  5  2.771122947e-16  0.002338362676  0.999997266  0.002338360545
29  6  1.891358205e-16  -0.0007997948819  0.9999996802  -0.0007997947966
29  7  -3.701836623e-18  -0.006902649188  0.9999761768  -0.006902594374
29  8  -3.011132426e-16  -0.01108550862  0.9999385564  -0.01108528158
29  9  4.702233324e-17  -0.00444734171  0.9999901106  -0.004447327049
29  10  6.409909392e-17  0.0002124045034  0.9999999774  0.0002124045018
29  11  -4.263498918e-17  0.002045157909  0.9999979087  0.002045156483
29  12  -8.555131302e-17  0.004274258988  0.9999908654  0.004274245973
29  13  1.234771748e-16  0.007988590485  0.9999680914  0.007988505516
29  14  -3.032530567e-17  0.01130444082  0.9999361055  0.01130420006
29  15  1.98881248e-16  0.009964484789  0.9999503549  0.009964319892
29  16  -4.828869219e-17  0.005913494591  0.9999825153  0.005913460126
29  17  4.42785256e-17  0.002969728793  0.9999955904  0.002969724428
29  18  -1.287774096e-16  0.001171885963  0.9999993133  0.001171885695
29  19  -3.416444242e-16  -0.00148335745  0.9999988998  -0.001483356906
29  20  -1.640772257e-16  -0.008978591102  0.9999596927  -0.008978470467
29  21  2.709410724e-16  -0.01036716362  0.9999462614  -0.01036697791
29  22  2.344595108e-16  -0.002967264932  0.9999955977  -0.002967260578
29  23  -1.91757815e-16  0.001142414221  0.9999993474  0.001142413973
29  24  -2.919130227e-17  0.003504421176  0.9999938595  0.003504414003
29  25  2.82696839e-16  0.005618563358  0.9999842159  0.005618533796
29  26  2.564703693e-16  0.008065839651  0.9999674713  0.008065752194
29  27  5.676898311e-17  0.01109642299  0.9999384353  0.01109619528
29  28  7.870601984e-17  0.01468637428  0.9998921571  0.01468584633
29  29  2.578215003e-16  0.01843082404  0.9998301572  0.01842978058
29  30  1.504684439e-16  0.02161476564  0.99976641  0.02161308262
29  31  2.512138891e-16  0.0236550804  0.9997202316  0.02365287438
29  32  3.179356685e-16  0.02446923633  0.9997006432  0.02446679461
29  33  3.651299489e-17  0.02421666316  0.9997067909  0.02421429627
29  34  -2.734764122e-17  0.02285027815  0.9997389438  0.02284828971
29  35  -5.547336772e-18  0.02024666139  0.9997950434  0.02024527814
29  36  -5.547336772e-18  0.02024666139  0.9997950434  0.02024527814

30  0  -5.375389938e-16  0.02520325478  0.9996824148  0.02520058666
30  1  -2.426808252e-16  0.01868488425  0.9998254426  0.01868379704
30  2  8.346007402e-17  0.01335855831  0.9999107758  0.013358161
30  3  -1.668412601e-16  0.009434983017  0.9999554909  0.009434843036
30  4  -2.763224624e-17  0.006607042499  0.9999781736  0.006606994429
30  5  1.621233047e-16  0.004428658637  0.9999901935  0.004428644161
30  6  3.69806548e-17  0.002338362676  0.999997266  0.002338360545
30  7  -1.21414674e-16  -0.00081446867  0.9999996683  -0.00081446858
30  8  6.185099845e-18  -0.007757715994  0.9999699091  -0.007757638182
30  9  9.218103518e-17  -0.01396152432  0.9999025395  -0.01396107075
30  10  1.426366795e-16  -0.006344711606  0.9999798724  -0.006344669038
30  11  -1.919723039e-16  -0.0003983635515  0.9999999207  -0.0003983635409
30  12  2.2128047e-17  0.001895377349  0.9999982038  0.001895376214
30  13  2.656024326e-16  0.004343399109  0.9999905675  0.004343385453
30  14  -7.058641165e-18  0.00743061628  0.9999723931  0.007430547901
30  15  9.107126402e-17  0.008400100841  0.9999647194  0.008400002054
30  16  -1.883579931e-16  0.005879430787  0.9999827162  0.005879396914
30  17  -2.273252392e-16  0.00297328892  0.9999955798  0.002973284539
30  18  -9.156466146e-17  0.0008620629804  0.9999996284  0.0008620628737
30  19  -2.431270523e-16  -0.002453326018  0.9999969906  -0.002453323557
30  20  -2.469443946e-16  -0.01180484473  0.9999303236  -0.01180457056
30  21  -1.008706776e-16  -0.01246063475  0.9999223673  -0.0124603123
30  22  -3.502831067e-16  -0.003195062952  0.9999948958  -0.003195057516
30  23  -2.125939188e-16  0.001162849601  0.9999993239  0.001162849339
30  24  -3.143513274e-17  0.003449088704  0.9999940519  0.003449081865
30  25  3.883395969e-16  0.005450255639  0.9999851474  0.005450228655
30  26  7.202232012e-17  0.007858551566  0.9999691217  0.00785847068
30  27  -2.801483675e-17  0.01113659878  0.9999379887  0.01113636858
30  28  3.666694866e-17  0.0156783758  0.9998770968  0.01567773349
30  29  8.427420945e-17  0.02161476564  0.99976641  0.02161308262
30  30  -4.350018063e-17  0.02834401082  0.9995983354  0.02834021579
30  31  -4.599275005e-17  0.03433477061  0.9994106197  0.03432802493
30  32  1.33341745e-16  0.03800353574  0.9992779525  0.03799438851
30  33  4.014477003e-16  0.03875557664  0.9992490966  0.03874587559
30  34  6.758000999e-17  0.03660591388  0.9993300783  0.03659773915
30  35  -2.725177687e-17  0.03174628479  0.999496129  0.0317409526
30  36  -2.725177687e-17  0.03174628479  0.999496129  0.0317409526

31  0  -6.656625903e-17  0.04089453371  0.9991639351  0.04088313625
31  1  -4.020833121e-17  0.0290272531  0.9995787389  0.02902317697
31  2  6.021841248e-17  0.01974083364  0.9998051561  0.0197395515
31  3  2.162896319e-17  0.01345190485  0.9999095245  0.01345149916
31  4  1.963120617e-16  0.009359097955  0.999956204  0.009358961324
31  5  -2.006290663e-16  0.006607042499  0.9999781736  0.006606994429
31  6  -1.815371419e-16  0.004537428443  0.9999897059  0.004537412873
31  7  -6.926130623e-17  0.00249362455  0.9999968909  0.002493621965
31  8  -1.91572644e-16  -0.0009306947788  0.9999995669  -0.0009306946444
31  9  2.483870558e-17  -0.0100955328  0.9999490405  -0.01009536131
31  10  -1.048526191e-16  -0.02082399331  0.9997831885  -0.02082248833
31  11  -3.569231981e-16  -0.009970474394  0.9999502952  -0.0099703092
31  12  2.203153336e-16  -0.001283267619  0.9999991766  -0.001283267266
31  13  2.876667887e-16  0.001746510539  0.9999984749  0.001746509651
31  14  -1.286411615e-16  0.004404700501  0.9999902993  0.004404686258
31  15  -1.466532335e-16  0.00650254149  0.9999788586  0.006502495666
31  16  3.418307753e-17  0.005673653886  0.9999839049  0.005673623447
31  17  -2.64394676e-16  0.003020099963  0.9999954395  0.003020095372
31  18  1.764076328e-16  0.0004740382268  0.9999998876  0.0004740382091
31  19  1.914718294e-16  -0.003987059761  0.9999920517  -0.003987049198
31  20  -4.192272543e-16  -0.01784489546  0.9998407841  -0.01784394838
31  21  1.219711828e-16  -0.01783856314  0.9998408971  -0.01783761708
31  22  -1.565561431e-17  -0.003900115192  0.9999923946  -0.003900105304
31  23  6.118058343e-17  0.001266143375  0.9999991984  0.001266143036
31  24  1.083816494e-16  0.003593171414  0.9999935446  0.003593163682
31  25  -1.38815087e-16  0.005503692971  0.9999848547  0.005503665186
31  26  -1.695265739e-16  0.007802454455  0.999969561  0.007802375289
31  27  5.698620573e-18  0.01107770021  0.9999386429  0.01107747364
31  28  3.824283587e-16  0.0160619801  0.9998710092  0.01606128948
31  29  3.072142604e-16  0.0236550804  0.9997202316  0.02365287438
31  30  1.535229604e-16  0.03433477061  0.9994106197  0.03432802493
31  31  -9.270401532e-18  0.04664050866  0.9989125286  0.0466236007
31  32  1.461000861e-16  0.05662281693  0.9983973566  0.05659256497
31  33  3.545183712e-17  0.06105682198  0.9981366112  0.06101889307
31  34  -8.311534154e-17  0.05955487216  0.9982271327  0.05951967371
31  35  5.044542257e-17  0.05235054331  0.9986300232  0.05232663479
31  36  5.044542257e-17  0.05235054331  0.9986300232  0.05232663479

32  0  -7.513575091e-17  0.0660863916  0.9978170891  0.06603829769
32  1  2.289439063e-16  0.0474379506  0.9988750314  0.04742016054
32  2  -2.979148425e-16  0.03098645772  0.9995199581  0.0309814993
32  3  3.077694979e-16  0.02004725129  0.9997990606  0.02004590851
32  4  2.276925907e-16  0.01345190485  0.9999095245  0.01345149916
32  5  -3.236213762e-16  0.009434983017  0.9999554909  0.009434843036
32  6  -2.705822175e-17  0.006807281268  0.9999768306  0.006807228694
32  7  -1.501140091e-17  0.004815453865  0.9999884057  0.004815435255
32  8  -2.948454248e-16  0.002717016867  0.9999963089  0.002717013524
32  9  2.796756999e-17  -0.001425436659  0.9999989841  -0.001425436176
32  10  -6.316182884e-17  -0.01606266132  0.9998709982  -0.01606197061
32  11  1.801420814e-16  -0.03735822689  0.9993022626  -0.03734953774
32  12  -5.006125878e-17  -0.01591168269  0.9998734118  -0.01591101127
32  13  -1.362718264e-16  -0.002224401106  0.999997526  -0.002224399272
32  14  1.05478891e-16  0.001719102606  0.9999985223  0.001719101759
32  15  7.720918466e-17  0.004404696374  0.9999902993  0.004404682131
32  16  3.224471615e-16  0.005166113333  0.9999866557  0.005166090354
32  17  1.97844621e-16  0.003160338089  0.9999950061  0.003160332829
32  18  3.354583135e-16  0.0001601647436  0.9999999872  0.0001601647429
32  19  -1.085610909e-17  -0.00584620467  0.999982911  -0.005846171368
32  20  -1.047270706e-16  -0.02964004058  0.9995607662  -0.02963570081
32  21  -9.095625237e-17  -0.03192623984  0.9994904009  -0.03192081646
32  22  -2.198935692e-18  -0.005811678748  0.9999831122  -0.005811646033
32  23  -1.764962386e-16  0.001318016297  0.9999991314  0.001318015915
32  24  -1.114939679e-17  0.003872658273  0.9999925013  0.003872648593
32  25  -3.920205973e-17  0.005752596721  0.9999834539  0.005752564993
32  26  6.921052354e-17  0.007943919949  0.9999684472  0.007943836398
32  27  -2.549239087e-16  0.01109748816  0.9999384235  0.01109726038
32  28  1.005609815e-16  0.01611582458  0.9998701429  0.01611512699
32  29  2.262591239e-16  0.02446923633  0.9997006432  0.02446679461
32  30  3.908960981e-16  0.03800353574  0.9992779525  0.03799438851
32  31  -2.53821357e-16  0.05662281693  0.9983973566  0.05659256497
32  32  1.703839951e-16  0.07411220524  0.9972549473  0.07404437885
32  33  6.496384774e-17  0.08267146612  0.9965846602  0.08257732763
32  34  -1.181951535e-16  0.08345849862  0.9965193605  0.08336164649
32  35  3.281562166e-17  0.07889533099  0.9968893774  0.07881350948
32  36  3.281562166e-17  0.07889533099  0.9968893774  0.07881350948

33  0  1.409283681e-16  0.08603258193  0.9963014795  0.08592649133
33  1  -2.784655666e-17  0.07279458196  0.9973516442  0.07273030862
33  2  -3.350726881e-16  0.04969194133  0.9987656095  0.04967149323
33  3  8.544265601e-17  0.03098645772  0.9995199581  0.0309814993
33  4  5.695746934e-17  0.01974083364  0.9998051561  0.0197395515
33  5  -5.003470831e-17  0.01335855831  0.9999107758  0.013358161
33  6  1.953479451e-16  0.009563182118  0.9999542731  0.009563036353
33  7  7.896057249e-17  0.00707260386  0.9999749892  0.007072544896
33  8  -2.35469662e-16  0.005113920847  0.9999869239  0.005113898557
33  9  9.055685561e-17  0.002801862785  0.9999960748  0.002801859119
33  10  1.757990243e-17  -0.00306706674  0.9999952966  -0.003067061931
33  11  1.932622731e-16  -0.03371924963  0.99943156  -0.03371286026
33  12  -9.814966472e-17  -0.07957920156  0.996835246  -0.0794952343
33  13  -2.52941228e-16  -0.02189436152  0.999760328  -0.02189261233
33  14  -1.843001907e-16  -0.002591282961  0.9999966426  -0.002591280061
33  15  -1.979239608e-16  0.001994909679  0.9999980102  0.001994908356
33  16  -6.796443366e-17  0.004207732354  0.9999911475  0.004207719938
33  17  -2.07219164e-16  0.003401405029  0.9999942152  0.00340139847
33  18  1.549374056e-16  0.0002292005331  0.9999999737  0.0002292005311
33  19  2.092278066e-16  -0.006983157083  0.9999756179  -0.006983100328
33  20  -1.593796163e-16  -0.04747883338  0.9988730919  -0.04746099728
33  21  -6.448843364e-17  -0.07491545031  0.9971951498  -0.074845395
33  22  1.092100394e-16  -0.01137289152  0.9999353294  -0.01137264636
33  23  -1.423824127e-16  0.0009866807585  0.9999995132  0.0009866805984
33  24  -8.056449877e-17  0.004123425411  0.9999914987  0.004123413727
33  25  -8.334255172e-18  0.006056125602  0.9999816617  0.006056088582
33  26  1.03919536e-16  0.008162966141  0.9999666832  0.008162875486
33  27  -5.960807031e-17  0.01114287818  0.9999379188  0.01114264759
33  28  -5.714131332e-17  0.01592952294  0.9998731278  0.01592884927
33  29  1.614741338e-17  0.02421666316  0.9997067909  0.02421429627
33  30  3.481825342e-17  0.03875557664  0.9992490966  0.03874587559
33  31  6.34645153e-17  0.06105682198  0.9981366112  0.06101889307
33  32  3.90048806e-17  0.08267146612  0.9965846602  0.08257732763
33  33  -2.371791974e-16  0.0883867071  0.9960964373  0.08827166946
33  34  -2.893550381e-16  0.08439677953  0.9964407052  0.08429662475
33  35  -2.592422665e-16  0.08510510852  0.9963807455  0.08500241138
33  36  -2.592422665e-16  0.08510510852  0.9963807455  0.08500241138

34  0  4.732786472e-18  0.07580493054  0.9971281819  0.07573235065
34  1  1.373075069e-16  0.08611128544  0.9962947137  0.08600490349
34  2  -2.411385667e-16  0.07279458196  0.9973516442  0.07273030862
34  3  -1.691719556e-16  0.04743795061  0.9988750314  0.04742016054
34  4  -2.972937915e-16  0.0290272531  0.9995787389  0.02902317697
34  5  5.787489217e-17  0.01868488425  0.9998254426  0.01868379704
34  6  8.896764442e-17  0.01293434985  0.9999163525  0.0129339892
34  7  1.275122331e-17  0.009488908162  0.9999549806  0.009488765767
34  8  -4.34274248e-17  0.007160246443  0.9999743655  0.00716018526
34  9  4.080439999e-17  0.005183357637  0.9999865664  0.005183334427
34  10  1.334696894e-16  0.002334601967  0.9999972748  0.002334599847
34  11  4.053635286e-17  -0.008354228438  0.9999651036  -0.00835413126
34  12  -8.733011079e-17  -0.1037854138  0.9946191265  -0.1035991948
34  13  -2.448824787e-16  -0.1678644672  0.9859438137  -0.1670772163
34  14  -4.680303489e-17  -0.01941162381  0.9998116003  -0.01941040475
34  15  4.453585429e-17  -0.001717714754  0.9999985247  -0.00171771391
34  16  1.669249921e-16  0.002617956625  0.9999965732  0.002617953635
34  17  6.801124378e-17  0.003555609408  0.9999936788  0.003555601916
34  18  2.6521997e-16  0.0009628004277  0.9999995365  0.000962800279
34  19  -8.871060252e-17  -0.005977017271  0.9999821377  -0.005976981683
34  20  -7.787221385e-17  -0.05289427394  0.998601424  -0.05286961275
34  21  -5.481639956e-17  -0.2092339115  0.9781903264  -0.2077105805
34  22  -8.719188661e-17  -0.0320567522  0.9994862263  -0.03205126204
34  23  -3.4110178e-16  -0.0005580591968  0.9999998443  -0.0005580591678
34  24  -4.368084237e-16  0.004053187717  0.9999917858  0.004053176619
34  25  -7.414882796e-18  0.006172619586  0.9999809494  0.006172580389
34  26  -1.231957377e-16  0.008208631947  0.9999663094  0.008208539762
34  27  -2.750608736e-16  0.01095856097  0.9999399556  0.01095834163
34  28  -2.083633755e-17  0.01530062253  0.9998829478  0.01530002553
34  29  -2.754980232e-16  0.02285027815  0.9997389438  0.02284828971
34  30  -3.691094405e-17  0.03660591388  0.9993300783  0.03659773915
34  31  3.509936577e-17  0.05955487216  0.9982271327  0.05951967371
34  32  -6.758309273e-18  0.08345849863  0.9965193605  0.08336164649
34  33  9.361166326e-17  0.08439677953  0.9964407052  0.08429662475
34  34  7.674190862e-17  0.06978635113  0.9975659207  0.0697297201
34  35  6.975966283e-17  0.0657476246  0.9978394034  0.06570026641
34  36  6.975966283e-17  0.0657476246  0.9978394034  0.06570026641

35  0  -2.124554556e-17  0.05876053475  0.9982740965  0.05872672585
35  1  -5.664848249e-17  0.07580493054  0.9971281819  0.07573235065
35  2  7.547732693e-17  0.08603258193  0.9963014795  0.08592649133
35  3  -1.583565761e-16  0.0660863916  0.9978170891  0.06603829769
35  4  -6.382352438e-17  0.04089453371  0.9991639351  0.04088313625
35  5  -1.077586064e-16  0.02520325478  0.9996824148  0.02520058666
35  6  -4.286329386e-16  0.01670253175  0.999860516  0.01670175516
35  7  5.431715129e-17  0.01191217649  0.9999290509  0.01191189477
35  8  3.435903766e-17  0.008940687368  0.9999600323  0.008940568255
35  9  2.40266185e-16  0.006802476114  0.9999768632  0.006802423652
35  10  -6.714661355e-17  0.004691120179  0.9999889967  0.004691102973
35  11  -1.80709125e-16  0.0003946387179  0.9999999221  0.0003946387077
35  12  1.854547473e-16  -0.02948522156  0.9995653423  -0.02948094945
35  13  4.749416201e-17  -0.3912389639  0.9244373104  -0.381334052
35  14  9.410646256e-17  -0.14629437  0.9893180504  -0.145773095
35  15  -1.594754985e-16  -0.01005311826  0.9999494678  -0.01005294892
35  16  -7.754145908e-17  0.0001892947438  0.9999999821  0.0001892947427
35  17  3.486452606e-18  0.003210963323  0.9999948449  0.003210957806
35  18  -1.263522566e-16  0.002184962884  0.999997613  0.002184961145
35  19  -2.61623343e-16  -0.003019230239  0.9999954421  -0.003019225652
35  20  1.980140382e-16  -0.02985240228  0.9995544501  -0.02984796857
35  21  1.345578987e-17  -0.3845047949  0.9269842978  -0.3751001354
35  22  -2.913537433e-17  -0.155003093  0.9880110533  -0.1543831552
35  23  8.064657593e-17  -0.006039122002  0.9999817646  -0.006039085293
35  24  4.724566567e-17  0.003171869694  0.9999949696  0.003171864375
35  25  1.955255705e-16  0.005812814918  0.9999831056  0.005812782184
35  26  -2.34593676e-16  0.007806463444  0.9999695297  0.007806384155
35  27  -1.578351544e-16  0.01025697785  0.9999473977  0.010256798
35  28  -1.265788962e-16  0.01396041468  0.999902555  0.01395996122
35  29  -1.812264293e-16  0.02024666139  0.9997950434  0.02024527814
35  30  1.537149852e-16  0.03174628479  0.999496129  0.0317409526
35  31  -1.075445735e-16  0.05235054331  0.9986300232  0.05232663479
35  32  1.340099864e-16  0.07889533099  0.9968893774  0.07881350948
35  33  2.751468071e-16  0.08510510852  0.9963807455  0.08500241138
35  34  6.514869192e-17  0.0657476246  0.9978394034  0.06570026641
35  35  2.106090724e-16  0.05581217143  0.998442905  0.05578320014
35  36  2.106090724e-16  0.05581217143  0.998442905  0.05578320014

36  0  -2.124554556e-17  0.05876053475  0.998442905  0.05578320014
36  1  1.373075069e-16  0.08611128544  0.998442905  0.05578320014
36  2  -3.350726881e-16  0.04969194133  0.998442905  0.05578320014
36  3  3.077694979e-16  0.02004725129  0.998442905  0.05578320014
36  4  1.963120617e-16  0.009359097955  0.998442905  0.05578320014
36  5  1.621233047e-16  0.004428658637  0.998442905  0.05578320014
36  6  1.891358205e-16  -0.0007997948819  0.998442905  0.05578320014
36  7  -1.794655164e-16  -0.01028249438  0.998442905  0.05578320014
36  8  -3.800214181e-18  0.0006565872168  0.998442905  0.05578320014
36  9  -1.625457672e-16  0.004167755873  0.998442905  0.05578320014
36  10  -2.408508955e-16  0.01863940094  0.998442905  0.05578320014
36  11  3.337178068e-18  0.08380108968  0.998442905  0.05578320014
36  12  1.710154916e-16  0.08946965892  0.998442905  0.05578320014
36  13  1.278377521e-16  0.03283021234  0.998442905  0.05578320014
36  14  -1.926763229e-16  0.0140596261  0.998442905  0.05578320014
36  15  2.090656894e-16  0.00772425544  0.998442905  0.05578320014
36  16  -1.945546871e-16  0.004920816906  0.998442905  0.05578320014
36  17  1.006762608e-16  0.003586619715  0.998442905  0.05578320014
36  18  -3.107568892e-16  0.003586619715  0.998442905  0.05578320014
36  19  2.660057085e-16  0.004920816906  0.998442905  0.05578320014
36  20  7.318372708e-18  0.00772425544  0.998442905  0.05578320014
36  21  1.5038942e-16  0.0140596261  0.998442905  0.05578320014
36  22  2.917361932e-16  0.03283021234  0.998442905  0.05578320014
36  23  1.901202591e-17  0.08946965892  0.998442905  0.05578320014
36  24  5.232206637e-18  0.08380108968  0.998442905  0.05578320014
36  25  -1.160252804e-16  0.01863940094  0.998442905  0.05578320014
36  26  -2.982065468e-16  0.004167755873  0.998442905  0.05578320014
36  27  -2.466200798e-16  0.0006565872168  0.998442905  0.05578320014
36  28  -5.463045123e-17  -0.01028249438  0.998442905  0.05578320014
36  29  -3.143665785e-17  -0.0007997948819  0.998442905  0.05578320014
36  30  8.528316476e-19  0.004428658637  0.998442905  0.05578320014
36  31  2.249575487e-17  0.009359097955  0.998442905  0.05578320014
36  32  -2.084236067e-16  0.02004725129  0.998442905  0.05578320014
36  33  7.197502221e-17  0.04969194133  0.998442905  0.05578320014
36  34  2.477124978e-16  0.08611128544  0.998442905  0.05578320014
36  35  -9.815774056e-18  0.05876053475  0.998442905  0.05578320014
36  36  -9.815774056e-18  0.05876053475  0.998442905  0.05578320014

#Chern no*2pi*Iota= -1.062459567e-14  7.016415227e-12
