#nx  ny  tilde_F(nx,ny).real()  tilde_F(nx,ny).imag()  ArgofLog.real()  ArgofLog.imag()
#Extra momentum point for pm3d corners2color c1
0  0  -1.056791256e-16  -0.02231093166  0.9997511215  -0.02230908073
0  1  -1.363639715e-16  -0.03104319566  0.9995181987  -0.03103820995
0  2  -3.061105385e-16  -0.05399055836  0.9985428638  -0.05396433195
0  3  2.975133621e-16  -0.06565380253  0.9978455632  -0.06560664676
0  4  2.875191257e-17  -0.064726795  0.9979059523  -0.06468160835
0  5  2.538389009e-16  -0.05615012381  0.9984239959  -0.0561206231
0  6  1.241692044e-16  -0.03520549523  0.9993803506  -0.03519822324
0  7  -1.875112991e-16  -0.01805075221  0.9998370896  -0.01804977198
0  8  6.056454864e-18  -0.009243890703  0.9999572755  -0.009243759056
0  9  1.435512435e-16  -0.004495426831  0.9999898956  -0.004495411689
0  10  1.991142555e-16  0.001064350128  0.9999994336  0.001064349927
0  11  -2.333024581e-16  0.01538474541  0.9998816571  0.01538413851
0  12  -8.289795973e-17  0.0370868938  0.99931236  0.0370783926
0  13  1.228789628e-16  0.03113350503  0.9995153916  0.03112847568
0  14  -8.241990156e-17  0.01212589966  0.9999264822  0.01212560251
0  15  2.554653245e-16  -0.5091412116  0.8731634267  -0.4874275641
0  16  -7.04544137e-18  0.002937226025  0.9999956864  0.002937221802
0  17  1.166421137e-16  0.1190334087  0.9929238848  0.1187525114
0  18  7.370515227e-17  0.7086808842  0.7592210601  0.6508328371
0  19  5.649856725e-17  0.01604966782  0.9998712068  0.01604897879
0  20  1.697410412e-16  -0.3172420889  0.9500993536  -0.3119474607
0  21  -4.322202867e-17  -0.1897715086  0.9820473621  -0.1886345105
0  22  3.107404859e-16  0.02150700481  0.9997687333  0.02150534683
0  23  -1.262774243e-16  0.03811353072  0.9992737673  0.03810430384
0  24  -1.634281386e-16  0.02736060595  0.999625722  0.02735719237
0  25  -2.06477871e-16  0.006517610139  0.9999787605  0.006517563995
0  26  1.460943947e-16  -0.002169383823  0.9999976469  -0.002169382121
0  27  -1.577276342e-16  -0.006624554472  0.9999780577  -0.006624506019
0  28  1.105761668e-16  -0.01278983597  0.9999182112  -0.01278948728
0  29  -5.03584301e-17  -0.02539998631  0.9996774377  -0.02539725523
0  30  4.624534278e-17  -0.04627764505  0.9989293809  -0.04626112863
0  31  5.653536746e-17  -0.062304491  0.998059703  -0.06226418938
0  32  -1.458653527e-16  -0.06555504512  0.9978520374  -0.0655081018
0  33  2.365151749e-16  -0.06288083951  0.9980236513  -0.06283940923
0  34  4.063058005e-16  -0.04158116044  0.9991356281  -0.04156917922
0  35  4.336605478e-16  -0.02455957125  0.9996984289  -0.02455710238
0  36  4.336605478e-16  -0.02455957125  0.9996984289  -0.02455710238

1  0  -3.438026575e-16  -0.03104319566  0.9995181987  -0.03103820995
1  1  7.637540565e-18  -0.0352781805  0.9993777895  -0.03527086338
1  2  -2.276322369e-16  -0.05330793379  0.9985794685  -0.05328268953
1  3  1.254860642e-16  -0.06920745734  0.9976061196  -0.06915222373
1  4  1.294826911e-16  -0.06666938285  0.9977784198  -0.06662000507
1  5  -2.048835712e-16  -0.05987434615  0.9982080668  -0.05983857827
1  6  -1.009791947e-16  -0.04561282402  0.9989599155  -0.04559700919
1  7  -2.803664536e-16  -0.02637383752  0.9996522305  -0.02637078011
1  8  -2.502086535e-16  -0.01341488648  0.9999100218  -0.01341448413
1  9  2.219024087e-16  -0.006711876272  0.9999774754  -0.006711825878
1  10  -1.876091744e-16  -0.001860906942  0.9999982685  -0.001860905868
1  11  -1.585550069e-16  0.007524346512  0.9999716922  0.007524275513
1  12  8.672164848e-17  0.03023208734  0.9995430453  0.0302274823
1  13  -1.019873997e-16  0.04044068767  0.9991823868  0.04042966545
1  14  2.210675194e-16  0.02119233462  0.9997754509  0.02119074836
1  15  2.276438551e-16  -0.2553158198  0.9675835833  -0.2525510033
1  16  9.368888026e-17  -0.2519399519  0.968430647  -0.249283136
1  17  -9.109819188e-17  0.01728341951  0.9998506454  0.01728255905
1  18  -1.483777242e-16  0.2083869759  0.9783658931  0.2068820419
1  19  1.107665535e-16  0.06646155983  0.9977922434  0.06641264231
1  20  2.939246153e-16  0.005339756273  0.9999857435  0.005339730898
1  21  -2.8379277e-16  -0.5074554786  0.8739838584  -0.4859549518
1  22  3.007613028e-16  0.008832792794  0.9999609911  0.008832677941
1  23  1.718055282e-16  0.03145574998  0.9995053087  0.03145056284
1  24  -1.429297913e-16  0.04014953427  0.9991941157  0.04013874839
1  25  -8.950455498e-17  0.01750964963  0.99984671  0.01750875493
1  26  4.94458686e-17  0.001750011718  0.9999984687  0.001750010825
1  27  1.261187344e-16  -0.004293504026  0.9999907829  -0.004293490835
1  28  2.546953854e-16  -0.009421157914  0.9999556212  -0.009421018547
1  29  -5.838131865e-17  -0.01869147378  0.9998253195  -0.01869038542
1  30  2.487518992e-16  -0.03550940294  0.9993696074  -0.035501941
1  31  -8.546303993e-17  -0.05394639898  0.9985452459  -0.05392023686
1  32  -2.971738624e-17  -0.06341449383  0.9979899747  -0.06337199988
1  33  -3.99522799e-17  -0.07042791309  0.9975209795  -0.07036970605
1  34  1.287642809e-16  -0.06306473923  0.9980120783  -0.06302294443
1  35  4.956474658e-18  -0.04158116044  0.9991356281  -0.04156917922
1  36  4.956474658e-18  -0.04158116044  0.9991356281  -0.04156917922

2  0  -1.267064631e-17  -0.05399055836  0.9985428638  -0.05396433195
2  1  1.935753334e-17  -0.05330793379  0.9985794685  -0.05328268953
2  2  6.885097797e-17  -0.06009697635  0.9981947202  -0.06006080804
2  3  -1.871736156e-16  -0.06834093305  0.9976656672  -0.06828774794
2  4  -1.548919913e-16  -0.06808063168  0.9976834088  -0.0680280519
2  5  -8.960643041e-18  -0.06063867465  0.9981620389  -0.06060151959
2  6  7.003089195e-17  -0.05132920747  0.9986829454  -0.05130667103
2  7  2.554341009e-17  -0.03640262296  0.9993374977  -0.03639458367
2  8  1.150153913e-18  -0.02052469415  0.9997893759  -0.02052325313
2  9  5.660652244e-17  -0.01013003909  0.9999486916  -0.01012986583
2  10  1.720599538e-16  -0.00395918668  0.9999921624  -0.003959176336
2  11  7.333260754e-17  0.003183481193  0.9999949327  0.003183475816
2  12  -2.191143712e-17  0.02207059927  0.9997564542  0.02206880751
2  13  4.406680679e-17  0.04875436721  0.9988117412  0.04873505475
2  14  6.087203774e-17  0.03380621547  0.9994286243  0.03379977655
2  15  2.717106757e-16  0.004346371025  0.9999905545  0.004346357341
2  16  1.827942863e-17  -0.5020396274  0.8766028877  -0.4812144816
2  17  -1.024361694e-16  0.009485054544  0.9999550172  0.009484912322
2  18  1.251235367e-16  0.03665304414  0.9993283524  0.0366448378
2  19  3.247428875e-16  0.068287555  0.9976693108  0.0682344944
2  20  -1.047968017e-16  0.02210063343  0.9997557909  0.02209883434
2  21  -1.644188037e-16  -0.1294859494  0.9916284012  -0.1291244125
2  22  -4.205208489e-16  -0.3722215455  0.9315217005  -0.3636857455
2  23  -1.293573626e-16  0.02025522156  0.99979487  0.02025383656
2  24  -3.344800264e-17  0.04532701589  0.9989729067  0.04531149647
2  25  1.352011513e-17  0.03817914792  0.9992712649  0.03816987331
2  26  4.37575555e-16  0.0105562641  0.9999442832  0.01055606804
2  27  -1.953974324e-16  -0.0008479771042  0.9999996405  -0.0008479770026
2  28  -1.84286958e-16  -0.006600538386  0.9999782165  -0.006600490458
2  29  1.021634111e-16  -0.01427274437  0.9998981461  -0.01427225978
2  30  3.815841116e-16  -0.02759057737  0.9996194042  -0.02758707699
2  31  9.522196547e-17  -0.04409443469  0.9990279979  -0.04408014713
2  32  1.502103816e-16  -0.05620346197  0.9984210011  -0.05617387712
2  33  1.194910954e-16  -0.06597793496  0.9978242455  -0.06593007742
2  34  1.291780232e-17  -0.07042791309  0.9975209795  -0.07036970605
2  35  -3.701786263e-17  -0.06288083951  0.9980236513  -0.06283940923
2  36  -3.701786263e-17  -0.06288083951  0.9980236513  -0.06283940923

3  0  1.11647323e-16  -0.06565380253  0.9978455632  -0.06560664677
3  1  -1.472688007e-16  -0.06920745734  0.9976061196  -0.06915222373
3  2  1.964280618e-16  -0.06834093305  0.9976656672  -0.06828774794
3  3  1.676101281e-16  -0.06564290238  0.9978462782  -0.0655957701
3  4  1.755666413e-16  -0.0644836454  0.9979216501  -0.06443896602
3  5  -3.297779183e-16  -0.05948648236  0.9982312009  -0.05945140501
3  6  -2.37261783e-16  -0.05167171753  0.9986653138  -0.05164872697
3  7  -1.001328892e-16  -0.04219910104  0.9991097501  -0.04218657772
3  8  -3.332275652e-17  -0.0295353756  0.9995638625  -0.02953108165
3  9  -2.205944213e-16  -0.01653756293  0.9998632576  -0.01653680913
3  10  3.971330393e-16  -0.007086145278  0.9999748934  -0.007086085975
3  11  -8.962454158e-18  0.0004933287676  0.9999998783  0.0004933287475
3  12  6.738165005e-17  0.0152191059  0.9998841916  0.0152185184
3  13  -8.780358131e-18  0.05349561822  0.9985694506  0.05347010641
3  14  -6.550425028e-17  0.0590842239  0.998255035  0.05904985327
3  15  3.324907085e-16  0.01998237196  0.999800359  0.01998104217
3  16  1.703797722e-16  -0.4185898686  0.9136630281  -0.4064724727
3  17  2.784628798e-16  0.002093721558  0.9999978082  0.002093720028
3  18  8.49133233e-17  0.02213220556  0.9997550927  0.02213039875
3  19  -1.791035822e-16  -0.0002124342001  0.9999999774  -0.0002124341985
3  20  -2.226011766e-16  0.02237352308  0.9997497232  0.02237165653
3  21  5.47018278e-17  0.01583084859  0.9998746947  0.01583018736
3  22  1.782491241e-16  -0.2699496898  0.9637843144  -0.2666829489
3  23  -1.376829788e-16  -0.1446623731  0.989554634  -0.1441583376
3  24  1.05730804e-16  0.03739118236  0.9993010312  0.03738247019
3  25  -4.407109281e-16  0.06636338781  0.9977987584  0.06631468671
3  26  -1.836855875e-16  0.03270450677  0.9994652553  0.03269867704
3  27  -4.189184568e-16  0.006229622335  0.999980596  0.006229582042
3  28  -1.700614785e-16  -0.003166139759  0.9999949878  -0.00316613447
3  29  2.486627033e-16  -0.01097865966  0.9999397351  -0.01097843912
3  30  1.137632328e-16  -0.02233113396  0.9997506706  -0.022329278
3  31  2.28359448e-17  -0.03580972893  0.9993589002  -0.03580207606
3  32  -4.822900062e-19  -0.04693249537  0.9988988726  -0.04691526789
3  33  1.778559897e-16  -0.05620346197  0.9984210011  -0.05617387712
3  34  2.266219298e-16  -0.06341449383  0.9979899747  -0.06337199989
3  35  1.137602747e-16  -0.06555504512  0.9978520374  -0.06550810181
3  36  1.137602747e-16  -0.06555504512  0.9978520374  -0.06550810181

4  0  -4.328847496e-17  -0.064726795  0.9979059523  -0.06468160835
4  1  1.562919733e-17  -0.06666938285  0.9977784198  -0.06662000507
4  2  9.943304451e-17  -0.06808063168  0.9976834088  -0.0680280519
4  3  5.811070744e-17  -0.0644836454  0.9979216501  -0.06443896602
4  4  -1.992073851e-17  -0.06398640213  0.9979535685  -0.06394274824
4  5  -9.992060759e-17  -0.05852119373  0.9982881236  -0.05848779623
4  6  1.568334763e-16  -0.04868428069  0.9988151545  -0.04866505138
4  7  1.064099763e-16  -0.03970355042  0.9992119176  -0.03969311998
4  8  1.320727676e-16  -0.03206920273  0.9994858272  -0.03206370617
4  9  -8.497688335e-17  -0.02340003237  0.9997262317  -0.02339789694
4  10  -7.43230889e-17  -0.01324204198  0.9999123254  -0.01324165499
4  11  -1.651586927e-16  -0.003431623554  0.999994112  -0.003431616819
4  12  -1.215508386e-16  0.00921574005  0.9999575354  0.009215609602
4  13  -2.000504797e-16  0.04631378596  0.9989277083  0.04629723081
4  14  -9.801023214e-17  0.1021101105  0.9947912907  0.1019327616
4  15  -2.926884125e-16  0.04775184081  0.9988600975  0.04773369528
4  16  -2.981964566e-16  -0.3176739284  0.9499645538  -0.3123577221
4  17  8.34409737e-17  -0.02108428312  0.9997777347  -0.021082721
4  18  -1.456616495e-16  0.02058049164  0.9997882292  0.02057903883
4  19  -1.367761278e-16  0.004141618202  0.9999914235  0.004141606361
4  20  -8.038556001e-17  -0.004446372058  0.9999901149  -0.004446357407
4  21  -1.430486542e-16  0.01763499195  0.9998445076  0.0176340779
4  22  -1.802266857e-16  0.01220016623  0.9999255789  0.01219986357
4  23  3.527785645e-17  -0.2839882796  0.9599456142  -0.2801863983
4  24  2.662722421e-16  -0.04081441736  0.9991672073  -0.04080308675
4  25  1.476400518e-16  0.08107542462  0.9967151877  0.08098663264
4  26  -1.865937693e-17  0.08378368809  0.9964921995  0.08368569968
4  27  -1.048410674e-16  0.02280727144  0.9997399255  0.02280529421
4  28  -1.163705383e-16  0.002129080842  0.9999977335  0.002129079234
4  29  -1.189499861e-16  -0.00801227516  0.9999679019  -0.008012189434
4  30  1.036671492e-16  -0.01828891017  0.9998327625  -0.01828789063
4  31  1.988532466e-16  -0.02797438835  0.9996087423  -0.02797073985
4  32  -1.95012987e-16  -0.03580972893  0.9993589002  -0.03580207606
4  33  2.146491953e-16  -0.04409443469  0.9990279979  -0.04408014714
4  34  3.107758309e-16  -0.05394639898  0.9985452459  -0.05392023686
4  35  9.354832221e-17  -0.062304491  0.998059703  -0.06226418938
4  36  9.354832221e-17  -0.062304491  0.998059703  -0.06226418938

5  0  -2.285725067e-16  -0.05615012381  0.9984239959  -0.0561206231
5  1  -3.293116087e-18  -0.05987434615  0.9982080668  -0.05983857827
5  2  5.272670407e-16  -0.06063867465  0.9981620389  -0.06060151959
5  3  1.52474112e-16  -0.05948648236  0.9982312009  -0.05945140501
5  4  -2.947241017e-16  -0.05852119373  0.9982881236  -0.05848779623
5  5  6.578132717e-17  -0.05167766774  0.9986650065  -0.05165466925
5  6  3.026875583e-16  -0.04031514001  0.9991874548  -0.04030422012
5  7  -3.564796652e-18  -0.03088904788  0.9995229713  -0.03088413607
5  8  4.190410033e-17  -0.0246171515  0.9996970132  -0.02461466522
5  9  -4.249823957e-18  -0.02029060512  0.9997941527  -0.02028921284
5  10  1.598269913e-16  -0.01578046921  0.999875491  -0.01577981427
5  11  4.132223679e-17  -0.008731258969  0.9999618828  -0.008731148031
5  12  -1.206651562e-16  0.002523339308  0.9999968164  0.002523336631
5  13  -4.041137844e-17  0.02860704324  0.9995908464  0.02860314158
5  14  3.276636671e-16  0.1175638191  0.99309733  0.117293193
5  15  -4.244361982e-17  0.1222139373  0.9925411676  0.1219099282
5  16  2.861607594e-17  -0.2140104395  0.977187036  -0.2123805467
5  17  -9.766116847e-17  -0.07826556401  0.9969388138  -0.07818568588
5  18  -4.396719898e-17  0.01903914653  0.9998187609  0.0190379963
5  19  2.529792156e-16  0.005898082127  0.9999826064  0.005898047931
5  20  2.052217669e-17  -0.003486215582  0.9999939232  -0.00348620852
5  21  1.409665525e-18  0.0001720520074  0.9999999852  0.0001720520065
5  22  -2.676771284e-16  0.01381665258  0.9999045516  0.01381621299
5  23  1.806519768e-17  0.001867793314  0.9999982557  0.001867792228
5  24  -3.224883746e-17  -0.256969738  0.9671645614  -0.2541509613
5  25  -1.237477728e-16  0.01638523991  0.999865765  0.01638450675
5  26  6.375315024e-17  0.1536464044  0.9882195938  0.1530425902
5  27  2.138733123e-16  0.06295881967  0.9980187481  0.06291723508
5  28  2.371737871e-16  0.01185433519  0.9999297382  0.01185405755
5  29  3.04970359e-16  -0.003881150776  0.9999924683  -0.003881141032
5  30  5.419735462e-17  -0.012885538  0.9999169826  -0.01288518142
5  31  -2.972341185e-16  -0.01828891017  0.9998327625  -0.01828789063
5  32  2.232754449e-16  -0.02233113396  0.9997506706  -0.022329278
5  33  2.51897818e-16  -0.02759057737  0.9996194042  -0.02758707699
5  34  -2.002848388e-16  -0.03550940294  0.9993696074  -0.035501941
5  35  -1.708614633e-16  -0.04627764505  0.9989293809  -0.04626112863
5  36  -1.708614633e-16  -0.04627764505  0.9989293809  -0.04626112863

6  0  1.250848423e-17  -0.03520549523  0.9993803506  -0.03519822324
6  1  1.931587993e-16  -0.04561282402  0.9989599155  -0.04559700919
6  2  2.047832305e-16  -0.05132920747  0.9986829454  -0.05130667103
6  3  -1.029495012e-16  -0.05167171753  0.9986653138  -0.05164872697
6  4  -3.143854802e-16  -0.04868428069  0.9988151545  -0.04866505138
6  5  1.484387617e-16  -0.04031514001  0.9991874548  -0.04030422012
6  6  -3.305042821e-17  -0.0295333681  0.9995639218  -0.02952907502
6  7  -1.591833917e-16  -0.02137406567  0.9997715834  -0.02137243825
6  8  2.772009464e-16  -0.01614080092  0.9998697401  -0.01614010008
6  9  1.485292292e-16  -0.01257163069  0.9999209781  -0.01257129954
6  10  4.107042932e-17  -0.009684833664  0.9999531024  -0.009684682265
6  11  -1.212341924e-16  -0.006396423354  0.999979543  -0.006396379736
6  12  -7.556457674e-17  -8.777028321e-06  1  -8.777028321e-06
6  13  2.937455673e-16  0.01665556401  0.9998612993  0.01665479396
6  14  4.713079774e-17  0.07637999776  0.9970844658  0.07630575382
6  15  -8.334059454e-17  0.1877251411  0.9824313212  0.1866244871
6  16  1.835595921e-16  -0.1765234076  0.9844601587  -0.1756080749
6  17  1.270183528e-16  -0.1173087621  0.9931272142  -0.1170398928
6  18  1.445979298e-16  0.008223153242  0.9999661901  0.008223060567
6  19  -4.385521936e-17  0.001475421144  0.9999989116  0.001475420609
6  20  -6.734996882e-17  -0.001732958397  0.9999984984  -0.00173295753
6  21  -5.71980104e-17  -0.002045322156  0.9999979083  -0.00204532073
6  22  -1.292511428e-18  -0.0003462369458  0.9999999401  -0.0003462369389
6  23  -1.869495108e-17  0.005275655782  0.9999860838  0.00527563131
6  24  2.317961645e-17  -0.02643167525  0.9996507036  -0.02642859768
6  25  4.112279087e-17  -0.2230098482  0.9752361919  -0.2211659334
6  26  1.683365295e-17  0.06428362343  0.9979345193  0.06423935847
6  27  -4.103488566e-16  0.1364519601  0.990704867  0.1360289178
6  28  -1.807924989e-16  0.03449999579  0.9994049342  0.03449315226
6  29  2.152122451e-16  0.005757253767  0.9999834271  0.005757221963
6  30  2.79265749e-16  -0.003881150776  0.9999924683  -0.003881141032
6  31  -3.215170799e-16  -0.00801227516  0.9999679019  -0.008012189434
6  32  2.184874038e-16  -0.01097865966  0.9999397351  -0.01097843912
6  33  2.068246904e-16  -0.01427274437  0.9998981461  -0.01427225978
6  34  -1.015437973e-16  -0.01869147378  0.9998253195  -0.01869038542
6  35  2.596118375e-16  -0.02539998631  0.9996774377  -0.02539725523
6  36  2.596118375e-16  -0.02539998631  0.9996774377  -0.02539725523

7  0  7.493640208e-17  -0.01805075221  0.9998370896  -0.01804977198
7  1  2.816626631e-16  -0.02637383752  0.9996522305  -0.02637078011
7  2  -1.061134685e-16  -0.03640262296  0.9993374977  -0.03639458367
7  3  -2.375154334e-16  -0.04219910104  0.9991097501  -0.04218657772
7  4  1.719123349e-16  -0.03970355042  0.9992119176  -0.03969311998
7  5  -3.769725643e-17  -0.03088904788  0.9995229713  -0.03088413607
7  6  -6.279695085e-17  -0.02137406567  0.9997715834  -0.02137243825
7  7  -6.341316422e-17  -0.0148348999  0.9998899649  -0.01483435577
7  8  2.255215849e-16  -0.01083656213  0.999941285  -0.01083635003
7  9  6.398785908e-17  -0.008004367079  0.9999679652  -0.008004281606
7  10  -7.266412883e-17  -0.005149615603  0.9999867408  -0.005149592843
7  11  -1.173906289e-16  -0.001184176541  0.9999992989  -0.001184176264
7  12  -3.111952755e-17  0.005568771127  0.9999844944  0.005568742345
7  13  2.476541078e-16  0.0202205291  0.9997955721  0.0202191512
7  14  9.204867305e-18  0.06219675664  0.9980664052  0.06215666369
7  15  -9.895418196e-17  0.1676806101  0.9859745154  0.1668959407
7  16  -2.0567542e-16  -0.8869328133  0.6317924863  -0.7751375712
7  17  -2.819066961e-16  -0.2145103645  0.9770807396  -0.2128690404
7  18  2.381467732e-17  -0.0213548985  0.9997719928  -0.02135327545
7  19  -9.471070544e-17  -0.005153149422  0.9999867226  -0.005153126615
7  20  1.961239512e-16  -0.002874214901  0.9999958694  -0.002874210943
7  21  -1.176237036e-16  -0.0022585197  0.9999974495  -0.00225851778
7  22  1.316175283e-16  -0.00239653243  0.9999971283  -0.002396530136
7  23  -1.250590205e-16  -0.003409719009  0.9999941869  -0.003409712402
7  24  2.005304821e-16  -0.008123804696  0.9999670021  -0.008123715339
7  25  1.206072762e-16  -0.08309115342  0.9965499158  -0.08299557427
7  26  5.054046086e-17  -0.3511076575  0.9389923233  -0.3439381002
7  27  -2.054785523e-17  -0.5706814058  0.8415330713  -0.5402055996
7  28  -2.177484384e-16  0.09339553042  0.9956418068  0.09325981237
7  29  1.1077629e-16  0.03449999579  0.9994049342  0.03449315226
7  30  2.428239875e-16  0.01185433519  0.9999297382  0.01185405755
7  31  1.93670397e-17  0.002129080842  0.9999977335  0.002129079234
7  32  2.553275324e-16  -0.003166139759  0.9999949878  -0.00316613447
7  33  1.10988912e-16  -0.006600538386  0.9999782165  -0.006600490458
7  34  1.31466301e-17  -0.009421157914  0.9999556212  -0.009421018547
7  35  1.238722179e-16  -0.01278983597  0.9999182112  -0.01278948728
7  36  1.238722179e-16  -0.01278983597  0.9999182112  -0.01278948728

8  0  -2.844408091e-17  -0.009243890703  0.9999572755  -0.009243759056
8  1  -2.118993083e-16  -0.01341488648  0.9999100218  -0.01341448413
8  2  -3.379742719e-16  -0.02052469415  0.9997893759  -0.02052325313
8  3  4.137334296e-17  -0.0295353756  0.9995638625  -0.02953108165
8  4  9.664168795e-17  -0.03206920273  0.9994858272  -0.03206370617
8  5  9.218825363e-17  -0.0246171515  0.9996970132  -0.02461466522
8  6  1.151925943e-16  -0.01614080092  0.9998697401  -0.01614010008
8  7  -3.283092787e-16  -0.01083656213  0.999941285  -0.01083635003
8  8  5.139392379e-17  -0.007743009362  0.9999700231  -0.007742931991
8  9  3.079787842e-16  -0.005507944252  0.9999848313  -0.005507916402
8  10  1.804576392e-16  -0.002944643127  0.9999956645  -0.002944638871
8  11  2.715089681e-17  0.0016210625  0.9999986861  0.00162106179
8  12  -2.521094464e-16  0.01163877623  0.9999322702  0.01163851347
8  13  -3.500843105e-16  0.03591301057  0.9993551971  0.0359052913
8  14  -6.078185648e-17  0.0964523075  0.9953520812  0.09630282698
8  15  -3.770843272e-16  0.1965537986  0.9807454112  0.195290651
8  16  2.933484352e-17  -1.955975165  -0.3757248778  -0.9267312535
8  17  -4.178217512e-17  -1.149523913  0.4089219493  -0.9125693614
8  18  1.279821428e-16  -0.05104304212  0.9986975867  -0.05102088048
8  19  1.343648625e-16  -0.01161293421  0.9999325706  -0.01161267319
8  20  1.488429602e-16  -0.006127375806  0.9999812277  -0.006127337464
8  21  1.414952449e-16  -0.004232718121  0.9999910421  -0.004232705482
8  22  2.173807882e-16  -0.003882978577  0.9999924612  -0.003882968819
8  23  -2.077369601e-17  -0.004868004469  0.9999881513  -0.004867985242
8  24  2.714486035e-16  -0.007942706253  0.9999684569  -0.00794262274
8  25  7.447323937e-17  -0.01970487804  0.9998058652  -0.01970360289
8  26  -3.806715728e-17  -0.3500619735  0.9393514605  -0.342956023
8  27  -6.637912501e-17  -2.110392247  -0.5137893667  -0.8579163634
8  28  -1.447601295e-16  -0.5706814058  0.8415330713  -0.5402055996
8  29  -3.253768057e-16  0.1364519601  0.990704867  0.1360289178
8  30  -4.93852986e-17  0.06295881967  0.9980187481  0.06291723508
8  31  9.028744492e-17  0.02280727144  0.9997399255  0.02280529421
8  32  -3.083974074e-16  0.006229622335  0.999980596  0.006229582042
8  33  3.131229219e-18  -0.0008479771042  0.9999996405  -0.0008479770025
8  34  1.274306886e-16  -0.004293504026  0.9999907829  -0.004293490835
8  35  7.456488185e-18  -0.006624554472  0.9999780577  -0.006624506019
8  36  7.456488185e-18  -0.006624554472  0.9999780577  -0.006624506019

9  0  -1.126522911e-16  -0.004495426831  0.9999898956  -0.004495411689
9  1  -1.122747401e-16  -0.006711876272  0.9999774754  -0.006711825878
9  2  1.591096804e-17  -0.01013003909  0.9999486916  -0.01012986583
9  3  -2.170767275e-16  -0.01653756293  0.9998632576  -0.01653680913
9  4  -3.854556997e-16  -0.02340003237  0.9997262317  -0.02339789694
9  5  -1.799359651e-16  -0.02029060512  0.9997941527  -0.02028921284
9  6  -2.492859825e-16  -0.01257163069  0.9999209781  -0.01257129954
9  7  -2.20903521e-16  -0.008004367079  0.9999679652  -0.008004281606
9  8  -4.804746468e-17  -0.005507944252  0.9999848313  -0.005507916402
9  9  2.6403576e-16  -0.00348475408  0.9999939283  -0.003484747027
9  10  3.138927594e-16  -0.0007493041597  0.9999997193  -0.0007493040896
9  11  9.715293191e-17  0.004697733831  0.9999889657  0.004697716552
9  12  -6.351274557e-17  0.01798332897  0.9998383043  0.01798235969
9  13  5.107692137e-18  0.05263069161  0.9986153248  0.05260639723
9  14  1.431397707e-16  0.1279879121  0.9918207217  0.1276387719
9  15  -1.013001973e-16  0.1838080738  0.9831548031  0.1827748157
9  16  3.203976398e-16  -0.2431391265  0.9705870116  -0.240750603
9  17  2.09285935e-16  -0.459281676  0.8963711649  -0.4433043364
9  18  -2.858789565e-16  -0.05246784391  0.9986238784  -0.05244377432
9  19  -9.377781402e-17  -0.01430287096  0.9998977157  -0.0143023833
9  20  8.632069424e-17  -0.01092216922  0.9999403537  -0.01092195207
9  21  -8.802083695e-17  -0.01057814631  0.9999440519  -0.01057794903
9  22  -1.354385045e-16  -0.010575137  0.9999440838  -0.0105749399
9  23  1.631736668e-16  -0.01075225028  0.9999421951  -0.0107520431
9  24  -1.068765312e-16  -0.01098416526  0.9999396747  -0.01098394439
9  25  -8.484756457e-17  -0.0118715663  0.9999295338  -0.01187128745
9  26  8.047880903e-17  -0.02244096129  0.9997482122  -0.02243907781
9  27  2.033404805e-16  -0.3500619735  0.9393514605  -0.342956023
9  28  1.362918931e-16  -0.3511076575  0.9389923233  -0.3439381002
9  29  -2.781522025e-16  0.06428362343  0.9979345193  0.06423935847
9  30  -2.133941078e-16  0.1536464044  0.9882195938  0.1530425902
9  31  1.677245413e-16  0.08378368809  0.9964921995  0.08368569968
9  32  2.723338485e-16  0.03270450677  0.9994652553  0.03269867704
9  33  -8.08735677e-17  0.0105562641  0.9999442832  0.01055606804
9  34  5.225611684e-17  0.001750011719  0.9999984687  0.001750010825
9  35  -1.747787079e-16  -0.002169383823  0.9999976469  -0.002169382121
9  36  -1.747787079e-16  -0.002169383823  0.9999976469  -0.002169382121

10  0  -1.834938016e-16  0.001064350128  0.9999994336  0.001064349927
10  1  -1.912247103e-16  -0.001860906942  0.9999982685  -0.001860905868
10  2  2.875102768e-16  -0.00395918668  0.9999921624  -0.003959176336
10  3  9.922667954e-18  -0.007086145277  0.9999748934  -0.007086085974
10  4  8.566384856e-17  -0.01324204198  0.9999123254  -0.01324165499
10  5  2.029456348e-16  -0.01578046921  0.999875491  -0.01577981427
10  6  -8.218153454e-17  -0.009684833664  0.9999531024  -0.009684682265
10  7  1.333335689e-16  -0.005149615603  0.9999867408  -0.005149592843
10  8  -5.702441745e-17  -0.002944643127  0.9999956645  -0.002944638871
10  9  3.963394494e-16  -0.0007493041597  0.9999997193  -0.0007493040896
10  10  3.792356395e-16  0.002982713822  0.9999955517  0.002982709399
10  11  2.413711315e-16  0.01047829064  0.9999451032  0.0104780989
10  12  2.304680779e-16  0.02619737212  0.9996568685  0.02619437567
10  13  1.076931448e-16  0.05488298907  0.9984943068  0.05485544066
10  14  -6.00835468e-17  0.08382488362  0.9964887512  0.08372675063
10  15  -3.391346164e-17  0.07552075909  0.9971496626  0.07544899224
10  16  2.518835065e-16  -0.1628276546  0.9867728404  -0.1621091038
10  17  2.856250562e-16  -0.1530282741  0.9883140053  -0.1524317125
10  18  -1.750307725e-16  -0.02884353345  0.9995840541  -0.02883953422
10  19  -8.611540318e-18  -0.01299158949  0.9999156105  -0.01299122404
10  20  3.276232249e-17  -0.01248139419  0.9999221084  -0.01248107013
10  21  -1.147698839e-16  -0.02197025162  0.9997586637  -0.02196848418
10  22  -1.887588414e-16  -0.04401638276  0.9990314354  -0.04400217093
10  23  -4.962462002e-17  -0.05922567075  0.9982466726  -0.05919105271
10  24  -2.140648096e-16  -0.03743041485  0.9992995638  -0.03742167524
10  25  1.167184507e-16  -0.01710221474  0.9998537607  -0.01710138106
10  26  8.489502318e-17  -0.0118715663  0.9999295338  -0.01187128745
10  27  -1.541769782e-16  -0.01970487804  0.9998058652  -0.01970360289
10  28  6.61327854e-17  -0.08309115342  0.9965499158  -0.08299557426
10  29  -2.67768488e-16  -0.2230098482  0.9752361919  -0.2211659334
10  30  -5.007986682e-17  0.01638523991  0.999865765  0.01638450675
10  31  3.002031721e-16  0.08107542461  0.9967151877  0.08098663264
10  32  1.289469668e-16  0.06636338781  0.9977987584  0.06631468671
10  33  -1.384704372e-16  0.03817914792  0.9992712649  0.03816987331
10  34  -2.502432761e-16  0.01750964963  0.99984671  0.01750875493
10  35  -3.858801792e-16  0.006517610139  0.9999787605  0.006517563995
10  36  -3.858801792e-16  0.006517610139  0.9999787605  0.006517563995

11  0  -2.298283089e-16  0.01538474541  0.9998816571  0.01538413851
11  1  5.454644145e-17  0.007524346512  0.9999716922  0.007524275513
11  2  3.601008036e-16  0.003183481193  0.9999949327  0.003183475816
11  3  3.128079984e-16  0.0004933287675  0.9999998783  0.0004933287475
11  4  3.333972593e-16  -0.003431623554  0.999994112  -0.003431616819
11  5  2.009968555e-17  -0.008731258969  0.9999618828  -0.008731148031
11  6  2.75185843e-16  -0.006396423354  0.999979543  -0.006396379736
11  7  9.522906649e-17  -0.001184176541  0.9999992989  -0.001184176264
11  8  2.925434308e-17  0.0016210625  0.9999986861  0.00162106179
11  9  -1.258019377e-16  0.004697733831  0.9999889657  0.004697716552
11  10  -8.320460452e-17  0.01047829064  0.9999451032  0.0104780989
11  11  4.793049513e-17  0.02071698436  0.999785411  0.02071550246
11  12  8.178844909e-17  0.0351765889  0.9993813676  0.03516933481
11  13  3.316203861e-17  0.04669003834  0.9989102182  0.04667307646
11  14  1.994547223e-16  0.04417647385  0.9990243783  0.0441621064
11  15  1.818840412e-16  0.02880825826  0.9995850708  0.02880427369
11  16  9.381018991e-17  -0.2434411785  0.9705142482  -0.2410437598
11  17  -1.482197516e-16  -0.100085867  0.9949955892  -0.09991885434
11  18  -1.511409694e-17  -0.000414932295  0.9999999139  -0.0004149322831
11  19  2.232940604e-16  -0.007520495823  0.9999717212  -0.007520424933
11  20  -6.712303034e-17  -0.00837196446  0.9999649553  -0.008371866662
11  21  -6.215916786e-17  -0.01741142711  0.9998484249  -0.01741054739
11  22  3.986707268e-16  -0.08053380089  0.9967589058  -0.08044677619
11  23  -1.969568939e-17  -0.5248345896  0.8654068356  -0.5010698642
11  24  -1.445134688e-16  -0.3462680692  0.9406458393  -0.3393897538
11  25  1.653655596e-16  -0.03743041485  0.9992995638  -0.03742167524
11  26  4.488970362e-17  -0.01098416526  0.9999396747  -0.01098394439
11  27  -5.837524386e-17  -0.007942706253  0.9999684569  -0.00794262274
11  28  5.914899198e-17  -0.008123804695  0.9999670021  -0.008123715339
11  29  -1.101217228e-16  -0.02643167525  0.9996507036  -0.02642859768
11  30  1.883971216e-16  -0.256969738  0.9671645614  -0.2541509612
11  31  4.494186916e-16  -0.04081441736  0.9991672073  -0.04080308675
11  32  -6.16860698e-17  0.03739118236  0.9993010312  0.03738247019
11  33  -1.170779603e-16  0.04532701589  0.9989729067  0.04531149647
11  34  -1.14184332e-16  0.04014953427  0.9991941157  0.04013874839
11  35  -4.326569723e-16  0.02736060595  0.999625722  0.02735719237
11  36  -4.326569723e-16  0.02736060595  0.999625722  0.02735719237

12  0  -8.821635372e-17  0.0370868938  0.99931236  0.0370783926
12  1  -9.278770105e-17  0.03023208734  0.9995430453  0.0302274823
12  2  -8.800379063e-17  0.02207059927  0.9997564542  0.02206880751
12  3  8.479420298e-17  0.0152191059  0.9998841916  0.0152185184
12  4  -1.844525569e-16  0.00921574005  0.9999575354  0.009215609602
12  5  3.24794862e-16  0.002523339308  0.9999968164  0.00252333663
12  6  -7.44597987e-17  -8.777028447e-06  1  -8.777028447e-06
12  7  6.749011928e-17  0.005568771127  0.9999844944  0.005568742345
12  8  2.36394842e-16  0.01163877623  0.9999322702  0.01163851347
12  9  8.949526901e-17  0.01798332897  0.9998383043  0.01798235969
12  10  2.535635528e-16  0.02619737212  0.9996568685  0.02619437567
12  11  1.948138518e-16  0.0351765889  0.9993813676  0.03516933481
12  12  -1.642167826e-16  0.04016956007  0.9991933117  0.04015875805
12  13  1.275439934e-16  0.03649437922  0.999334154  0.03648627898
12  14  7.660174551e-17  0.02618430023  0.9996572108  0.02618130826
12  15  -5.963842279e-17  0.01321666954  0.9999126611  0.01321628476
12  16  -4.519608841e-17  -0.4126959978  0.9160428412  -0.4010804321
12  17  3.460759049e-16  -0.03105135568  0.9995179454  -0.03104636603
12  18  1.530291595e-16  0.01470231877  0.9998919229  0.01470178911
12  19  -2.081978885e-16  -0.0003917744822  0.9999999233  -0.0003917744722
12  20  6.633895258e-17  -0.003961734963  0.9999921523  -0.0039617246
12  21  1.1030352e-16  -0.00670657417  0.999977511  -0.006706523895
12  22  8.464255709e-17  -0.02417149899  0.9997078835  -0.02416914531
12  23  -2.543499375e-16  -0.2743096092  0.9626124417  -0.2708824228
12  24  -3.293119609e-17  -0.5248345896  0.8654068356  -0.5010698642
12  25  -1.230913094e-16  -0.05922567075  0.9982466726  -0.05919105271
12  26  2.888150071e-16  -0.01075225028  0.9999421951  -0.0107520431
12  27  3.396748515e-16  -0.004868004469  0.9999881513  -0.004867985242
12  28  1.368057931e-16  -0.003409719009  0.9999941869  -0.003409712402
12  29  -7.530860239e-17  0.005275655781  0.9999860838  0.005275631309
12  30  1.379424867e-16  0.001867793314  0.9999982557  0.001867792228
12  31  -5.633353305e-17  -0.2839882796  0.9599456142  -0.2801863983
12  32  9.835840031e-17  -0.1446623731  0.989554634  -0.1441583376
12  33  2.765233256e-16  0.02025522156  0.99979487  0.02025383656
12  34  3.012601249e-16  0.03145574998  0.9995053087  0.03145056284
12  35  -4.338809172e-17  0.03811353072  0.9992737673  0.03810430384
12  36  -4.338809172e-17  0.03811353072  0.9992737673  0.03810430384

13  0  -3.120317175e-16  0.03113350503  0.9995153916  0.03112847568
13  1  1.615748012e-16  0.04044068767  0.9991823868  0.04042966545
13  2  -1.13327687e-16  0.04875436721  0.9988117412  0.04873505475
13  3  -3.565247348e-17  0.05349561822  0.9985694506  0.05347010641
13  4  1.058203306e-16  0.04631378596  0.9989277083  0.04629723081
13  5  1.709729055e-16  0.02860704324  0.9995908464  0.02860314158
13  6  -2.162747723e-16  0.01665556401  0.9998612993  0.01665479396
13  7  -2.495174663e-16  0.0202205291  0.9997955721  0.0202191512
13  8  -1.434947166e-16  0.03591301057  0.9993551971  0.0359052913
13  9  -1.043599024e-16  0.05263069161  0.9986153248  0.05260639723
13  10  -7.435710344e-17  0.05488298907  0.9984943068  0.05485544066
13  11  -5.273422314e-17  0.04669003834  0.9989102182  0.04667307646
13  12  1.181593183e-16  0.03649437922  0.999334154  0.03648627898
13  13  1.628896508e-16  0.02620950869  0.9996565505  0.02620650807
13  14  1.123453733e-16  0.01660446364  0.9998621491  0.01660370065
13  15  -1.976842346e-16  -0.002084092136  0.9999978283  -0.002084090627
13  16  -3.671231229e-16  -0.6372787425  0.8037179086  -0.5950105238
13  17  1.623326251e-16  -0.001151822539  0.9999993367  -0.001151822284
13  18  -9.911685342e-17  0.01940444688  0.9998117396  0.01940322917
13  19  -4.855783798e-16  0.005679590192  0.9999838712  0.005679559657
13  20  5.415101848e-17  -0.001677928464  0.9999985923  -0.001677927677
13  21  1.357335467e-16  -0.002848766145  0.9999959423  -0.002848762292
13  22  -4.342148303e-17  -0.006179721347  0.9999809056  -0.006179682014
13  23  5.810607874e-17  -0.02417149899  0.9997078835  -0.02416914531
13  24  -2.561190103e-16  -0.08053380089  0.9967589058  -0.08044677619
13  25  -5.644139528e-17  -0.04401638275  0.9990314354  -0.04400217093
13  26  -9.202933485e-18  -0.010575137  0.9999440838  -0.0105749399
13  27  4.329730267e-17  -0.003882978577  0.9999924612  -0.003882968819
13  28  1.395713067e-16  -0.00239653243  0.9999971283  -0.002396530136
13  29  -1.364647512e-16  -0.0003462369458  0.9999999401  -0.0003462369388
13  30  2.872133069e-17  0.01381665258  0.9999045516  0.01381621299
13  31  9.52651228e-17  0.01220016623  0.9999255789  0.01219986357
13  32  -2.190737804e-16  -0.2699496898  0.9637843145  -0.2666829489
13  33  1.960300525e-16  -0.3722215455  0.9315217005  -0.3636857455
13  34  -3.270747654e-17  0.008832792794  0.9999609911  0.008832677941
13  35  -1.015243143e-16  0.02150700481  0.9997687333  0.02150534683
13  36  -1.015243143e-16  0.02150700481  0.9997687333  0.02150534683

14  0  -5.136441401e-17  0.01212589966  0.9999264822  0.01212560251
14  1  -1.642913381e-16  0.02119233462  0.9997754509  0.02119074836
14  2  -1.444185768e-16  0.03380621547  0.9994286243  0.03379977655
14  3  6.783599071e-17  0.0590842239  0.998255035  0.05904985327
14  4  -9.347339838e-18  0.1021101105  0.9947912907  0.1019327616
14  5  -3.615990879e-16  0.1175638191  0.99309733  0.117293193
14  6  4.131049886e-17  0.07637999776  0.9970844658  0.07630575382
14  7  5.14682549e-17  0.06219675664  0.9980664052  0.06215666369
14  8  1.375346963e-16  0.0964523075  0.9953520812  0.09630282698
14  9  -1.430488626e-16  0.1279879121  0.9918207217  0.1276387719
14  10  2.11958633e-17  0.08382488362  0.9964887512  0.08372675063
14  11  6.579573856e-17  0.04417647385  0.9990243783  0.0441621064
14  12  -1.79343732e-16  0.02618430023  0.9996572108  0.02618130826
14  13  -2.165315883e-16  0.01660446364  0.9998621491  0.01660370065
14  14  -1.088682514e-16  0.007447298406  0.999972269  0.007447229566
14  15  3.076964696e-16  -0.4494415573  0.9006898653  -0.4344626182
14  16  3.134423394e-16  -0.3840418328  0.9271578556  -0.3746709366
14  17  -1.477347726e-17  0.00731834692  0.999973221  0.007318281594
14  18  1.181204976e-16  0.02096562991  0.9997802292  0.02096409401
14  19  2.027246651e-16  0.008540376741  0.9999635312  0.008540272922
14  20  1.666398485e-16  -0.00143316138  0.999998973  -0.001433160889
14  21  1.591221611e-16  -0.001852279493  0.9999982845  -0.001852278434
14  22  -1.814678237e-16  -0.002848766145  0.9999959423  -0.002848762292
14  23  1.660534777e-16  -0.00670657417  0.999977511  -0.006706523895
14  24  -1.561829674e-16  -0.01741142711  0.9998484249  -0.01741054739
14  25  -2.225027869e-16  -0.02197025162  0.9997586637  -0.02196848418
14  26  -5.403637894e-17  -0.01057814631  0.9999440519  -0.01057794903
14  27  -4.887897339e-18  -0.004232718121  0.9999910421  -0.004232705482
14  28  4.86293847e-17  -0.0022585197  0.9999974495  -0.00225851778
14  29  2.614914593e-17  -0.002045322156  0.9999979083  -0.00204532073
14  30  -3.125198115e-16  0.0001720520075  0.9999999852  0.0001720520066
14  31  -1.158540047e-17  0.01763499195  0.9998445076  0.0176340779
14  32  -6.609317712e-17  0.01583084859  0.9998746947  0.01583018736
14  33  3.344918663e-16  -0.1294859494  0.9916284012  -0.1291244125
14  34  5.253728936e-17  -0.5074554786  0.8739838584  -0.4859549518
14  35  -5.651937784e-17  -0.1897715086  0.9820473621  -0.1886345105
14  36  -5.651937784e-17  -0.1897715086  0.9820473621  -0.1886345105

15  0  -4.781556738e-17  -0.5091412116  0.8731634267  -0.4874275641
15  1  -2.040318301e-16  -0.2553158199  0.9675835833  -0.2525510033
15  2  -7.296062262e-17  0.004346371026  0.9999905545  0.004346357341
15  3  1.650059397e-16  0.01998237196  0.999800359  0.01998104217
15  4  1.228544127e-16  0.04775184081  0.9988600975  0.04773369528
15  5  1.877076897e-17  0.1222139373  0.9925411676  0.1219099281
15  6  1.979413826e-17  0.1877251411  0.9824313212  0.1866244871
15  7  1.408972888e-16  0.1676806101  0.9859745154  0.1668959407
15  8  -7.103431003e-17  0.1965537986  0.9807454112  0.195290651
15  9  -4.249497464e-17  0.1838080738  0.9831548031  0.1827748157
15  10  -2.208338719e-16  0.07552075909  0.9971496626  0.07544899224
15  11  1.396255098e-17  0.02880825826  0.9995850708  0.02880427369
15  12  -2.477479493e-16  0.01321666954  0.9999126611  0.01321628476
15  13  -2.567615362e-17  -0.002084092135  0.9999978283  -0.002084090627
15  14  -3.714510434e-16  -0.4494415573  0.9006898653  -0.4344626182
15  15  -5.960006288e-18  -0.6312921077  0.8072655955  -0.5901883244
15  16  2.045755697e-17  -0.002026907853  0.9999979458  -0.002026906465
15  17  -2.61585828e-17  0.01220887932  0.9999254726  0.01220857602
15  18  -1.936289578e-17  0.02623528278  0.9996558747  0.0262322733
15  19  1.803056291e-16  0.007713573679  0.9999702505  0.007713497187
15  20  1.274501829e-16  -0.003705881107  0.9999931332  -0.003705872625
15  21  3.529317155e-18  -0.00143316138  0.999998973  -0.001433160889
15  22  -3.484264335e-17  -0.001677928464  0.9999985923  -0.001677927677
15  23  1.794527428e-16  -0.003961734963  0.9999921523  -0.0039617246
15  24  -1.937433564e-16  -0.00837196446  0.9999649553  -0.008371866662
15  25  5.158726833e-17  -0.01248139419  0.9999221084  -0.01248107013
15  26  2.981664496e-16  -0.01092216922  0.9999403537  -0.01092195207
15  27  -1.457654248e-16  -0.006127375806  0.9999812277  -0.006127337464
15  28  9.254670148e-17  -0.002874214901  0.9999958694  -0.002874210943
15  29  -1.978893088e-17  -0.001732958397  0.9999984984  -0.00173295753
15  30  -5.573709069e-17  -0.003486215582  0.9999939232  -0.00348620852
15  31  -1.520738574e-16  -0.004446372058  0.9999901149  -0.004446357407
15  32  -3.491602279e-16  0.02237352309  0.9997497232  0.02237165653
15  33  -1.403456655e-16  0.02210063343  0.9997557909  0.02209883434
15  34  4.058453773e-17  0.005339756274  0.9999857435  0.005339730898
15  35  1.414772725e-16  -0.3172420889  0.9500993536  -0.3119474607
15  36  1.414772725e-16  -0.3172420889  0.9500993536  -0.3119474607

16  0  -2.776490639e-16  0.002937226025  0.9999956864  0.002937221802
16  1  -1.161133961e-16  -0.2519399519  0.968430647  -0.249283136
16  2  -8.641909702e-17  -0.5020396274  0.8766028877  -0.4812144816
16  3  1.583010794e-17  -0.4185898686  0.9136630281  -0.4064724727
16  4  7.529000199e-17  -0.3176739284  0.9499645538  -0.3123577221
16  5  -1.432839557e-16  -0.2140104395  0.977187036  -0.2123805467
16  6  -9.014229998e-17  -0.1765234076  0.9844601587  -0.1756080749
16  7  2.713242855e-16  -0.8869328133  0.6317924863  -0.7751375712
16  8  2.126036727e-16  -1.955975165  -0.3757248778  -0.9267312535
16  9  5.738170858e-17  -0.2431391265  0.9705870116  -0.240750603
16  10  2.954834965e-16  -0.1628276546  0.9867728404  -0.1621091038
16  11  2.903356226e-16  -0.2434411785  0.9705142482  -0.2410437598
16  12  2.872980234e-17  -0.4126959978  0.9160428412  -0.4010804321
16  13  1.760156107e-16  -0.6372787425  0.8037179086  -0.5950105238
16  14  1.738109271e-17  -0.3840418328  0.9271578556  -0.3746709366
16  15  1.641996348e-16  -0.002026907853  0.9999979458  -0.002026906465
16  16  3.251636727e-16  0.009066522127  0.9999588994  0.009066397914
16  17  -9.301574185e-17  0.02302919718  0.9997348398  0.02302716167
16  18  -1.549108595e-16  0.07593943034  0.9971179869  0.0758664635
16  19  -4.981626338e-17  0.03528383635  0.99937759  0.03527651571
16  20  -2.102482756e-16  0.007713573679  0.9999702505  0.007713497188
16  21  -1.046596035e-16  0.008540376741  0.9999635312  0.008540272922
16  22  -1.220878775e-16  0.005679590192  0.9999838712  0.005679559657
16  23  -1.323065309e-16  -0.0003917744821  0.9999999233  -0.0003917744721
16  24  -3.630639729e-16  -0.007520495823  0.9999717212  -0.007520424933
16  25  -6.008832057e-17  -0.01299158949  0.9999156105  -0.01299122404
16  26  1.415658817e-16  -0.01430287096  0.9998977157  -0.0143023833
16  27  -1.751029041e-16  -0.01161293421  0.9999325706  -0.01161267319
16  28  -2.244370973e-16  -0.005153149422  0.9999867226  -0.005153126615
16  29  2.154137377e-16  0.001475421144  0.9999989116  0.001475420609
16  30  -9.241818201e-17  0.005898082127  0.9999826064  0.005898047931
16  31  -3.141012951e-16  0.004141618201  0.9999914235  0.004141606361
16  32  -1.089303877e-16  -0.0002124341999  0.9999999774  -0.0002124341983
16  33  -8.022913077e-17  0.068287555  0.9976693108  0.0682344944
16  34  -1.325008001e-16  0.06646155983  0.9977922434  0.06641264231
16  35  9.223786114e-19  0.01604966782  0.9998712068  0.01604897879
16  36  9.223786114e-19  0.01604966782  0.9998712068  0.01604897879

17  0  -4.814183912e-16  0.1190334087  0.9929238848  0.1187525114
17  1  -1.798532751e-16  0.01728341951  0.9998506454  0.01728255905
17  2  4.033678006e-17  0.009485054544  0.9999550172  0.009484912322
17  3  -1.516253366e-16  0.002093721558  0.9999978082  0.002093720028
17  4  1.220853171e-16  -0.02108428312  0.9997777347  -0.021082721
17  5  1.385846934e-16  -0.07826556401  0.9969388138  -0.07818568588
17  6  -2.332460468e-17  -0.1173087621  0.9931272142  -0.1170398928
17  7  -9.700724273e-17  -0.2145103645  0.9770807396  -0.2128690404
17  8  -4.580188188e-18  -1.149523913  0.4089219493  -0.9125693614
17  9  -1.75873841e-16  -0.459281676  0.8963711649  -0.4433043364
17  10  -8.629335434e-17  -0.1530282741  0.9883140053  -0.1524317125
17  11  -1.005094456e-16  -0.100085867  0.9949955892  -0.09991885434
17  12  -2.448100594e-17  -0.03105135568  0.9995179454  -0.03104636603
17  13  6.611245102e-17  -0.001151822539  0.9999993367  -0.001151822284
17  14  -1.137440176e-16  0.00731834692  0.999973221  0.007318281594
17  15  -1.426385484e-16  0.01220887932  0.9999254726  0.01220857602
17  16  1.194815289e-17  0.02302919718  0.9997348398  0.02302716167
17  17  -5.841865e-17  0.215034004  0.976969139  0.2133806492
17  18  2.897061488e-16  0.7546020888  0.7285441696  0.684998827
17  19  -1.833869149e-16  0.07593943034  0.9971179869  0.0758664635
17  20  1.009865761e-16  0.02623528278  0.9996558747  0.0262322733
17  21  3.107756561e-16  0.02096562991  0.9997802292  0.02096409401
17  22  1.617233267e-17  0.01940444688  0.9998117396  0.01940322917
17  23  -2.013452771e-18  0.01470231877  0.9998919229  0.01470178911
17  24  -3.669639552e-17  -0.0004149322955  0.9999999139  -0.0004149322836
17  25  3.983385726e-16  -0.02884353345  0.9995840541  -0.02883953422
17  26  2.391183971e-16  -0.05246784391  0.9986238784  -0.05244377432
17  27  -8.625123398e-17  -0.05104304212  0.9986975867  -0.05102088048
17  28  1.054627803e-16  -0.02135489849  0.9997719928  -0.02135327545
17  29  1.247492033e-16  0.008223153242  0.9999661901  0.008223060567
17  30  -7.22049962e-18  0.01903914653  0.9998187609  0.0190379963
17  31  -1.033083483e-16  0.02058049164  0.9997882292  0.02057903883
17  32  -3.629537309e-16  0.02213220556  0.9997550927  0.02213039875
17  33  -2.325017833e-16  0.03665304414  0.9993283524  0.0366448378
17  34  -8.430089036e-17  0.2083869759  0.9783658931  0.2068820419
17  35  6.82902637e-17  0.7086808842  0.7592210601  0.6508328371
17  36  6.82902637e-17  0.7086808842  0.7592210601  0.6508328371

18  0  -1.164722084e-16  0.7086808842  0.7592210601  0.6508328371
18  1  -5.147201746e-17  0.2083869759  0.9783658931  0.2068820419
18  2  -1.160128144e-16  0.03665304414  0.9993283524  0.0366448378
18  3  -2.409394712e-16  0.02213220556  0.9997550927  0.02213039875
18  4  -2.561127453e-16  0.02058049164  0.9997882292  0.02057903883
18  5  -1.111002214e-16  0.01903914653  0.9998187609  0.0190379963
18  6  -2.013426665e-16  0.008223153242  0.9999661901  0.008223060567
18  7  2.365151778e-16  -0.02135489849  0.9997719928  -0.02135327545
18  8  -5.666707066e-17  -0.05104304212  0.9986975867  -0.05102088048
18  9  1.600189193e-16  -0.05246784391  0.9986238784  -0.05244377432
18  10  3.799142136e-16  -0.02884353345  0.9995840541  -0.02883953422
18  11  4.288822822e-17  -0.0004149322954  0.9999999139  -0.0004149322835
18  12  2.154816237e-16  0.01470231877  0.9998919229  0.01470178911
18  13  4.333854946e-16  0.01940444688  0.9998117396  0.01940322917
18  14  4.706009916e-17  0.02096562991  0.9997802292  0.02096409401
18  15  -2.737987013e-16  0.02623528278  0.9996558747  0.0262322733
18  16  -1.993661715e-16  0.07593943034  0.9971179869  0.0758664635
18  17  -1.240191655e-17  0.7546020888  0.7285441696  0.684998827
18  18  -5.194376173e-17  0.215034004  0.976969139  0.2133806492
18  19  -2.161058817e-16  0.02302919718  0.9997348398  0.02302716167
18  20  -8.846942659e-17  0.01220887932  0.9999254726  0.01220857602
18  21  -2.275574889e-16  0.00731834692  0.999973221  0.007318281594
18  22  8.079407817e-17  -0.001151822539  0.9999993367  -0.001151822284
18  23  7.200047534e-17  -0.03105135568  0.9995179454  -0.03104636603
18  24  -1.070373493e-16  -0.100085867  0.9949955892  -0.09991885434
18  25  -1.689054319e-16  -0.1530282741  0.9883140053  -0.1524317125
18  26  1.612670768e-16  -0.459281676  0.8963711649  -0.4433043364
18  27  7.486537882e-17  -1.149523913  0.4089219493  -0.9125693614
18  28  -3.765274483e-17  -0.2145103645  0.9770807396  -0.2128690404
18  29  1.02313443e-16  -0.1173087621  0.9931272142  -0.1170398928
18  30  3.545489536e-16  -0.07826556401  0.9969388138  -0.07818568588
18  31  1.832446823e-16  -0.02108428312  0.9997777347  -0.021082721
18  32  -1.640049685e-16  0.002093721558  0.9999978082  0.002093720028
18  33  -1.929392633e-16  0.009485054543  0.9999550172  0.009484912322
18  34  9.537000388e-17  0.01728341951  0.9998506454  0.01728255905
18  35  2.208653777e-16  0.1190334087  0.9929238848  0.1187525114
18  36  2.208653777e-16  0.1190334087  0.9929238848  0.1187525114

19  0  1.809321862e-16  0.01604966782  0.9998712068  0.01604897879
19  1  -2.227464324e-16  0.06646155983  0.9977922434  0.06641264231
19  2  1.560760717e-16  0.068287555  0.9976693108  0.0682344944
19  3  -2.06269185e-16  -0.0002124341989  0.9999999774  -0.0002124341973
19  4  -6.514836387e-17  0.004141618201  0.9999914235  0.004141606361
19  5  -4.221964618e-17  0.005898082127  0.9999826064  0.005898047931
19  6  -1.043202079e-16  0.001475421145  0.9999989116  0.001475420609
19  7  1.295618445e-16  -0.005153149422  0.9999867226  -0.005153126615
19  8  -1.886535849e-16  -0.01161293421  0.9999325706  -0.01161267319
19  9  8.614923787e-17  -0.01430287096  0.9998977157  -0.0143023833
19  10  -4.020401202e-17  -0.01299158949  0.9999156105  -0.01299122404
19  11  -6.136438223e-17  -0.007520495823  0.9999717212  -0.007520424933
19  12  7.994336812e-17  -0.0003917744821  0.9999999233  -0.0003917744721
19  13  4.420870776e-17  0.005679590192  0.9999838712  0.005679559656
19  14  1.658697176e-16  0.008540376741  0.9999635312  0.008540272922
19  15  -1.263730796e-16  0.00771357368  0.9999702505  0.007713497188
19  16  -2.097593267e-16  0.03528383635  0.99937759  0.03527651571
19  17  -3.42189907e-17  0.07593943034  0.9971179869  0.0758664635
19  18  -5.388159415e-17  0.02302919718  0.9997348398  0.02302716167
19  19  -1.993108377e-16  0.009066522127  0.9999588994  0.009066397914
19  20  -1.188176424e-17  -0.002026907853  0.9999979458  -0.002026906465
19  21  -5.960523899e-17  -0.3840418328  0.9271578556  -0.3746709366
19  22  5.266969063e-17  -0.6372787425  0.8037179086  -0.5950105238
19  23  1.510321753e-16  -0.4126959978  0.9160428412  -0.4010804321
19  24  5.597472201e-17  -0.2434411785  0.9705142482  -0.2410437598
19  25  2.012197244e-16  -0.1628276546  0.9867728404  -0.1621091038
19  26  1.670392241e-16  -0.2431391265  0.9705870116  -0.240750603
19  27  -1.592355388e-17  -1.955975165  -0.3757248778  -0.9267312535
19  28  1.009221864e-16  -0.8869328133  0.6317924864  -0.7751375711
19  29  -4.928672954e-17  -0.1765234076  0.9844601587  -0.1756080749
19  30  3.021588729e-17  -0.2140104395  0.977187036  -0.2123805467
19  31  1.611363793e-16  -0.3176739284  0.9499645538  -0.3123577221
19  32  -3.147264555e-16  -0.4185898686  0.9136630281  -0.4064724727
19  33  -9.853655388e-17  -0.5020396274  0.8766028877  -0.4812144816
19  34  6.800286923e-17  -0.2519399519  0.968430647  -0.2492831361
19  35  9.913993569e-17  0.002937226025  0.9999956864  0.002937221802
19  36  9.913993569e-17  0.002937226025  0.9999956864  0.002937221802

20  0  3.162967532e-16  -0.3172420889  0.9500993536  -0.3119474607
20  1  3.727347675e-17  0.005339756274  0.9999857435  0.005339730898
20  2  2.916034502e-16  0.02210063343  0.9997557909  0.02209883434
20  3  -9.89354148e-17  0.02237352308  0.9997497232  0.02237165653
20  4  3.276488473e-17  -0.004446372058  0.9999901149  -0.004446357407
20  5  1.811466389e-16  -0.003486215582  0.9999939232  -0.00348620852
20  6  3.213763561e-16  -0.001732958397  0.9999984984  -0.00173295753
20  7  1.046326714e-16  -0.002874214901  0.9999958694  -0.002874210943
20  8  -3.175193152e-17  -0.006127375806  0.9999812277  -0.006127337464
20  9  3.10165049e-17  -0.01092216922  0.9999403537  -0.01092195207
20  10  5.238991736e-17  -0.01248139419  0.9999221084  -0.01248107013
20  11  2.200781882e-16  -0.00837196446  0.9999649553  -0.008371866663
20  12  6.69605973e-17  -0.003961734963  0.9999921523  -0.0039617246
20  13  1.958691535e-16  -0.001677928464  0.9999985923  -0.001677927677
20  14  3.559479794e-16  -0.00143316138  0.999998973  -0.001433160889
20  15  1.800252904e-16  -0.003705881108  0.9999931332  -0.003705872625
20  16  -2.668867215e-16  0.007713573679  0.9999702505  0.007713497187
20  17  2.210542062e-16  0.02623528278  0.9996558747  0.0262322733
20  18  1.144665997e-16  0.01220887932  0.9999254726  0.01220857602
20  19  -1.65057172e-16  -0.002026907853  0.9999979458  -0.002026906466
20  20  -1.761847144e-16  -0.6312921077  0.8072655956  -0.5901883244
20  21  1.304687219e-16  -0.4494415573  0.9006898653  -0.4344626182
20  22  -1.070130476e-16  -0.002084092135  0.9999978283  -0.002084090626
20  23  -1.417594906e-16  0.01321666954  0.9999126611  0.01321628476
20  24  1.168088002e-16  0.02880825826  0.9995850708  0.02880427369
20  25  -9.463668031e-17  0.07552075909  0.9971496626  0.07544899224
20  26  -1.100971383e-16  0.1838080738  0.9831548031  0.1827748157
20  27  -1.663404227e-16  0.1965537986  0.9807454112  0.195290651
20  28  1.258663046e-16  0.1676806101  0.9859745154  0.1668959407
20  29  9.087015857e-17  0.1877251411  0.9824313212  0.1866244871
20  30  -1.206004966e-16  0.1222139373  0.9925411676  0.1219099281
20  31  -1.045729337e-16  0.04775184081  0.9988600975  0.04773369528
20  32  3.709295089e-18  0.01998237196  0.999800359  0.01998104217
20  33  -6.905521072e-17  0.004346371026  0.9999905545  0.004346357341
20  34  8.536803048e-17  -0.2553158199  0.9675835833  -0.2525510033
20  35  -2.679644494e-18  -0.5091412117  0.8731634267  -0.4874275641
20  36  -2.679644494e-18  -0.5091412117  0.8731634267  -0.4874275641

21  0  -1.768147824e-17  -0.1897715086  0.9820473621  -0.1886345105
21  1  -1.494080092e-16  -0.5074554786  0.8739838584  -0.4859549518
21  2  3.641887262e-17  -0.1294859494  0.9916284012  -0.1291244125
21  3  -1.34164415e-16  0.01583084859  0.9998746947  0.01583018736
21  4  5.449794056e-17  0.01763499195  0.9998445076  0.0176340779
21  5  -6.496842882e-17  0.000172052007  0.9999999852  0.0001720520061
21  6  -7.922440342e-17  -0.002045322156  0.9999979083  -0.00204532073
21  7  -3.528503702e-17  -0.002258519701  0.9999974495  -0.00225851778
21  8  1.558263529e-16  -0.004232718121  0.9999910421  -0.004232705482
21  9  1.349094583e-17  -0.01057814631  0.9999440519  -0.01057794903
21  10  -5.964685423e-17  -0.02197025162  0.9997586637  -0.02196848418
21  11  6.202628787e-17  -0.01741142711  0.9998484249  -0.01741054739
21  12  9.305957724e-18  -0.00670657417  0.999977511  -0.006706523895
21  13  2.389581748e-16  -0.002848766145  0.9999959423  -0.002848762292
21  14  1.548550436e-16  -0.001852279493  0.9999982845  -0.001852278434
21  15  1.418356513e-16  -0.00143316138  0.999998973  -0.001433160889
21  16  -3.383775435e-16  0.008540376742  0.9999635312  0.008540272922
21  17  -1.582945551e-16  0.02096562991  0.9997802292  0.02096409401
21  18  1.59244032e-17  0.00731834692  0.999973221  0.007318281594
21  19  8.622399817e-17  -0.3840418328  0.9271578556  -0.3746709366
21  20  -2.429042226e-16  -0.4494415573  0.9006898653  -0.4344626182
21  21  1.610444024e-16  0.007447298406  0.999972269  0.007447229566
21  22  2.140077415e-16  0.01660446364  0.9998621491  0.01660370065
21  23  2.199545487e-16  0.02618430023  0.9996572108  0.02618130826
21  24  -3.433686107e-17  0.04417647385  0.9990243783  0.0441621064
21  25  -3.067064944e-16  0.08382488362  0.9964887512  0.08372675063
21  26  -1.923823768e-16  0.1279879121  0.9918207217  0.1276387719
21  27  1.541898517e-17  0.0964523075  0.9953520812  0.09630282698
21  28  3.137776354e-16  0.06219675664  0.9980664052  0.06215666369
21  29  1.978810957e-16  0.07637999776  0.9970844658  0.07630575382
21  30  1.960395051e-17  0.1175638191  0.99309733  0.117293193
21  31  -2.234959887e-16  0.1021101105  0.9947912907  0.1019327616
21  32  -4.305870753e-17  0.0590842239  0.998255035  0.05904985327
21  33  1.041729572e-16  0.03380621547  0.9994286243  0.03379977655
21  34  -5.409759847e-20  0.02119233462  0.9997754509  0.02119074836
21  35  1.28361148e-16  0.01212589966  0.9999264822  0.01212560251
21  36  1.28361148e-16  0.01212589966  0.9999264822  0.01212560251

22  0  4.209725565e-17  0.02150700481  0.9997687333  0.02150534683
22  1  -1.715129372e-16  0.008832792794  0.9999609911  0.008832677941
22  2  -9.358221118e-17  -0.3722215455  0.9315217005  -0.3636857455
22  3  -1.002051315e-16  -0.2699496898  0.9637843145  -0.2666829489
22  4  1.475518947e-16  0.01220016623  0.9999255789  0.01219986357
22  5  -7.270039723e-17  0.01381665258  0.9999045516  0.01381621299
22  6  2.976636613e-16  -0.0003462369457  0.9999999401  -0.0003462369388
22  7  3.25353593e-17  -0.00239653243  0.9999971283  -0.002396530136
22  8  1.158434378e-16  -0.003882978577  0.9999924612  -0.003882968819
22  9  4.320303442e-18  -0.010575137  0.9999440838  -0.0105749399
22  10  -7.074818366e-17  -0.04401638276  0.9990314354  -0.04400217093
22  11  -1.29465359e-16  -0.08053380089  0.9967589058  -0.08044677619
22  12  2.171053865e-16  -0.02417149899  0.9997078835  -0.02416914531
22  13  5.623891157e-17  -0.006179721347  0.9999809056  -0.006179682014
22  14  -9.678680469e-17  -0.002848766145  0.9999959423  -0.002848762292
22  15  1.713723612e-16  -0.001677928464  0.9999985923  -0.001677927677
22  16  -4.805884788e-16  0.005679590192  0.9999838712  0.005679559657
22  17  -5.935346986e-17  0.01940444688  0.9998117396  0.01940322917
22  18  2.537809913e-16  -0.001151822539  0.9999993367  -0.001151822284
22  19  7.292782584e-17  -0.6372787425  0.8037179086  -0.5950105238
22  20  9.868372145e-17  -0.002084092135  0.9999978283  -0.002084090626
22  21  6.791979126e-17  0.01660446364  0.9998621491  0.01660370065
22  22  9.291306575e-19  0.02620950869  0.9996565505  0.02620650807
22  23  -5.623767234e-17  0.03649437922  0.999334154  0.03648627898
22  24  -5.843490016e-17  0.04669003834  0.9989102182  0.04667307646
22  25  -1.280100594e-16  0.05488298908  0.9984943068  0.05485544066
22  26  2.363525139e-17  0.05263069161  0.9986153248  0.05260639723
22  27  5.511065176e-17  0.03591301057  0.9993551971  0.0359052913
22  28  1.104646973e-16  0.0202205291  0.9997955721  0.0202191512
22  29  1.922196892e-16  0.01665556401  0.9998612993  0.01665479396
22  30  -8.282713496e-17  0.02860704324  0.9995908464  0.02860314158
22  31  -1.816951651e-17  0.04631378596  0.9989277083  0.04629723081
22  32  1.488206967e-16  0.05349561822  0.9985694506  0.05347010641
22  33  2.380484497e-16  0.04875436721  0.9988117412  0.04873505475
22  34  1.719153059e-16  0.04044068767  0.9991823868  0.04042966545
22  35  4.300786108e-18  0.03113350503  0.9995153916  0.03112847568
22  36  4.300786108e-18  0.03113350503  0.9995153916  0.03112847568

23  0  -9.328145382e-18  0.03811353072  0.9992737673  0.03810430384
23  1  -2.188007507e-16  0.03145574998  0.9995053087  0.03145056284
23  2  -5.207074653e-17  0.02025522156  0.99979487  0.02025383656
23  3  -1.47987086e-16  -0.1446623731  0.989554634  -0.1441583376
23  4  -3.138638382e-16  -0.2839882796  0.9599456142  -0.2801863983
23  5  -1.5904128e-17  0.001867793314  0.9999982557  0.001867792228
23  6  1.10535595e-16  0.005275655782  0.9999860838  0.00527563131
23  7  5.638436417e-17  -0.003409719009  0.9999941869  -0.003409712402
23  8  4.359055216e-17  -0.004868004469  0.9999881513  -0.004867985242
23  9  -1.88973453e-16  -0.01075225028  0.9999421951  -0.0107520431
23  10  6.629334385e-17  -0.05922567075  0.9982466726  -0.05919105271
23  11  -1.588628951e-16  -0.5248345896  0.8654068356  -0.5010698642
23  12  1.830022745e-16  -0.2743096092  0.9626124417  -0.2708824228
23  13  3.470783895e-16  -0.02417149899  0.9997078835  -0.02416914531
23  14  -1.890934379e-16  -0.00670657417  0.999977511  -0.006706523895
23  15  9.258126488e-17  -0.003961734963  0.9999921523  -0.0039617246
23  16  -3.711123627e-17  -0.0003917744821  0.9999999233  -0.0003917744721
23  17  -8.217345852e-17  0.01470231877  0.9998919229  0.01470178911
23  18  -5.282150255e-17  -0.03105135568  0.9995179454  -0.03104636603
23  19  -1.635670758e-16  -0.4126959978  0.9160428412  -0.4010804321
23  20  -1.127002215e-16  0.01321666954  0.9999126611  0.01321628476
23  21  -9.814158656e-17  0.02618430023  0.9996572108  0.02618130826
23  22  -2.904926466e-17  0.03649437922  0.999334154  0.03648627898
23  23  -2.606909612e-16  0.04016956007  0.9991933117  0.04015875805
23  24  -1.390416686e-16  0.0351765889  0.9993813676  0.03516933481
23  25  -3.075050511e-16  0.02619737212  0.9996568685  0.02619437567
23  26  -2.471071379e-16  0.01798332897  0.9998383043  0.01798235969
23  27  -4.625625891e-17  0.01163877623  0.9999322702  0.01163851347
23  28  -1.749036794e-16  0.005568771128  0.9999844944  0.005568742345
23  29  -7.61816446e-17  -8.777028251e-06  1  -8.777028251e-06
23  30  -3.190191537e-16  0.002523339308  0.9999968164  0.002523336631
23  31  -6.201688113e-17  0.00921574005  0.9999575354  0.009215609602
23  32  -9.983739479e-17  0.0152191059  0.9998841916  0.0152185184
23  33  1.249648777e-16  0.02207059928  0.9997564542  0.02206880751
23  34  8.606922907e-17  0.03023208734  0.9995430453  0.0302274823
23  35  -1.261142413e-16  0.0370868938  0.99931236  0.0370783926
23  36  -1.261142413e-16  0.0370868938  0.99931236  0.0370783926

24  0  2.468173269e-16  0.02736060595  0.999625722  0.02735719237
24  1  5.826015325e-18  0.04014953427  0.9991941157  0.04013874839
24  2  -1.365215349e-16  0.04532701589  0.9989729067  0.04531149647
24  3  -5.739449753e-17  0.03739118236  0.9993010312  0.03738247019
24  4  -2.809969794e-16  -0.04081441736  0.9991672073  -0.04080308675
24  5  1.413258699e-17  -0.256969738  0.9671645614  -0.2541509613
24  6  2.524674672e-16  -0.02643167525  0.9996507036  -0.02642859768
24  7  1.587396405e-17  -0.008123804696  0.9999670021  -0.008123715339
24  8  -1.268679808e-16  -0.007942706253  0.9999684569  -0.00794262274
24  9  -1.785644611e-16  -0.01098416526  0.9999396747  -0.01098394439
24  10  -3.137454267e-17  -0.03743041485  0.9992995638  -0.03742167524
24  11  3.093580395e-16  -0.3462680692  0.9406458393  -0.3393897538
24  12  6.119653824e-17  -0.5248345896  0.8654068356  -0.5010698642
24  13  8.845304882e-17  -0.08053380089  0.9967589058  -0.08044677619
24  14  -1.083911759e-16  -0.01741142711  0.9998484249  -0.01741054739
24  15  -5.762941907e-17  -0.00837196446  0.9999649553  -0.008371866662
24  16  1.624731859e-16  -0.007520495823  0.9999717212  -0.007520424933
24  17  1.066999815e-16  -0.000414932295  0.9999999139  -0.0004149322831
24  18  2.373068529e-16  -0.100085867  0.9949955892  -0.09991885434
24  19  2.77581876e-16  -0.2434411785  0.9705142482  -0.2410437598
24  20  1.896745795e-16  0.02880825826  0.9995850708  0.02880427369
24  21  -1.502342543e-16  0.04417647385  0.9990243783  0.0441621064
24  22  1.187090436e-16  0.04669003834  0.9989102182  0.04667307646
24  23  -1.890547973e-16  0.0351765889  0.9993813676  0.03516933481
24  24  7.076513466e-18  0.02071698436  0.999785411  0.02071550246
24  25  1.012126317e-16  0.01047829064  0.9999451032  0.0104780989
24  26  2.485703913e-17  0.004697733831  0.9999889657  0.004697716552
24  27  -8.012623835e-17  0.0016210625  0.9999986861  0.00162106179
24  28  -2.666910974e-16  -0.001184176541  0.9999992989  -0.001184176264
24  29  9.336546121e-17  -0.006396423354  0.999979543  -0.006396379737
24  30  -4.338998176e-17  -0.008731258969  0.9999618828  -0.008731148031
24  31  2.832381241e-16  -0.003431623555  0.999994112  -0.003431616819
24  32  2.029427362e-16  0.0004933287675  0.9999998783  0.0004933287475
24  33  4.655976881e-17  0.003183481193  0.9999949327  0.003183475816
24  34  8.027710971e-17  0.007524346512  0.9999716922  0.007524275513
24  35  -5.396429783e-17  0.01538474541  0.9998816571  0.01538413851
24  36  -5.396429783e-17  0.01538474541  0.9998816571  0.01538413851

25  0  1.347742877e-16  0.006517610139  0.9999787605  0.006517563995
25  1  2.804110356e-16  0.01750964963  0.99984671  0.01750875493
25  2  -3.004163379e-17  0.03817914792  0.9992712649  0.03816987331
25  3  -3.356935834e-17  0.06636338781  0.9977987584  0.06631468671
25  4  -7.373062941e-17  0.08107542462  0.9967151877  0.08098663264
25  5  6.670258933e-17  0.01638523991  0.999865765  0.01638450675
25  6  2.302322371e-16  -0.2230098482  0.9752361919  -0.2211659334
25  7  4.641951298e-17  -0.08309115342  0.9965499158  -0.08299557427
25  8  6.96507813e-17  -0.01970487804  0.9998058652  -0.01970360289
25  9  -1.347771958e-16  -0.0118715663  0.9999295338  -0.01187128745
25  10  3.369832196e-17  -0.01710221474  0.9998537607  -0.01710138106
25  11  9.164191038e-17  -0.03743041485  0.9992995638  -0.03742167524
25  12  -9.492275424e-17  -0.05922567075  0.9982466726  -0.05919105271
25  13  -3.297203815e-16  -0.04401638275  0.9990314354  -0.04400217093
25  14  1.962466022e-16  -0.02197025162  0.9997586637  -0.02196848418
25  15  9.623516264e-17  -0.01248139419  0.9999221084  -0.01248107013
25  16  -3.25423021e-17  -0.01299158949  0.9999156105  -0.01299122404
25  17  -1.992434457e-16  -0.02884353345  0.9995840541  -0.02883953422
25  18  -1.702124354e-16  -0.1530282741  0.9883140053  -0.1524317125
25  19  -2.286768471e-16  -0.1628276546  0.9867728404  -0.1621091038
25  20  1.262707791e-16  0.0755207591  0.9971496626  0.07544899224
25  21  -2.434228409e-16  0.08382488362  0.9964887512  0.08372675063
25  22  -7.491838099e-17  0.05488298907  0.9984943068  0.05485544066
25  23  -1.122015131e-16  0.02619737212  0.9996568685  0.02619437567
25  24  -1.774061586e-16  0.01047829064  0.9999451032  0.0104780989
25  25  -2.82813262e-17  0.002982713822  0.9999955517  0.002982709399
25  26  -1.049795191e-16  -0.0007493041598  0.9999997193  -0.0007493040897
25  27  -4.404649083e-17  -0.002944643127  0.9999956645  -0.002944638871
25  28  -2.046241715e-16  -0.005149615603  0.9999867408  -0.005149592843
25  29  7.158503701e-17  -0.009684833664  0.9999531024  -0.009684682265
25  30  -1.24715209e-16  -0.01578046921  0.999875491  -0.01577981427
25  31  2.90642661e-17  -0.01324204198  0.9999123254  -0.01324165499
25  32  3.167081115e-16  -0.007086145278  0.9999748934  -0.007086085974
25  33  -6.040076392e-17  -0.00395918668  0.9999921624  -0.003959176336
25  34  1.748456299e-16  -0.001860906942  0.9999982685  -0.001860905868
25  35  1.922310523e-16  0.001064350128  0.9999994336  0.001064349927
25  36  1.922310523e-16  0.001064350128  0.9999994336  0.001064349927

26  0  3.313583941e-17  -0.002169383823  0.9999976469  -0.002169382121
26  1  -1.500971589e-16  0.001750011719  0.9999984687  0.001750010825
26  2  8.371436377e-17  0.0105562641  0.9999442832  0.01055606804
26  3  1.336126024e-16  0.03270450677  0.9994652553  0.03269867704
26  4  -7.578710648e-17  0.08378368809  0.9964921995  0.08368569968
26  5  2.13400769e-16  0.1536464044  0.9882195938  0.1530425902
26  6  1.145054291e-17  0.06428362343  0.9979345193  0.06423935847
26  7  3.107850516e-16  -0.3511076575  0.9389923233  -0.3439381002
26  8  -4.07118922e-17  -0.3500619735  0.9393514605  -0.342956023
26  9  -9.357023934e-17  -0.02244096129  0.9997482122  -0.02243907781
26  10  -1.387059896e-16  -0.0118715663  0.9999295338  -0.01187128745
26  11  2.162559523e-16  -0.01098416526  0.9999396747  -0.01098394439
26  12  1.74590038e-16  -0.01075225028  0.9999421951  -0.0107520431
26  13  -3.171175338e-17  -0.010575137  0.9999440838  -0.0105749399
26  14  5.019027993e-17  -0.01057814631  0.9999440519  -0.01057794903
26  15  -2.802100615e-16  -0.01092216922  0.9999403537  -0.01092195207
26  16  2.446100448e-17  -0.01430287096  0.9998977157  -0.0143023833
26  17  -2.153520438e-16  -0.05246784391  0.9986238784  -0.05244377432
26  18  -1.143513372e-16  -0.459281676  0.8963711649  -0.4433043364
26  19  -2.087366255e-16  -0.2431391265  0.9705870116  -0.240750603
26  20  4.03834084e-17  0.1838080738  0.9831548031  0.1827748157
26  21  1.210159068e-16  0.1279879121  0.9918207217  0.1276387719
26  22  1.543858434e-16  0.05263069161  0.9986153248  0.05260639723
26  23  5.749378569e-17  0.01798332897  0.9998383043  0.01798235969
26  24  3.69706352e-17  0.004697733831  0.9999889657  0.004697716552
26  25  -2.404594932e-16  -0.0007493041597  0.9999997193  -0.0007493040896
26  26  1.209256604e-16  -0.00348475408  0.9999939283  -0.003484747027
26  27  2.564597777e-16  -0.005507944252  0.9999848313  -0.005507916402
26  28  -3.000601789e-16  -0.008004367079  0.9999679652  -0.008004281606
26  29  -5.159960943e-17  -0.01257163069  0.9999209781  -0.01257129954
26  30  -3.655799617e-16  -0.02029060512  0.9997941527  -0.02028921284
26  31  -4.871906609e-16  -0.02340003237  0.9997262317  -0.02339789694
26  32  3.250549927e-17  -0.01653756293  0.9998632576  -0.01653680913
26  33  -6.961897436e-18  -0.01013003909  0.9999486916  -0.01012986583
26  34  -3.61006691e-17  -0.006711876272  0.9999774754  -0.006711825878
26  35  -2.930410145e-17  -0.004495426831  0.9999898956  -0.004495411689
26  36  -2.930410145e-17  -0.004495426831  0.9999898956  -0.004495411689

27  0  2.8552443e-16  -0.006624554472  0.9999780577  -0.006624506019
27  1  6.215404143e-17  -0.004293504026  0.9999907829  -0.004293490835
27  2  1.004378354e-16  -0.0008479771042  0.9999996405  -0.0008479770025
27  3  2.31659579e-16  0.006229622335  0.999980596  0.006229582042
27  4  3.103324688e-16  0.02280727144  0.9997399255  0.02280529421
27  5  3.702525864e-16  0.06295881967  0.9980187481  0.06291723508
27  6  -2.561078233e-17  0.1364519601  0.990704867  0.1360289178
27  7  8.105128357e-17  -0.5706814058  0.8415330713  -0.5402055996
27  8  2.64398376e-16  -2.110392247  -0.5137893667  -0.8579163634
27  9  5.389618628e-17  -0.3500619735  0.9393514605  -0.342956023
27  10  2.443822222e-16  -0.01970487804  0.9998058652  -0.01970360289
27  11  -5.520417405e-17  -0.007942706253  0.9999684569  -0.00794262274
27  12  2.007528788e-16  -0.004868004469  0.9999881513  -0.004867985242
27  13  -1.279994388e-18  -0.003882978577  0.9999924612  -0.003882968819
27  14  -2.751875023e-16  -0.004232718121  0.9999910421  -0.004232705482
27  15  -1.217901745e-16  -0.006127375806  0.9999812277  -0.006127337464
27  16  -2.999571485e-17  -0.01161293421  0.9999325706  -0.01161267319
27  17  8.729639324e-17  -0.05104304212  0.9986975867  -0.05102088048
27  18  2.270611717e-16  -1.149523913  0.4089219493  -0.9125693614
27  19  8.242486747e-17  -1.955975165  -0.3757248778  -0.9267312535
27  20  -5.614112145e-17  0.1965537986  0.9807454112  0.195290651
27  21  2.74468926e-17  0.0964523075  0.9953520812  0.09630282697
27  22  8.635016619e-17  0.03591301057  0.9993551971  0.0359052913
27  23  1.055795563e-16  0.01163877624  0.9999322702  0.01163851347
27  24  9.604788613e-17  0.0016210625  0.9999986861  0.00162106179
27  25  2.804843793e-17  -0.002944643127  0.9999956645  -0.002944638871
27  26  1.874085876e-16  -0.005507944252  0.9999848313  -0.005507916402
27  27  -1.243474758e-16  -0.007743009362  0.9999700231  -0.007742931991
27  28  -1.98927609e-16  -0.01083656212  0.999941285  -0.01083635003
27  29  3.061704041e-16  -0.01614080092  0.9998697401  -0.01614010008
27  30  -1.426799087e-16  -0.0246171515  0.9996970132  -0.02461466522
27  31  -1.934251247e-16  -0.03206920273  0.9994858272  -0.03206370617
27  32  -1.229752718e-17  -0.0295353756  0.9995638625  -0.02953108165
27  33  1.050586693e-16  -0.02052469415  0.9997893759  -0.02052325313
27  34  4.480621657e-16  -0.01341488648  0.9999100218  -0.01341448413
27  35  1.646028383e-16  -0.009243890703  0.9999572755  -0.009243759056
27  36  1.646028383e-16  -0.009243890703  0.9999572755  -0.009243759056

28  0  2.229492187e-17  -0.01278983597  0.9999182112  -0.01278948728
28  1  1.889317085e-16  -0.009421157914  0.9999556212  -0.009421018547
28  2  2.81410661e-16  -0.006600538386  0.9999782165  -0.006600490458
28  3  3.262889243e-16  -0.003166139759  0.9999949878  -0.00316613447
28  4  -7.125379562e-17  0.002129080842  0.9999977335  0.002129079234
28  5  -3.125775379e-16  0.01185433519  0.9999297382  0.01185405755
28  6  -6.922485151e-17  0.03449999579  0.9994049342  0.03449315227
28  7  -4.059298095e-16  0.09339553042  0.9956418068  0.09325981237
28  8  8.267648305e-17  -0.5706814058  0.8415330713  -0.5402055996
28  9  -3.440852899e-16  -0.3511076575  0.9389923233  -0.3439381002
28  10  1.762705027e-16  -0.08309115342  0.9965499158  -0.08299557427
28  11  7.034993102e-17  -0.008123804695  0.9999670021  -0.008123715339
28  12  -5.318105663e-17  -0.003409719009  0.9999941869  -0.003409712402
28  13  3.479410272e-16  -0.00239653243  0.9999971283  -0.002396530136
28  14  6.8050055e-17  -0.0022585197  0.9999974495  -0.00225851778
28  15  -8.310566443e-17  -0.002874214901  0.9999958694  -0.002874210943
28  16  -2.009315236e-16  -0.005153149422  0.9999867226  -0.005153126615
28  17  -2.252514179e-16  -0.02135489849  0.9997719928  -0.02135327545
28  18  1.2737747e-16  -0.2145103645  0.9770807396  -0.2128690404
28  19  1.385508254e-16  -0.8869328133  0.6317924863  -0.7751375711
28  20  -2.087981268e-16  0.1676806101  0.9859745154  0.1668959407
28  21  -1.104277996e-16  0.06219675664  0.9980664052  0.06215666369
28  22  3.509400605e-18  0.0202205291  0.9997955721  0.0202191512
28  23  1.4067993e-16  0.005568771127  0.9999844944  0.005568742345
28  24  -2.874699803e-17  -0.001184176541  0.9999992989  -0.001184176264
28  25  -1.262270136e-16  -0.005149615602  0.9999867408  -0.005149592842
28  26  -4.13444877e-16  -0.008004367079  0.9999679652  -0.008004281606
28  27  -3.275928503e-16  -0.01083656212  0.999941285  -0.01083635003
28  28  -8.273456991e-17  -0.0148348999  0.9998899649  -0.01483435577
28  29  -6.844165405e-17  -0.02137406567  0.9997715834  -0.02137243825
28  30  -7.1206144e-17  -0.03088904788  0.9995229713  -0.03088413607
28  31  -6.572768869e-18  -0.03970355042  0.9992119176  -0.03969311998
28  32  1.40863166e-16  -0.04219910104  0.9991097501  -0.04218657772
28  33  3.971960357e-16  -0.03640262296  0.9993374977  -0.03639458367
28  34  4.405069306e-16  -0.02637383752  0.9996522305  -0.02637078011
28  35  8.282014416e-17  -0.01805075221  0.9998370896  -0.01804977198
28  36  8.282014416e-17  -0.01805075221  0.9998370896  -0.01804977198

29  0  -1.512010643e-16  -0.02539998631  0.9996774377  -0.02539725523
29  1  -7.441020076e-18  -0.01869147378  0.9998253195  -0.01869038542
29  2  1.243997586e-16  -0.01427274437  0.9998981461  -0.01427225978
29  3  1.595270574e-16  -0.01097865966  0.9999397351  -0.01097843912
29  4  7.989219361e-17  -0.00801227516  0.9999679019  -0.008012189433
29  5  8.629895936e-17  -0.003881150776  0.9999924683  -0.003881141032
29  6  2.519328123e-18  0.005757253767  0.9999834271  0.005757221963
29  7  7.769464629e-17  0.03449999579  0.9994049342  0.03449315227
29  8  9.787671461e-17  0.1364519601  0.990704867  0.1360289178
29  9  -1.991277489e-16  0.06428362343  0.9979345193  0.06423935847
29  10  -6.892000856e-17  -0.2230098482  0.9752361919  -0.2211659334
29  11  -1.728860208e-16  -0.02643167525  0.9996507036  -0.02642859768
29  12  -1.041408473e-17  0.005275655782  0.9999860838  0.00527563131
29  13  -2.058492955e-16  -0.0003462369459  0.9999999401  -0.000346236939
29  14  -1.206374284e-16  -0.002045322156  0.9999979083  -0.00204532073
29  15  6.700922827e-17  -0.001732958397  0.9999984984  -0.00173295753
29  16  1.136639906e-16  0.001475421144  0.9999989116  0.001475420609
29  17  -1.439115308e-16  0.008223153242  0.9999661901  0.008223060567
29  18  6.748592224e-17  -0.1173087621  0.9931272142  -0.1170398928
29  19  -2.634452757e-16  -0.1765234076  0.9844601587  -0.1756080749
29  20  1.255377261e-16  0.1877251411  0.9824313212  0.1866244871
29  21  6.717591091e-17  0.07637999776  0.9970844658  0.07630575382
29  22  -9.739088743e-17  0.01665556401  0.9998612993  0.01665479396
29  23  1.454792723e-16  -8.777028207e-06  1  -8.777028207e-06
29  24  -8.978628039e-17  -0.006396423354  0.999979543  -0.006396379736
29  25  1.153893547e-16  -0.009684833664  0.9999531024  -0.009684682265
29  26  1.589129685e-16  -0.01257163069  0.9999209781  -0.01257129954
29  27  2.879202247e-17  -0.01614080092  0.9998697401  -0.01614010008
29  28  4.123341205e-17  -0.02137406567  0.9997715834  -0.02137243825
29  29  -2.712223738e-18  -0.0295333681  0.9995639218  -0.02952907502
29  30  1.584925507e-16  -0.04031514001  0.9991874548  -0.04030422012
29  31  -2.240957593e-16  -0.04868428069  0.9988151545  -0.04866505138
29  32  3.798457919e-17  -0.05167171753  0.9986653138  -0.05164872697
29  33  1.770846855e-16  -0.05132920747  0.9986829454  -0.05130667104
29  34  -8.722802395e-18  -0.04561282402  0.9989599155  -0.04559700919
29  35  -2.838600469e-16  -0.03520549523  0.9993803506  -0.03519822324
29  36  -2.838600469e-16  -0.03520549523  0.9993803506  -0.03519822324

30  0  7.484085786e-17  -0.04627764505  0.9989293809  -0.04626112863
30  1  5.038614997e-16  -0.03550940294  0.9993696074  -0.035501941
30  2  3.655950791e-17  -0.02759057737  0.9996194042  -0.02758707699
30  3  -5.131958602e-17  -0.02233113396  0.9997506706  -0.022329278
30  4  -3.100196852e-16  -0.01828891017  0.9998327625  -0.01828789063
30  5  -3.609549625e-16  -0.012885538  0.9999169826  -0.01288518142
30  6  1.422955687e-16  -0.003881150776  0.9999924683  -0.003881141032
30  7  5.366187318e-17  0.01185433519  0.9999297382  0.01185405755
30  8  -1.426010023e-16  0.06295881967  0.9980187481  0.06291723508
30  9  1.976060532e-16  0.1536464044  0.9882195938  0.1530425902
30  10  9.680944792e-17  0.01638523991  0.999865765  0.01638450675
30  11  -1.20083446e-16  -0.256969738  0.9671645614  -0.2541509613
30  12  1.218067736e-16  0.001867793314  0.9999982557  0.001867792228
30  13  -2.914145039e-16  0.01381665258  0.9999045516  0.01381621299
30  14  -2.422436323e-16  0.0001720520072  0.9999999852  0.0001720520064
30  15  6.304824347e-17  -0.003486215582  0.9999939232  -0.00348620852
30  16  -1.837239292e-16  0.005898082127  0.9999826064  0.005898047931
30  17  -2.661900749e-16  0.01903914653  0.9998187609  0.0190379963
30  18  -1.354092234e-16  -0.07826556401  0.9969388138  -0.07818568588
30  19  -2.235644072e-16  -0.2140104395  0.977187036  -0.2123805467
30  20  -3.851048734e-17  0.1222139373  0.9925411676  0.1219099281
30  21  -8.221484776e-17  0.1175638191  0.99309733  0.117293193
30  22  -8.610147775e-17  0.02860704324  0.9995908464  0.02860314158
30  23  -1.50144083e-16  0.002523339308  0.9999968164  0.00252333663
30  24  -6.137174837e-16  -0.008731258968  0.9999618828  -0.008731148031
30  25  -2.541409295e-16  -0.01578046921  0.999875491  -0.01577981427
30  26  -2.023571412e-16  -0.02029060512  0.9997941527  -0.02028921284
30  27  -2.311839515e-16  -0.0246171515  0.9996970132  -0.02461466522
30  28  -2.085151596e-16  -0.03088904788  0.9995229713  -0.03088413607
30  29  -3.420753242e-16  -0.04031514001  0.9991874548  -0.04030422012
30  30  2.818215546e-16  -0.05167766774  0.9986650065  -0.05165466925
30  31  1.107584605e-16  -0.05852119373  0.9982881236  -0.05848779623
30  32  -1.344898403e-16  -0.05948648236  0.9982312009  -0.05945140501
30  33  -9.397423839e-17  -0.06063867465  0.9981620389  -0.06060151959
30  34  7.329799391e-17  -0.05987434615  0.9982080668  -0.05983857827
30  35  1.181829818e-16  -0.05615012381  0.9984239959  -0.0561206231
30  36  1.181829818e-16  -0.05615012381  0.9984239959  -0.0561206231

31  0  1.162882539e-16  -0.062304491  0.998059703  -0.06226418938
31  1  3.781402717e-16  -0.05394639898  0.9985452459  -0.05392023686
31  2  2.797134925e-16  -0.04409443469  0.9990279979  -0.04408014713
31  3  2.582289274e-16  -0.03580972893  0.9993589002  -0.03580207606
31  4  -2.884303809e-17  -0.02797438835  0.9996087423  -0.02797073985
31  5  -1.157388053e-16  -0.01828891017  0.9998327625  -0.01828789063
31  6  9.388450184e-17  -0.00801227516  0.9999679019  -0.008012189433
31  7  -3.056480427e-16  0.002129080842  0.9999977335  0.002129079234
31  8  -2.922512873e-16  0.02280727144  0.9997399255  0.02280529421
31  9  2.186569634e-16  0.08378368809  0.9964921995  0.08368569968
31  10  5.01712758e-17  0.08107542462  0.9967151877  0.08098663264
31  11  -8.619145068e-17  -0.04081441736  0.9991672073  -0.04080308675
31  12  -1.511654214e-16  -0.2839882796  0.9599456142  -0.2801863983
31  13  4.807182647e-16  0.01220016623  0.9999255789  0.01219986357
31  14  -3.828165197e-17  0.01763499195  0.9998445076  0.0176340779
31  15  1.822565337e-16  -0.004446372058  0.9999901149  -0.004446357407
31  16  9.914161191e-17  0.004141618202  0.9999914235  0.004141606361
31  17  -1.16564582e-17  0.02058049164  0.9997882292  0.02057903883
31  18  3.386243435e-17  -0.02108428312  0.9997777347  -0.021082721
31  19  3.173891726e-17  -0.3176739284  0.9499645538  -0.3123577221
31  20  -1.436262445e-16  0.04775184081  0.9988600975  0.04773369528
31  21  1.099181655e-17  0.1021101105  0.9947912907  0.1019327616
31  22  -5.969894763e-17  0.04631378596  0.9989277083  0.04629723081
31  23  -1.204815401e-16  0.00921574005  0.9999575354  0.009215609602
31  24  -2.151272819e-16  -0.003431623554  0.999994112  -0.003431616819
31  25  -2.04887006e-16  -0.01324204198  0.9999123254  -0.01324165499
31  26  1.599172001e-16  -0.02340003237  0.9997262317  -0.02339789694
31  27  -6.710844214e-17  -0.03206920273  0.9994858272  -0.03206370617
31  28  9.264996991e-17  -0.03970355042  0.9992119176  -0.03969311998
31  29  -1.348555111e-16  -0.04868428069  0.9988151545  -0.04866505138
31  30  -3.248318245e-16  -0.05852119373  0.9982881236  -0.05848779623
31  31  -6.862710684e-17  -0.06398640213  0.9979535685  -0.06394274824
31  32  8.790284756e-17  -0.0644836454  0.9979216501  -0.06443896602
31  33  1.538994423e-16  -0.06808063168  0.9976834088  -0.0680280519
31  34  3.006179677e-16  -0.06666938285  0.9977784198  -0.06662000507
31  35  1.784081521e-16  -0.064726795  0.9979059523  -0.06468160835
31  36  1.784081521e-16  -0.064726795  0.9979059523  -0.06468160835

32  0  -3.401410172e-16  -0.06555504512  0.9978520374  -0.0655081018
32  1  -1.554758348e-17  -0.06341449383  0.9979899747  -0.06337199989
32  2  1.276737125e-16  -0.05620346197  0.9984210011  -0.05617387712
32  3  -1.30235034e-16  -0.04693249537  0.9988988726  -0.04691526789
32  4  -8.240136472e-17  -0.03580972893  0.9993589002  -0.03580207606
32  5  -1.575878136e-16  -0.02233113396  0.9997506706  -0.022329278
32  6  -1.955129448e-16  -0.01097865966  0.9999397351  -0.01097843912
32  7  -1.665061446e-17  -0.003166139759  0.9999949878  -0.00316613447
32  8  5.945933201e-17  0.006229622335  0.999980596  0.006229582042
32  9  3.254267287e-16  0.03270450677  0.9994652553  0.03269867704
32  10  1.667673108e-16  0.06636338781  0.9977987584  0.06631468671
32  11  2.389641583e-17  0.03739118236  0.9993010312  0.03738247019
32  12  -7.703077555e-17  -0.1446623731  0.989554634  -0.1441583376
32  13  2.742007282e-16  -0.2699496898  0.9637843145  -0.2666829489
32  14  1.117334749e-16  0.01583084859  0.9998746947  0.01583018736
32  15  1.769254431e-16  0.02237352308  0.9997497232  0.02237165653
32  16  -2.507904521e-16  -0.0002124342013  0.9999999774  -0.0002124341997
32  17  -3.054016951e-17  0.02213220556  0.9997550927  0.02213039875
32  18  -1.283061739e-17  0.002093721557  0.9999978082  0.002093720028
32  19  9.043976919e-17  -0.4185898686  0.9136630281  -0.4064724727
32  20  3.401496135e-17  0.01998237196  0.999800359  0.01998104217
32  21  1.150212495e-16  0.0590842239  0.998255035  0.05904985327
32  22  9.986688996e-17  0.05349561822  0.9985694506  0.05347010641
32  23  4.725601722e-17  0.0152191059  0.9998841916  0.0152185184
32  24  -2.283780484e-16  0.0004933287676  0.9999998783  0.0004933287476
32  25  -1.658096971e-16  -0.007086145278  0.9999748934  -0.007086085974
32  26  7.892791485e-17  -0.01653756293  0.9998632576  -0.01653680913
32  27  3.137830642e-17  -0.0295353756  0.9995638625  -0.02953108165
32  28  2.683863737e-17  -0.04219910104  0.9991097501  -0.04218657772
32  29  -1.194329917e-16  -0.05167171753  0.9986653138  -0.05164872697
32  30  -2.960865625e-16  -0.05948648236  0.9982312009  -0.05945140501
32  31  -1.330925257e-16  -0.0644836454  0.9979216501  -0.06443896602
32  32  5.788485982e-17  -0.06564290238  0.9978462782  -0.0655957701
32  33  -5.233301779e-17  -0.06834093305  0.9976656672  -0.06828774794
32  34  -3.4019297e-17  -0.06920745734  0.9976061196  -0.06915222373
32  35  1.555447321e-16  -0.06565380253  0.9978455632  -0.06560664677
32  36  1.555447321e-16  -0.06565380253  0.9978455632  -0.06560664677

33  0  -1.615411845e-16  -0.06288083951  0.9980236513  -0.06283940923
33  1  9.628404829e-17  -0.07042791309  0.9975209795  -0.07036970605
33  2  -5.677367017e-17  -0.06597793496  0.9978242455  -0.06593007742
33  3  1.325735824e-16  -0.05620346197  0.9984210011  -0.05617387712
33  4  -5.116340977e-16  -0.04409443469  0.9990279979  -0.04408014713
33  5  -4.629655323e-16  -0.02759057737  0.9996194042  -0.02758707699
33  6  -1.493821778e-16  -0.01427274437  0.9998981461  -0.01427225978
33  7  2.161913143e-16  -0.006600538386  0.9999782165  -0.006600490458
33  8  2.145609778e-16  -0.0008479771042  0.9999996405  -0.0008479770025
33  9  -5.517125622e-17  0.0105562641  0.9999442832  0.01055606804
33  10  1.020040512e-16  0.03817914793  0.9992712649  0.03816987331
33  11  -3.055979362e-17  0.04532701589  0.9989729067  0.04531149647
33  12  -1.483170753e-18  0.02025522156  0.99979487  0.02025383656
33  13  -2.637627392e-17  -0.3722215455  0.9315217005  -0.3636857456
33  14  5.842302891e-17  -0.1294859494  0.9916284012  -0.1291244125
33  15  1.76123529e-16  0.02210063343  0.9997557909  0.02209883434
33  16  -1.552680819e-16  0.068287555  0.9976693108  0.0682344944
33  17  2.597682025e-16  0.03665304414  0.9993283524  0.0366448378
33  18  2.389910112e-16  0.009485054543  0.9999550172  0.009484912322
33  19  2.005768851e-17  -0.5020396274  0.8766028877  -0.4812144816
33  20  5.93866267e-17  0.004346371026  0.9999905545  0.004346357341
33  21  -8.98593702e-18  0.03380621548  0.9994286243  0.03379977655
33  22  -1.434246335e-16  0.04875436721  0.9988117412  0.04873505475
33  23  -3.568016836e-17  0.02207059927  0.9997564542  0.02206880751
33  24  -1.159787822e-17  0.003183481193  0.9999949327  0.003183475816
33  25  -1.207113058e-17  -0.00395918668  0.9999921624  -0.003959176336
33  26  -3.41927469e-17  -0.01013003909  0.9999486916  -0.01012986583
33  27  1.088868645e-16  -0.02052469415  0.9997893759  -0.02052325313
33  28  -2.918441143e-17  -0.03640262296  0.9993374977  -0.03639458367
33  29  8.276127341e-17  -0.05132920747  0.9986829454  -0.05130667103
33  30  -2.543087783e-16  -0.06063867465  0.9981620389  -0.06060151959
33  31  -1.8130713e-16  -0.06808063168  0.9976834088  -0.0680280519
33  32  2.713840011e-16  -0.06834093305  0.9976656672  -0.06828774794
33  33  3.29340252e-17  -0.06009697635  0.9981947202  -0.06006080804
33  34  6.034168002e-17  -0.05330793379  0.9985794685  -0.05328268953
33  35  -4.936652543e-17  -0.05399055836  0.9985428638  -0.05396433195
33  36  -4.936652543e-17  -0.05399055836  0.9985428638  -0.05396433195

34  0  7.184638177e-18  -0.04158116044  0.9991356281  -0.04156917922
34  1  3.095675452e-16  -0.06306473923  0.9980120783  -0.06302294443
34  2  3.62019838e-16  -0.07042791309  0.9975209795  -0.07036970605
34  3  2.624288487e-16  -0.06341449383  0.9979899747  -0.06337199989
34  4  -4.625166525e-17  -0.05394639898  0.9985452459  -0.05392023686
34  5  -2.361815125e-16  -0.03550940294  0.9993696074  -0.035501941
34  6  -3.999205579e-18  -0.01869147378  0.9998253195  -0.01869038542
34  7  -9.86552027e-17  -0.009421157914  0.9999556212  -0.009421018547
34  8  3.355474995e-17  -0.004293504026  0.9999907829  -0.004293490835
34  9  -7.096942649e-17  0.001750011719  0.9999984687  0.001750010825
34  10  -3.419793523e-17  0.01750964963  0.99984671  0.01750875493
34  11  -3.823278207e-16  0.04014953427  0.9991941157  0.04013874839
34  12  -3.965617666e-16  0.03145574998  0.9995053087  0.03145056284
34  13  -1.25291516e-16  0.008832792794  0.9999609911  0.008832677941
34  14  2.695943666e-18  -0.5074554786  0.8739838584  -0.4859549518
34  15  2.450404516e-17  0.005339756274  0.9999857435  0.005339730898
34  16  1.356885151e-16  0.06646155983  0.9977922434  0.06641264231
34  17  -2.298194619e-16  0.2083869759  0.9783658931  0.2068820419
34  18  5.719874866e-17  0.01728341951  0.9998506454  0.01728255905
34  19  -1.863394245e-16  -0.2519399519  0.968430647  -0.2492831361
34  20  2.350278026e-16  -0.2553158199  0.9675835833  -0.2525510033
34  21  -1.061764861e-16  0.02119233462  0.9997754509  0.02119074836
34  22  6.500508342e-18  0.04044068767  0.9991823868  0.04042966545
34  23  -1.706658821e-16  0.03023208734  0.9995430453  0.0302274823
34  24  5.055557725e-17  0.007524346512  0.9999716922  0.007524275513
34  25  -1.827363436e-17  -0.001860906942  0.9999982685  -0.001860905868
34  26  5.017065502e-17  -0.006711876273  0.9999774754  -0.006711825878
34  27  -1.518523033e-16  -0.01341488648  0.9999100218  -0.01341448413
34  28  -2.307236142e-16  -0.02637383752  0.9996522305  -0.02637078011
34  29  3.055506771e-18  -0.04561282402  0.9989599155  -0.04559700919
34  30  1.181726353e-16  -0.05987434615  0.9982080668  -0.05983857827
34  31  -1.958904437e-17  -0.06666938285  0.9977784198  -0.06662000507
34  32  4.239829205e-16  -0.06920745734  0.9976061196  -0.06915222373
34  33  -1.341625881e-16  -0.05330793379  0.9985794685  -0.05328268953
34  34  4.318707066e-17  -0.0352781805  0.9993777895  -0.03527086338
34  35  -1.59607724e-16  -0.03104319566  0.9995181987  -0.03103820995
34  36  -1.59607724e-16  -0.03104319566  0.9995181987  -0.03103820995

35  0  -2.163859761e-16  -0.02455957125  0.9996984289  -0.02455710238
35  1  -8.417691886e-17  -0.04158116044  0.9991356281  -0.04156917922
35  2  -5.66077739e-17  -0.06288083951  0.9980236513  -0.06283940923
35  3  -8.97893819e-17  -0.06555504512  0.9978520374  -0.06550810181
35  4  1.415044642e-16  -0.062304491  0.998059703  -0.06226418938
35  5  4.755034733e-17  -0.04627764505  0.9989293809  -0.04626112863
35  6  -1.405025457e-16  -0.02539998631  0.9996774377  -0.02539725523
35  7  4.572569556e-17  -0.01278983597  0.9999182112  -0.01278948728
35  8  -1.598960468e-18  -0.006624554472  0.9999780577  -0.006624506019
35  9  4.247848475e-17  -0.002169383823  0.9999976469  -0.002169382121
35  10  -8.123740311e-17  0.006517610139  0.9999787605  0.006517563995
35  11  -2.13637977e-16  0.02736060595  0.999625722  0.02735719237
35  12  -1.129052107e-16  0.03811353072  0.9992737673  0.03810430384
35  13  -4.603671032e-16  0.02150700481  0.9997687333  0.02150534683
35  14  -6.733483711e-17  -0.1897715086  0.9820473621  -0.1886345105
35  15  4.049691184e-17  -0.3172420889  0.9500993536  -0.3119474607
35  16  2.947641198e-17  0.01604966782  0.9998712068  0.01604897879
35  17  -2.162003596e-16  0.7086808842  0.7592210601  0.6508328371
35  18  4.296310759e-18  0.1190334087  0.9929238848  0.1187525114
35  19  1.060164719e-16  0.002937226025  0.9999956864  0.002937221802
35  20  2.445862976e-16  -0.5091412117  0.8731634267  -0.4874275641
35  21  -3.877177719e-16  0.01212589966  0.9999264822  0.01212560251
35  22  -2.782280446e-16  0.03113350503  0.9995153916  0.03112847568
35  23  -1.090762661e-16  0.0370868938  0.99931236  0.0370783926
35  24  1.031216034e-16  0.01538474541  0.9998816571  0.01538413851
35  25  -3.412556615e-16  0.001064350128  0.9999994336  0.001064349927
35  26  -1.474152022e-17  -0.004495426831  0.9999898956  -0.00449541169
35  27  4.091546896e-17  -0.009243890703  0.9999572755  -0.009243759056
35  28  -9.487313014e-17  -0.01805075221  0.9998370896  -0.01804977198
35  29  -5.022793805e-17  -0.03520549523  0.9993803506  -0.03519822324
35  30  4.217320847e-17  -0.05615012381  0.9984239959  -0.0561206231
35  31  -1.797974285e-16  -0.064726795  0.9979059523  -0.06468160835
35  32  1.696942634e-16  -0.06565380253  0.9978455632  -0.06560664677
35  33  2.595876817e-16  -0.05399055836  0.9985428638  -0.05396433195
35  34  4.050838747e-17  -0.03104319567  0.9995181987  -0.03103820995
35  35  1.31694217e-16  -0.02231093166  0.9997511215  -0.02230908073
35  36  1.31694217e-16  -0.02231093166  0.9997511215  -0.02230908073

36  0  -2.163859761e-16  -0.02455957125  0.9997511215  -0.02230908073
36  1  3.095675452e-16  -0.06306473923  0.9997511215  -0.02230908073
36  2  -5.677367017e-17  -0.06597793496  0.9997511215  -0.02230908073
36  3  -1.30235034e-16  -0.04693249537  0.9997511215  -0.02230908073
36  4  -2.884303809e-17  -0.02797438835  0.9997511215  -0.02230908073
36  5  -3.609549625e-16  -0.012885538  0.9997511215  -0.02230908073
36  6  2.519328123e-18  0.005757253767  0.9997511215  -0.02230908073
36  7  -4.059298095e-16  0.09339553042  0.9997511215  -0.02230908073
36  8  2.64398376e-16  -2.110392247  0.9997511215  -0.02230908073
36  9  -9.357023934e-17  -0.02244096129  0.9997511215  -0.02230908073
36  10  3.369832196e-17  -0.01710221474  0.9997511215  -0.02230908073
36  11  3.093580395e-16  -0.3462680692  0.9997511215  -0.02230908073
36  12  1.830022745e-16  -0.2743096092  0.9997511215  -0.02230908073
36  13  5.623891157e-17  -0.006179721347  0.9997511215  -0.02230908073
36  14  1.548550436e-16  -0.001852279493  0.9997511215  -0.02230908073
36  15  1.800252904e-16  -0.003705881108  0.9997511215  -0.02230908073
36  16  -2.097593267e-16  0.03528383635  0.9997511215  -0.02230908073
36  17  -1.240191655e-17  0.7546020888  0.9997511215  -0.02230908073
36  18  2.897061488e-16  0.7546020888  0.9997511215  -0.02230908073
36  19  -4.981626338e-17  0.03528383635  0.9997511215  -0.02230908073
36  20  1.274501829e-16  -0.003705881107  0.9997511215  -0.02230908073
36  21  1.591221611e-16  -0.001852279493  0.9997511215  -0.02230908073
36  22  -4.342148303e-17  -0.006179721347  0.9997511215  -0.02230908073
36  23  -2.543499375e-16  -0.2743096092  0.9997511215  -0.02230908073
36  24  -1.445134688e-16  -0.3462680692  0.9997511215  -0.02230908073
36  25  1.167184507e-16  -0.01710221474  0.9997511215  -0.02230908073
36  26  8.047880903e-17  -0.02244096129  0.9997511215  -0.02230908073
36  27  -6.637912501e-17  -2.110392247  0.9997511215  -0.02230908073
36  28  -2.177484384e-16  0.09339553042  0.9997511215  -0.02230908073
36  29  2.152122451e-16  0.005757253767  0.9997511215  -0.02230908073
36  30  5.419735462e-17  -0.012885538  0.9997511215  -0.02230908073
36  31  1.988532466e-16  -0.02797438835  0.9997511215  -0.02230908073
36  32  -4.822900062e-19  -0.04693249537  0.9997511215  -0.02230908073
36  33  1.194910954e-16  -0.06597793496  0.9997511215  -0.02230908073
36  34  1.287642809e-16  -0.06306473923  0.9997511215  -0.02230908073
36  35  4.336605478e-16  -0.02455957125  0.9997511215  -0.02230908073
36  36  4.336605478e-16  -0.02455957125  0.9997511215  -0.02230908073

#Chern no*2pi*Iota= 2.050152973e-15  -56.54866776
