#nx  ny  tilde_F(nx,ny).real()  tilde_F(nx,ny).imag()  ArgofLog.real()  ArgofLog.imag()
#Extra momentum point for pm3d corners2color c1
0  0  2.584929719e-16  0.02621474841  0.9996564132  0.02621174599
0  1  -8.975116977e-17  0.01433026172  0.9998973236  0.01432977125
0  2  -5.838332178e-17  0.00329690493  0.9999945652  0.003296898957
0  3  1.804136917e-16  -0.001302517476  0.9999991517  -0.001302517107
0  4  2.030392845e-17  -0.002381496531  0.9999971642  -0.00238149428
0  5  3.448749424e-16  -0.001666056797  0.9999986121  -0.001666056026
0  6  2.354293754e-16  0.002645221916  0.9999965014  0.002645218831
0  7  1.656348155e-16  0.04341873221  0.9990575549  0.04340509143
0  8  -1.282396745e-16  0.06749364907  0.9977231682  0.0674424174
0  9  -2.207526456e-16  0.005186419523  0.9999865506  0.005186396272
0  10  -2.559712958e-16  -0.001063617021  0.9999994344  -0.001063616821
0  11  -1.033145363e-16  -0.00327841662  0.999994626  -0.003278410747
0  12  7.025984361e-17  -0.01173537624  0.9999311413  -0.01173510688
0  13  2.167552317e-17  -0.1585944295  0.9874502411  -0.1579304322
0  14  2.172625187e-16  -0.3928923106  0.9238055698  -0.3828619454
0  15  7.833794806e-17  -0.03641654166  0.999336991  -0.03640849314
0  16  7.901995689e-17  -0.01017368252  0.9999482485  -0.01017350702
0  17  4.63399281e-16  -0.006712242213  0.999977473  -0.006712191811
0  18  2.729081558e-16  -0.006296239503  0.9999801787  -0.006296197903
0  19  -1.638903365e-17  -0.007815785088  0.9999694569  -0.007815705515
0  20  -1.320343382e-16  -0.01667847241  0.9998609175  -0.01667769918
0  21  1.037050936e-17  -0.154641788  0.9880667682  -0.1540261718
0  22  -2.70032476e-18  -0.3959129767  0.9226448588  -0.3856507027
0  23  2.560618619e-16  -0.03454019522  0.9994035468  -0.03453332775
0  24  2.377539493e-16  -0.005692146088  0.9999837998  -0.00569211535
0  25  2.461445421e-17  -0.002073565007  0.9999978502  -0.002073563521
0  26  -1.014379042e-16  0.0005762885997  0.9999998339  0.0005762885678
0  27  -5.086975416e-17  0.02363382751  0.9997207341  0.02363162743
0  28  -6.350347789e-17  0.0815919918  0.9966732197  0.08150149218
0  29  9.998632855e-17  0.01241060243  0.9999229895  0.01241028384
0  30  5.507214614e-17  -0.0003867450338  0.9999999252  -0.0003867450242
0  31  2.194337539e-16  -0.002225608663  0.9999975233  -0.002225606825
0  32  1.609194482e-16  -0.00209950642  0.999997796  -0.002099504878
0  33  1.532434224e-16  0.0004418059997  0.9999999024  0.0004418059854
0  34  -1.460651189e-16  0.008205274086  0.9999663369  0.008205182014
0  35  -3.43124096e-16  0.02169685627  0.9997646324  0.02169515399
0  36  -3.43124096e-16  0.02169685627  0.9997646324  0.02169515399

1  0  1.025748971e-16  0.01433026172  0.9998973236  0.01432977125
1  1  1.26412402e-16  0.0114815593  0.9999340876  0.01148130704
1  2  1.271693856e-16  0.004006335254  0.9999919746  0.004006324537
1  3  1.010090206e-16  -0.0006967669953  0.9999997573  -0.0006967669389
1  4  1.994262353e-16  -0.002299082578  0.9999973571  -0.002299080553
1  5  1.201973071e-16  -0.002115441285  0.9999977625  -0.002115439707
1  6  1.738497202e-16  0.0001593671936  0.9999999873  0.000159367193
1  7  3.330204964e-16  0.01715289967  0.9998528926  0.01715205855
1  8  -2.267585171e-17  0.1023207783  0.9947697947  0.1021423297
1  9  -3.197230963e-16  0.02153504756  0.9997681298  0.02153338309
1  10  7.636706847e-17  0.0006000409731  0.99999982  0.0006000409371
1  11  2.488507365e-16  -0.002132084163  0.9999977271  -0.002132082548
1  12  -1.417906112e-16  -0.006175805538  0.9999809298  -0.00617576628
1  13  1.813615354e-16  -0.03681224221  0.9993225059  -0.03680392848
1  14  -1.537866416e-17  -0.2140071386  0.9771877371  -0.2123773211
1  15  -7.878854827e-17  -0.05892527943  0.998264408  -0.0588911854
1  16  -1.182948441e-17  -0.01211039929  0.99992667  -0.01211010327
1  17  1.799718594e-18  -0.0066795734  0.9999776917  -0.00667952373
1  18  1.951773809e-17  -0.005613393745  0.9999842449  -0.005613364266
1  19  -1.111238272e-16  -0.00595260294  0.9999822833  -0.005952567786
1  20  -1.468475184e-16  -0.008519108052  0.9999637126  -0.008519005006
1  21  2.846951993e-16  -0.02536128363  0.9996784199  -0.02535856501
1  22  -7.411088984e-17  -0.1740182046  0.9848970028  -0.1731412539
1  23  -1.371942374e-16  -0.107717714  0.9942040545  -0.1075095248
1  24  1.872807276e-16  -0.01358411461  0.9999077373  -0.01358369684
1  25  3.040469709e-16  -0.003596156419  0.9999935338  -0.003596148668
1  26  2.289478048e-17  -0.001042107907  0.999999457  -0.001042107718
1  27  -6.107101743e-16  0.005280246234  0.9999860595  0.005280221697
1  28  8.905085526e-17  0.07056536476  0.9975112976  0.07050681631
1  29  3.740009355e-16  0.0621055417  0.9980720706  0.06206562487
1  30  -1.375872482e-16  0.004431042784  0.9999901829  0.004431028284
1  31  -5.893221875e-17  -0.001375381776  0.9999990542  -0.001375381343
1  32  -3.956180586e-17  -0.00236200136  0.9999972105  -0.002361999163
1  33  -2.021253716e-16  -0.001704202632  0.9999985478  -0.001704201808
1  34  -3.091449082e-16  0.001440500203  0.9999989625  0.001440499705
1  35  -2.245615826e-16  0.008205274085  0.9999663369  0.008205182014
1  36  -2.245615826e-16  0.008205274085  0.9999663369  0.008205182014

2  0  -6.108192194e-17  0.00329690493  0.9999945652  0.003296898957
2  1  1.432471094e-16  0.004006335254  0.9999919746  0.004006324537
2  2  1.325078804e-16  0.001664820992  0.9999986142  0.001664820223
2  3  -7.49339762e-17  -0.0009860308746  0.9999995139  -0.0009860307148
2  4  2.726193203e-16  -0.00227536747  0.9999974114  -0.002275365507
2  5  -2.350168796e-16  -0.002253813132  0.9999974602  -0.002253811224
2  6  -6.063038597e-17  -0.0006727616574  0.9999997737  -0.0006727616066
2  7  -2.373273518e-16  0.008725223157  0.9999619355  0.00872511245
2  8  -1.723031103e-16  0.1110873823  0.9938361394  0.110859046
2  9  -2.315618113e-16  0.06906845303  0.9976157225  0.06901355152
2  10  3.92850441e-17  0.004258258216  0.9999909336  0.004258245347
2  11  1.81375793e-16  -0.001103707887  0.9999993909  -0.001103707663
2  12  -1.721368975e-16  -0.004098057808  0.999991603  -0.004098046337
2  13  1.843769451e-16  -0.01593216939  0.9998730857  -0.01593149537
2  14  9.457395689e-18  -0.07895574907  0.9968846138  -0.07887373948
2  15  2.33564952e-17  -0.05228347939  0.9986335302  -0.05225966262
2  16  -3.405426924e-17  -0.01207985173  0.9999270395  -0.01207955795
2  17  -1.537176956e-16  -0.006058884302  0.999981645  -0.006058847232
2  18  -2.313190703e-16  -0.00476699604  0.9999886379  -0.004766977986
2  19  2.439575498e-17  -0.004598745189  0.9999894258  -0.004598728979
2  20  1.362615917e-16  -0.005250982256  0.9999862136  -0.005250958125
2  21  -3.680960619e-17  -0.008203276653  0.9999663533  -0.008203184649
2  22  -5.797509565e-17  -0.02687862193  0.9996387916  -0.02687538559
2  23  1.188816099e-16  -0.08400479348  0.9964736718  -0.08390602742
2  24  2.843320465e-16  -0.03784912311  0.9992838074  -0.03784008692
2  25  2.1312116e-16  -0.007895704037  0.9999688291  -0.007895621998
2  26  1.779080985e-16  -0.002452794947  0.9999969919  -0.002452792487
2  27  1.962888785e-17  0.0006473892204  0.9999997904  0.0006473891752
2  28  1.961068566e-16  0.01946484425  0.9998105659  0.01946361513
2  29  1.078546678e-16  0.1299038934  0.9915743478  0.1295388464
2  30  9.47675854e-18  0.04073660595  0.9991703792  0.04072534001
2  31  4.752039426e-17  0.00203979896  0.9999979196  0.002039797546
2  32  2.590728335e-16  -0.00171557647  0.9999985284  -0.001715575629
2  33  3.614857988e-16  -0.002371230382  0.9999971886  -0.00237122816
2  34  2.720328061e-17  -0.001704202632  0.9999985478  -0.001704201808
2  35  -4.919329633e-17  0.0004418059998  0.9999999024  0.0004418059854
2  36  -4.919329633e-17  0.0004418059998  0.9999999024  0.0004418059854

3  0  -1.793341198e-16  -0.001302517476  0.9999991517  -0.001302517107
3  1  5.365706905e-17  -0.0006967669953  0.9999997573  -0.0006967669389
3  2  -9.530021114e-17  -0.0009860308744  0.9999995139  -0.0009860307146
3  3  -8.346684366e-17  -0.001823825958  0.9999983368  -0.001823824947
3  4  -4.02578638e-16  -0.002377899765  0.9999971728  -0.002377897524
3  5  8.363500065e-17  -0.002220869002  0.9999975339  -0.002220867176
3  6  1.620487287e-17  -0.0008267823082  0.9999996582  -0.000826782214
3  7  -3.669896056e-18  0.006353052253  0.9999798194  0.006353009517
3  8  3.677990779e-17  0.1005010701  0.9949540168  0.1003319709
3  9  -7.673442137e-17  0.1491355585  0.988899889  0.148583342
3  10  -5.021877272e-16  0.01105225618  0.9999389244  0.01105203118
3  11  1.058917163e-17  0.0002085394233  0.9999999783  0.0002085394217
3  12  -8.717010173e-17  -0.002953978404  0.999995637  -0.002953974108
3  13  1.814762661e-16  -0.00981016694  0.9999518807  -0.009810009587
3  14  7.945420986e-17  -0.03557864681  0.9993671467  -0.03557114114
3  15  1.022222576e-17  -0.0334843594  0.9994394512  -0.03347810263
3  16  1.50101616e-16  -0.01005026889  0.9999494965  -0.0100500997
3  17  1.241877927e-16  -0.005005805229  0.999987471  -0.005005784323
3  18  -6.799851312e-17  -0.003872925787  0.9999925002  -0.003872916105
3  19  2.777867557e-16  -0.003592289464  0.9999935477  -0.003592281738
3  20  7.35018154e-17  -0.003688722436  0.9999931967  -0.003688714071
3  21  -8.949779809e-17  -0.004313103151  0.9999906986  -0.004313089779
3  22  3.060628119e-17  -0.006845291717  0.9999765711  -0.006845238257
3  23  2.146906192e-16  -0.01994619741  0.9998010812  -0.01994487484
3  24  1.099048454e-16  -0.04102162108  0.9991587313  -0.04101011703
3  25  -2.474407154e-17  -0.01982990297  0.9998033939  -0.01982860339
3  26  4.091575421e-18  -0.005589750024  0.9999843774  -0.005589720915
3  27  1.445208397e-17  -0.001452409655  0.9999989453  -0.001452409144
3  28  -2.439848522e-16  0.003584004084  0.9999935775  0.003583996412
3  29  1.459885893e-16  0.05228977097  0.9986332014  0.05226594561
3  30  1.62413264e-16  0.1793192784  0.9839653341  0.1783598084
3  31  -2.949329805e-17  0.03062819432  0.9995309935  0.0306234059
3  32  3.404714224e-16  0.001455943386  0.9999989401  0.001455942872
3  33  7.722072069e-17  -0.00171557647  0.9999985284  -0.001715575629
3  34  4.903912984e-17  -0.00236200136  0.9999972105  -0.002361999163
3  35  -1.977606469e-18  -0.00209950642  0.999997796  -0.002099504878
3  36  -1.977606469e-18  -0.00209950642  0.999997796  -0.002099504878

4  0  -2.654676672e-16  -0.002381496531  0.9999971642  -0.00238149428
4  1  -1.78807503e-16  -0.002299082578  0.9999973571  -0.002299080553
4  2  -3.249818824e-17  -0.00227536747  0.9999974114  -0.002275365507
4  3  1.051459692e-16  -0.002377899765  0.9999971728  -0.002377897524
4  4  5.439330034e-17  -0.002387806181  0.9999971492  -0.002387803912
4  5  9.204110419e-17  -0.001975451821  0.9999980488  -0.001975450537
4  6  -2.489240023e-16  -0.0004379946802  0.9999999041  -0.0004379946662
4  7  1.818221499e-16  0.006782887177  0.9999769963  0.006782835166
4  8  -1.2932574e-16  0.0955863925  0.9954350981  0.09544090069
4  9  -1.608003155e-16  0.2076162944  0.9785250427  0.206127972
4  10  -2.578132744e-16  0.01876265931  0.9998239865  0.01876155847
4  11  4.079955429e-17  0.001656232824  0.9999986284  0.001656232067
4  12  1.03003235e-16  -0.002129744538  0.9999977321  -0.002129742928
4  13  1.499004177e-16  -0.007272903536  0.9999735526  -0.007272839419
4  14  -1.956859502e-17  -0.02101589853  0.9997791741  -0.02101435156
4  15  1.706473295e-16  -0.02106149943  0.9997782148  -0.02105994237
4  16  -1.092926276e-16  -0.007512437696  0.9999717818  -0.007512367033
4  17  2.620863352e-17  -0.003874242263  0.9999924951  -0.003874232571
4  18  -3.063952989e-17  -0.003066186066  0.9999952993  -0.003066181262
4  19  -3.054660608e-17  -0.002853289275  0.9999959294  -0.002853285404
4  20  -5.390199997e-17  -0.002825071548  0.9999960095  -0.00282506779
4  21  -1.582790174e-16  -0.002934047769  0.9999956957  -0.00293404356
4  22  -9.811201793e-17  -0.003367270072  0.9999943308  -0.003367263709
4  23  2.624416792e-17  -0.005158759436  0.9999866936  -0.005158736555
4  24  -1.412902794e-17  -0.01329722688  0.9999115932  -0.01329683502
4  25  8.874417944e-17  -0.02393825712  0.9997134936  -0.02393597092
4  26  1.057954255e-16  -0.01335227842  0.9999108597  -0.01335188167
4  27  3.237045795e-16  -0.004366440367  0.9999904671  -0.004366426492
4  28  1.288795333e-16  -0.0004500567567  0.9999998987  -0.0004500567415
4  29  2.120587964e-16  0.007295694852  0.9999733865  0.00729563013
4  30  -8.7266673e-17  0.09057592066  0.9959008049  0.09045212402
4  31  -2.450187132e-16  0.1993877392  0.9801880316  0.1980692372
4  32  6.477116198e-17  0.03062819432  0.9995309935  0.0306234059
4  33  2.541155567e-16  0.002039798961  0.9999979196  0.002039797546
4  34  1.782483657e-16  -0.001375381776  0.9999990542  -0.001375381343
4  35  5.111323751e-18  -0.002225608663  0.9999975233  -0.002225606825
4  36  5.111323751e-18  -0.002225608663  0.9999975233  -0.002225606825

5  0  4.294116315e-18  -0.001666056797  0.9999986121  -0.001666056026
5  1  -2.178302934e-16  -0.002115441285  0.9999977625  -0.002115439707
5  2  1.084011063e-16  -0.002253813132  0.9999974602  -0.002253811224
5  3  -3.808181904e-17  -0.002220869002  0.9999975339  -0.002220867176
5  4  -1.201337095e-16  -0.001975451821  0.9999980488  -0.001975450537
5  5  1.66028067e-16  -0.00126870245  0.9999991952  -0.00126870211
5  6  1.897978894e-16  0.0008386089117  0.9999996484  0.0008386088134
5  7  1.607279055e-16  0.01051910511  0.9999446747  0.01051891112
5  8  1.836213201e-16  0.1086671457  0.9941015335  0.1084534051
5  9  -2.972747955e-16  0.1826331561  0.9833688698  0.1816195638
5  10  -1.725386601e-17  0.02030744107  0.999793811  0.02030604532
5  11  2.623367853e-16  0.002511731746  0.9999968456  0.002511729105
5  12  -3.187541757e-17  -0.001584364696  0.9999987449  -0.001584364033
5  13  1.733758155e-16  -0.006052604247  0.999981683  -0.006052567292
5  14  1.989293139e-16  -0.01520734144  0.9998843706  -0.0152067553
5  15  1.100897703e-16  -0.01457335121  0.9998938106  -0.01457283537
5  16  -8.393040798e-17  -0.005493343173  0.9999849116  -0.005493315545
5  17  -1.340324052e-16  -0.002925385882  0.9999957211  -0.002925381709
5  18  -1.319931626e-16  -0.002430416468  0.9999970465  -0.002430414075
5  19  -2.038330551e-16  -0.002343864941  0.9999972531  -0.002343862795
5  20  -8.71932432e-17  -0.002337527303  0.999997268  -0.002337525174
5  21  7.930042825e-17  -0.002338767296  0.9999972651  -0.002338765164
5  22  2.915527974e-16  -0.002368148867  0.9999971959  -0.002368146654
5  23  -2.506350151e-17  -0.002583498772  0.9999966628  -0.002583495898
5  24  -7.471706788e-17  -0.003744155748  0.9999929907  -0.003744147
5  25  2.982514081e-16  -0.009167244903  0.9999579811  -0.009167116504
5  26  -1.862021684e-16  -0.01663832493  0.9998615863  -0.01663755727
5  27  1.559268472e-16  -0.01055795989  0.9999442653  -0.01055776375
5  28  6.851763207e-17  -0.00366802281  0.9999932728  -0.003668014585
5  29  -4.544096974e-18  0.0002585963144  0.9999999666  0.0002585963115
5  30  5.917472218e-18  0.00920503929  0.9999576339  0.009204909296
5  31  3.148208092e-17  0.09057592066  0.9959008049  0.09045212402
5  32  -1.744276073e-16  0.1793192784  0.9839653341  0.1783598084
5  33  -8.482571935e-18  0.04073660595  0.9991703792  0.04072534001
5  34  1.058713548e-16  0.004431042784  0.9999901829  0.004431028284
5  35  -1.266113585e-16  -0.000386745034  0.9999999252  -0.0003867450243
5  36  -1.266113585e-16  -0.000386745034  0.9999999252  -0.0003867450243

6  0  -1.608414402e-16  0.002645221916  0.9999965014  0.002645218831
6  1  6.579547236e-17  0.0001593671936  0.9999999873  0.000159367193
6  2  3.535307559e-16  -0.0006727616573  0.9999997737  -0.0006727616066
6  3  5.762568121e-17  -0.0008267823082  0.9999996582  -0.000826782214
6  4  -3.491844921e-16  -0.0004379946802  0.9999999041  -0.0004379946662
6  5  -7.579821884e-18  0.0008386089118  0.9999996484  0.0008386088135
6  6  -1.228939636e-16  0.00479523145  0.9999885029  0.004795213072
6  7  -1.686345836e-16  0.0233258463  0.9997279648  0.02332373112
6  8  -2.992508086e-17  0.1258225235  0.9920947837  0.125490797
6  9  1.035941134e-16  0.09729993695  0.9952700945  0.09714648202
6  10  5.146020326e-16  0.01397410719  0.9999023638  0.01397365239
6  11  -3.975292974e-17  0.002147169062  0.9999976948  0.002147167412
6  12  -1.42005944e-16  -0.001461248643  0.9999989324  -0.001461248123
6  13  1.223035323e-16  -0.005567025871  0.9999845042  -0.005566997116
6  14  2.348484945e-16  -0.01283151877  0.9999176772  -0.01283116666
6  15  1.154210836e-16  -0.01144591835  0.9999344962  -0.01144566843
6  16  1.516942418e-16  -0.00419636655  0.9999911953  -0.004196354234
6  17  1.96203394e-16  -0.002246531515  0.9999974765  -0.002246529626
6  18  9.303926781e-18  -0.001980166723  0.9999980395  -0.001980165429
6  19  4.866008259e-18  -0.002022121818  0.9999979555  -0.00202212044
6  20  4.153553761e-17  -0.00209186807  0.999997812  -0.002091866545
6  21  1.843271926e-16  -0.002109170363  0.9999977757  -0.002109168799
6  22  -3.713703559e-16  -0.002059262014  0.9999978797  -0.002059260558
6  23  -1.672955708e-16  -0.001982015525  0.9999980358  -0.001982014227
6  24  -1.154778162e-17  -0.00201697915  0.9999979659  -0.002016977782
6  25  -8.241066153e-17  -0.002775914523  0.9999961472  -0.002775910958
6  26  1.016185337e-16  -0.00693264677  0.9999759693  -0.006932591238
6  27  5.511282708e-17  -0.01346835575  0.9999093031  -0.01346794856
6  28  -7.156444211e-17  -0.009433373505  0.9999555061  -0.009433233595
6  29  1.762840638e-16  -0.003427435231  0.9999941263  -0.003427428521
6  30  3.138058057e-16  0.0002585963143  0.9999999666  0.0002585963114
6  31  3.847105959e-16  0.007295694852  0.9999733865  0.00729563013
6  32  -1.36848013e-16  0.05228977097  0.9986332014  0.0522659456
6  33  -1.763236124e-16  0.1299038934  0.9915743478  0.1295388464
6  34  -2.080460685e-17  0.0621055417  0.9980720706  0.06206562487
6  35  -1.396348935e-16  0.01241060243  0.9999229895  0.01241028384
6  36  -1.396348935e-16  0.01241060243  0.9999229895  0.01241028384

7  0  2.102964962e-16  0.04341873221  0.9990575549  0.04340509143
7  1  2.349011445e-16  0.01715289967  0.9998528926  0.01715205855
7  2  2.724859358e-17  0.008725223157  0.9999619355  0.00872511245
7  3  -9.513190164e-17  0.006353052253  0.9999798194  0.006353009517
7  4  3.041058416e-17  0.006782887177  0.9999769963  0.006782835166
7  5  1.36912308e-16  0.01051910511  0.9999446747  0.01051891112
7  6  9.218642301e-17  0.0233258463  0.9997279648  0.02332373112
7  7  -2.681189418e-18  0.06681149101  0.9977689424  0.06676179686
7  8  1.63099328e-16  0.1017143424  0.9948315546  0.101539047
7  9  1.039862444e-16  0.03323166956  0.9994478789  0.03322555337
7  10  1.165019274e-16  0.006458813377  0.9999791419  0.006458768471
7  11  2.075444903e-16  0.0008663930589  0.9999996247  0.0008663929505
7  12  -1.168216552e-16  -0.001802081529  0.9999983763  -0.001802080553
7  13  6.02876666e-18  -0.005684497397  0.9999838433  -0.005684466783
7  14  3.847989907e-16  -0.01237283267  0.9999234575  -0.01237251698
7  15  4.749184884e-17  -0.01032799254  0.9999466668  -0.01032780893
7  16  7.297819402e-17  -0.003533178639  0.9999937583  -0.003533171288
7  17  -1.031759963e-16  -0.001832720733  0.9999983206  -0.001832719707
7  18  6.214063282e-17  -0.001693300487  0.9999985664  -0.001693299677
7  19  1.073164394e-16  -0.001838293653  0.9999983103  -0.001838292617
7  20  3.305117483e-17  -0.002001964309  0.9999979961  -0.002001962972
7  21  -1.226401288e-16  -0.002088934799  0.9999978182  -0.00208893328
7  22  -5.158599113e-16  -0.002058180068  0.9999978819  -0.002058178615
7  23  -2.123070124e-16  -0.001921655924  0.9999981536  -0.001921654741
7  24  2.051205018e-16  -0.001741540057  0.9999984835  -0.001741539177
7  25  -5.357024797e-17  -0.001657820517  0.9999986258  -0.001657819757
7  26  1.005354777e-16  -0.002227674676  0.9999975187  -0.002227672834
7  27  8.561907482e-17  -0.005958770038  0.9999822466  -0.005958734776
7  28  2.390918686e-17  -0.01256057912  0.999921117  -0.01256024884
7  29  -1.032271434e-16  -0.009433373504  0.9999555061  -0.009433233594
7  30  -9.573025491e-17  -0.00366802281  0.9999932728  -0.003668014585
7  31  1.36663157e-17  -0.0004500567567  0.9999998987  -0.0004500567415
7  32  -1.435633753e-16  0.003584004084  0.9999935775  0.003583996412
7  33  -4.681333829e-18  0.01946484425  0.9998105659  0.01946361513
7  34  -1.154597143e-16  0.07056536476  0.9975112976  0.07050681631
7  35  9.175026222e-17  0.0815919918  0.9966732197  0.08150149217
7  36  9.175026222e-17  0.0815919918  0.9966732197  0.08150149217

8  0  -3.509136995e-16  0.06749364907  0.9977231682  0.0674424174
8  1  2.646276804e-16  0.1023207782  0.9947697947  0.1021423297
8  2  -1.607292269e-16  0.1110873823  0.9938361394  0.110859046
8  3  1.079002578e-16  0.1005010701  0.9949540168  0.1003319709
8  4  1.190512066e-16  0.0955863925  0.9954350981  0.09544090069
8  5  1.926870409e-16  0.1086671457  0.9941015335  0.1084534051
8  6  -1.579908059e-16  0.1258225235  0.9920947837  0.125490797
8  7  -2.2095701e-16  0.1017143424  0.9948315546  0.101539047
8  8  -4.563251356e-17  0.03861480556  0.999254541  0.03860520983
8  9  -6.731098686e-17  0.008824203685  0.999961067  0.008824089167
8  10  1.012523971e-16  0.001770282206  0.9999984331  0.001770281282
8  11  -1.715080953e-16  -0.0005275202795  0.9999998609  -0.000527520255
8  12  -1.476261838e-16  -0.002474243801  0.9999969391  -0.002474241276
8  13  -3.743122324e-17  -0.006423358794  0.9999793703  -0.006423314623
8  14  1.655935247e-16  -0.01358799831  0.9999076846  -0.01358758018
8  15  -1.297142018e-16  -0.01077708307  0.9999419278  -0.01077687445
8  16  -5.820704254e-17  -0.003418481519  0.999994157  -0.003418474861
8  17  -1.074782495e-16  -0.001662178986  0.9999986186  -0.001662178221
8  18  6.839232498e-17  -0.001543930223  0.9999988081  -0.00154392961
8  19  2.837314321e-17  -0.001746497086  0.9999984749  -0.001746496198
8  20  2.906693574e-16  -0.001996384188  0.9999980072  -0.001996382862
8  21  -1.914579585e-16  -0.002178872915  0.9999976263  -0.002178871191
8  22  2.951642905e-17  -0.002219503813  0.9999975369  -0.002219501991
8  23  8.850845941e-17  -0.002100045099  0.9999977949  -0.002100043555
8  24  2.95558002e-16  -0.001867575478  0.9999982561  -0.001867574393
8  25  2.630134096e-16  -0.001611971328  0.9999987008  -0.00161197063
8  26  -1.007149464e-16  -0.001484276116  0.9999988985  -0.001484275571
8  27  -2.423933021e-16  -0.002050971454  0.9999978968  -0.002050970016
8  28  -4.983241535e-17  -0.005958770038  0.9999822466  -0.005958734775
8  29  -1.687999207e-16  -0.01346835575  0.9999093031  -0.01346794857
8  30  1.192430985e-16  -0.01055795989  0.9999442653  -0.01055776374
8  31  1.656477744e-16  -0.004366440366  0.9999904671  -0.004366426492
8  32  1.332957115e-16  -0.001452409655  0.9999989453  -0.001452409144
8  33  1.211446233e-16  0.0006473892204  0.9999997904  0.0006473891752
8  34  2.323677468e-16  0.005280246233  0.9999860595  0.005280221697
8  35  -9.60961184e-17  0.02363382751  0.9997207341  0.02363162743
8  36  -9.60961184e-17  0.02363382751  0.9997207341  0.02363162743

9  0  1.599886367e-16  0.005186419524  0.9999865506  0.005186396272
9  1  2.019285118e-16  0.02153504756  0.9997681298  0.02153338309
9  2  -3.21950935e-16  0.06906845303  0.9976157225  0.06901355152
9  3  -4.762592226e-17  0.1491355585  0.988899889  0.148583342
9  4  -1.842788905e-17  0.2076162944  0.9785250427  0.206127972
9  5  -2.186577504e-16  0.1826331561  0.9833688698  0.1816195638
9  6  -7.52419633e-17  0.09729993695  0.9952700945  0.09714648202
9  7  4.761662115e-17  0.03323166957  0.9994478789  0.03322555337
9  8  1.258330088e-16  0.008824203684  0.999961067  0.008824089166
9  9  1.238396182e-16  0.00171998958  0.9999985208  0.001719988732
9  10  5.109113682e-17  -0.0004661324995  0.9999998914  -0.0004661324826
9  11  2.730219789e-16  -0.001622963782  0.999998683  -0.001622963069
9  12  1.669848704e-16  -0.003378176089  0.999994294  -0.003378169663
9  13  1.077993344e-16  -0.008016478589  0.9999678682  -0.008016392728
9  14  1.241238476e-16  -0.01715211522  0.9998529061  -0.01715127422
9  15  3.395010839e-17  -0.0129965444  0.9999155461  -0.01299617853
9  16  -4.102727783e-19  -0.003838220092  0.999992634  -0.003838210668
9  17  -7.595226922e-17  -0.001724185088  0.9999985136  -0.001724184233
9  18  -2.749268475e-16  -0.001516844474  0.9999988496  -0.001516843893
9  19  2.13799603e-16  -0.00171462885  0.99999853  -0.00171462801
9  20  3.023042577e-16  -0.00201671169  0.9999979664  -0.002016710323
9  21  -1.648775557e-16  -0.002292688357  0.9999973718  -0.002292686349
9  22  1.130524532e-16  -0.00243591202  0.9999970332  -0.002435909611
9  23  4.184383436e-18  -0.00238524999  0.9999971553  -0.002385247729
9  24  -1.821953284e-16  -0.002161434044  0.9999976641  -0.002161432361
9  25  -4.88290891e-17  -0.001852482977  0.9999982842  -0.001852481917
9  26  -2.189677769e-16  -0.001571163423  0.9999987657  -0.001571162777
9  27  -3.063803114e-16  -0.001484276116  0.9999988985  -0.001484275571
9  28  -6.535116833e-17  -0.002227674676  0.9999975187  -0.002227672834
9  29  -2.13849169e-16  -0.00693264677  0.9999759693  -0.006932591238
9  30  2.03576992e-16  -0.01663832493  0.9998615863  -0.01663755726
9  31  1.679567141e-17  -0.01335227842  0.9999108597  -0.01335188167
9  32  -1.744421644e-16  -0.005589750024  0.9999843774  -0.005589720915
9  33  2.613947438e-17  -0.002452794947  0.9999969919  -0.002452792487
9  34  3.391347957e-16  -0.001042107907  0.999999457  -0.001042107718
9  35  -2.241926827e-16  0.0005762885996  0.9999998339  0.0005762885677
9  36  -2.241926827e-16  0.0005762885996  0.9999998339  0.0005762885677

10  0  -9.998071875e-17  -0.001063617021  0.9999994344  -0.001063616821
10  1  -6.388032108e-17  0.0006000409729  0.99999982  0.0006000409369
10  2  -2.242874185e-16  0.004258258216  0.9999909336  0.004258245347
10  3  9.844395801e-17  0.01105225618  0.9999389244  0.01105203117
10  4  1.156773188e-16  0.01876265931  0.9998239865  0.01876155847
10  5  1.994185607e-16  0.02030744107  0.999793811  0.02030604532
10  6  -8.72686517e-17  0.01397410719  0.9999023638  0.01397365239
10  7  -8.116640645e-17  0.006458813377  0.9999791419  0.006458768471
10  8  2.441497726e-16  0.001770282206  0.9999984331  0.001770281282
10  9  1.340643302e-16  -0.0004661324994  0.9999998914  -0.0004661324826
10  10  -4.085621748e-17  -0.001559821662  0.9999987835  -0.00155982103
10  11  -3.659444165e-17  -0.002566056742  0.9999967077  -0.002566053926
10  12  -2.607357407e-16  -0.004732298898  0.9999888027  -0.004732281235
10  13  1.259731856e-16  -0.01139623923  0.9999350636  -0.01139599256
10  14  2.15780094e-16  -0.02569983474  0.9996697774  -0.02569700579
10  15  -8.065566226e-17  -0.01800950009  0.9998378333  -0.01800852657
10  16  -2.226359173e-16  -0.004854157868  0.9999882186  -0.004854138805
10  17  -3.722653275e-16  -0.002022814122  0.9999979541  -0.002022812743
10  18  -2.86215554e-16  -0.001608938979  0.9999987057  -0.001608938285
10  19  1.491003943e-16  -0.001728351006  0.9999985064  -0.001728350146
10  20  2.372765066e-16  -0.002025399631  0.9999979489  -0.002025398246
10  21  -1.662703623e-16  -0.002359049626  0.9999972174  -0.002359047438
10  22  -3.98236482e-17  -0.002604302592  0.9999966088  -0.002604299648
10  23  9.043996584e-17  -0.002658518421  0.9999964661  -0.002658515289
10  24  -5.659355575e-17  -0.002496736865  0.9999968832  -0.002496734271
10  25  -2.674261331e-16  -0.002188600581  0.999997605  -0.002188598833
10  26  -4.719660881e-17  -0.001852482977  0.9999982842  -0.001852481917
10  27  -2.019787886e-16  -0.001611971328  0.9999987008  -0.00161197063
10  28  3.297205386e-16  -0.001657820517  0.9999986258  -0.001657819757
10  29  8.2554493e-18  -0.002775914523  0.9999961472  -0.002775910958
10  30  -4.146594556e-16  -0.009167244903  0.9999579811  -0.009167116504
10  31  -5.156930282e-17  -0.02393825712  0.9997134936  -0.02393597092
10  32  1.649808943e-16  -0.01982990297  0.9998033939  -0.01982860339
10  33  4.075516107e-16  -0.007895704037  0.9999688291  -0.007895621998
10  34  -7.742969354e-17  -0.003596156419  0.9999935338  -0.003596148668
10  35  -9.598657854e-17  -0.002073565007  0.9999978502  -0.002073563521
10  36  -9.598657854e-17  -0.002073565007  0.9999978502  -0.002073563521

11  0  -1.818968179e-16  -0.00327841662  0.999994626  -0.003278410747
11  1  1.019468585e-16  -0.002132084163  0.9999977271  -0.002132082548
11  2  -4.952382933e-17  -0.001103707887  0.9999993909  -0.001103707663
11  3  1.103578966e-16  0.0002085394232  0.9999999783  0.0002085394217
11  4  -2.164690091e-16  0.001656232824  0.9999986284  0.001656232066
11  5  3.563151771e-16  0.002511731745  0.9999968456  0.002511729104
11  6  1.49185659e-16  0.002147169062  0.9999976948  0.002147167412
11  7  -3.117763277e-16  0.0008663930588  0.9999996247  0.0008663929504
11  8  -2.548009685e-16  -0.0005275202795  0.9999998609  -0.0005275202551
11  9  -3.920777263e-17  -0.001622963782  0.999998683  -0.001622963069
11  10  4.715769484e-17  -0.002566056742  0.9999967077  -0.002566053926
11  11  -2.317963381e-16  -0.003969524888  0.9999921214  -0.003969514463
11  12  1.707623232e-16  -0.007559435329  0.9999714276  -0.007559363332
11  13  3.912836888e-16  -0.02017707332  0.9997964498  -0.02017570428
11  14  3.475789243e-16  -0.04906193679  0.9987967046  -0.04904225655
11  15  1.743337835e-16  -0.02826605132  0.9996005418  -0.02826228752
11  16  2.819893067e-16  -0.006571325808  0.9999784089  -0.006571278514
11  17  8.212206364e-17  -0.002575587435  0.9999966832  -0.002575584588
11  18  4.659956988e-17  -0.001828741727  0.9999983279  -0.001828740707
11  19  -2.158808254e-16  -0.001791704307  0.9999983949  -0.001791703348
11  20  -4.684467627e-16  -0.002013658112  0.9999979726  -0.002013656751
11  21  1.752051943e-16  -0.00234057103  0.9999972609  -0.002340568893
11  22  2.067985408e-16  -0.002645777649  0.9999964999  -0.002645774563
11  23  3.563112404e-16  -0.00280503571  0.9999960659  -0.002805032031
11  24  2.033061426e-16  -0.002746566122  0.9999962282  -0.002746562669
11  25  -5.600452022e-17  -0.002496736865  0.9999968832  -0.002496734271
11  26  -1.478162779e-16  -0.002161434044  0.9999976641  -0.002161432361
11  27  7.681020466e-17  -0.001867575478  0.9999982561  -0.001867574393
11  28  3.882892598e-16  -0.001741540057  0.9999984835  -0.001741539177
11  29  9.182220353e-17  -0.00201697915  0.9999979659  -0.002016977782
11  30  -2.723835377e-16  -0.003744155748  0.9999929907  -0.003744147
11  31  1.463089372e-16  -0.01329722688  0.9999115932  -0.01329683502
11  32  -5.267125627e-17  -0.04102162108  0.9991587313  -0.04101011703
11  33  5.027050563e-17  -0.03784912311  0.9992838074  -0.03784008692
11  34  2.795819813e-16  -0.01358411461  0.9999077373  -0.01358369684
11  35  1.803273587e-16  -0.005692146088  0.9999837998  -0.00569211535
11  36  1.803273587e-16  -0.005692146088  0.9999837998  -0.00569211535

12  0  -1.873293922e-16  -0.01173537625  0.9999311413  -0.01173510688
12  1  -1.823354567e-17  -0.006175805538  0.9999809298  -0.00617576628
12  2  -6.284206182e-17  -0.004098057808  0.999991603  -0.004098046337
12  3  7.342259025e-17  -0.002953978404  0.999995637  -0.002953974108
12  4  -4.375768106e-17  -0.002129744538  0.9999977321  -0.002129742928
12  5  2.670590838e-16  -0.001584364696  0.9999987449  -0.001584364034
12  6  3.919673661e-17  -0.001461248643  0.9999989324  -0.001461248123
12  7  -1.480827696e-16  -0.001802081529  0.9999983763  -0.001802080553
12  8  -6.002205207e-17  -0.002474243801  0.9999969391  -0.002474241276
12  9  -1.844628227e-16  -0.003378176089  0.999994294  -0.003378169663
12  10  1.371303987e-16  -0.004732298898  0.9999888027  -0.004732281235
12  11  8.873614066e-18  -0.007559435329  0.9999714276  -0.007559363331
12  12  1.174175257e-16  -0.0160559852  0.9998711054  -0.01605529535
12  13  1.316143051e-16  -0.05359238191  0.998564272  -0.05356673143
12  14  3.38535552e-16  -0.1321891711  0.9912757266  -0.1318045289
12  15  3.529156152e-18  -0.04657371953  0.9989156404  -0.04655688409
12  16  -7.874206494e-17  -0.008943100146  0.9999600107  -0.008942980936
12  17  5.357164868e-17  -0.003398877682  0.9999942238  -0.003398871138
12  18  -2.165636772e-16  -0.002196887899  0.9999975868  -0.002196886132
12  19  -5.570483294e-17  -0.001927344123  0.9999981427  -0.00192734293
12  20  -3.943979056e-16  -0.002003875288  0.9999979922  -0.002003873947
12  21  -4.21817401e-17  -0.002248573336  0.999997472  -0.002248571441
12  22  2.423189478e-17  -0.002540698391  0.9999967724  -0.002540695657
12  23  1.839778854e-16  -0.002758463065  0.9999961954  -0.002758459567
12  24  -8.763997563e-17  -0.00280503571  0.9999960659  -0.002805032031
12  25  -3.80836831e-17  -0.002658518421  0.9999964661  -0.002658515289
12  26  -9.861590343e-17  -0.00238524999  0.9999971553  -0.002385247729
12  27  2.153010418e-16  -0.002100045099  0.9999977949  -0.002100043555
12  28  1.438432083e-16  -0.001921655924  0.9999981536  -0.001921654741
12  29  6.698789632e-17  -0.001982015525  0.9999980358  -0.001982014227
12  30  -4.022825229e-16  -0.002583498772  0.9999966628  -0.002583495898
12  31  -8.051741846e-17  -0.005158759436  0.9999866936  -0.005158736555
12  32  -4.77099104e-17  -0.01994619741  0.9998010812  -0.01994487484
12  33  -1.14177598e-16  -0.08400479347  0.9964736718  -0.08390602742
12  34  4.120464229e-16  -0.107717714  0.9942040545  -0.1075095248
12  35  1.831513224e-16  -0.03454019522  0.9994035468  -0.03453332775
12  36  1.831513224e-16  -0.03454019522  0.9994035468  -0.03453332775

13  0  -1.523622535e-16  -0.1585944295  0.9874502411  -0.1579304322
13  1  3.634996513e-16  -0.03681224221  0.9993225059  -0.03680392848
13  2  1.792097191e-16  -0.01593216939  0.9998730857  -0.01593149537
13  3  2.087915096e-16  -0.00981016694  0.9999518807  -0.009810009587
13  4  -3.154150795e-17  -0.007272903535  0.9999735526  -0.007272839419
13  5  1.648992644e-16  -0.006052604247  0.999981683  -0.006052567292
13  6  1.43472116e-16  -0.005567025871  0.9999845042  -0.005566997116
13  7  -9.486794022e-18  -0.005684497397  0.9999838433  -0.005684466783
13  8  -1.85344793e-16  -0.006423358794  0.9999793703  -0.006423314623
13  9  -1.758405229e-16  -0.00801647859  0.9999678682  -0.008016392728
13  10  2.598350618e-16  -0.01139623923  0.9999350636  -0.01139599256
13  11  1.006064142e-16  -0.02017707332  0.9997964498  -0.02017570428
13  12  1.895582307e-16  -0.05359238191  0.998564272  -0.05356673143
13  13  1.91390698e-17  -0.2641644538  0.9653110013  -0.2611027975
13  14  6.458392044e-17  -0.3972003537  0.9221476166  -0.3868381745
13  15  -3.298401153e-16  -0.06047892303  0.9981717073  -0.06044206081
13  16  1.54630137e-16  -0.01127293354  0.9999364612  -0.01127269478
13  17  2.667546517e-16  -0.004453605801  0.9999900827  -0.004453591079
13  18  2.077262569e-16  -0.002738823186  0.9999962494  -0.002738819762
13  19  1.536128513e-16  -0.002174726592  0.9999976353  -0.002174724878
13  20  -2.211874686e-16  -0.002044792705  0.9999979094  -0.00204479128
13  21  -8.817479709e-17  -0.002138918862  0.9999977125  -0.002138917232
13  22  -8.482239766e-17  -0.002339866264  0.9999972625  -0.002339864129
13  23  2.440886086e-16  -0.002540698391  0.9999967724  -0.002540695657
13  24  -1.212116603e-16  -0.002645777649  0.9999964999  -0.002645774563
13  25  -2.347249198e-16  -0.002604302592  0.9999966088  -0.002604299648
13  26  2.150484815e-16  -0.00243591202  0.9999970332  -0.002435909611
13  27  1.455831577e-17  -0.002219503813  0.9999975369  -0.002219501991
13  28  1.382045946e-17  -0.002058180068  0.9999978819  -0.002058178615
13  29  3.395188101e-17  -0.002059262014  0.9999978797  -0.002059260558
13  30  3.19457955e-16  -0.002368148867  0.9999971959  -0.002368146654
13  31  3.024922499e-16  -0.003367270072  0.9999943308  -0.003367263709
13  32  -7.608971947e-17  -0.006845291717  0.9999765711  -0.006845238257
13  33  -3.428160157e-16  -0.02687862193  0.9996387916  -0.02687538559
13  34  1.604609919e-16  -0.1740182046  0.9848970028  -0.1731412539
13  35  2.866053429e-16  -0.3959129767  0.9226448588  -0.3856507027
13  36  2.866053429e-16  -0.3959129767  0.9226448588  -0.3856507027

14  0  6.699687882e-17  -0.3928923106  0.9238055698  -0.3828619454
14  1  -2.812481032e-16  -0.2140071386  0.9771877371  -0.2123773211
14  2  -2.710033415e-16  -0.07895574907  0.9968846138  -0.07887373948
14  3  2.440209648e-16  -0.03557864681  0.9993671467  -0.03557114114
14  4  1.389182205e-16  -0.02101589853  0.9997791741  -0.02101435156
14  5  -1.145441488e-16  -0.01520734144  0.9998843706  -0.0152067553
14  6  7.903012304e-18  -0.01283151877  0.9999176772  -0.01283116666
14  7  -1.15590282e-16  -0.01237283267  0.9999234575  -0.01237251698
14  8  -9.65599308e-17  -0.01358799831  0.9999076846  -0.01358758018
14  9  -6.546315646e-17  -0.01715211522  0.9998529061  -0.01715127422
14  10  -6.804435511e-17  -0.02569983474  0.9996697774  -0.02569700579
14  11  -1.167221471e-16  -0.0490619368  0.9987967046  -0.04904225655
14  12  1.38603218e-16  -0.1321891711  0.9912757266  -0.1318045289
14  13  1.553365277e-16  -0.3972003537  0.9221476166  -0.3868381745
14  14  2.530603421e-17  -0.2581231215  0.9668707847  -0.2552663036
14  15  -7.601227881e-17  -0.04385690589  0.99903844  -0.04384284797
14  16  -2.456669071e-17  -0.01211615704  0.9999266003  -0.01211586059
14  17  -1.996095269e-16  -0.005556871974  0.9999845606  -0.005556843376
14  18  -1.836098071e-16  -0.003459819718  0.9999940148  -0.003459812816
14  19  -1.45362008e-16  -0.002582400963  0.9999966656  -0.002582398092
14  20  -1.308256982e-16  -0.002202235004  0.9999975751  -0.002202233223
14  21  -1.391270977e-16  -0.002092849729  0.99999781  -0.002092848201
14  22  -7.71566754e-17  -0.002138918862  0.9999977125  -0.002138917232
14  23  1.551614395e-16  -0.002248573336  0.999997472  -0.002248571441
14  24  -2.576440553e-16  -0.00234057103  0.9999972609  -0.002340568893
14  25  -2.974632778e-16  -0.002359049626  0.9999972174  -0.002359047438
14  26  5.26841874e-17  -0.002292688357  0.9999973718  -0.002292686349
14  27  -1.819821528e-16  -0.002178872915  0.9999976263  -0.002178871191
14  28  -3.583656101e-16  -0.002088934799  0.9999978182  -0.00208893328
14  29  -3.52973756e-16  -0.002109170363  0.9999977757  -0.002109168799
14  30  -1.885373688e-16  -0.002338767296  0.9999972651  -0.002338765164
14  31  1.400517163e-16  -0.002934047769  0.9999956957  -0.00293404356
14  32  -1.329146377e-16  -0.004313103152  0.9999906986  -0.004313089779
14  33  -1.582888161e-16  -0.008203276654  0.9999663533  -0.008203184649
14  34  2.505645677e-17  -0.02536128363  0.9996784199  -0.02535856501
14  35  1.84050463e-16  -0.154641788  0.9880667682  -0.1540261718
14  36  1.84050463e-16  -0.154641788  0.9880667682  -0.1540261718

15  0  -1.429250055e-16  -0.03641654167  0.999336991  -0.03640849314
15  1  -6.000334169e-17  -0.05892527943  0.998264408  -0.0588911854
15  2  2.586925485e-16  -0.05228347939  0.9986335302  -0.05225966262
15  3  1.036955576e-16  -0.0334843594  0.9994394512  -0.03347810263
15  4  -7.13011922e-17  -0.02106149943  0.9997782148  -0.02105994237
15  5  1.16290188e-16  -0.01457335121  0.9998938106  -0.01457283537
15  6  2.070857278e-16  -0.01144591835  0.9999344962  -0.01144566843
15  7  -1.522909185e-16  -0.01032799254  0.9999466668  -0.01032780893
15  8  2.139667746e-16  -0.01077708307  0.9999419278  -0.01077687445
15  9  8.67828172e-17  -0.0129965444  0.9999155461  -0.01299617853
15  10  1.9558172e-16  -0.01800950009  0.9998378333  -0.01800852657
15  11  -5.547314884e-18  -0.02826605132  0.9996005418  -0.02826228751
15  12  -2.93770411e-17  -0.04657371953  0.9989156404  -0.04655688409
15  13  -1.678452883e-16  -0.06047892303  0.9981717073  -0.06044206081
15  14  2.434099118e-16  -0.04385690589  0.99903844  -0.04384284797
15  15  1.233629597e-16  -0.02167262888  0.9997651578  -0.02167093231
15  16  1.707782096e-16  -0.0108679523  0.9999409444  -0.01086773836
15  17  1.121438794e-16  -0.006380473441  0.9999796448  -0.006380430149
15  18  -1.651409083e-16  -0.004308792563  0.9999907172  -0.00430877923
15  19  -2.337458801e-16  -0.003194857874  0.9999948964  -0.003194852439
15  20  1.903334766e-17  -0.002552943242  0.9999967412  -0.002552940469
15  21  -1.168358853e-16  -0.002202235004  0.9999975751  -0.002202233223
15  22  -1.074943962e-16  -0.002044792705  0.9999979094  -0.00204479128
15  23  3.304826228e-17  -0.002003875288  0.9999979922  -0.002003873947
15  24  -2.379640607e-16  -0.002013658112  0.9999979726  -0.002013656751
15  25  1.499240426e-16  -0.002025399631  0.9999979489  -0.002025398246
15  26  2.823946656e-16  -0.00201671169  0.9999979664  -0.002016710323
15  27  5.419069313e-17  -0.001996384188  0.9999980072  -0.001996382862
15  28  -2.955385587e-16  -0.002001964309  0.9999979961  -0.002001962972
15  29  -6.757051025e-17  -0.00209186807  0.999997812  -0.002091866545
15  30  1.524817203e-16  -0.002337527303  0.999997268  -0.002337525174
15  31  2.372771978e-16  -0.002825071548  0.9999960095  -0.00282506779
15  32  4.054693428e-16  -0.003688722436  0.9999931967  -0.003688714071
15  33  4.714028723e-17  -0.005250982256  0.9999862136  -0.005250958125
15  34  1.157949987e-16  -0.008519108052  0.9999637126  -0.008519005006
15  35  8.914026852e-17  -0.01667847241  0.9998609175  -0.01667769918
15  36  8.914026852e-17  -0.01667847241  0.9998609175  -0.01667769918

16  0  1.389272644e-16  -0.01017368252  0.9999482485  -0.01017350702
16  1  2.130941934e-16  -0.01211039929  0.99992667  -0.01211010327
16  2  1.320895748e-16  -0.01207985173  0.9999270395  -0.01207955795
16  3  -4.310802595e-17  -0.01005026889  0.9999494965  -0.0100500997
16  4  -2.986967865e-16  -0.007512437696  0.9999717818  -0.007512367033
16  5  1.000446716e-16  -0.005493343173  0.9999849116  -0.005493315545
16  6  8.505465079e-17  -0.004196366549  0.9999911953  -0.004196354234
16  7  1.890703451e-17  -0.003533178639  0.9999937583  -0.003533171288
16  8  -5.520723183e-17  -0.003418481519  0.999994157  -0.003418474861
16  9  2.168587427e-16  -0.003838220092  0.999992634  -0.003838210668
16  10  2.787510029e-19  -0.004854157868  0.9999882186  -0.004854138805
16  11  1.221133091e-16  -0.006571325807  0.9999784089  -0.006571278513
16  12  3.989284025e-16  -0.008943100146  0.9999600107  -0.008942980936
16  13  -1.946575004e-16  -0.01127293354  0.9999364612  -0.01127269478
16  14  1.151692675e-16  -0.01211615704  0.9999266003  -0.01211586059
16  15  1.238377656e-16  -0.0108679523  0.9999409444  -0.01086773836
16  16  1.038696789e-16  -0.008663049101  0.999962476  -0.008662940743
16  17  8.680257908e-17  -0.006670520216  0.9999777522  -0.006670470748
16  18  -3.238458624e-17  -0.005169516765  0.9999866381  -0.005169493741
16  19  1.613522042e-17  -0.004044108739  0.9999918226  -0.004044097715
16  20  3.013430743e-16  -0.003194857874  0.9999948964  -0.003194852439
16  21  -9.210192832e-17  -0.002582400963  0.9999966656  -0.002582398092
16  22  -3.836270216e-16  -0.002174726592  0.9999976353  -0.002174724878
16  23  -2.664215624e-16  -0.001927344123  0.9999981427  -0.00192734293
16  24  1.27415891e-16  -0.001791704307  0.9999983949  -0.001791703348
16  25  3.513977098e-16  -0.001728351006  0.9999985064  -0.001728350146
16  26  -1.38679272e-16  -0.00171462885  0.99999853  -0.00171462801
16  27  -5.84141753e-16  -0.001746497086  0.9999984749  -0.001746496198
16  28  -3.881259877e-17  -0.001838293653  0.9999983103  -0.001838292617
16  29  -1.199838929e-16  -0.002022121818  0.9999979555  -0.00202212044
16  30  -1.060437043e-16  -0.002343864941  0.9999972531  -0.002343862795
16  31  -5.978962843e-18  -0.002853289275  0.9999959294  -0.002853285404
16  32  3.371631457e-16  -0.003592289464  0.9999935477  -0.003592281738
16  33  -2.918940059e-17  -0.004598745188  0.9999894258  -0.004598728979
16  34  -3.43286371e-17  -0.00595260294  0.9999822833  -0.005952567786
16  35  -2.271181578e-19  -0.007815785088  0.9999694569  -0.007815705515
16  36  -2.271181578e-19  -0.007815785088  0.9999694569  -0.007815705515

17  0  1.479443239e-16  -0.006712242213  0.999977473  -0.006712191811
17  1  -1.432996313e-16  -0.0066795734  0.9999776917  -0.00667952373
17  2  9.64433311e-17  -0.006058884302  0.999981645  -0.006058847232
17  3  2.771259683e-16  -0.005005805229  0.999987471  -0.005005784323
17  4  -2.905232767e-16  -0.003874242263  0.9999924951  -0.003874232571
17  5  -2.673495099e-16  -0.002925385882  0.9999957211  -0.002925381709
17  6  1.206919428e-17  -0.002246531516  0.9999974765  -0.002246529626
17  7  4.530114647e-16  -0.001832720733  0.9999983206  -0.001832719707
17  8  -5.134672058e-17  -0.001662178986  0.9999986186  -0.001662178221
17  9  -4.15594867e-17  -0.001724185088  0.9999985136  -0.001724184233
17  10  -1.633465012e-16  -0.002022814122  0.9999979541  -0.002022812743
17  11  -9.309764224e-17  -0.002575587435  0.9999966832  -0.002575584588
17  12  -2.072208531e-16  -0.003398877682  0.9999942238  -0.003398871138
17  13  -1.248127006e-16  -0.004453605801  0.9999900827  -0.004453591079
17  14  -9.780961648e-17  -0.005556871974  0.9999845606  -0.005556843375
17  15  6.08342016e-17  -0.006380473441  0.9999796448  -0.006380430149
17  16  2.96186716e-16  -0.006670520216  0.9999777522  -0.006670470748
17  17  -9.071591599e-17  -0.006455963351  0.9999791603  -0.006455918504
17  18  1.363371744e-16  -0.005915308312  0.9999825046  -0.005915273815
17  19  -6.359479926e-17  -0.005169516766  0.9999866381  -0.005169493741
17  20  1.037537636e-16  -0.004308792563  0.9999907172  -0.00430877923
17  21  5.397817972e-17  -0.003459819718  0.9999940148  -0.003459812816
17  22  -1.852870167e-16  -0.002738823186  0.9999962494  -0.002738819762
17  23  -5.411614425e-17  -0.002196887899  0.9999975868  -0.002196886132
17  24  1.401102626e-16  -0.001828741727  0.9999983279  -0.001828740707
17  25  1.496603781e-16  -0.001608938979  0.9999987057  -0.001608938285
17  26  -2.829746929e-16  -0.001516844474  0.9999988496  -0.001516843893
17  27  -1.146926922e-17  -0.001543930224  0.9999988081  -0.00154392961
17  28  1.563196861e-16  -0.001693300487  0.9999985664  -0.001693299677
17  29  -7.515328038e-17  -0.001980166723  0.9999980395  -0.001980165429
17  30  -3.607107016e-16  -0.002430416468  0.9999970465  -0.002430414075
17  31  2.397450366e-17  -0.003066186066  0.9999952993  -0.003066181262
17  32  1.551596873e-16  -0.003872925787  0.9999925002  -0.003872916105
17  33  8.165357312e-17  -0.00476699604  0.9999886379  -0.004766977986
17  34  2.025950094e-16  -0.005613393745  0.9999842449  -0.005613364266
17  35  -8.454133819e-17  -0.006296239503  0.9999801787  -0.006296197903
17  36  -8.454133819e-17  -0.006296239503  0.9999801787  -0.006296197903

18  0  -9.447693982e-17  -0.006296239503  0.9999801787  -0.006296197903
18  1  -4.061037734e-17  -0.005613393745  0.9999842449  -0.005613364266
18  2  4.645055928e-16  -0.00476699604  0.9999886379  -0.004766977986
18  3  2.025489485e-17  -0.003872925787  0.9999925002  -0.003872916105
18  4  -4.335842133e-17  -0.003066186066  0.9999952993  -0.003066181262
18  5  -9.409516319e-17  -0.002430416468  0.9999970465  -0.002430414075
18  6  -1.433920567e-16  -0.001980166723  0.9999980395  -0.001980165429
18  7  5.338128604e-17  -0.001693300487  0.9999985664  -0.001693299677
18  8  -1.586781432e-16  -0.001543930224  0.9999988081  -0.00154392961
18  9  -6.837693578e-17  -0.001516844474  0.9999988496  -0.001516843893
18  10  -3.033575653e-16  -0.001608938979  0.9999987057  -0.001608938285
18  11  -3.637571716e-17  -0.001828741727  0.9999983279  -0.001828740707
18  12  -2.955505302e-16  -0.002196887899  0.9999975868  -0.002196886132
18  13  -1.713282998e-16  -0.002738823186  0.9999962494  -0.002738819762
18  14  9.944795678e-17  -0.003459819718  0.9999940148  -0.003459812816
18  15  -2.364230444e-17  -0.004308792563  0.9999907172  -0.00430877923
18  16  -1.388139725e-16  -0.005169516765  0.9999866381  -0.005169493741
18  17  -1.578796987e-16  -0.005915308312  0.9999825046  -0.005915273815
18  18  -2.970521079e-17  -0.006455963351  0.9999791603  -0.006455918504
18  19  -5.155467253e-17  -0.006670520216  0.9999777522  -0.006670470748
18  20  2.879930075e-16  -0.006380473441  0.9999796448  -0.006380430149
18  21  2.687541187e-16  -0.005556871974  0.9999845606  -0.005556843375
18  22  2.423231591e-17  -0.004453605801  0.9999900827  -0.004453591079
18  23  1.52235081e-16  -0.003398877682  0.9999942238  -0.003398871138
18  24  2.287735098e-17  -0.002575587435  0.9999966832  -0.002575584588
18  25  -1.597113864e-17  -0.002022814122  0.9999979541  -0.002022812743
18  26  1.086571324e-17  -0.001724185088  0.9999985136  -0.001724184233
18  27  2.592921288e-16  -0.001662178986  0.9999986186  -0.001662178221
18  28  1.683230345e-17  -0.001832720733  0.9999983206  -0.001832719707
18  29  -1.745886238e-16  -0.002246531515  0.9999974765  -0.002246529626
18  30  -1.351406918e-16  -0.002925385882  0.9999957211  -0.002925381709
18  31  3.85621991e-16  -0.003874242263  0.9999924951  -0.003874232571
18  32  4.230964193e-17  -0.005005805229  0.999987471  -0.005005784323
18  33  1.897639053e-17  -0.006058884302  0.999981645  -0.006058847232
18  34  3.671467242e-16  -0.0066795734  0.9999776917  -0.00667952373
18  35  1.027207908e-16  -0.006712242213  0.999977473  -0.006712191811
18  36  1.027207908e-16  -0.006712242213  0.999977473  -0.006712191811

19  0  -4.229081015e-16  -0.007815785088  0.9999694569  -0.007815705515
19  1  4.434531834e-17  -0.00595260294  0.9999822833  -0.005952567786
19  2  2.103855242e-16  -0.004598745189  0.9999894258  -0.004598728979
19  3  -1.705379623e-16  -0.003592289464  0.9999935477  -0.003592281738
19  4  -1.271352446e-16  -0.002853289275  0.9999959294  -0.002853285404
19  5  -1.099937784e-16  -0.002343864941  0.9999972531  -0.002343862795
19  6  -1.743671002e-17  -0.002022121818  0.9999979555  -0.00202212044
19  7  -1.650603791e-17  -0.001838293653  0.9999983103  -0.001838292617
19  8  3.248500012e-16  -0.001746497086  0.9999984749  -0.001746496198
19  9  -6.572654828e-17  -0.00171462885  0.99999853  -0.00171462801
19  10  1.955261057e-16  -0.001728351006  0.9999985064  -0.001728350146
19  11  9.614675175e-17  -0.001791704307  0.9999983949  -0.001791703348
19  12  -3.777980599e-16  -0.001927344123  0.9999981427  -0.00192734293
19  13  1.420799521e-16  -0.002174726592  0.9999976353  -0.002174724878
19  14  5.695715989e-17  -0.002582400963  0.9999966656  -0.002582398093
19  15  -1.864606285e-16  -0.003194857874  0.9999948964  -0.003194852439
19  16  -2.913550341e-16  -0.004044108739  0.9999918226  -0.004044097715
19  17  -1.598313073e-16  -0.005169516765  0.9999866381  -0.005169493741
19  18  -1.145422793e-16  -0.006670520216  0.9999777522  -0.006670470748
19  19  1.869107631e-16  -0.008663049101  0.999962476  -0.008662940744
19  20  -6.379297094e-20  -0.0108679523  0.9999409444  -0.01086773836
19  21  2.751721051e-16  -0.01211615704  0.9999266003  -0.01211586059
19  22  6.863699601e-17  -0.01127293354  0.9999364612  -0.01127269478
19  23  -2.193730623e-16  -0.008943100146  0.9999600107  -0.008942980936
19  24  -7.826118555e-17  -0.006571325807  0.9999784089  -0.006571278513
19  25  -1.235840239e-16  -0.004854157868  0.9999882186  -0.004854138805
19  26  -1.134046832e-16  -0.003838220092  0.999992634  -0.003838210668
19  27  3.806410905e-16  -0.003418481519  0.999994157  -0.003418474861
19  28  -7.906133454e-17  -0.003533178639  0.9999937583  -0.003533171288
19  29  -3.339418033e-16  -0.004196366549  0.9999911953  -0.004196354234
19  30  3.368706005e-17  -0.005493343173  0.9999849116  -0.005493315545
19  31  1.980174187e-16  -0.007512437696  0.9999717818  -0.007512367033
19  32  1.39773264e-16  -0.01005026889  0.9999494965  -0.0100500997
19  33  -2.909249625e-16  -0.01207985173  0.9999270395  -0.01207955795
19  34  5.354641714e-17  -0.01211039929  0.99992667  -0.01211010327
19  35  -1.691056325e-16  -0.01017368252  0.9999482485  -0.01017350702
19  36  -1.691056325e-16  -0.01017368252  0.9999482485  -0.01017350702

20  0  -1.093705168e-16  -0.01667847241  0.9998609175  -0.01667769918
20  1  -6.047258819e-17  -0.008519108052  0.9999637126  -0.008519005006
20  2  1.81297055e-16  -0.005250982256  0.9999862136  -0.005250958125
20  3  -9.51744621e-17  -0.003688722436  0.9999931967  -0.003688714071
20  4  -2.842965311e-16  -0.002825071548  0.9999960095  -0.00282506779
20  5  -2.370068273e-17  -0.002337527303  0.999997268  -0.002337525174
20  6  2.722379974e-16  -0.00209186807  0.999997812  -0.002091866545
20  7  -1.882359034e-16  -0.002001964309  0.9999979961  -0.002001962972
20  8  -2.42287136e-16  -0.001996384188  0.9999980072  -0.001996382862
20  9  -3.220708854e-16  -0.00201671169  0.9999979664  -0.002016710323
20  10  -6.555951303e-17  -0.002025399631  0.9999979489  -0.002025398246
20  11  -1.985492546e-17  -0.002013658112  0.9999979726  -0.002013656751
20  12  -1.778513049e-16  -0.002003875288  0.9999979922  -0.002003873947
20  13  2.11138472e-16  -0.002044792705  0.9999979094  -0.00204479128
20  14  -1.062461088e-16  -0.002202235004  0.9999975751  -0.002202233223
20  15  -3.225662547e-16  -0.002552943242  0.9999967412  -0.002552940469
20  16  1.454531552e-16  -0.003194857874  0.9999948964  -0.003194852439
20  17  -2.207292796e-16  -0.004308792563  0.9999907172  -0.00430877923
20  18  1.907183324e-16  -0.006380473441  0.9999796448  -0.006380430149
20  19  1.805461484e-16  -0.0108679523  0.9999409444  -0.01086773836
20  20  -2.844399006e-18  -0.02167262888  0.9997651578  -0.0216709323
20  21  -7.321314269e-17  -0.04385690589  0.99903844  -0.04384284797
20  22  1.050295876e-16  -0.06047892303  0.9981717073  -0.06044206082
20  23  8.270045771e-17  -0.04657371953  0.9989156404  -0.04655688409
20  24  -1.326479789e-16  -0.02826605132  0.9996005418  -0.02826228751
20  25  4.326364785e-16  -0.01800950009  0.9998378333  -0.01800852657
20  26  -2.340914227e-17  -0.0129965444  0.9999155461  -0.01299617853
20  27  -1.231972654e-16  -0.01077708307  0.9999419278  -0.01077687445
20  28  -2.935494162e-17  -0.01032799254  0.9999466668  -0.01032780893
20  29  1.911021278e-16  -0.01144591835  0.9999344962  -0.01144566843
20  30  9.41332433e-17  -0.01457335121  0.9998938106  -0.01457283537
20  31  4.024830265e-16  -0.02106149943  0.9997782148  -0.02105994237
20  32  8.102986697e-17  -0.0334843594  0.9994394512  -0.03347810263
20  33  -2.096904084e-16  -0.05228347939  0.9986335302  -0.05225966262
20  34  1.673953646e-16  -0.05892527943  0.998264408  -0.0588911854
20  35  2.721582756e-16  -0.03641654167  0.999336991  -0.03640849315
20  36  2.721582756e-16  -0.03641654167  0.999336991  -0.03640849315

21  0  -2.958782674e-17  -0.154641788  0.9880667682  -0.1540261718
21  1  -2.080433157e-16  -0.02536128363  0.9996784199  -0.02535856501
21  2  -1.941393275e-16  -0.008203276653  0.9999663533  -0.008203184649
21  3  2.008225533e-16  -0.004313103152  0.9999906986  -0.004313089779
21  4  1.034382814e-16  -0.002934047769  0.9999956957  -0.00293404356
21  5  8.951623333e-17  -0.002338767296  0.9999972651  -0.002338765164
21  6  2.362239612e-16  -0.002109170363  0.9999977757  -0.002109168799
21  7  -2.210511885e-17  -0.002088934799  0.9999978182  -0.00208893328
21  8  -8.799539754e-17  -0.002178872915  0.9999976263  -0.002178871191
21  9  -2.359090533e-16  -0.002292688357  0.9999973718  -0.002292686349
21  10  1.702576998e-16  -0.002359049626  0.9999972174  -0.002359047438
21  11  -1.41831989e-16  -0.00234057103  0.9999972609  -0.002340568893
21  12  -2.48923535e-16  -0.002248573336  0.999997472  -0.002248571441
21  13  8.56395138e-18  -0.002138918862  0.9999977125  -0.002138917232
21  14  -2.479563272e-16  -0.002092849729  0.99999781  -0.002092848201
21  15  -3.697324173e-16  -0.002202235003  0.9999975751  -0.002202233223
21  16  -9.54259003e-17  -0.002582400963  0.9999966656  -0.002582398092
21  17  -1.856264145e-16  -0.003459819718  0.9999940148  -0.003459812816
21  18  -2.286099944e-16  -0.005556871974  0.9999845606  -0.005556843375
21  19  -1.656246706e-17  -0.01211615704  0.9999266003  -0.01211586059
21  20  3.462278905e-17  -0.04385690589  0.99903844  -0.04384284797
21  21  -2.176519119e-16  -0.2581231215  0.9668707847  -0.2552663036
21  22  -2.814638376e-16  -0.3972003537  0.9221476166  -0.3868381745
21  23  1.845654548e-16  -0.1321891711  0.9912757266  -0.1318045289
21  24  -1.812641527e-16  -0.04906193679  0.9987967046  -0.04904225655
21  25  -2.814072842e-16  -0.02569983474  0.9996697774  -0.02569700579
21  26  -2.996596245e-16  -0.01715211522  0.9998529061  -0.01715127422
21  27  -2.485552149e-16  -0.01358799831  0.9999076846  -0.01358758018
21  28  4.80373877e-17  -0.01237283267  0.9999234575  -0.01237251698
21  29  -2.126368977e-16  -0.01283151877  0.9999176772  -0.01283116666
21  30  7.043713038e-17  -0.01520734144  0.9998843706  -0.0152067553
21  31  -9.303464483e-17  -0.02101589853  0.9997791741  -0.02101435156
21  32  1.110769498e-16  -0.03557864681  0.9993671467  -0.03557114114
21  33  2.222503125e-16  -0.07895574907  0.9968846138  -0.07887373948
21  34  3.410162679e-16  -0.2140071386  0.9771877371  -0.2123773211
21  35  2.072719254e-16  -0.3928923106  0.9238055698  -0.3828619454
21  36  2.072719254e-16  -0.3928923106  0.9238055698  -0.3828619454

22  0  5.441335593e-17  -0.3959129767  0.9226448588  -0.3856507027
22  1  -3.596190018e-16  -0.1740182046  0.9848970028  -0.1731412539
22  2  -5.256369126e-16  -0.02687862193  0.9996387916  -0.02687538559
22  3  9.961366177e-18  -0.006845291717  0.9999765711  -0.006845238257
22  4  2.176837342e-16  -0.003367270072  0.9999943308  -0.003367263709
22  5  1.218467238e-17  -0.002368148867  0.9999971959  -0.002368146654
22  6  -6.85468032e-17  -0.002059262014  0.9999978797  -0.002059260558
22  7  -3.085519318e-17  -0.002058180068  0.9999978819  -0.002058178615
22  8  5.121421137e-18  -0.002219503813  0.9999975369  -0.002219501991
22  9  -1.394878617e-16  -0.00243591202  0.9999970332  -0.002435909611
22  10  -5.08740396e-17  -0.002604302592  0.9999966088  -0.002604299648
22  11  -1.0602668e-16  -0.002645777649  0.9999964999  -0.002645774563
22  12  1.69855269e-16  -0.002540698391  0.9999967724  -0.002540695657
22  13  -2.007872644e-16  -0.002339866264  0.9999972625  -0.002339864129
22  14  -3.24561561e-16  -0.002138918862  0.9999977125  -0.002138917232
22  15  -1.816438689e-16  -0.002044792705  0.9999979094  -0.00204479128
22  16  -2.134590008e-16  -0.002174726592  0.9999976353  -0.002174724878
22  17  -1.522842108e-16  -0.002738823186  0.9999962494  -0.002738819762
22  18  7.506774431e-17  -0.004453605801  0.9999900827  -0.004453591079
22  19  -6.508996159e-18  -0.01127293354  0.9999364612  -0.01127269478
22  20  -1.807400164e-16  -0.06047892303  0.9981717073  -0.06044206082
22  21  -4.294158033e-17  -0.3972003537  0.9221476166  -0.3868381745
22  22  1.743880336e-16  -0.2641644538  0.9653110013  -0.2611027975
22  23  9.898589942e-17  -0.05359238191  0.998564272  -0.05356673143
22  24  -5.430603553e-17  -0.02017707332  0.9997964498  -0.02017570428
22  25  -1.489356969e-16  -0.01139623923  0.9999350636  -0.01139599256
22  26  -3.088910308e-16  -0.00801647859  0.9999678682  -0.008016392728
22  27  -2.553707432e-16  -0.006423358794  0.9999793703  -0.006423314623
22  28  -1.735706015e-16  -0.005684497397  0.9999838433  -0.005684466783
22  29  2.668727323e-18  -0.005567025871  0.9999845042  -0.005566997116
22  30  1.006158361e-16  -0.006052604247  0.999981683  -0.006052567292
22  31  -1.534521173e-16  -0.007272903535  0.9999735526  -0.007272839419
22  32  7.841763825e-17  -0.00981016694  0.9999518807  -0.009810009587
22  33  -9.387722514e-17  -0.01593216939  0.9998730857  -0.01593149537
22  34  -2.472041369e-17  -0.03681224221  0.9993225059  -0.03680392848
22  35  1.029447399e-16  -0.1585944295  0.9874502411  -0.1579304322
22  36  1.029447399e-16  -0.1585944295  0.9874502411  -0.1579304322

23  0  2.62158715e-17  -0.03454019522  0.9994035468  -0.03453332775
23  1  -3.519428016e-17  -0.107717714  0.9942040545  -0.1075095248
23  2  -1.93481439e-16  -0.08400479348  0.9964736718  -0.08390602742
23  3  1.921926232e-16  -0.01994619741  0.9998010812  -0.01994487484
23  4  4.067534283e-16  -0.005158759436  0.9999866936  -0.005158736555
23  5  2.534899655e-16  -0.002583498772  0.9999966628  -0.002583495898
23  6  1.034834068e-16  -0.001982015525  0.9999980358  -0.001982014227
23  7  3.631180653e-16  -0.001921655924  0.9999981536  -0.001921654741
23  8  2.882210162e-16  -0.002100045099  0.9999977949  -0.002100043555
23  9  2.644959052e-17  -0.00238524999  0.9999971553  -0.002385247729
23  10  -2.412791222e-16  -0.002658518421  0.9999964661  -0.002658515289
23  11  -1.096535557e-16  -0.00280503571  0.9999960659  -0.002805032031
23  12  3.796506036e-16  -0.002758463065  0.9999961954  -0.002758459567
23  13  -1.272202718e-16  -0.00254069839  0.9999967724  -0.002540695657
23  14  -3.018724237e-17  -0.002248573336  0.999997472  -0.002248571441
23  15  -2.479380397e-16  -0.002003875288  0.9999979922  -0.002003873947
23  16  -1.945373889e-16  -0.001927344123  0.9999981427  -0.00192734293
23  17  -7.259182352e-17  -0.002196887899  0.9999975868  -0.002196886132
23  18  -2.729328129e-17  -0.003398877682  0.9999942238  -0.003398871137
23  19  -2.463930999e-16  -0.008943100146  0.9999600107  -0.008942980936
23  20  -3.445046175e-16  -0.04657371953  0.9989156404  -0.04655688409
23  21  -2.886342905e-16  -0.1321891711  0.9912757266  -0.1318045289
23  22  1.336388164e-16  -0.05359238191  0.998564272  -0.05356673143
23  23  -4.756532371e-17  -0.0160559852  0.9998711054  -0.01605529535
23  24  1.626928119e-16  -0.007559435329  0.9999714276  -0.007559363331
23  25  -2.999758663e-16  -0.004732298898  0.9999888027  -0.004732281235
23  26  -4.689485728e-17  -0.003378176089  0.999994294  -0.003378169663
23  27  1.789156749e-16  -0.002474243801  0.9999969391  -0.002474241276
23  28  -2.781443109e-16  -0.001802081529  0.9999983763  -0.001802080553
23  29  7.379252531e-17  -0.001461248643  0.9999989324  -0.001461248123
23  30  2.260964312e-16  -0.001584364696  0.9999987449  -0.001584364034
23  31  8.235276911e-17  -0.002129744538  0.9999977321  -0.002129742928
23  32  -1.992577801e-16  -0.002953978404  0.999995637  -0.002953974108
23  33  3.921907704e-16  -0.004098057808  0.999991603  -0.004098046337
23  34  2.510927144e-16  -0.006175805538  0.9999809298  -0.00617576628
23  35  8.095439012e-17  -0.01173537624  0.9999311413  -0.01173510688
23  36  8.095439012e-17  -0.01173537624  0.9999311413  -0.01173510688

24  0  -1.329377319e-16  -0.005692146088  0.9999837998  -0.00569211535
24  1  -1.562356721e-16  -0.01358411461  0.9999077373  -0.01358369684
24  2  -6.579756322e-17  -0.03784912311  0.9992838074  -0.03784008692
24  3  1.327669574e-16  -0.04102162108  0.9991587313  -0.04101011703
24  4  1.709957018e-16  -0.01329722688  0.9999115932  -0.01329683502
24  5  9.287642636e-17  -0.003744155748  0.9999929907  -0.003744147
24  6  6.053357297e-17  -0.00201697915  0.9999979659  -0.002016977782
24  7  -2.870276551e-16  -0.001741540057  0.9999984835  -0.001741539177
24  8  -1.652668535e-16  -0.001867575478  0.9999982561  -0.001867574393
24  9  -2.747661437e-16  -0.002161434044  0.9999976641  -0.002161432361
24  10  -1.622925367e-16  -0.002496736865  0.9999968832  -0.002496734271
24  11  1.936246243e-16  -0.002746566122  0.9999962282  -0.002746562669
24  12  -7.390408824e-18  -0.00280503571  0.9999960659  -0.002805032031
24  13  2.364020236e-16  -0.002645777649  0.9999964999  -0.002645774563
24  14  8.971296881e-17  -0.00234057103  0.9999972609  -0.002340568893
24  15  -2.458113944e-16  -0.002013658112  0.9999979726  -0.002013656751
24  16  -9.158396391e-17  -0.001791704307  0.9999983949  -0.001791703348
24  17  -2.906003649e-16  -0.001828741727  0.9999983279  -0.001828740707
24  18  -6.906941767e-17  -0.002575587435  0.9999966832  -0.002575584588
24  19  6.116917729e-17  -0.006571325807  0.9999784089  -0.006571278513
24  20  -1.393019213e-16  -0.02826605132  0.9996005418  -0.02826228751
24  21  -2.487224354e-16  -0.04906193679  0.9987967046  -0.04904225655
24  22  -2.270917759e-16  -0.02017707332  0.9997964498  -0.02017570428
24  23  -3.178628768e-17  -0.007559435329  0.9999714276  -0.007559363331
24  24  3.495137789e-16  -0.003969524888  0.9999921214  -0.003969514463
24  25  1.850796861e-16  -0.002566056742  0.9999967077  -0.002566053926
24  26  2.60228837e-16  -0.001622963782  0.999998683  -0.001622963069
24  27  9.189907875e-17  -0.0005275202796  0.9999998609  -0.0005275202551
24  28  -1.885020007e-16  0.0008663930588  0.9999996247  0.0008663929504
24  29  -3.654190726e-16  0.002147169062  0.9999976948  0.002147167413
24  30  1.621570674e-16  0.002511731745  0.9999968456  0.002511729104
24  31  -1.422103867e-16  0.001656232824  0.9999986284  0.001656232067
24  32  -3.328486135e-16  0.0002085394232  0.9999999783  0.0002085394217
24  33  -1.843161658e-16  -0.001103707887  0.9999993909  -0.001103707663
24  34  -1.863017101e-16  -0.002132084163  0.9999977271  -0.002132082548
24  35  -2.310879802e-16  -0.00327841662  0.999994626  -0.003278410747
24  36  -2.310879802e-16  -0.00327841662  0.999994626  -0.003278410747

25  0  -2.495978247e-16  -0.002073565007  0.9999978502  -0.002073563521
25  1  3.177096171e-17  -0.003596156419  0.9999935338  -0.003596148668
25  2  2.080313362e-16  -0.007895704037  0.9999688291  -0.007895621998
25  3  -1.174600354e-16  -0.01982990297  0.9998033939  -0.0198286034
25  4  9.151769101e-17  -0.02393825712  0.9997134936  -0.02393597092
25  5  -2.921604189e-16  -0.009167244903  0.9999579811  -0.009167116504
25  6  -1.185168149e-16  -0.002775914523  0.9999961472  -0.002775910958
25  7  -1.912246267e-16  -0.001657820517  0.9999986258  -0.001657819757
25  8  -2.997760853e-16  -0.001611971328  0.9999987008  -0.00161197063
25  9  5.744983211e-17  -0.001852482977  0.9999982842  -0.001852481917
25  10  2.897835771e-16  -0.002188600581  0.999997605  -0.002188598833
25  11  1.677935058e-16  -0.002496736865  0.9999968832  -0.002496734271
25  12  -4.863084428e-17  -0.002658518421  0.9999964661  -0.002658515289
25  13  1.933519144e-16  -0.002604302592  0.9999966088  -0.002604299648
25  14  -1.838754153e-16  -0.002359049626  0.9999972174  -0.002359047438
25  15  -1.895956136e-16  -0.002025399631  0.9999979489  -0.002025398246
25  16  1.816714788e-17  -0.001728351006  0.9999985064  -0.001728350146
25  17  -2.312763177e-16  -0.001608938979  0.9999987057  -0.001608938284
25  18  2.420650379e-16  -0.002022814122  0.9999979541  -0.002022812743
25  19  -2.106782389e-17  -0.004854157868  0.9999882186  -0.004854138805
25  20  8.30339218e-17  -0.01800950009  0.9998378333  -0.01800852657
25  21  -4.231736485e-17  -0.02569983474  0.9996697774  -0.02569700579
25  22  -1.17572585e-16  -0.01139623923  0.9999350636  -0.01139599256
25  23  -8.68647456e-17  -0.004732298898  0.9999888027  -0.004732281235
25  24  -5.87565221e-18  -0.002566056742  0.9999967077  -0.002566053926
25  25  -1.986789076e-16  -0.001559821662  0.9999987835  -0.00155982103
25  26  2.869584765e-17  -0.0004661324995  0.9999998914  -0.0004661324826
25  27  8.867379203e-17  0.001770282206  0.9999984331  0.001770281282
25  28  1.533232661e-16  0.006458813377  0.9999791419  0.006458768471
25  29  -6.537465739e-17  0.01397410719  0.9999023638  0.01397365239
25  30  -1.860383323e-16  0.02030744107  0.999793811  0.02030604532
25  31  9.150928101e-17  0.01876265931  0.9998239865  0.01876155847
25  32  -1.39611377e-16  0.01105225618  0.9999389244  0.01105203117
25  33  8.67566062e-17  0.004258258216  0.9999909336  0.004258245347
25  34  -2.818480462e-16  0.0006000409731  0.99999982  0.0006000409371
25  35  -2.389375074e-16  -0.001063617021  0.9999994344  -0.001063616821
25  36  -2.389375074e-16  -0.001063617021  0.9999994344  -0.001063616821

26  0  -2.731659478e-17  0.0005762885996  0.9999998339  0.0005762885677
26  1  -1.450721765e-16  -0.001042107907  0.999999457  -0.001042107718
26  2  -1.758015544e-16  -0.002452794947  0.9999969919  -0.002452792487
26  3  -3.950860783e-16  -0.005589750024  0.9999843774  -0.005589720915
26  4  -2.017216392e-16  -0.01335227842  0.9999108597  -0.01335188167
26  5  -2.34557963e-16  -0.01663832493  0.9998615863  -0.01663755727
26  6  2.295292168e-16  -0.006932646769  0.9999759693  -0.006932591237
26  7  2.159534038e-16  -0.002227674676  0.9999975187  -0.002227672834
26  8  -9.417686605e-17  -0.001484276116  0.9999988985  -0.001484275571
26  9  -2.333333797e-16  -0.001571163423  0.9999987657  -0.001571162777
26  10  -2.179193774e-17  -0.001852482977  0.9999982842  -0.001852481917
26  11  6.299246918e-17  -0.002161434044  0.9999976641  -0.002161432361
26  12  -2.176982178e-16  -0.00238524999  0.9999971553  -0.002385247729
26  13  -1.017994714e-16  -0.00243591202  0.9999970332  -0.002435909611
26  14  -3.324183746e-17  -0.002292688357  0.9999973718  -0.002292686349
26  15  -2.53184079e-17  -0.00201671169  0.9999979664  -0.002016710323
26  16  -1.457910755e-16  -0.00171462885  0.99999853  -0.00171462801
26  17  -7.319748601e-17  -0.001516844474  0.9999988496  -0.001516843893
26  18  -1.297752242e-16  -0.001724185088  0.9999985136  -0.001724184233
26  19  -2.383219026e-16  -0.003838220092  0.999992634  -0.003838210668
26  20  -1.714807817e-16  -0.0129965444  0.9999155461  -0.01299617853
26  21  -1.104918945e-16  -0.01715211522  0.9998529061  -0.01715127422
26  22  -1.732005284e-16  -0.008016478589  0.9999678682  -0.008016392728
26  23  -2.183936893e-16  -0.003378176089  0.999994294  -0.003378169663
26  24  9.78989745e-17  -0.001622963781  0.999998683  -0.001622963069
26  25  -8.598136429e-17  -0.0004661324994  0.9999998914  -0.0004661324826
26  26  1.349195794e-16  0.00171998958  0.9999985208  0.001719988732
26  27  3.475357013e-17  0.008824203684  0.999961067  0.008824089166
26  28  1.489458046e-16  0.03323166957  0.9994478789  0.03322555337
26  29  -1.074609127e-18  0.09729993695  0.9952700945  0.09714648202
26  30  4.468856949e-17  0.1826331561  0.9833688698  0.1816195638
26  31  5.399174322e-17  0.2076162944  0.9785250427  0.206127972
26  32  -3.19883429e-16  0.1491355585  0.988899889  0.148583342
26  33  -1.224485905e-17  0.06906845303  0.9976157225  0.06901355152
26  34  6.572325978e-17  0.02153504756  0.9997681298  0.02153338309
26  35  2.037497618e-16  0.005186419523  0.9999865506  0.005186396272
26  36  2.037497618e-16  0.005186419523  0.9999865506  0.005186396272

27  0  3.638673621e-16  0.02363382751  0.9997207341  0.02363162743
27  1  6.888404272e-17  0.005280246234  0.9999860595  0.005280221697
27  2  -2.222395938e-16  0.0006473892204  0.9999997904  0.0006473891752
27  3  8.091723891e-17  -0.001452409655  0.9999989453  -0.001452409144
27  4  -1.327548513e-16  -0.004366440366  0.9999904671  -0.004366426492
27  5  -3.839081086e-16  -0.01055795989  0.9999442653  -0.01055776374
27  6  -1.142245091e-16  -0.01346835575  0.9999093031  -0.01346794857
27  7  -3.695989651e-16  -0.005958770038  0.9999822466  -0.005958734775
27  8  -2.118999685e-16  -0.002050971454  0.9999978968  -0.002050970016
27  9  -3.545784717e-16  -0.001484276116  0.9999988985  -0.001484275571
27  10  3.934093389e-17  -0.001611971328  0.9999987008  -0.00161197063
27  11  6.652164754e-17  -0.001867575478  0.9999982561  -0.001867574393
27  12  7.515688326e-17  -0.002100045099  0.9999977949  -0.002100043555
27  13  2.150565303e-16  -0.002219503813  0.9999975369  -0.002219501991
27  14  1.215273499e-16  -0.002178872915  0.9999976263  -0.002178871191
27  15  1.816074316e-16  -0.001996384188  0.9999980072  -0.001996382862
27  16  -2.717393403e-16  -0.001746497086  0.9999984749  -0.001746496198
27  17  2.871262977e-16  -0.001543930223  0.9999988081  -0.00154392961
27  18  1.841217407e-16  -0.001662178986  0.9999986186  -0.001662178221
27  19  2.937357058e-16  -0.003418481519  0.999994157  -0.003418474861
27  20  3.283740499e-17  -0.01077708307  0.9999419278  -0.01077687445
27  21  2.909365602e-16  -0.01358799831  0.9999076846  -0.01358758018
27  22  3.53977456e-16  -0.006423358794  0.9999793703  -0.006423314623
27  23  1.138127316e-16  -0.002474243801  0.9999969391  -0.002474241276
27  24  2.750262047e-16  -0.0005275202795  0.9999998609  -0.000527520255
27  25  1.263351207e-17  0.001770282206  0.9999984331  0.001770281282
27  26  3.193458272e-16  0.008824203685  0.999961067  0.008824089167
27  27  1.182333408e-16  0.03861480556  0.999254541  0.03860520983
27  28  2.657031259e-16  0.1017143424  0.9948315546  0.101539047
27  29  1.927040637e-16  0.1258225235  0.9920947837  0.125490797
27  30  3.098462568e-16  0.1086671457  0.9941015335  0.1084534051
27  31  2.977836076e-16  0.0955863925  0.9954350981  0.09544090069
27  32  -2.459682251e-16  0.1005010701  0.9949540168  0.1003319709
27  33  -2.517671171e-16  0.1110873823  0.9938361394  0.110859046
27  34  6.929261306e-17  0.1023207783  0.9947697947  0.1021423297
27  35  3.209779604e-16  0.06749364907  0.9977231682  0.0674424174
27  36  3.209779604e-16  0.06749364907  0.9977231682  0.0674424174

28  0  2.107188503e-16  0.0815919918  0.9966732197  0.08150149217
28  1  -5.550591827e-17  0.07056536476  0.9975112976  0.07050681631
28  2  1.258609977e-17  0.01946484425  0.9998105659  0.01946361513
28  3  -1.469893623e-16  0.003584004084  0.9999935775  0.003583996412
28  4  -9.778537371e-17  -0.0004500567567  0.9999998987  -0.0004500567415
28  5  7.847588986e-17  -0.00366802281  0.9999932728  -0.003668014585
28  6  -1.090454287e-16  -0.009433373505  0.9999555061  -0.009433233595
28  7  -2.308534973e-16  -0.01256057912  0.999921117  -0.01256024884
28  8  6.956081234e-17  -0.005958770039  0.9999822466  -0.005958734776
28  9  -1.94019813e-16  -0.002227674676  0.9999975187  -0.002227672834
28  10  5.041539428e-17  -0.001657820517  0.9999986258  -0.001657819757
28  11  -8.189798412e-18  -0.001741540057  0.9999984835  -0.001741539177
28  12  -1.026983357e-16  -0.001921655924  0.9999981536  -0.001921654741
28  13  -4.801618024e-17  -0.002058180068  0.9999978819  -0.002058178615
28  14  -1.268961898e-16  -0.002088934799  0.9999978182  -0.00208893328
28  15  1.321622401e-16  -0.002001964309  0.9999979961  -0.002001962972
28  16  -2.346757185e-16  -0.001838293653  0.9999983103  -0.001838292617
28  17  4.814682729e-17  -0.001693300487  0.9999985664  -0.001693299677
28  18  6.804455494e-17  -0.001832720733  0.9999983206  -0.001832719707
28  19  1.541643821e-16  -0.003533178639  0.9999937583  -0.003533171288
28  20  -1.457892223e-16  -0.01032799254  0.9999466668  -0.01032780893
28  21  -7.970538229e-17  -0.01237283267  0.9999234575  -0.01237251698
28  22  2.720356425e-16  -0.005684497397  0.9999838433  -0.005684466783
28  23  2.72814824e-16  -0.001802081529  0.9999983763  -0.001802080553
28  24  1.824632242e-16  0.0008663930588  0.9999996247  0.0008663929505
28  25  1.803929064e-16  0.006458813377  0.9999791419  0.006458768471
28  26  1.668729734e-16  0.03323166956  0.9994478789  0.03322555337
28  27  5.698512392e-17  0.1017143424  0.9948315546  0.101539047
28  28  9.34496696e-17  0.06681149101  0.9977689424  0.06676179686
28  29  -8.703949661e-17  0.0233258463  0.9997279648  0.02332373112
28  30  -2.070908175e-16  0.01051910511  0.9999446747  0.01051891112
28  31  2.974201354e-16  0.006782887177  0.9999769963  0.006782835166
28  32  -1.729428378e-16  0.006353052253  0.9999798194  0.006353009517
28  33  1.036336866e-16  0.008725223157  0.9999619355  0.00872511245
28  34  1.230271354e-16  0.01715289967  0.9998528926  0.01715205855
28  35  -2.649756761e-17  0.04341873221  0.9990575549  0.04340509143
28  36  -2.649756761e-17  0.04341873221  0.9990575549  0.04340509143

29  0  2.271962005e-16  0.01241060243  0.9999229895  0.01241028384
29  1  -1.242984976e-16  0.0621055417  0.9980720706  0.06206562487
29  2  -1.560117446e-16  0.1299038934  0.9915743478  0.1295388464
29  3  -1.55630552e-18  0.05228977097  0.9986332014  0.0522659456
29  4  2.300301756e-16  0.007295694852  0.9999733865  0.00729563013
29  5  -2.389245559e-16  0.0002585963143  0.9999999666  0.0002585963115
29  6  7.094050032e-17  -0.003427435231  0.9999941263  -0.003427428521
29  7  3.335452198e-17  -0.009433373504  0.9999555061  -0.009433233595
29  8  4.088698232e-17  -0.01346835575  0.9999093031  -0.01346794856
29  9  -2.454929013e-16  -0.00693264677  0.9999759693  -0.006932591238
29  10  1.559401144e-16  -0.002775914523  0.9999961472  -0.002775910958
29  11  4.930552993e-18  -0.00201697915  0.9999979659  -0.002016977782
29  12  -1.139099157e-16  -0.001982015525  0.9999980358  -0.001982014227
29  13  -2.578334265e-16  -0.002059262014  0.9999978797  -0.002059260558
29  14  -1.401871125e-17  -0.002109170363  0.9999977757  -0.002109168799
29  15  3.209207299e-16  -0.00209186807  0.999997812  -0.002091866545
29  16  1.381487082e-16  -0.002022121818  0.9999979555  -0.00202212044
29  17  1.122718108e-16  -0.001980166723  0.9999980395  -0.001980165429
29  18  3.781410848e-16  -0.002246531515  0.9999974765  -0.002246529626
29  19  2.473354071e-16  -0.00419636655  0.9999911953  -0.004196354234
29  20  -2.434595706e-16  -0.01144591835  0.9999344962  -0.01144566843
29  21  -4.175365233e-16  -0.01283151877  0.9999176772  -0.01283116666
29  22  -6.280568855e-17  -0.005567025871  0.9999845042  -0.005566997116
29  23  -6.448448865e-17  -0.001461248643  0.9999989324  -0.001461248123
29  24  -1.789537124e-16  0.002147169062  0.9999976948  0.002147167413
29  25  -3.687737213e-17  0.01397410719  0.9999023638  0.01397365239
29  26  -2.831942311e-16  0.09729993695  0.9952700945  0.09714648202
29  27  -2.841090318e-17  0.1258225235  0.9920947837  0.125490797
29  28  1.100988568e-16  0.0233258463  0.9997279648  0.02332373112
29  29  -1.139230113e-16  0.004795231449  0.9999885029  0.004795213072
29  30  -1.968533243e-16  0.0008386089117  0.9999996484  0.0008386088134
29  31  -4.685227149e-17  -0.0004379946801  0.9999999041  -0.0004379946661
29  32  -1.972327908e-16  -0.0008267823082  0.9999996582  -0.000826782214
29  33  -1.632276907e-16  -0.0006727616574  0.9999997737  -0.0006727616066
29  34  -5.249573917e-17  0.0001593671936  0.9999999873  0.0001593671929
29  35  8.141346971e-17  0.002645221916  0.9999965014  0.002645218831
29  36  8.141346971e-17  0.002645221916  0.9999965014  0.002645218831

30  0  -7.720799895e-18  -0.000386745034  0.9999999252  -0.0003867450243
30  1  -4.304710529e-16  0.004431042784  0.9999901829  0.004431028284
30  2  -3.302154876e-16  0.04073660595  0.9991703792  0.04072534001
30  3  -1.996961272e-16  0.1793192784  0.9839653341  0.1783598084
30  4  -2.000409199e-18  0.09057592066  0.9959008049  0.09045212402
30  5  -2.237777461e-17  0.00920503929  0.9999576339  0.009204909296
30  6  -2.228460799e-17  0.0002585963143  0.9999999666  0.0002585963114
30  7  2.901852384e-16  -0.00366802281  0.9999932728  -0.003668014585
30  8  1.529249259e-16  -0.01055795989  0.9999442653  -0.01055776375
30  9  -2.387088614e-16  -0.01663832493  0.9998615863  -0.01663755727
30  10  6.303437572e-17  -0.009167244904  0.9999579811  -0.009167116504
30  11  -1.703538842e-16  -0.003744155748  0.9999929907  -0.003744147
30  12  1.545122377e-16  -0.002583498772  0.9999966628  -0.002583495898
30  13  -8.077820086e-17  -0.002368148867  0.9999971959  -0.002368146654
30  14  1.534968712e-16  -0.002338767296  0.9999972651  -0.002338765164
30  15  1.40916975e-16  -0.002337527303  0.999997268  -0.002337525174
30  16  4.44526058e-17  -0.002343864941  0.9999972531  -0.002343862795
30  17  -3.611148835e-16  -0.002430416468  0.9999970465  -0.002430414075
30  18  -1.321578347e-16  -0.002925385882  0.9999957211  -0.002925381709
30  19  7.839060212e-17  -0.005493343173  0.9999849116  -0.005493315545
30  20  -1.572124567e-16  -0.01457335121  0.9998938106  -0.01457283537
30  21  -2.340779286e-17  -0.01520734144  0.9998843706  -0.0152067553
30  22  -9.513034235e-17  -0.006052604247  0.999981683  -0.006052567292
30  23  -4.387172995e-16  -0.001584364696  0.9999987449  -0.001584364034
30  24  -1.033554514e-16  0.002511731746  0.9999968456  0.002511729105
30  25  9.263075186e-17  0.02030744107  0.999793811  0.02030604532
30  26  1.082688932e-16  0.1826331561  0.9833688698  0.1816195638
30  27  1.566441476e-16  0.1086671457  0.9941015335  0.1084534051
30  28  -3.838154191e-17  0.01051910511  0.9999446747  0.01051891112
30  29  -2.240034055e-16  0.0008386089116  0.9999996484  0.0008386088133
30  30  2.453338692e-16  -0.00126870245  0.9999991952  -0.00126870211
30  31  2.105474532e-16  -0.001975451821  0.9999980488  -0.001975450537
30  32  1.350628904e-17  -0.002220869002  0.9999975339  -0.002220867176
30  33  2.601412813e-16  -0.002253813132  0.9999974602  -0.002253811224
30  34  -1.847882883e-16  -0.002115441285  0.9999977625  -0.002115439707
30  35  2.944995146e-17  -0.001666056797  0.9999986121  -0.001666056026
30  36  2.944995146e-17  -0.001666056797  0.9999986121  -0.001666056026

31  0  3.706493922e-18  -0.002225608663  0.9999975233  -0.002225606825
31  1  -2.333240876e-16  -0.001375381776  0.9999990542  -0.001375381343
31  2  -3.676315445e-16  0.00203979896  0.9999979196  0.002039797546
31  3  -2.45005875e-16  0.03062819432  0.9995309935  0.0306234059
31  4  -1.008905254e-16  0.1993877392  0.9801880316  0.1980692372
31  5  1.464932678e-16  0.09057592066  0.9959008049  0.09045212402
31  6  4.084262779e-17  0.007295694852  0.9999733865  0.00729563013
31  7  1.318010025e-16  -0.0004500567567  0.9999998987  -0.0004500567415
31  8  -2.205898906e-16  -0.004366440367  0.9999904671  -0.004366426492
31  9  5.193482999e-18  -0.01335227842  0.9999108597  -0.01335188167
31  10  6.753091498e-17  -0.02393825712  0.9997134936  -0.02393597092
31  11  -5.773274655e-18  -0.01329722688  0.9999115932  -0.01329683502
31  12  2.44018345e-16  -0.005158759436  0.9999866936  -0.005158736555
31  13  1.04940545e-18  -0.003367270072  0.9999943308  -0.003367263709
31  14  6.674722776e-17  -0.002934047769  0.9999956957  -0.00293404356
31  15  -3.943509987e-17  -0.002825071548  0.9999960095  -0.00282506779
31  16  2.053026504e-16  -0.002853289275  0.9999959294  -0.002853285404
31  17  -3.167673033e-17  -0.003066186066  0.9999952993  -0.003066181262
31  18  -3.24496169e-16  -0.003874242263  0.9999924951  -0.003874232571
31  19  1.405036148e-16  -0.007512437696  0.9999717818  -0.007512367033
31  20  -1.408136965e-16  -0.02106149943  0.9997782148  -0.02105994237
31  21  -1.330018413e-16  -0.02101589853  0.9997791741  -0.02101435156
31  22  -4.308415385e-17  -0.007272903535  0.9999735526  -0.007272839419
31  23  1.115837722e-16  -0.002129744538  0.9999977321  -0.002129742928
31  24  -1.090202819e-16  0.001656232824  0.9999986284  0.001656232067
31  25  -1.109732357e-17  0.01876265931  0.9998239865  0.01876155847
31  26  4.065328445e-17  0.2076162944  0.9785250427  0.206127972
31  27  3.340632229e-17  0.0955863925  0.9954350981  0.09544090069
31  28  1.555490345e-16  0.006782887177  0.9999769963  0.006782835166
31  29  -2.755131903e-16  -0.0004379946801  0.9999999041  -0.0004379946661
31  30  -5.852352405e-17  -0.001975451821  0.9999980488  -0.001975450537
31  31  -2.465956195e-16  -0.002387806181  0.9999971492  -0.002387803912
31  32  -3.035787662e-16  -0.002377899765  0.9999971728  -0.002377897524
31  33  1.855811576e-16  -0.00227536747  0.9999974114  -0.002275365507
31  34  1.101357394e-16  -0.002299082578  0.9999973571  -0.002299080553
31  35  1.214068232e-16  -0.002381496531  0.9999971642  -0.00238149428
31  36  1.214068232e-16  -0.002381496531  0.9999971642  -0.00238149428

32  0  1.24740892e-17  -0.00209950642  0.999997796  -0.002099504878
32  1  1.665473341e-17  -0.00236200136  0.9999972105  -0.002361999163
32  2  -3.279173022e-16  -0.00171557647  0.9999985284  -0.001715575629
32  3  -1.965268841e-16  0.001455943386  0.9999989401  0.001455942872
32  4  -1.664256849e-17  0.03062819432  0.9995309935  0.0306234059
32  5  1.413852482e-16  0.1793192784  0.9839653341  0.1783598084
32  6  3.015399662e-17  0.05228977097  0.9986332014  0.0522659456
32  7  4.873058343e-17  0.003584004084  0.9999935775  0.003583996412
32  8  -1.282456104e-16  -0.001452409655  0.9999989453  -0.001452409144
32  9  2.380621805e-16  -0.005589750024  0.9999843774  -0.005589720915
32  10  8.077031421e-17  -0.01982990297  0.9998033939  -0.01982860339
32  11  5.682982706e-17  -0.04102162108  0.9991587313  -0.04101011703
32  12  1.477529529e-16  -0.01994619741  0.9998010812  -0.01994487484
32  13  -1.541236578e-17  -0.006845291717  0.9999765711  -0.006845238257
32  14  -1.733813027e-17  -0.004313103151  0.9999906986  -0.004313089779
32  15  -1.205537977e-16  -0.003688722436  0.9999931967  -0.003688714071
32  16  4.519203933e-16  -0.003592289464  0.9999935477  -0.003592281738
32  17  -2.775634056e-16  -0.003872925787  0.9999925002  -0.003872916105
32  18  3.527460615e-17  -0.005005805229  0.999987471  -0.005005784323
32  19  -1.80394301e-17  -0.01005026889  0.9999494965  -0.0100500997
32  20  -1.932891003e-16  -0.0334843594  0.9994394512  -0.03347810263
32  21  2.207454002e-16  -0.03557864681  0.9993671467  -0.03557114114
32  22  1.386539191e-16  -0.00981016694  0.9999518807  -0.009810009587
32  23  1.794849022e-17  -0.002953978404  0.999995637  -0.002953974108
32  24  6.588125601e-18  0.0002085394232  0.9999999783  0.0002085394217
32  25  2.054286167e-16  0.01105225618  0.9999389244  0.01105203117
32  26  1.245274601e-16  0.1491355585  0.988899889  0.148583342
32  27  9.43594889e-17  0.1005010701  0.9949540168  0.1003319709
32  28  -1.511256335e-17  0.006353052253  0.9999798194  0.006353009517
32  29  -1.768666039e-16  -0.0008267823082  0.9999996582  -0.000826782214
32  30  -1.988292404e-16  -0.002220869002  0.9999975339  -0.002220867176
32  31  -2.246286111e-16  -0.002377899765  0.9999971728  -0.002377897524
32  32  -1.684412238e-16  -0.001823825958  0.9999983368  -0.001823824947
32  33  -1.682361085e-16  -0.0009860308745  0.9999995139  -0.0009860307147
32  34  1.89252433e-16  -0.0006967669955  0.9999997573  -0.0006967669391
32  35  1.293298295e-16  -0.001302517476  0.9999991517  -0.001302517107
32  36  1.293298295e-16  -0.001302517476  0.9999991517  -0.001302517107

33  0  -7.189918658e-17  0.0004418059997  0.9999999024  0.0004418059853
33  1  -5.559192793e-17  -0.001704202632  0.9999985478  -0.001704201808
33  2  -1.531227235e-16  -0.002371230382  0.9999971886  -0.00237122816
33  3  -7.760886435e-17  -0.00171557647  0.9999985284  -0.001715575628
33  4  2.88254857e-16  0.002039798961  0.9999979196  0.002039797546
33  5  -1.350208944e-16  0.04073660595  0.9991703792  0.04072534001
33  6  1.096104029e-16  0.1299038934  0.9915743478  0.1295388464
33  7  -3.156157254e-16  0.01946484425  0.9998105659  0.01946361513
33  8  -3.288415828e-16  0.0006473892204  0.9999997904  0.0006473891752
33  9  -1.290171719e-16  -0.002452794947  0.9999969919  -0.002452792487
33  10  6.749056255e-17  -0.007895704037  0.9999688291  -0.007895621998
33  11  -7.357649331e-18  -0.03784912311  0.9992838074  -0.03784008692
33  12  -2.621488669e-16  -0.08400479348  0.9964736718  -0.08390602742
33  13  -2.140909355e-16  -0.02687862193  0.9996387916  -0.02687538559
33  14  2.141920128e-17  -0.008203276654  0.9999663533  -0.008203184649
33  15  -1.749918535e-17  -0.005250982256  0.9999862136  -0.005250958125
33  16  4.894851038e-17  -0.004598745189  0.9999894258  -0.004598728979
33  17  -6.034909644e-17  -0.00476699604  0.9999886379  -0.004766977986
33  18  -2.05163862e-17  -0.006058884302  0.999981645  -0.006058847232
33  19  -1.55309951e-16  -0.01207985173  0.9999270395  -0.01207955795
33  20  -1.976883691e-16  -0.05228347939  0.9986335302  -0.05225966262
33  21  9.756416021e-17  -0.07895574907  0.9968846138  -0.07887373948
33  22  3.903062814e-17  -0.01593216939  0.9998730857  -0.01593149537
33  23  1.947166551e-16  -0.004098057808  0.999991603  -0.004098046337
33  24  -1.77852383e-16  -0.001103707887  0.9999993909  -0.001103707663
33  25  -2.454391128e-16  0.004258258216  0.9999909336  0.004258245347
33  26  2.346111215e-17  0.06906845303  0.9976157225  0.06901355152
33  27  1.245144519e-16  0.1110873823  0.9938361394  0.110859046
33  28  2.503521247e-16  0.008725223157  0.9999619355  0.00872511245
33  29  -1.572582026e-16  -0.0006727616574  0.9999997737  -0.0006727616066
33  30  -5.571410803e-17  -0.002253813132  0.9999974602  -0.002253811224
33  31  7.591044943e-18  -0.00227536747  0.9999974114  -0.002275365507
33  32  2.064155183e-16  -0.0009860308744  0.9999995139  -0.0009860307147
33  33  -1.50487922e-16  0.001664820992  0.9999986142  0.001664820223
33  34  -5.46387714e-17  0.004006335254  0.9999919746  0.004006324537
33  35  -2.136386747e-16  0.00329690493  0.9999945652  0.003296898958
33  36  -2.136386747e-16  0.00329690493  0.9999945652  0.003296898958

34  0  -2.885293161e-17  0.008205274086  0.9999663369  0.008205182014
34  1  -1.460763328e-16  0.001440500203  0.9999989625  0.001440499705
34  2  -3.130056095e-16  -0.001704202632  0.9999985478  -0.001704201808
34  3  1.803146499e-17  -0.00236200136  0.9999972105  -0.002361999163
34  4  1.78954594e-16  -0.001375381776  0.9999990542  -0.001375381343
34  5  -4.17115339e-17  0.004431042784  0.9999901829  0.004431028284
34  6  1.196371221e-16  0.0621055417  0.9980720706  0.06206562487
34  7  -1.198090613e-16  0.07056536476  0.9975112976  0.07050681631
34  8  -1.849063261e-16  0.005280246234  0.9999860595  0.005280221697
34  9  -2.99933013e-17  -0.001042107907  0.999999457  -0.001042107718
34  10  3.71405868e-16  -0.003596156419  0.9999935338  -0.003596148668
34  11  1.613212395e-16  -0.01358411461  0.9999077373  -0.01358369684
34  12  -5.956549008e-17  -0.107717714  0.9942040545  -0.1075095248
34  13  -4.810881336e-17  -0.1740182046  0.9848970028  -0.1731412539
34  14  2.250437914e-16  -0.02536128363  0.9996784199  -0.02535856501
34  15  -9.205025691e-17  -0.008519108052  0.9999637126  -0.008519005006
34  16  -1.138797302e-16  -0.00595260294  0.9999822833  -0.005952567786
34  17  -2.513109661e-17  -0.005613393745  0.9999842449  -0.005613364266
34  18  2.848794627e-16  -0.0066795734  0.9999776917  -0.00667952373
34  19  1.595950403e-16  -0.01211039929  0.99992667  -0.01211010327
34  20  -4.208953822e-16  -0.05892527943  0.998264408  -0.0588911854
34  21  1.390410764e-16  -0.2140071386  0.9771877371  -0.2123773211
34  22  -2.085014857e-16  -0.03681224221  0.9993225059  -0.03680392848
34  23  -3.157272867e-17  -0.006175805538  0.9999809298  -0.00617576628
34  24  -1.738153254e-16  -0.002132084163  0.9999977271  -0.002132082548
34  25  -1.692269335e-16  0.0006000409731  0.99999982  0.0006000409371
34  26  -8.71460372e-17  0.02153504756  0.9997681298  0.02153338309
34  27  2.728987164e-17  0.1023207783  0.9947697947  0.1021423297
34  28  5.778434305e-17  0.01715289967  0.9998528926  0.01715205855
34  29  1.743268867e-16  0.0001593671936  0.9999999873  0.000159367193
34  30  -2.323923286e-17  -0.002115441285  0.9999977625  -0.002115439707
34  31  -3.660453328e-16  -0.002299082578  0.9999973571  -0.002299080553
34  32  5.038296504e-17  -0.0006967669954  0.9999997573  -0.000696766939
34  33  -1.448813846e-17  0.004006335254  0.9999919746  0.004006324537
34  34  6.368437267e-19  0.0114815593  0.9999340876  0.01148130704
34  35  2.48975304e-16  0.01433026171  0.9998973236  0.01432977125
34  36  2.48975304e-16  0.01433026171  0.9998973236  0.01432977125

35  0  5.385885322e-17  0.02169685627  0.9997646324  0.02169515399
35  1  2.369685383e-17  0.008205274085  0.9999663369  0.008205182014
35  2  -1.764619729e-16  0.0004418059997  0.9999999024  0.0004418059854
35  3  2.208531941e-16  -0.00209950642  0.999997796  -0.002099504878
35  4  9.667485671e-17  -0.002225608663  0.9999975233  -0.002225606825
35  5  -2.418040496e-18  -0.000386745034  0.9999999252  -0.0003867450243
35  6  -1.291565394e-17  0.01241060243  0.9999229895  0.01241028384
35  7  3.237091239e-16  0.0815919918  0.9966732197  0.08150149217
35  8  -7.390792512e-17  0.02363382751  0.9997207341  0.02363162743
35  9  -2.025511488e-16  0.0005762885997  0.9999998339  0.0005762885678
35  10  4.9468962e-17  -0.002073565007  0.9999978502  -0.002073563521
35  11  4.165982578e-17  -0.005692146088  0.9999837998  -0.00569211535
35  12  -6.969011107e-18  -0.03454019522  0.9994035468  -0.03453332775
35  13  2.188938182e-16  -0.3959129768  0.9226448588  -0.3856507027
35  14  2.763593281e-16  -0.154641788  0.9880667682  -0.1540261718
35  15  -1.987978585e-16  -0.01667847241  0.9998609175  -0.01667769918
35  16  -5.617077011e-17  -0.007815785088  0.9999694569  -0.007815705515
35  17  1.090320325e-16  -0.006296239503  0.9999801787  -0.006296197903
35  18  -5.676833621e-17  -0.006712242213  0.999977473  -0.006712191811
35  19  2.238748794e-16  -0.01017368252  0.9999482485  -0.01017350702
35  20  8.912043088e-17  -0.03641654167  0.999336991  -0.03640849314
35  21  1.226527721e-16  -0.3928923106  0.9238055698  -0.3828619454
35  22  -6.520809923e-17  -0.1585944295  0.9874502411  -0.1579304322
35  23  -1.32390197e-16  -0.01173537624  0.9999311413  -0.01173510688
35  24  6.758133821e-17  -0.00327841662  0.999994626  -0.003278410747
35  25  -1.128298849e-16  -0.001063617021  0.9999994344  -0.001063616821
35  26  -2.153776176e-16  0.005186419523  0.9999865506  0.005186396272
35  27  -1.764973608e-16  0.06749364907  0.9977231682  0.0674424174
35  28  2.462318209e-16  0.04341873221  0.9990575549  0.04340509143
35  29  6.041307704e-17  0.002645221916  0.9999965014  0.002645218831
35  30  1.558765807e-16  -0.001666056797  0.9999986121  -0.001666056026
35  31  -7.244068396e-17  -0.002381496531  0.9999971642  -0.00238149428
35  32  8.301990177e-17  -0.001302517476  0.9999991517  -0.001302517107
35  33  1.365096924e-17  0.00329690493  0.9999945652  0.003296898957
35  34  1.051942907e-16  0.01433026172  0.9998973236  0.01432977125
35  35  1.290149102e-16  0.02621474841  0.9996564132  0.02621174599
35  36  1.290149102e-16  0.02621474841  0.9996564132  0.02621174599

36  0  5.385885322e-17  0.02169685627  0.9996564132  0.02621174599
36  1  -1.460763328e-16  0.001440500203  0.9996564132  0.02621174599
36  2  -1.531227235e-16  -0.002371230382  0.9996564132  0.02621174599
36  3  -1.965268841e-16  0.001455943386  0.9996564132  0.02621174599
36  4  -1.008905254e-16  0.1993877392  0.9996564132  0.02621174599
36  5  -2.237777461e-17  0.00920503929  0.9996564132  0.02621174599
36  6  7.094050032e-17  -0.003427435231  0.9996564132  0.02621174599
36  7  -2.308534973e-16  -0.01256057912  0.9996564132  0.02621174599
36  8  -2.118999685e-16  -0.002050971454  0.9996564132  0.02621174599
36  9  -2.333333797e-16  -0.001571163423  0.9996564132  0.02621174599
36  10  2.897835771e-16  -0.002188600581  0.9996564132  0.02621174599
36  11  1.936246243e-16  -0.002746566122  0.9996564132  0.02621174599
36  12  3.796506036e-16  -0.002758463065  0.9996564132  0.02621174599
36  13  -2.007872644e-16  -0.002339866264  0.9996564132  0.02621174599
36  14  -2.479563272e-16  -0.002092849729  0.9996564132  0.02621174599
36  15  -3.225662547e-16  -0.002552943242  0.9996564132  0.02621174599
36  16  -2.913550341e-16  -0.004044108739  0.9996564132  0.02621174599
36  17  -1.578796987e-16  -0.005915308312  0.9996564132  0.02621174599
36  18  1.363371744e-16  -0.005915308312  0.9996564132  0.02621174599
36  19  1.613522042e-17  -0.004044108739  0.9996564132  0.02621174599
36  20  1.903334766e-17  -0.002552943242  0.9996564132  0.02621174599
36  21  -1.391270977e-16  -0.002092849729  0.9996564132  0.02621174599
36  22  -8.482239766e-17  -0.002339866264  0.9996564132  0.02621174599
36  23  1.839778854e-16  -0.002758463065  0.9996564132  0.02621174599
36  24  2.033061426e-16  -0.002746566122  0.9996564132  0.02621174599
36  25  -2.674261331e-16  -0.002188600581  0.9996564132  0.02621174599
36  26  -2.189677769e-16  -0.001571163423  0.9996564132  0.02621174599
36  27  -2.423933021e-16  -0.002050971454  0.9996564132  0.02621174599
36  28  2.390918686e-17  -0.01256057912  0.9996564132  0.02621174599
36  29  1.762840638e-16  -0.003427435231  0.9996564132  0.02621174599
36  30  5.917472218e-18  0.00920503929  0.9996564132  0.02621174599
36  31  -2.450187132e-16  0.1993877392  0.9996564132  0.02621174599
36  32  3.404714224e-16  0.001455943386  0.9996564132  0.02621174599
36  33  3.614857988e-16  -0.002371230382  0.9996564132  0.02621174599
36  34  -3.091449082e-16  0.001440500203  0.9996564132  0.02621174599
36  35  -3.43124096e-16  0.02169685627  0.9996564132  0.02621174599
36  36  -3.43124096e-16  0.02169685627  0.9996564132  0.02621174599

#Chern no*2pi*Iota= -2.568263984e-15  -6.283185307
