#nx  ny  tilde_F(nx,ny).real()  tilde_F(nx,ny).imag()  ArgofLog.real()  ArgofLog.imag()
#Extra momentum point for pm3d corners2color c1
0  0  2.16089235e-17  -0.001497556764  0.9999988787  -0.001497556204
0  1  -1.351047985e-16  -0.001197204163  0.9999992834  -0.001197203877
0  2  -1.147043178e-16  -0.0001581259848  0.9999999875  -0.0001581259841
0  3  2.84585401e-16  0.006602937382  0.9999782007  0.006602889402
0  4  -9.497157359e-18  0.4242310712  0.9113555089  0.411620136
0  5  4.753096808e-17  0.1749769527  0.9847305514  0.1740854423
0  6  8.053746068e-17  0.005860324982  0.9999828283  0.005860291439
0  7  1.555103734e-17  0.008298904069  0.9999655643  0.008298808809
0  8  2.786137352e-16  0.02664492238  0.9996450451  0.02664176973
0  9  -3.214878352e-18  1.082791029  0.468864962  0.883269861
0  10  8.477730043e-17  0.3207934635  0.9489855222  0.3153196452
0  11  -5.087725805e-16  -0.1008841758  0.9949155061  -0.1007131361
0  12  2.575786229e-17  -0.9910965529  0.5477727842  -0.8366271433
0  13  3.558242603e-17  -0.04813035173  0.9988419582  -0.04811177131
0  14  -5.043357863e-17  0.006353100465  0.9999798191  0.006353057728
0  15  -3.105305502e-16  0.02130726309  0.9997730089  0.02130565088
0  16  -1.606841392e-16  0.01917559524  0.9998161539  0.0191744201
0  17  7.378204695e-17  -0.1288254923  0.9917134661  -0.1284694564
0  18  -1.449172508e-16  -0.1914948884  0.981720815  -0.1903266702
0  19  1.836022243e-16  -0.005732337153  0.9999835702  -0.005732305759
0  20  9.554757212e-17  0.02558732582  0.9996726622  0.02558453386
0  21  -1.898738514e-16  0.01361860894  0.9999072682  0.01361818798
0  22  -6.246442307e-17  -0.01556251501  0.9998789065  -0.01556188683
0  23  -6.438870769e-17  -0.4001006528  0.9210217933  -0.3895110477
0  24  -2.270332704e-16  -0.7352352122  0.7416730026  -0.6707616247
0  25  -2.0788099e-16  0.08457020899  0.9964260707  0.08446943565
0  26  5.174152079e-17  1.280518991  0.2862179695  0.9581645338
0  27  -6.169899334e-17  0.06962648256  0.9975770555  0.06957023978
0  28  8.826720469e-17  0.01465782493  0.999892576  0.01465730006
0  29  2.520295832e-16  0.005561097443  0.9999845371  0.00556106878
0  30  1.694691012e-16  0.02236300311  0.9997499585  0.02236113919
0  31  2.794511278e-16  0.5295502178  0.8630343631  0.5051452148
0  32  -2.217289923e-16  0.05594188096  0.998435661  0.05591270722
0  33  -1.742448563e-16  0.00146337531  0.9999989293  0.001463374788
0  34  -6.43030805e-17  -0.0008172182356  0.9999996661  -0.0008172181446
0  35  -1.26207248e-16  -0.001399843123  0.9999990202  -0.001399842666
0  36  -1.26207248e-16  -0.001399843123  0.9999990202  -0.001399842666

1  0  -1.958834211e-17  -0.001197204163  0.9999992834  -0.001197203877
1  1  1.527451926e-16  -0.001092278843  0.9999994035  -0.001092278626
1  2  4.136209866e-16  -0.0003803550378  0.9999999277  -0.0003803550287
1  3  -1.709374379e-16  0.002943816685  0.999995667  0.002943812433
1  4  1.36717602e-18  0.1010680836  0.9948969673  0.1008961071
1  5  -1.227016423e-16  0.2999128565  0.9553622382  0.2954369541
1  6  9.840860934e-18  0.008252968739  0.9999659444  0.008252875052
1  7  -5.859159314e-17  0.004552733671  0.9999896363  0.004552717943
1  8  -4.379940081e-17  0.01135372276  0.9999355472  0.01135347883
1  9  4.07244884e-18  0.01130771048  0.9999360685  0.0113074695
1  10  8.328372084e-17  0.007199384021  0.9999740845  0.007199321829
1  11  9.629149787e-17  0.01733442653  0.9998497626  0.01733355843
1  12  4.962924795e-16  -0.1009934687  0.9949044929  -0.1008218727
1  13  -4.224288238e-17  -0.0857098791  0.9963291564  -0.08560497756
1  14  -3.527678533e-17  -0.1965519527  0.9807457717  -0.1952888406
1  15  -1.175474909e-16  0.01047966608  0.9999450888  0.01047947426
1  16  -2.259165833e-16  0.01799618494  0.999838073  0.01799521357
1  17  1.81970984e-16  0.01306150429  0.9999146998  0.0130611329
1  18  1.976744506e-16  0.002342685089  0.9999972559  0.002342682946
1  19  3.180318352e-16  0.01143375956  0.9999346353  0.01143351044
1  20  -2.26311197e-16  0.02083414526  0.999782977  0.02083263808
1  21  1.302010758e-16  0.01778035982  0.9998419336  0.01777942298
1  22  1.219906232e-16  -0.01740171607  0.999848594  -0.01740083781
1  23  -3.593433316e-16  -0.2290251324  0.9738881802  -0.2270282195
1  24  -1.377320095e-16  -0.1073886711  0.994239376  -0.1071823832
1  25  -6.67687414e-17  -0.01752488986  0.999846443  -0.01752399283
1  26  2.370097284e-17  0.00529645983  0.9999859738  0.005296435067
1  27  3.325690653e-16  0.01371628413  0.9999059332  0.01371585404
1  28  2.936090486e-16  0.01870738295  0.999825022  0.01870629181
1  29  8.087549043e-17  0.007613156949  0.9999710201  0.007613083406
1  30  -5.651478734e-17  0.004535560464  0.9999897144  0.004535544913
1  31  1.510995628e-16  0.08952734321  0.9959951035  0.08940779535
1  32  -2.995846732e-16  0.302365676  0.9546347115  0.2977793942
1  33  -2.655569722e-16  0.01655195243  0.9998630196  0.01655119665
1  34  2.007681605e-16  0.0007178732861  0.9999997423  0.0007178732245
1  35  1.683482889e-16  -0.0008172182356  0.9999996661  -0.0008172181446
1  36  1.683482889e-16  -0.0008172182356  0.9999996661  -0.0008172181446

2  0  -2.240358037e-16  -0.0001581259848  0.9999999875  -0.0001581259841
2  1  -1.421212647e-16  -0.0003803550378  0.9999999277  -0.0003803550287
2  2  6.50147736e-17  0.0002259056585  0.9999999745  0.0002259056566
2  3  -2.675963871e-16  0.003467089656  0.9999939897  0.00346708271
2  4  2.924099501e-17  0.0567198165  0.9983918624  0.05668940882
2  5  -1.266404406e-16  0.260758583  0.9661946832  0.2578135648
2  6  1.364392113e-16  0.01024083257  0.9999475631  0.01024065357
2  7  -3.478679465e-16  0.002454300185  0.9999969882  0.002454297721
2  8  -1.414681443e-16  0.004550225028  0.9999896477  0.004550209326
2  9  1.082266777e-16  -0.00295622362  0.9999956304  -0.002956219314
2  10  1.023005652e-16  -0.01712674523  0.9998533409  -0.01712590796
2  11  1.575673131e-16  0.004589105787  0.9999894701  0.004589089679
2  12  1.512860986e-16  -0.01560964357  0.999878172  -0.01560900966
2  13  3.149812357e-17  -0.04742050142  0.9988758587  -0.04740273097
2  14  1.942960674e-18  -1.167991169  0.3920005282  -0.9199649917
2  15  1.687913611e-17  -0.02827534417  0.9996002791  -0.02827157665
2  16  -1.674506205e-16  0.01573964941  0.9998761343  0.01573899953
2  17  -9.756317064e-18  0.0363187418  0.999340547  0.03631075795
2  18  -3.049625754e-17  0.07425352052  0.9972444738  0.07418530548
2  19  8.341183365e-17  0.1031162777  0.9946882258  0.1029336362
2  20  -2.463982942e-16  0.06824598706  0.9976721463  0.06819302328
2  21  -1.358692872e-16  0.03008860917  0.9995473719  0.03008406939
2  22  -3.328390832e-17  0.007398140107  0.9999726339  0.007398072621
2  23  -4.79591974e-16  -0.781285205  0.7100090929  -0.7041925078
2  24  -3.400452318e-16  -0.4428498486  0.9035341278  -0.4285161372
2  25  -5.985982708e-17  -0.0331448694  0.9994507591  -0.033138801
2  26  -6.295091704e-17  0.0001972645205  0.9999999805  0.0001972645192
2  27  1.373269836e-18  -0.01086890266  0.9999409341  -0.01086868866
2  28  -1.047843116e-16  -0.00815733174  0.9999667292  -0.008157241273
2  29  -1.415288091e-16  0.005330654457  0.9999857921  0.005330629211
2  30  -2.374834132e-16  0.003687745251  0.9999932003  0.003687736892
2  31  -6.671293701e-16  0.004295998499  0.9999907722  0.004295985285
2  32  -1.961105856e-16  0.1067025772  0.9943126791  0.1065002165
2  33  -3.236229775e-16  0.2030036766  0.9794654192  0.2016122332
2  34  -2.133103426e-16  0.01655195243  0.9998630196  0.01655119665
2  35  1.267572042e-16  0.00146337531  0.9999989293  0.001463374788
2  36  1.267572042e-16  0.00146337531  0.9999989293  0.001463374788

3  0  1.443226341e-16  0.006602937382  0.9999782007  0.006602889402
3  1  -2.631352701e-17  0.002943816685  0.999995667  0.002943812433
3  2  -9.54295068e-17  0.003467089656  0.9999939897  0.00346708271
3  3  -1.314907556e-16  0.0105050298  0.9999448227  0.01050483659
3  4  -2.489908922e-17  0.1373221644  0.990586119  0.1368909819
3  5  5.530784196e-17  0.3157723152  0.9505568194  0.3105506933
3  6  -4.410739718e-18  0.01049528446  0.999944925  0.01049509178
3  7  -6.762088636e-17  0.00161041228  0.9999987033  0.001610411584
3  8  -6.444049723e-17  0.001384189078  0.999999042  0.001384188636
3  9  5.409721053e-19  -0.007397845346  0.9999726361  -0.007397777868
3  10  -2.610835891e-16  -0.01350721018  0.999908779  -0.01350679946
3  11  1.336984873e-16  0.0005430265869  0.9999998526  0.0005430265602
3  12  1.517953358e-16  -0.003776784172  0.999992868  -0.003776775193
3  13  -4.566948559e-17  -0.03199334458  0.9994882566  -0.03198788693
3  14  -2.255963585e-16  -0.5719564368  0.8408436086  -0.541278141
3  15  -1.292152218e-17  -0.1272542996  0.9919140922  -0.1269111255
3  16  2.26362743e-16  0.0002100093929  0.9999999779  0.0002100093914
3  17  1.043747022e-16  0.01520766419  0.9998843657  0.01520707801
3  18  3.535973566e-17  0.06298019447  0.998017403  0.06293856752
3  19  -1.923478917e-17  0.1969264359  0.9806725706  0.1956560997
3  20  1.902645658e-16  0.1526085273  0.9883779009  0.1520168575
3  21  3.14694752e-16  0.03867348299  0.9992522741  0.03866384345
3  22  2.121243915e-16  0.008917976214  0.9999602351  0.008917858007
3  23  -2.441960733e-16  -0.02499361477  0.9996876759  -0.02499101268
3  24  8.867820316e-17  -0.68537289  0.7741830758  -0.6329617406
3  25  8.688014246e-17  -0.01192893675  0.9999288511  -0.01192865384
3  26  -1.147182225e-16  -0.01430207945  0.999897727  -0.01430159187
3  27  -1.391902849e-16  0.0005435883571  0.9999998523  0.0005435883303
3  28  5.041462773e-17  -0.007852241239  0.9999691713  -0.007852160548
3  29  -1.727871019e-16  -0.01083256838  0.9999413283  -0.01083235653
3  30  -1.741716273e-16  -0.000287566039  0.9999999587  -0.0002875660351
3  31  -3.624506973e-16  0.001867298457  0.9999982566  0.001867297372
3  32  1.831399093e-19  0.004231670245  0.9999910465  0.004231657616
3  33  -2.267013453e-16  0.1067025772  0.9943126791  0.1065002165
3  34  -2.314826776e-16  0.302365676  0.9546347115  0.2977793942
3  35  -9.565566646e-17  0.05594188096  0.998435661  0.05591270722
3  36  -9.565566646e-17  0.05594188096  0.998435661  0.05591270722

4  0  -8.414687527e-17  0.4242310712  0.9113555089  0.411620136
4  1  -2.975328388e-16  0.1010680836  0.9948969673  0.1008961071
4  2  -7.907366062e-17  0.0567198165  0.9983918624  0.05668940882
4  3  -1.320192084e-16  0.1373221644  0.990586119  0.1368909819
4  4  -4.069311682e-16  0.7470834103  0.7336738146  0.6795018276
4  5  -1.16341361e-16  0.2401884915  0.9712931527  0.2378857112
4  6  -1.971877172e-16  0.00892505734  0.9999601719  0.008924938851
4  7  -5.033542821e-17  0.001929192431  0.9999981391  0.001929191234
4  8  -9.748158863e-17  0.0008177115954  0.9999996657  0.0008177115043
4  9  7.312339862e-17  -0.008702168696  0.9999621364  -0.008702058864
4  10  -2.855400627e-16  -0.01069433676  0.9999428161  -0.01069413292
4  11  5.180852805e-17  0.0008758591333  0.9999996164  0.0008758590213
4  12  4.207366787e-17  -5.128247859e-05  0.9999999987  -5.128247857e-05
4  13  -8.397048886e-17  -0.01995316135  0.9998009423  -0.01995183739
4  14  -2.586042025e-16  -0.04807561123  0.9988445904  -0.04805709413
4  15  -1.868642531e-16  -0.07736794959  0.9970085928  -0.07729078784
4  16  -6.166946743e-16  -0.007682931221  0.9999704864  -0.007682855638
4  17  -3.375245382e-17  0.001660050615  0.9999986221  0.001660049852
4  18  1.764410129e-16  0.009199779774  0.9999576823  0.009199650003
4  19  -1.909086996e-16  0.07541550249  0.9971575986  0.07534403523
4  20  2.659092634e-17  0.1365374438  0.9906932351  0.1361136065
4  21  1.494476483e-16  0.03773966698  0.9992879433  0.03773070896
4  22  2.389338835e-16  0.005881891972  0.9999827017  0.005881858056
4  23  -2.839862421e-16  -0.0009687945967  0.9999995307  -0.0009687944452
4  24  2.796282847e-17  -0.06630672274  0.9978025146  -0.06625814627
4  25  9.352018384e-17  -0.06935146884  0.9975961506  -0.06929588976
4  26  -2.179501299e-16  -0.009531383952  0.9999545767  -0.009531239636
4  27  -2.576698937e-17  -0.005547263304  0.999984614  -0.005547234854
4  28  8.40634847e-17  0.001566992496  0.9999987723  0.001566991855
4  29  -6.308010737e-18  -0.005106384474  0.9999869624  -0.005106362283
4  30  -7.50080442e-17  -0.01130852081  0.9999360594  -0.01130827978
4  31  2.109518418e-17  -0.001943385179  0.9999981116  -0.001943383956
4  32  -2.348566131e-16  0.001867298457  0.9999982566  0.001867297372
4  33  -5.738993661e-17  0.004295998499  0.9999907722  0.004295985285
4  34  -9.388417009e-17  0.08952734321  0.9959951035  0.08940779535
4  35  -1.104337195e-16  0.5295502178  0.8630343631  0.5051452148
4  36  -1.104337195e-16  0.5295502178  0.8630343631  0.5051452148

5  0  -1.310888844e-16  0.1749769527  0.9847305514  0.1740854423
5  1  -1.87186611e-16  0.2999128565  0.9553622382  0.2954369541
5  2  -1.373730757e-16  0.260758583  0.9661946832  0.2578135648
5  3  2.1634417e-16  0.3157723152  0.9505568194  0.3105506933
5  4  -1.272513705e-16  0.2401884915  0.9712931527  0.2378857112
5  5  3.682401639e-17  0.03793688006  0.9992804829  0.03792778088
5  6  -2.190259774e-16  0.006300167452  0.999980154  0.006300125774
5  7  -3.860948215e-17  0.003365950751  0.9999943352  0.003365944395
5  8  -7.603315817e-17  0.002679528118  0.9999964101  0.002679524911
5  9  1.215800597e-16  -0.007612827037  0.9999710226  -0.007612753504
5  10  -1.078501495e-17  -0.009767387098  0.9999522995  -0.009767231794
5  11  -8.303049249e-17  0.001559100396  0.9999987846  0.001559099764
5  12  2.045859482e-16  0.002018065859  0.9999979637  0.00201806449
5  13  1.59260989e-17  -0.009401804515  0.9999558034  -0.009401666005
5  14  5.104461233e-17  -0.01422932326  0.9998987649  -0.01422884309
5  15  -4.853788269e-16  -0.009476308216  0.9999551001  -0.009476166387
5  16  -3.742032808e-16  -0.005974599051  0.9999821521  -0.005974563506
5  17  -6.113714927e-17  0.008166936844  0.9999666508  0.008166846057
5  18  1.500844228e-16  -0.0002914019825  0.9999999575  -0.0002914019784
5  19  1.714706226e-16  0.01089545414  0.9999406451  0.01089523857
5  20  -2.259671859e-16  0.05850123016  0.998289291  0.05846786682
5  21  1.182491257e-17  0.03739776711  0.999300785  0.03738905035
5  22  1.463764993e-16  0.002721392265  0.999996297  0.002721388906
5  23  7.349012518e-17  0.003091062057  0.9999952227  0.003091057135
5  24  3.544137486e-16  0.002452082166  0.9999969936  0.002452079709
5  25  -3.712157703e-17  -0.05017148702  0.9987416749  -0.05015044124
5  26  -2.040815024e-16  0.02755545364  0.9996203725  0.02755196661
5  27  -3.749829623e-17  -0.007819195713  0.9999694302  -0.007819116036
5  28  -9.684254384e-17  -0.001104762484  0.9999993897  -0.00110476226
5  29  8.296280391e-17  0.002446863551  0.9999970064  0.002446861109
5  30  -1.388671523e-16  -0.004152122139  0.99999138  -0.004152110209
5  31  8.419439308e-18  -0.01130852081  0.9999360594  -0.01130827978
5  32  1.566737052e-17  -0.0002875660389  0.9999999587  -0.0002875660349
5  33  1.096928349e-16  0.003687745251  0.9999932003  0.003687736892
5  34  2.613671096e-16  0.004535560464  0.9999897144  0.004535544913
5  35  -1.415407354e-16  0.02236300311  0.9997499585  0.02236113919
5  36  -1.415407354e-16  0.02236300311  0.9997499585  0.02236113919

6  0  -6.477831393e-17  0.005860324982  0.9999828283  0.005860291439
6  1  -3.243476699e-16  0.008252968739  0.9999659444  0.008252875053
6  2  1.973076015e-16  0.01024083256  0.9999475631  0.01024065357
6  3  -2.805082959e-17  0.01049528446  0.999944925  0.01049509178
6  4  2.564929602e-18  0.00892505734  0.9999601719  0.008924938851
6  5  3.298960866e-16  0.006300167452  0.999980154  0.006300125774
6  6  1.962811801e-17  0.004931523803  0.9999878401  0.004931503814
6  7  -6.347072525e-17  0.006018113121  0.9999818912  0.006018076794
6  8  3.781512186e-16  0.007288853806  0.9999734364  0.007288789266
6  9  6.200953446e-17  -0.00365032176  0.9999933376  -0.003650313654
6  10  -1.866276173e-17  -0.01043336603  0.9999455729  -0.01043317674
6  11  1.618358101e-16  0.001531787726  0.9999988268  0.001531787127
6  12  2.16134225e-16  0.002664902129  0.9999964492  0.002664898975
6  13  1.420338611e-16  -0.004213389341  0.9999911237  -0.004213376875
6  14  -4.806808785e-17  -0.004037549941  0.9999918491  -0.004037538971
6  15  -3.086999487e-16  0.0356736589  0.9993637625  0.03566609294
6  16  7.258155117e-17  0.01115445003  0.9999377898  0.01115421872
6  17  1.593384851e-16  0.05787660286  0.9983256169  0.05784429672
6  18  1.58898898e-16  0.01469058254  0.9998920953  0.01469005415
6  19  3.011310253e-17  0.003114711168  0.9999951493  0.003114706132
6  20  -2.236544229e-16  0.02047488057  0.999790397  0.02047345002
6  21  -1.508087279e-16  0.03343302447  0.9994411685  0.03342679643
6  22  -2.32577869e-17  0.009536957176  0.9999545236  0.009536812606
6  23  -9.03947548e-17  0.0008689516588  0.9999996225  0.0008689515495
6  24  5.42195114e-17  0.02657677763  0.9996468582  0.0265736491
6  25  8.851058639e-17  0.04190755778  0.9991220068  0.04189529221
6  26  -2.657648535e-17  0.004654394058  0.9999891683  0.004654377253
6  27  1.718771457e-16  0.04586826584  0.9989482355  0.04585218384
6  28  -5.46649516e-17  -0.003918312037  0.9999923234  -0.00391830201
6  29  -2.502664367e-16  0.0002956491374  0.9999999563  0.0002956491331
6  30  2.386010749e-17  0.002446863551  0.9999970064  0.002446861109
6  31  6.169778184e-17  -0.005106384474  0.9999869624  -0.005106362283
6  32  2.424981804e-16  -0.01083256838  0.9999413283  -0.01083235653
6  33  1.626629139e-16  0.005330654457  0.9999857921  0.005330629211
6  34  6.979026139e-17  0.007613156949  0.9999710201  0.007613083406
6  35  5.597726069e-17  0.005561097443  0.9999845371  0.00556106878
6  36  5.597726069e-17  0.005561097443  0.9999845371  0.00556106878

7  0  -2.664935964e-17  0.008298904069  0.9999655643  0.008298808809
7  1  -2.341370087e-16  0.004552733671  0.9999896363  0.004552717943
7  2  4.241028325e-16  0.002454300185  0.9999969882  0.002454297721
7  3  -6.827459315e-17  0.00161041228  0.9999987033  0.001610411584
7  4  2.94149504e-16  0.001929192431  0.9999981391  0.001929191234
7  5  2.550533381e-16  0.003365950751  0.9999943352  0.003365944395
7  6  7.592920069e-17  0.006018113121  0.9999818912  0.006018076794
7  7  -1.397112536e-16  0.01040713705  0.9999458462  0.01040694919
7  8  -2.428399948e-16  0.01611759979  0.9998701143  0.01611690197
7  9  -4.611249407e-16  0.006355635923  0.999979803  0.006355593134
7  10  -2.713652783e-16  -0.01152607168  0.9999335756  -0.01152581647
7  11  8.695809416e-17  0.001203846518  0.9999992754  0.001203846227
7  12  6.633825536e-17  0.001794123398  0.9999983906  0.001794122436
7  13  -1.214127791e-16  -0.004966964693  0.9999876647  -0.00496694427
7  14  5.342490268e-17  0.0007378892741  0.9999997278  0.0007378892071
7  15  1.454328157e-16  0.07681353113  0.997051291  0.07673801603
7  16  -1.733760507e-17  0.02911766981  0.9995761106  0.02911355547
7  17  -4.850617666e-17  0.1941910123  0.9812041032  0.1929728162
7  18  -3.882754121e-17  0.07023919504  0.9975342417  0.07018145459
7  19  1.461575374e-16  0.00583336521  0.999982986  0.005833332127
7  20  -2.850137952e-17  0.01003370253  0.9999496628  0.01003353417
7  21  -1.615725998e-16  0.01864324925  0.9998262197  0.01864216929
7  22  -3.093705141e-16  0.01398115473  0.9999022652  0.01398069925
7  23  -6.305075538e-17  0.005822240796  0.9999830508  0.005822207902
7  24  -2.44342398e-16  0.006208860975  0.9999807251  0.006208821083
7  25  -8.168981464e-17  0.136908313  0.9906426867  0.1364810147
7  26  -8.776296565e-17  0.127028318  0.9919427464  0.1266869679
7  27  1.457261514e-16  0.05584560316  0.9984410395  0.05581657978
7  28  -8.414886729e-17  0.0514870569  0.9986748343  0.05146431193
7  29  2.883127424e-17  -0.003918312036  0.9999923234  -0.00391830201
7  30  2.459579576e-16  -0.001104762485  0.9999993897  -0.00110476226
7  31  -3.254998863e-16  0.001566992496  0.9999987723  0.001566991855
7  32  2.61363598e-17  -0.007852241239  0.9999691713  -0.007852160548
7  33  8.334473057e-17  -0.008157331739  0.9999667292  -0.008157241271
7  34  -1.793952069e-17  0.01870738295  0.999825022  0.01870629181
7  35  6.721888227e-18  0.01465782493  0.999892576  0.01465730006
7  36  6.721888227e-18  0.01465782493  0.999892576  0.01465730006

8  0  9.625079994e-17  0.02664492238  0.9996450451  0.02664176973
8  1  -8.020726528e-17  0.01135372276  0.9999355472  0.01135347883
8  2  4.814371425e-17  0.004550225028  0.9999896477  0.004550209326
8  3  5.945204791e-17  0.001384189078  0.999999042  0.001384188636
8  4  -1.409774208e-16  0.0008177115955  0.9999996657  0.0008177115044
8  5  4.719737731e-17  0.002679528118  0.9999964101  0.002679524911
8  6  -1.848892164e-16  0.007288853805  0.9999734364  0.007288789266
8  7  1.290030884e-16  0.01611759979  0.9998701143  0.01611690197
8  8  9.641451855e-17  0.03438133195  0.9994090202  0.03437455879
8  9  -6.658585569e-17  0.05169948751  0.9986638791  0.05167645987
8  10  2.825713197e-16  -0.0002052039223  0.9999999789  -0.0002052039209
8  11  5.706345291e-17  0.003127038727  0.9999951108  0.003127033631
8  12  1.576983412e-16  -0.0004138666873  0.9999999144  -0.0004138666755
8  13  -3.521698511e-16  -0.01199889946  0.9999280141  -0.01199861154
8  14  -1.737145622e-16  -0.003503593796  0.9999938624  -0.003503586628
8  15  -1.922353343e-16  0.07597017929  0.9971156536  0.07589712379
8  16  -8.659142047e-17  0.03499384272  0.999387778  0.03498670109
8  17  -1.043333264e-16  0.08132926897  0.9966945976  0.08123964055
8  18  1.298392241e-17  0.3415625149  0.9422324364  0.3349597526
8  19  -6.314649636e-17  -0.0002520123396  0.9999999682  -0.0002520123369
8  20  -1.59349821e-16  0.01108032107  0.9999386139  0.01108009434
8  21  -1.289479536e-16  0.007943532751  0.9999684503  0.007943449213
8  22  -1.098550669e-16  -0.003511454005  0.9999938349  -0.003511446789
8  23  3.086577548e-17  0.01005623769  0.9999494365  0.01005606819
8  24  2.779939544e-16  0.005405284611  0.9999853915  0.00540525829
8  25  -4.975973662e-18  -0.002358040964  0.9999972198  -0.002358038778
8  26  1.899052138e-17  0.4045406554  0.9192832906  0.3935965341
8  27  6.144078164e-17  0.0278182089  0.9996130986  0.02781462117
8  28  -2.612133928e-17  0.05584560316  0.9984410395  0.05581657978
8  29  7.940935469e-17  0.04586826584  0.9989482355  0.04585218384
8  30  1.505480445e-16  -0.007819195715  0.9999694302  -0.007819116038
8  31  -2.094677301e-16  -0.005547263304  0.999984614  -0.005547234854
8  32  1.739761496e-16  0.0005435883568  0.9999998523  0.0005435883301
8  33  1.355712155e-16  -0.01086890266  0.9999409341  -0.01086868866
8  34  -6.163363519e-17  0.01371628413  0.9999059332  0.01371585404
8  35  -3.105114476e-16  0.06962648257  0.9975770555  0.06957023978
8  36  -3.105114476e-16  0.06962648257  0.9975770555  0.06957023978

9  0  -2.864884507e-16  1.082791029  0.468864962  0.883269861
9  1  -3.162611267e-16  0.01130771048  0.9999360685  0.0113074695
9  2  -9.229784318e-17  -0.00295622362  0.9999956304  -0.002956219314
9  3  2.197577258e-16  -0.007397845346  0.9999726361  -0.007397777868
9  4  3.577086409e-16  -0.008702168695  0.9999621364  -0.008702058863
9  5  -4.20285237e-17  -0.007612827038  0.9999710226  -0.007612753504
9  6  -5.803645565e-17  -0.00365032176  0.9999933376  -0.003650313653
9  7  6.773181795e-17  0.006355635922  0.999979803  0.006355593134
9  8  3.727824206e-16  0.05169948751  0.9986638791  0.05167645987
9  9  4.148492351e-16  2.060710425  -0.470550092  0.8823732832
9  10  1.560816786e-16  0.2429105495  0.9706420163  0.2405287429
9  11  1.078693578e-18  0.01334988033  0.9999108917  0.0133494838
9  12  2.720435227e-16  -0.005585175068  0.999984403  -0.005585146031
9  13  1.615300945e-16  -0.02534506001  0.9996788312  -0.0253423466
9  14  2.340582472e-16  -0.00798724961  0.9999681021  -0.007987164685
9  15  1.282193877e-16  0.02808657617  0.999605598  0.02808288361
9  16  -5.610776845e-17  0.0182229811  0.9998339661  0.01822197254
9  17  3.469519615e-16  0.186415551  0.9826748802  0.1853377451
9  18  3.521719214e-16  -2.900766415  -0.9711412443  -0.2385051018
9  19  -2.142212912e-16  -0.07982742273  0.9968154829  -0.07974266747
9  20  -1.2576165e-16  -0.01491844162  0.9998887221  -0.01491788825
9  21  -2.255864733e-16  0.01017974834  0.9999481868  0.01017957253
9  22  -6.855056464e-17  -0.03329256322  0.9994458538  -0.03328641335
9  23  -2.281934333e-16  -0.00998909773  0.9999501094  -0.009988931609
9  24  -1.86651131e-16  0.002032257408  0.999997935  0.002032256009
9  25  -5.348568722e-17  -0.04378344746  0.999041658  -0.04376946006
9  26  -2.15583632e-16  2.990657246  -0.9886308599  0.1503629707
9  27  -1.807653111e-16  0.4045406554  0.9192832906  0.3935965341
9  28  1.202646341e-16  0.127028318  0.9919427464  0.1266869679
9  29  3.226075182e-16  0.004654394058  0.9999891683  0.004654377253
9  30  1.457468418e-16  0.02755545364  0.9996203725  0.02755196661
9  31  -9.027475083e-17  -0.009531383953  0.9999545767  -0.009531239636
9  32  -3.651249439e-16  -0.01430207945  0.999897727  -0.01430159187
9  33  1.257694364e-16  0.0001972645197  0.9999999805  0.0001972645185
9  34  -8.577960066e-18  0.005296459831  0.9999859738  0.005296435068
9  35  -4.40639289e-16  1.280518991  0.2862179694  0.9581645339
9  36  -4.40639289e-16  1.280518991  0.2862179694  0.9581645339

10  0  6.425434677e-17  0.3207934635  0.9489855222  0.3153196452
10  1  1.45010036e-16  0.007199384021  0.9999740845  0.007199321829
10  2  3.526950308e-16  -0.01712674523  0.9998533409  -0.01712590796
10  3  2.488066148e-16  -0.01350721018  0.999908779  -0.01350679946
10  4  2.726793105e-16  -0.01069433676  0.9999428161  -0.01069413292
10  5  1.311955293e-16  -0.009767387099  0.9999522995  -0.009767231795
10  6  -8.293617625e-17  -0.01043336603  0.9999455729  -0.01043317674
10  7  3.787717353e-17  -0.01152607168  0.9999335756  -0.01152581647
10  8  1.580092664e-16  -0.0002052039222  0.9999999789  -0.0002052039208
10  9  9.453483356e-17  0.2429105495  0.9706420163  0.2405287429
10  10  1.071598922e-16  0.1412593696  0.9900394747  0.1407900515
10  11  8.449107424e-17  0.01872526172  0.9998246874  0.01872416745
10  12  -1.297917054e-17  -0.03731634415  0.999303826  -0.03730768419
10  13  2.024131431e-16  -0.04081166603  0.9991673195  -0.04080033771
10  14  2.51582888e-16  -0.04382487946  0.9990398437  -0.04381085232
10  15  1.068914852e-16  -0.06629486906  0.9978032999  -0.06624631864
10  16  -1.854589884e-16  -0.006108546666  0.9999813429  -0.006108508677
10  17  -1.636131616e-16  0.1161387832  0.9932634686  0.115877875
10  18  2.037682685e-16  0.06615471112  0.997812575  0.06610646793
10  19  1.039462504e-16  -0.03198633296  0.9994884809  -0.0319808789
10  20  -4.57864446e-18  -0.07165524235  0.9974338614  -0.07159393943
10  21  -1.652808643e-16  -0.04983281484  0.9987586022  -0.04981219235
10  22  -1.182740181e-16  -0.007608915284  0.9999710523  -0.007608841864
10  23  -1.024167777e-16  -0.04122601984  0.999150328  -0.04121434298
10  24  -2.569738059e-16  -0.03634138067  0.9993397247  -0.03633338188
10  25  -2.962140795e-16  -0.08516424908  0.9963757167  -0.08506133774
10  26  3.184386014e-17  -0.04378344747  0.999041658  -0.04376946007
10  27  8.567270882e-17  -0.002358040965  0.9999972198  -0.00235803878
10  28  -1.503677865e-16  0.136908313  0.9906426867  0.1364810147
10  29  -1.811240562e-17  0.04190755777  0.9991220068  0.04189529221
10  30  3.908242699e-18  -0.05017148702  0.9987416749  -0.05015044124
10  31  4.261614783e-17  -0.06935146883  0.9975961506  -0.06929588976
10  32  -1.142003143e-16  -0.01192893675  0.9999288511  -0.01192865384
10  33  -5.649128875e-17  -0.0331448694  0.9994507591  -0.03313880101
10  34  -2.469936556e-16  -0.01752488987  0.999846443  -0.01752399283
10  35  -2.497302742e-17  0.084570209  0.9964260707  0.08446943566
10  36  -2.497302742e-17  0.084570209  0.9964260707  0.08446943566

11  0  6.895932727e-17  -0.1008841758  0.9949155061  -0.1007131361
11  1  -1.528942672e-16  0.01733442653  0.9998497626  0.01733355843
11  2  -1.496498327e-16  0.004589105787  0.9999894701  0.004589089679
11  3  -2.361929538e-16  0.0005430265872  0.9999998526  0.0005430265606
11  4  -2.383356778e-16  0.0008758591331  0.9999996164  0.0008758590211
11  5  -1.90078836e-16  0.001559100396  0.9999987846  0.001559099764
11  6  -1.196809943e-17  0.001531787726  0.9999988268  0.001531787127
11  7  2.532699489e-17  0.001203846518  0.9999992754  0.001203846227
11  8  9.454386334e-17  0.003127038727  0.9999951108  0.003127033631
11  9  1.824227537e-16  0.01334988033  0.9999108917  0.0133494838
11  10  -1.623369638e-16  0.01872526172  0.9998246874  0.01872416745
11  11  -2.196194427e-16  -0.2296494  0.9737462641  -0.2276361421
11  12  -5.040928597e-17  -0.6990943536  0.765425307  -0.6435247466
11  13  -1.011504553e-16  -0.05798717854  0.9983192146  -0.0579546869
11  14  5.138971625e-17  -0.9962685134  0.5434384747  -0.8394490003
11  15  1.860215838e-16  -0.1652578134  0.9863759761  -0.1645066374
11  16  -1.949973348e-16  -0.01103675425  0.9999390956  -0.01103653019
11  17  -3.686757841e-18  0.01828717963  0.9998327942  0.01828616038
11  18  3.346592953e-16  0.01816984001  0.999834933  0.01816884026
11  19  2.071656162e-16  0.004230405678  0.9999910518  0.00423039306
11  20  -4.362543211e-16  0.00253596983  0.9999967844  0.002535967112
11  21  -2.46680185e-16  -0.01937310908  0.9998123472  -0.01937189726
11  22  -7.754582624e-17  -0.02584389355  0.9996660652  -0.02584101676
11  23  6.187946874e-17  0.6040575058  0.8230377872  0.5679866203
11  24  -3.920278476e-16  -0.06991296439  0.997557084  -0.06985602461
11  25  -9.796219146e-17  -0.03634138067  0.9993397247  -0.03633338188
11  26  -2.82175643e-16  0.002032257408  0.999997935  0.002032256009
11  27  -8.604286876e-17  0.005405284611  0.9999853915  0.00540525829
11  28  9.653524778e-17  0.006208860974  0.9999807251  0.006208821083
11  29  -1.140966413e-16  0.02657677763  0.9996468582  0.0265736491
11  30  -1.869192966e-16  0.002452082166  0.9999969936  0.002452079708
11  31  -1.645539892e-16  -0.06630672274  0.9978025146  -0.06625814627
11  32  1.260835872e-16  -0.68537289  0.7741830758  -0.6329617406
11  33  -1.139540771e-16  -0.4428498487  0.9035341278  -0.4285161372
11  34  -9.328521443e-17  -0.1073886711  0.994239376  -0.1071823832
11  35  -3.078082869e-16  -0.7352352123  0.7416730026  -0.6707616248
11  36  -3.078082869e-16  -0.7352352123  0.7416730026  -0.6707616248

12  0  -2.254981312e-16  -0.9910965529  0.5477727842  -0.8366271433
12  1  -1.476687654e-16  -0.1009934687  0.9949044929  -0.1008218727
12  2  -1.035353339e-16  -0.01560964357  0.999878172  -0.01560900966
12  3  1.680301899e-16  -0.003776784171  0.999992868  -0.003776775193
12  4  -2.894686268e-16  -5.128247862e-05  0.9999999987  -5.12824786e-05
12  5  -9.500756831e-17  0.002018065859  0.9999979637  0.00201806449
12  6  -1.442264119e-16  0.002664902129  0.9999964492  0.002664898975
12  7  -2.142421824e-16  0.001794123398  0.9999983906  0.001794122436
12  8  -1.805721975e-16  -0.0004138666873  0.9999999144  -0.0004138666755
12  9  -2.20756977e-16  -0.005585175068  0.999984403  -0.005585146031
12  10  -1.20869746e-16  -0.03731634415  0.999303826  -0.03730768419
12  11  -5.336747114e-17  -0.6990943536  0.765425307  -0.6435247466
12  12  -1.898010768e-16  -0.7413720813  0.737542686  -0.6753005155
12  13  4.486399005e-16  -0.08641966151  0.9962681445  -0.08631213284
12  14  2.527205305e-16  -0.9264437522  0.6006809551  -0.7994888306
12  15  2.619443913e-16  -0.05144395896  0.9986770513  -0.05142127105
12  16  2.996861005e-17  -0.004373337041  0.999990437  -0.0043733231
12  17  2.28109512e-16  0.00139223705  0.9999990308  0.0013922366
12  18  3.777446093e-17  0.001325109761  0.999999122  0.001325109373
12  19  4.238592391e-18  0.003972713365  0.9999921088  0.003972702916
12  20  -1.827104647e-16  0.009894317723  0.9999510516  0.009894156286
12  21  -1.663266004e-16  0.009659377384  0.9999533486  0.009659227176
12  22  -5.821939968e-17  -0.01080948977  0.999941578  -0.01080927926
12  23  1.356095233e-16  0.6145094721  0.8170563629  0.5765578027
12  24  1.012881092e-16  0.6040575058  0.8230377872  0.5679866203
12  25  4.42037117e-17  -0.04122601984  0.999150328  -0.04121434298
12  26  -1.072602382e-17  -0.009989097731  0.9999501094  -0.00998893161
12  27  3.365689509e-17  0.01005623769  0.9999494365  0.01005606819
12  28  2.293516893e-16  0.005822240796  0.9999830508  0.005822207902
12  29  1.222555562e-16  0.0008689516586  0.9999996225  0.0008689515492
12  30  1.092528522e-16  0.003091062057  0.9999952227  0.003091057135
12  31  -1.425025261e-16  -0.0009687945967  0.9999995307  -0.0009687944451
12  32  -4.640348981e-17  -0.02499361477  0.9996876759  -0.02499101268
12  33  7.137026066e-17  -0.7812852051  0.7100090929  -0.7041925078
12  34  2.671002537e-16  -0.2290251324  0.9738881802  -0.2270282195
12  35  -1.894461997e-16  -0.4001006528  0.9210217933  -0.3895110477
12  36  -1.894461997e-16  -0.4001006528  0.9210217933  -0.3895110477

13  0  1.945405228e-16  -0.04813035173  0.9988419582  -0.04811177131
13  1  2.044178657e-16  -0.0857098791  0.9963291564  -0.08560497756
13  2  1.930220446e-16  -0.04742050142  0.9988758587  -0.04740273097
13  3  -7.770526625e-17  -0.03199334458  0.9994882566  -0.03198788693
13  4  1.851241434e-16  -0.01995316135  0.9998009423  -0.01995183739
13  5  -2.065155129e-16  -0.009401804515  0.9999558034  -0.009401666005
13  6  -1.696207076e-16  -0.004213389341  0.9999911237  -0.004213376875
13  7  7.958953448e-17  -0.004966964693  0.9999876647  -0.00496694427
13  8  -8.708705289e-18  -0.01199889946  0.9999280141  -0.01199861154
13  9  1.774602763e-16  -0.02534506001  0.9996788312  -0.0253423466
13  10  6.597425732e-17  -0.04081166603  0.9991673195  -0.04080033771
13  11  3.430095342e-16  -0.05798717854  0.9983192146  -0.0579546869
13  12  2.362595204e-16  -0.08641966151  0.9962681445  -0.08631213284
13  13  2.561464327e-16  -0.03743147914  0.999299524  -0.03742273878
13  14  4.137577324e-17  -0.02137864509  0.9997714855  -0.02137701662
13  15  -7.467633805e-18  0.005716345314  0.9999836617  0.005716314182
13  16  -1.631323661e-16  0.009433149481  0.9999555082  0.009433009581
13  17  -4.089694896e-17  0.006963474992  0.9999757551  0.006963418716
13  18  6.53615844e-17  0.002231614367  0.9999975099  0.002231612514
13  19  1.414206127e-16  0.006583663518  0.9999783278  0.006583615957
13  20  -3.952361347e-17  0.01460642111  0.9998933281  0.01460590174
13  21  1.440026065e-17  0.01172906499  0.9999312153  0.01172879606
13  22  -7.626383198e-18  -0.02509907487  0.9996850348  -0.0250964397
13  23  3.531876066e-16  -0.01080948977  0.999941578  -0.01080927926
13  24  -8.519968335e-17  -0.02584389355  0.9996660652  -0.02584101676
13  25  -3.660514128e-18  -0.007608915285  0.9999710523  -0.007608841865
13  26  -2.108286333e-16  -0.03329256322  0.9994458538  -0.03328641335
13  27  1.02391733e-16  -0.003511454004  0.9999938349  -0.003511446788
13  28  2.658769316e-16  0.01398115473  0.9999022652  0.01398069925
13  29  -1.586164672e-16  0.009536957176  0.9999545236  0.009536812606
13  30  -2.102810351e-16  0.002721392265  0.999996297  0.002721388906
13  31  -2.264449267e-16  0.005881891972  0.9999827017  0.005881858056
13  32  2.28635408e-16  0.008917976215  0.9999602351  0.008917858007
13  33  2.26675824e-16  0.007398140109  0.9999726339  0.007398072622
13  34  4.052590506e-16  -0.01740171606  0.999848594  -0.01740083781
13  35  1.543840339e-17  -0.015562515  0.9998789065  -0.01556188682
13  36  1.543840339e-17  -0.015562515  0.9998789065  -0.01556188682

14  0  2.305618044e-16  0.006353100465  0.9999798191  0.006353057728
14  1  -9.837529885e-17  -0.1965519527  0.9807457717  -0.1952888406
14  2  -3.583442615e-17  -1.167991169  0.3920005282  -0.9199649917
14  3  6.17565461e-17  -0.5719564368  0.8408436086  -0.541278141
14  4  1.727023468e-16  -0.04807561123  0.9988445904  -0.04805709413
14  5  -1.889908802e-16  -0.01422932326  0.9998987649  -0.01422884309
14  6  1.121401497e-16  -0.004037549941  0.9999918491  -0.004037538971
14  7  -1.696259216e-16  0.0007378892739  0.9999997278  0.000737889207
14  8  2.186808717e-16  -0.003503593796  0.9999938624  -0.003503586628
14  9  -7.627212661e-17  -0.00798724961  0.9999681021  -0.007987164684
14  10  1.251314611e-16  -0.04382487946  0.9990398437  -0.04381085232
14  11  3.233202366e-16  -0.9962685134  0.5434384747  -0.8394490003
14  12  3.287586564e-16  -0.9264437522  0.6006809551  -0.7994888306
14  13  2.132020732e-16  -0.02137864509  0.9997714855  -0.02137701662
14  14  2.272206191e-16  0.006399751797  0.9999795217  0.006399708111
14  15  5.311239887e-17  0.01376824552  0.9999052192  0.01376781053
14  16  -1.313608352e-16  0.02135854835  0.9997719149  0.02135692447
14  17  1.304633158e-16  0.03007179723  0.9995478776  0.03006726505
14  18  -1.369770126e-17  0.03374718159  0.9994306179  0.03374077633
14  19  -1.012634953e-16  0.03894556345  0.9992417174  0.03893571903
14  20  -2.409355082e-16  0.04402389989  0.9990311046  0.04400968078
14  21  6.806790856e-17  0.03222665952  0.9994807661  0.0322210816
14  22  2.098664797e-16  0.01172906499  0.9999312153  0.01172879606
14  23  -1.246391394e-18  0.009659377384  0.9999533486  0.009659227176
14  24  -1.706507174e-16  -0.01937310908  0.9998123472  -0.01937189726
14  25  -1.166386649e-16  -0.04983281484  0.9987586022  -0.04981219235
14  26  2.785457477e-16  0.01017974834  0.9999481868  0.01017957253
14  27  -5.568393027e-17  0.007943532752  0.9999684503  0.007943449213
14  28  1.623038493e-16  0.01864324925  0.9998262197  0.01864216929
14  29  -8.407035027e-17  0.03343302447  0.9994411685  0.03342679643
14  30  -1.278568231e-16  0.03739776711  0.999300785  0.03738905035
14  31  2.991990185e-17  0.03773966698  0.9992879433  0.03773070896
14  32  -3.997734321e-17  0.03867348299  0.9992522741  0.03866384345
14  33  -1.538842497e-16  0.03008860917  0.9995473719  0.03008406939
14  34  5.896014345e-17  0.01778035982  0.9998419336  0.01777942298
14  35  -2.85371206e-16  0.01361860894  0.9999072682  0.01361818798
14  36  -2.85371206e-16  0.01361860894  0.9999072682  0.01361818798

15  0  -5.981864894e-17  0.02130726309  0.9997730089  0.02130565088
15  1  -2.946515289e-16  0.01047966608  0.9999450888  0.01047947426
15  2  -1.964830825e-16  -0.02827534417  0.9996002791  -0.02827157665
15  3  3.136602055e-16  -0.1272542996  0.9919140922  -0.1269111255
15  4  1.542121127e-16  -0.07736794959  0.9970085928  -0.07729078784
15  5  1.270566974e-16  -0.009476308215  0.9999551001  -0.009476166386
15  6  -9.695570376e-17  0.0356736589  0.9993637625  0.03566609294
15  7  5.259910306e-17  0.07681353113  0.997051291  0.07673801603
15  8  2.453074517e-16  0.07597017929  0.9971156536  0.07589712379
15  9  1.527384537e-16  0.02808657617  0.999605598  0.02808288361
15  10  -2.139656584e-16  -0.06629486907  0.9978032999  -0.06624631864
15  11  -2.373010383e-16  -0.1652578134  0.9863759761  -0.1645066374
15  12  4.47294736e-17  -0.05144395896  0.9986770513  -0.05142127105
15  13  -5.774712487e-17  0.005716345314  0.9999836617  0.005716314182
15  14  -1.733733749e-17  0.01376824552  0.9999052192  0.01376781053
15  15  -2.511190112e-16  0.0217770601  0.9997628892  0.02177533888
15  16  1.442744888e-16  0.01826413337  0.9998332154  0.01826311796
15  17  3.48589715e-17  0.0304266413  0.9995371455  0.03042194679
15  18  -4.67224617e-17  0.08630575397  0.9962779696  0.08619864983
15  19  -3.681813209e-16  0.1610513499  0.9870592386  0.1603560397
15  20  -1.805593087e-16  0.1211709678  0.9926677761  0.1208746719
15  21  -8.446829538e-17  0.04402389988  0.9990311046  0.04400968078
15  22  -1.839823242e-16  0.01460642111  0.9998933281  0.01460590174
15  23  -4.257956651e-16  0.009894317724  0.9999510516  0.009894156286
15  24  9.67135167e-17  0.00253596983  0.9999967844  0.002535967112
15  25  2.84724767e-16  -0.07165524235  0.9974338614  -0.07159393943
15  26  3.256088501e-16  -0.01491844162  0.9998887221  -0.01491788825
15  27  1.51390185e-16  0.01108032107  0.9999386139  0.01108009434
15  28  4.039387546e-17  0.01003370253  0.9999496628  0.01003353417
15  29  -1.817052264e-16  0.02047488057  0.999790397  0.02047345002
15  30  6.796692967e-17  0.05850123016  0.998289291  0.05846786682
15  31  1.154300069e-16  0.1365374438  0.9906932351  0.1361136065
15  32  9.019176545e-17  0.1526085273  0.9883779009  0.1520168575
15  33  4.134894836e-16  0.06824598706  0.9976721463  0.06819302328
15  34  2.622324291e-16  0.02083414526  0.999782977  0.02083263808
15  35  -3.120889589e-17  0.02558732582  0.9996726622  0.02558453386
15  36  -3.120889589e-17  0.02558732582  0.9996726622  0.02558453386

16  0  -5.886853685e-17  0.01917559523  0.9998161539  0.0191744201
16  1  -7.011720082e-17  0.01799618494  0.999838073  0.01799521357
16  2  1.618800796e-17  0.01573964941  0.9998761343  0.01573899953
16  3  -3.270641958e-16  0.0002100093929  0.9999999779  0.0002100093914
16  4  -1.534819482e-16  -0.007682931221  0.9999704864  -0.007682855638
16  5  -8.293892891e-17  -0.005974599051  0.9999821521  -0.005974563506
16  6  -8.008928481e-17  0.01115445003  0.9999377898  0.01115421872
16  7  -4.956231455e-17  0.02911766981  0.9995761106  0.02911355547
16  8  -1.557574946e-17  0.03499384272  0.999387778  0.03498670109
16  9  1.587036149e-16  0.0182229811  0.9998339661  0.01822197254
16  10  1.619504237e-16  -0.006108546666  0.9999813429  -0.006108508677
16  11  2.498963726e-16  -0.01103675425  0.9999390956  -0.01103653019
16  12  1.928063051e-16  -0.00437333704  0.999990437  -0.0043733231
16  13  1.510346876e-16  0.009433149481  0.9999555082  0.009433009581
16  14  -2.377378305e-17  0.02135854835  0.9997719149  0.02135692447
16  15  -2.266558609e-17  0.01826413337  0.9998332154  0.01826311796
16  16  -2.104992336e-16  0.008953598935  0.9999599168  0.008953479305
16  17  -1.29149763e-16  -0.01441643999  0.9998960849  -0.01441594063
16  18  1.33796578e-17  0.03480643003  0.9993943174  0.03479940253
16  19  8.466401918e-17  0.1594864198  0.9873089759  0.1588111652
16  20  -1.998598266e-16  0.1610513499  0.9870592386  0.1603560397
16  21  -6.540050473e-17  0.03894556345  0.9992417174  0.03893571903
16  22  1.687854464e-17  0.006583663518  0.9999783278  0.006583615957
16  23  -3.20034679e-16  0.003972713365  0.9999921088  0.003972702916
16  24  6.940361497e-17  0.004230405678  0.9999910518  0.00423039306
16  25  8.949559774e-17  -0.03198633296  0.9994884809  -0.0319808789
16  26  -9.295958313e-17  -0.07982742273  0.9968154829  -0.07974266747
16  27  1.370395974e-16  -0.0002520123399  0.9999999682  -0.0002520123373
16  28  2.064863839e-17  0.00583336521  0.999982986  0.005833332127
16  29  -4.218411085e-19  0.003114711168  0.9999951493  0.003114706132
16  30  -3.155982195e-17  0.01089545414  0.9999406451  0.01089523857
16  31  -5.855764358e-17  0.0754155025  0.9971575986  0.07534403523
16  32  4.915462253e-17  0.1969264359  0.9806725706  0.1956560997
16  33  1.429785282e-16  0.1031162777  0.9946882258  0.1029336362
16  34  1.967470414e-16  0.01143375956  0.9999346353  0.01143351044
16  35  3.167336848e-16  -0.005732337152  0.9999835702  -0.005732305759
16  36  3.167336848e-16  -0.005732337152  0.9999835702  -0.005732305759

17  0  2.394353123e-16  -0.1288254923  0.9917134661  -0.1284694564
17  1  -3.916606075e-17  0.01306150429  0.9999146998  0.0130611329
17  2  7.135463965e-17  0.0363187418  0.999340547  0.03631075795
17  3  -1.405389389e-16  0.01520766419  0.9998843657  0.01520707801
17  4  -1.833744701e-16  0.001660050615  0.9999986221  0.001660049852
17  5  -3.815518862e-17  0.008166936844  0.9999666508  0.008166846057
17  6  -7.493028962e-17  0.05787660286  0.9983256169  0.05784429672
17  7  9.895991584e-18  0.1941910123  0.9812041032  0.1929728162
17  8  2.371683491e-16  0.08132926897  0.9966945976  0.08123964055
17  9  2.026135874e-17  0.186415551  0.9826748802  0.1853377451
17  10  -6.568225705e-17  0.1161387832  0.9932634686  0.115877875
17  11  -1.846683484e-16  0.01828717963  0.9998327942  0.01828616038
17  12  2.027698053e-16  0.00139223705  0.9999990308  0.0013922366
17  13  6.897977855e-20  0.006963474992  0.9999757551  0.006963418716
17  14  5.270669098e-17  0.03007179723  0.9995478776  0.03006726505
17  15  1.328427788e-16  0.0304266413  0.9995371455  0.03042194679
17  16  2.721878128e-17  -0.01441643999  0.9998960849  -0.01441594063
17  17  -2.321791164e-16  -0.2372327114  0.9719920466  -0.2350137472
17  18  -1.204585998e-16  -0.0861769106  0.9962890675  -0.08607028531
17  19  -1.194334944e-16  0.03480643003  0.9993943174  0.03479940253
17  20  3.106957026e-17  0.08630575397  0.9962779696  0.08619864983
17  21  9.937437605e-17  0.03374718159  0.9994306179  0.03374077633
17  22  -1.67583853e-16  0.002231614367  0.9999975099  0.002231612514
17  23  1.312572703e-16  0.00132510976  0.999999122  0.001325109373
17  24  2.932184635e-17  0.01816984001  0.999834933  0.01816884026
17  25  8.469102329e-17  0.06615471112  0.997812575  0.06610646793
17  26  1.246213366e-16  -2.900766415  -0.9711412443  -0.2385051019
17  27  8.477044813e-17  0.3415625149  0.9422324364  0.3349597526
17  28  -1.653097904e-16  0.07023919504  0.9975342417  0.07018145459
17  29  1.042753756e-16  0.01469058254  0.9998920953  0.01469005415
17  30  9.080125073e-17  -0.0002914019827  0.9999999575  -0.0002914019785
17  31  2.591020401e-16  0.009199779774  0.9999576823  0.009199650003
17  32  9.956250181e-17  0.06298019447  0.998017403  0.06293856752
17  33  -1.461696006e-17  0.07425352052  0.9972444738  0.07418530548
17  34  -1.120465454e-16  0.002342685088  0.9999972559  0.002342682945
17  35  1.377644567e-16  -0.1914948885  0.981720815  -0.1903266702
17  36  1.377644567e-16  -0.1914948885  0.981720815  -0.1903266702

18  0  4.127657931e-16  -0.1914948884  0.981720815  -0.1903266702
18  1  4.335534719e-17  0.002342685089  0.9999972559  0.002342682946
18  2  2.018251819e-16  0.07425352052  0.9972444738  0.07418530548
18  3  1.116357908e-16  0.06298019447  0.998017403  0.06293856752
18  4  -4.623922163e-16  0.009199779774  0.9999576823  0.009199650002
18  5  -1.904638978e-16  -0.0002914019825  0.9999999575  -0.0002914019783
18  6  8.694969794e-17  0.01469058254  0.9998920953  0.01469005415
18  7  2.253805759e-16  0.07023919504  0.9975342417  0.07018145459
18  8  9.828470807e-17  0.3415625149  0.9422324364  0.3349597526
18  9  3.431870102e-18  -2.900766415  -0.9711412443  -0.2385051018
18  10  1.398495296e-16  0.06615471112  0.997812575  0.06610646793
18  11  9.778969785e-17  0.01816984001  0.999834933  0.01816884026
18  12  1.402865574e-16  0.00132510976  0.999999122  0.001325109373
18  13  -3.086311437e-16  0.002231614367  0.9999975099  0.002231612514
18  14  -1.833895951e-16  0.03374718159  0.9994306179  0.03374077633
18  15  2.014918922e-18  0.08630575397  0.9962779696  0.08619864983
18  16  -1.507032082e-16  0.03480643003  0.9993943174  0.03479940253
18  17  4.167328445e-17  -0.0861769106  0.9962890675  -0.08607028531
18  18  3.875637568e-17  -0.2372327114  0.9719920466  -0.2350137472
18  19  -2.056938225e-16  -0.01441643999  0.9998960849  -0.01441594063
18  20  4.833511459e-17  0.0304266413  0.9995371455  0.03042194679
18  21  -8.837319174e-17  0.03007179723  0.9995478776  0.03006726505
18  22  -2.594934828e-16  0.006963474992  0.9999757551  0.006963418716
18  23  2.504600101e-16  0.001392237049  0.9999990308  0.0013922366
18  24  2.061046125e-16  0.01828717963  0.9998327942  0.01828616038
18  25  3.181548046e-17  0.1161387832  0.9932634686  0.115877875
18  26  -1.471680422e-16  0.186415551  0.9826748802  0.1853377451
18  27  -3.398583635e-16  0.08132926896  0.9966945976  0.08123964055
18  28  -2.149012066e-17  0.1941910123  0.9812041032  0.1929728162
18  29  8.229398254e-17  0.05787660286  0.9983256169  0.05784429672
18  30  -9.520726062e-17  0.008166936844  0.9999666508  0.008166846057
18  31  -9.845417018e-17  0.001660050615  0.9999986221  0.001660049852
18  32  -1.113195996e-17  0.01520766419  0.9998843657  0.01520707801
18  33  -1.360293032e-17  0.0363187418  0.999340547  0.03631075795
18  34  -1.494489617e-16  0.01306150429  0.9999146998  0.0130611329
18  35  2.188513509e-16  -0.1288254923  0.9917134661  -0.1284694564
18  36  2.188513509e-16  -0.1288254923  0.9917134661  -0.1284694564

19  0  -3.954384058e-17  -0.005732337152  0.9999835702  -0.005732305759
19  1  -3.488247135e-16  0.01143375956  0.9999346353  0.01143351044
19  2  -2.672455089e-17  0.1031162777  0.9946882258  0.1029336362
19  3  -7.543028405e-19  0.1969264359  0.9806725706  0.1956560997
19  4  4.752629905e-17  0.07541550249  0.9971575986  0.07534403523
19  5  2.450131621e-16  0.01089545414  0.9999406451  0.01089523857
19  6  9.189908725e-17  0.003114711168  0.9999951493  0.003114706132
19  7  -2.233936039e-16  0.00583336521  0.999982986  0.005833332127
19  8  7.388664541e-17  -0.0002520123397  0.9999999682  -0.000252012337
19  9  -7.785997322e-17  -0.07982742273  0.9968154829  -0.07974266747
19  10  -3.235752561e-16  -0.03198633296  0.9994884809  -0.0319808789
19  11  1.336448739e-16  0.004230405678  0.9999910518  0.00423039306
19  12  1.877990801e-16  0.003972713365  0.9999921088  0.003972702916
19  13  1.821646647e-16  0.006583663518  0.9999783278  0.006583615957
19  14  -6.565075128e-17  0.03894556345  0.9992417174  0.03893571903
19  15  1.216906807e-16  0.1610513499  0.9870592386  0.1603560397
19  16  -2.919153432e-16  0.1594864198  0.9873089759  0.1588111652
19  17  -2.685420762e-16  0.03480643003  0.9993943174  0.03479940253
19  18  2.332682624e-16  -0.01441643999  0.9998960849  -0.01441594063
19  19  -7.975526751e-17  0.008953598935  0.9999599168  0.008953479306
19  20  7.396784178e-17  0.01826413337  0.9998332154  0.01826311796
19  21  4.374085185e-16  0.02135854835  0.9997719149  0.02135692447
19  22  9.967023339e-17  0.009433149481  0.9999555082  0.009433009581
19  23  -1.701655829e-16  -0.004373337041  0.999990437  -0.0043733231
19  24  -1.655133716e-16  -0.01103675425  0.9999390956  -0.01103653019
19  25  8.745302368e-18  -0.006108546667  0.9999813429  -0.006108508677
19  26  1.111860307e-16  0.0182229811  0.9998339661  0.01822197254
19  27  1.232771827e-17  0.03499384272  0.999387778  0.03498670109
19  28  1.727521993e-16  0.02911766981  0.9995761106  0.02911355547
19  29  1.94420709e-16  0.01115445003  0.9999377898  0.01115421872
19  30  -1.446693531e-16  -0.00597459905  0.9999821521  -0.005974563506
19  31  1.053398327e-16  -0.007682931221  0.9999704864  -0.007682855637
19  32  -2.285960552e-16  0.0002100093934  0.9999999779  0.0002100093918
19  33  -2.501124101e-16  0.01573964941  0.9998761343  0.01573899953
19  34  9.574900434e-18  0.01799618494  0.999838073  0.01799521357
19  35  -7.698503237e-17  0.01917559524  0.9998161539  0.0191744201
19  36  -7.698503237e-17  0.01917559524  0.9998161539  0.0191744201

20  0  -1.369464124e-16  0.02558732582  0.9996726622  0.02558453386
20  1  3.257274296e-17  0.02083414526  0.999782977  0.02083263808
20  2  -2.427994943e-17  0.06824598706  0.9976721463  0.06819302328
20  3  -2.290920013e-16  0.1526085273  0.9883779009  0.1520168575
20  4  -9.558692597e-17  0.1365374438  0.9906932351  0.1361136065
20  5  -2.730423583e-16  0.05850123016  0.998289291  0.05846786682
20  6  1.441827394e-16  0.02047488057  0.999790397  0.02047345002
20  7  -1.714209984e-16  0.01003370253  0.9999496628  0.01003353417
20  8  -2.485806706e-16  0.01108032107  0.9999386139  0.01108009434
20  9  -1.558484894e-16  -0.01491844162  0.9998887221  -0.01491788825
20  10  1.152818652e-16  -0.07165524235  0.9974338614  -0.07159393943
20  11  3.104223399e-17  0.00253596983  0.9999967844  0.002535967112
20  12  -1.293811601e-16  0.009894317724  0.9999510516  0.009894156286
20  13  -1.111085482e-17  0.01460642111  0.9998933281  0.01460590174
20  14  -8.284260912e-17  0.04402389989  0.9990311046  0.04400968078
20  15  -1.039772451e-16  0.1211709678  0.9926677761  0.1208746719
20  16  -2.66707248e-16  0.1610513499  0.9870592386  0.1603560397
20  17  -2.602837293e-18  0.08630575397  0.9962779696  0.08619864983
20  18  1.075394267e-16  0.0304266413  0.9995371455  0.03042194679
20  19  -2.099463253e-16  0.01826413337  0.9998332154  0.01826311796
20  20  7.206583315e-18  0.0217770601  0.9997628892  0.02177533888
20  21  -1.615268637e-16  0.01376824552  0.9999052192  0.01376781053
20  22  -1.390251799e-16  0.005716345314  0.9999836617  0.005716314182
20  23  8.209800217e-18  -0.05144395896  0.9986770513  -0.05142127105
20  24  -1.301759408e-16  -0.1652578134  0.9863759761  -0.1645066374
20  25  3.371523624e-17  -0.06629486907  0.9978032999  -0.06624631864
20  26  1.543713233e-16  0.02808657617  0.999605598  0.02808288361
20  27  3.269528833e-16  0.07597017929  0.9971156536  0.07589712379
20  28  1.073339206e-16  0.07681353113  0.997051291  0.07673801603
20  29  2.465418976e-16  0.03567365891  0.9993637625  0.03566609295
20  30  -2.325292955e-16  -0.009476308214  0.9999551001  -0.009476166385
20  31  -1.908141697e-16  -0.07736794958  0.9970085928  -0.07729078784
20  32  -1.664939662e-16  -0.1272542996  0.9919140922  -0.1269111255
20  33  2.480560041e-16  -0.02827534417  0.9996002791  -0.02827157665
20  34  1.723200056e-16  0.01047966608  0.9999450888  0.01047947426
20  35  1.057654502e-16  0.02130726309  0.9997730089  0.02130565088
20  36  1.057654502e-16  0.02130726309  0.9997730089  0.02130565088

21  0  1.221673441e-16  0.01361860894  0.9999072682  0.01361818798
21  1  5.705473784e-18  0.01778035982  0.9998419336  0.01777942298
21  2  2.483827268e-17  0.03008860917  0.9995473719  0.03008406939
21  3  -2.816059277e-18  0.03867348299  0.9992522741  0.03866384345
21  4  5.89438974e-17  0.03773966698  0.9992879433  0.03773070896
21  5  -2.675114718e-16  0.03739776711  0.999300785  0.03738905035
21  6  1.099419534e-16  0.03343302447  0.9994411685  0.03342679643
21  7  1.472523734e-16  0.01864324925  0.9998262197  0.01864216929
21  8  -2.439673436e-16  0.007943532751  0.9999684503  0.007943449212
21  9  1.58553647e-17  0.01017974834  0.9999481868  0.01017957253
21  10  3.927990015e-16  -0.04983281484  0.9987586022  -0.04981219235
21  11  -1.730926865e-16  -0.01937310908  0.9998123472  -0.01937189726
21  12  -1.335578852e-16  0.009659377384  0.9999533486  0.009659227175
21  13  -6.94903347e-17  0.01172906499  0.9999312153  0.01172879606
21  14  -9.311394565e-17  0.03222665952  0.9994807661  0.0322210816
21  15  -2.980621694e-17  0.04402389989  0.9990311046  0.04400968078
21  16  -3.206085931e-16  0.03894556345  0.9992417174  0.03893571903
21  17  -1.163365239e-17  0.03374718159  0.9994306179  0.03374077633
21  18  9.626496349e-17  0.03007179723  0.9995478776  0.03006726505
21  19  -1.080935789e-16  0.02135854835  0.9997719149  0.02135692447
21  20  1.100209113e-16  0.01376824552  0.9999052192  0.01376781053
21  21  1.928496819e-16  0.006399751797  0.9999795217  0.006399708111
21  22  -1.231523393e-16  -0.02137864509  0.9997714855  -0.02137701662
21  23  -5.387949241e-17  -0.9264437522  0.6006809551  -0.7994888306
21  24  -1.638439742e-16  -0.9962685134  0.5434384747  -0.8394490003
21  25  -1.996028799e-16  -0.04382487946  0.9990398437  -0.04381085232
21  26  -9.525714152e-17  -0.007987249611  0.9999681021  -0.007987164685
21  27  -2.747898153e-16  -0.003503593796  0.9999938624  -0.003503586628
21  28  -6.388762861e-17  0.0007378892739  0.9999997278  0.0007378892069
21  29  -6.804354262e-17  -0.004037549941  0.9999918491  -0.004037538971
21  30  4.845001534e-17  -0.01422932326  0.9998987649  -0.01422884309
21  31  -1.104992871e-16  -0.04807561123  0.9988445904  -0.04805709413
21  32  -2.196867581e-16  -0.5719564368  0.8408436086  -0.541278141
21  33  -1.394195719e-16  -1.167991169  0.3920005282  -0.9199649917
21  34  2.799395979e-16  -0.1965519527  0.9807457717  -0.1952888406
21  35  3.229849435e-16  0.006353100468  0.9999798191  0.006353057731
21  36  3.229849435e-16  0.006353100468  0.9999798191  0.006353057731

22  0  -1.035591473e-16  -0.01556251501  0.9998789065  -0.01556188683
22  1  -3.019413137e-16  -0.01740171606  0.999848594  -0.01740083781
22  2  -1.696279411e-16  0.007398140107  0.9999726339  0.007398072621
22  3  1.778932433e-16  0.008917976214  0.9999602351  0.008917858006
22  4  2.053071831e-16  0.005881891971  0.9999827017  0.005881858056
22  5  1.244270078e-16  0.002721392265  0.999996297  0.002721388906
22  6  7.210456996e-17  0.009536957176  0.9999545236  0.009536812606
22  7  -8.035547916e-17  0.01398115473  0.9999022652  0.01398069925
22  8  -1.450124319e-17  -0.003511454005  0.9999938349  -0.003511446788
22  9  -5.501164354e-17  -0.03329256322  0.9994458538  -0.03328641335
22  10  1.728557732e-16  -0.007608915284  0.9999710523  -0.007608841864
22  11  2.565845818e-16  -0.02584389355  0.9996660652  -0.02584101676
22  12  1.624502439e-16  -0.01080948977  0.999941578  -0.01080927926
22  13  8.772253666e-17  -0.02509907486  0.9996850348  -0.0250964397
22  14  4.845904461e-17  0.01172906499  0.9999312153  0.01172879606
22  15  6.823950231e-18  0.01460642111  0.9998933281  0.01460590174
22  16  -6.547255612e-17  0.006583663518  0.9999783278  0.006583615957
22  17  -1.244216254e-16  0.002231614367  0.9999975099  0.002231612514
22  18  -1.145342266e-16  0.006963474992  0.9999757551  0.006963418716
22  19  2.925135517e-16  0.009433149481  0.9999555082  0.009433009581
22  20  -1.776572302e-16  0.005716345314  0.9999836617  0.005716314182
22  21  -7.469869625e-17  -0.02137864509  0.9997714855  -0.02137701662
22  22  -2.167464864e-16  -0.03743147914  0.999299524  -0.03742273878
22  23  1.104758953e-16  -0.08641966151  0.9962681445  -0.08631213284
22  24  -9.583658658e-18  -0.05798717854  0.9983192146  -0.0579546869
22  25  -3.585360241e-17  -0.04081166603  0.9991673195  -0.04080033771
22  26  4.20572354e-17  -0.02534506001  0.9996788312  -0.0253423466
22  27  -4.624883541e-16  -0.01199889946  0.9999280141  -0.01199861154
22  28  3.540527716e-17  -0.004966964693  0.9999876647  -0.00496694427
22  29  -2.958621663e-17  -0.004213389341  0.9999911237  -0.004213376874
22  30  2.6070585e-17  -0.009401804515  0.9999558034  -0.009401666005
22  31  -2.441679475e-17  -0.01995316135  0.9998009423  -0.01995183739
22  32  1.454054543e-16  -0.03199334458  0.9994882566  -0.03198788693
22  33  1.041626597e-16  -0.04742050142  0.9988758587  -0.04740273097
22  34  3.167385299e-16  -0.0857098791  0.9963291564  -0.08560497756
22  35  -1.084514391e-16  -0.04813035172  0.9988419582  -0.0481117713
22  36  -1.084514391e-16  -0.04813035172  0.9988419582  -0.0481117713

23  0  1.832515911e-17  -0.4001006528  0.9210217933  -0.3895110477
23  1  7.447286307e-17  -0.2290251324  0.9738881802  -0.2270282195
23  2  -6.754403511e-17  -0.781285205  0.7100090929  -0.7041925078
23  3  6.353969991e-17  -0.02499361477  0.9996876759  -0.02499101268
23  4  -2.471330137e-17  -0.0009687945968  0.9999995307  -0.0009687944452
23  5  2.079508815e-16  0.003091062057  0.9999952227  0.003091057135
23  6  2.725182102e-16  0.0008689516586  0.9999996225  0.0008689515493
23  7  1.298317954e-17  0.005822240796  0.9999830508  0.005822207902
23  8  3.947579011e-16  0.01005623769  0.9999494365  0.01005606819
23  9  2.541855785e-16  -0.009989097731  0.9999501094  -0.009988931609
23  10  8.307359551e-17  -0.04122601984  0.999150328  -0.04121434298
23  11  2.007409923e-16  0.6040575058  0.8230377872  0.5679866203
23  12  -1.355203634e-16  0.6145094721  0.8170563629  0.5765578027
23  13  2.388253838e-16  -0.01080948977  0.999941578  -0.01080927926
23  14  1.642735423e-16  0.009659377384  0.9999533486  0.009659227175
23  15  1.883264653e-16  0.009894317724  0.9999510516  0.009894156286
23  16  -1.437064114e-16  0.003972713366  0.9999921088  0.003972702916
23  17  2.44491805e-16  0.001325109761  0.999999122  0.001325109373
23  18  1.128871131e-17  0.00139223705  0.9999990308  0.0013922366
23  19  1.382262044e-16  -0.004373337041  0.999990437  -0.0043733231
23  20  1.241155078e-16  -0.05144395896  0.9986770513  -0.05142127105
23  21  1.653561219e-16  -0.9264437522  0.6006809551  -0.7994888306
23  22  -3.535687875e-17  -0.08641966151  0.9962681445  -0.08631213284
23  23  8.135502442e-17  -0.7413720813  0.737542686  -0.6753005155
23  24  -1.01868617e-16  -0.6990943536  0.765425307  -0.6435247466
23  25  1.340484133e-16  -0.03731634415  0.999303826  -0.03730768419
23  26  3.339888707e-17  -0.005585175068  0.999984403  -0.005585146031
23  27  2.24021426e-16  -0.0004138666872  0.9999999144  -0.0004138666754
23  28  2.189657567e-16  0.001794123398  0.9999983906  0.001794122436
23  29  1.993085345e-16  0.002664902129  0.9999964492  0.002664898975
23  30  2.417782758e-16  0.002018065859  0.9999979637  0.00201806449
23  31  3.794101652e-16  -5.128247868e-05  0.9999999987  -5.128247865e-05
23  32  -7.096666197e-17  -0.003776784172  0.999992868  -0.003776775193
23  33  -8.07840208e-17  -0.01560964357  0.999878172  -0.01560900966
23  34  -4.203777789e-17  -0.1009934687  0.9949044929  -0.1008218727
23  35  1.784250807e-18  -0.9910965529  0.5477727841  -0.8366271433
23  36  1.784250807e-18  -0.9910965529  0.5477727841  -0.8366271433

24  0  -3.36654747e-16  -0.7352352122  0.7416730026  -0.6707616247
24  1  1.218700494e-16  -0.1073886711  0.994239376  -0.1071823832
24  2  -1.580877305e-16  -0.4428498486  0.9035341278  -0.4285161372
24  3  -1.973033159e-16  -0.68537289  0.7741830758  -0.6329617406
24  4  -7.761634945e-17  -0.06630672274  0.9978025146  -0.06625814627
24  5  1.011344417e-16  0.002452082166  0.9999969936  0.002452079709
24  6  -9.819877423e-17  0.02657677763  0.9996468582  0.0265736491
24  7  -2.015558195e-16  0.006208860975  0.9999807251  0.006208821084
24  8  2.213309887e-16  0.005405284611  0.9999853915  0.00540525829
24  9  3.312276322e-17  0.002032257408  0.999997935  0.002032256009
24  10  -7.98481509e-17  -0.03634138067  0.9993397247  -0.03633338188
24  11  -4.087866847e-18  -0.06991296439  0.997557084  -0.06985602461
24  12  3.78707089e-17  0.6040575058  0.8230377872  0.5679866203
24  13  -1.039494972e-16  -0.02584389355  0.9996660652  -0.02584101677
24  14  -1.42738592e-17  -0.01937310908  0.9998123472  -0.01937189726
24  15  6.743895172e-17  0.00253596983  0.9999967844  0.002535967112
24  16  -2.547563807e-16  0.004230405678  0.9999910518  0.00423039306
24  17  -1.412464933e-17  0.01816984001  0.999834933  0.01816884026
24  18  -5.790278749e-17  0.01828717963  0.9998327942  0.01828616038
24  19  7.630584162e-17  -0.01103675425  0.9999390956  -0.01103653019
24  20  1.065075891e-17  -0.1652578134  0.9863759761  -0.1645066374
24  21  1.492086715e-16  -0.9962685134  0.5434384747  -0.8394490003
24  22  1.454220729e-16  -0.05798717854  0.9983192146  -0.0579546869
24  23  -1.064933016e-16  -0.6990943536  0.765425307  -0.6435247466
24  24  7.930733996e-17  -0.2296494  0.9737462641  -0.2276361421
24  25  2.673211169e-16  0.01872526172  0.9998246874  0.01872416745
24  26  1.795808615e-16  0.01334988033  0.9999108917  0.0133494838
24  27  1.544370733e-16  0.003127038727  0.9999951108  0.003127033631
24  28  -2.42157432e-16  0.001203846518  0.9999992754  0.001203846227
24  29  -1.096754739e-16  0.001531787726  0.9999988268  0.001531787127
24  30  -9.548639947e-17  0.001559100396  0.9999987846  0.001559099764
24  31  1.584428381e-16  0.0008758591333  0.9999996164  0.0008758590213
24  32  -1.879262189e-17  0.0005430265866  0.9999998526  0.0005430265599
24  33  1.40021295e-16  0.004589105787  0.9999894701  0.004589089679
24  34  -2.181428943e-17  0.01733442653  0.9998497626  0.01733355843
24  35  2.303968257e-16  -0.1008841758  0.9949155061  -0.1007131361
24  36  2.303968257e-16  -0.1008841758  0.9949155061  -0.1007131361

25  0  9.031790952e-17  0.08457020899  0.9964260707  0.08446943565
25  1  2.386547947e-18  -0.01752488986  0.999846443  -0.01752399283
25  2  1.221487354e-16  -0.0331448694  0.9994507591  -0.033138801
25  3  9.106292739e-17  -0.01192893675  0.9999288511  -0.01192865384
25  4  1.90683899e-16  -0.06935146884  0.9975961506  -0.06929588976
25  5  -2.7512547e-16  -0.05017148702  0.9987416749  -0.05015044124
25  6  7.526435124e-17  0.04190755778  0.9991220068  0.04189529221
25  7  -2.442949804e-16  0.136908313  0.9906426867  0.1364810147
25  8  1.155489508e-16  -0.002358040964  0.9999972198  -0.002358038779
25  9  -8.97070889e-17  -0.04378344747  0.999041658  -0.04376946007
25  10  -1.100991416e-16  -0.08516424908  0.9963757167  -0.08506133774
25  11  -1.295300487e-17  -0.03634138067  0.9993397247  -0.03633338188
25  12  1.682643125e-16  -0.04122601984  0.999150328  -0.04121434298
25  13  3.628117577e-16  -0.007608915284  0.9999710523  -0.007608841864
25  14  -1.053177703e-16  -0.04983281484  0.9987586022  -0.04981219235
25  15  -1.89928506e-16  -0.07165524235  0.9974338614  -0.07159393943
25  16  -2.576123879e-16  -0.03198633296  0.9994884809  -0.0319808789
25  17  -4.509188169e-18  0.06615471112  0.997812575  0.06610646793
25  18  3.298152134e-16  0.1161387832  0.9932634686  0.115877875
25  19  2.597464612e-17  -0.006108546666  0.9999813429  -0.006108508677
25  20  9.558323138e-17  -0.06629486906  0.9978032999  -0.06624631864
25  21  2.741124554e-16  -0.04382487946  0.9990398437  -0.04381085232
25  22  -4.713546923e-17  -0.04081166603  0.9991673195  -0.04080033771
25  23  9.113101067e-17  -0.03731634415  0.999303826  -0.03730768419
25  24  7.641215278e-18  0.01872526172  0.9998246874  0.01872416745
25  25  2.324007906e-16  0.1412593696  0.9900394747  0.1407900516
25  26  1.020456539e-16  0.2429105496  0.9706420163  0.2405287429
25  27  -1.952664782e-16  -0.0002052039227  0.9999999789  -0.0002052039212
25  28  -2.663977812e-16  -0.01152607168  0.9999335756  -0.01152581647
25  29  4.005997796e-17  -0.01043336603  0.9999455729  -0.01043317674
25  30  4.528704141e-16  -0.009767387098  0.9999522995  -0.009767231795
25  31  9.722339882e-17  -0.01069433676  0.9999428161  -0.01069413291
25  32  -2.871079687e-16  -0.01350721018  0.999908779  -0.01350679946
25  33  1.861730464e-17  -0.01712674523  0.9998533409  -0.01712590796
25  34  2.81876662e-16  0.007199384023  0.9999740845  0.007199321831
25  35  2.366797556e-16  0.3207934635  0.9489855222  0.3153196452
25  36  2.366797556e-16  0.3207934635  0.9489855222  0.3153196452

26  0  5.051155784e-17  1.280518991  0.2862179695  0.9581645338
26  1  5.112119534e-17  0.005296459831  0.9999859738  0.005296435068
26  2  -5.730188947e-17  0.0001972645205  0.9999999805  0.0001972645192
26  3  1.221707954e-16  -0.01430207945  0.999897727  -0.01430159187
26  4  -4.460454069e-17  -0.009531383952  0.9999545767  -0.009531239636
26  5  -1.228344664e-16  0.02755545364  0.9996203725  0.02755196661
26  6  2.036584532e-16  0.004654394057  0.9999891683  0.004654377252
26  7  -1.552912889e-16  0.127028318  0.9919427464  0.1266869679
26  8  1.687341543e-16  0.4045406554  0.9192832906  0.3935965341
26  9  2.866679534e-16  2.990657246  -0.9886308599  0.1503629706
26  10  1.821532828e-16  -0.04378344747  0.999041658  -0.04376946007
26  11  3.089500182e-16  0.002032257408  0.999997935  0.002032256009
26  12  1.657324236e-17  -0.009989097731  0.9999501094  -0.009988931609
26  13  1.804701696e-16  -0.03329256322  0.9994458538  -0.03328641335
26  14  -1.727917549e-16  0.01017974834  0.9999481868  0.01017957253
26  15  -1.042208264e-16  -0.01491844162  0.9998887221  -0.01491788825
26  16  1.521355021e-16  -0.07982742273  0.9968154829  -0.07974266747
26  17  4.12075928e-17  -2.900766415  -0.9711412443  -0.2385051019
26  18  -1.42337773e-16  0.186415551  0.9826748802  0.1853377451
26  19  -1.470803426e-16  0.0182229811  0.9998339661  0.01822197254
26  20  -1.154248556e-16  0.02808657617  0.999605598  0.02808288361
26  21  1.237490918e-16  -0.00798724961  0.9999681021  -0.007987164684
26  22  6.088929309e-17  -0.02534506001  0.9996788312  -0.0253423466
26  23  2.873586704e-16  -0.005585175068  0.999984403  -0.005585146031
26  24  2.087106768e-16  0.01334988033  0.9999108917  0.0133494838
26  25  -5.981373087e-17  0.2429105496  0.9706420163  0.2405287429
26  26  -3.04116526e-17  2.060710424  -0.470550092  0.8823732832
26  27  -7.187123091e-17  0.05169948751  0.9986638791  0.05167645987
26  28  5.657782947e-17  0.006355635923  0.999979803  0.006355593135
26  29  -1.580628801e-16  -0.00365032176  0.9999933376  -0.003650313653
26  30  7.516345952e-17  -0.007612827037  0.9999710226  -0.007612753504
26  31  9.067445233e-17  -0.008702168695  0.9999621364  -0.008702058862
26  32  1.027238813e-16  -0.007397845345  0.9999726361  -0.007397777867
26  33  2.892770219e-17  -0.002956223619  0.9999956304  -0.002956219313
26  34  -9.424083158e-17  0.01130771048  0.9999360685  0.01130746951
26  35  6.525652484e-17  1.082791029  0.4688649619  0.8832698611
26  36  6.525652484e-17  1.082791029  0.4688649619  0.8832698611

27  0  -1.482011382e-16  0.06962648256  0.9975770555  0.06957023978
27  1  1.29074944e-16  0.01371628413  0.9999059332  0.01371585404
27  2  1.829137246e-16  -0.01086890266  0.9999409341  -0.01086868866
27  3  -1.734504685e-16  0.000543588357  0.9999998523  0.0005435883302
27  4  -8.164355364e-17  -0.005547263304  0.999984614  -0.005547234854
27  5  9.260021045e-17  -0.007819195714  0.9999694302  -0.007819116037
27  6  4.559363792e-16  0.04586826584  0.9989482355  0.04585218384
27  7  1.653698186e-16  0.05584560316  0.9984410395  0.05581657978
27  8  -4.794919012e-17  0.0278182089  0.9996130986  0.02781462118
27  9  -1.25316001e-17  0.4045406554  0.9192832906  0.3935965341
27  10  2.058909784e-16  -0.002358040967  0.9999972198  -0.002358038782
27  11  1.684013208e-16  0.005405284611  0.9999853915  0.00540525829
27  12  -3.522862006e-16  0.01005623769  0.9999494365  0.01005606819
27  13  -1.842686301e-16  -0.003511454004  0.9999938349  -0.003511446788
27  14  2.374062212e-17  0.007943532751  0.9999684503  0.007943449213
27  15  8.451609561e-17  0.01108032107  0.9999386139  0.01108009434
27  16  -1.355874351e-16  -0.0002520123402  0.9999999682  -0.0002520123375
27  17  -7.397031686e-17  0.3415625149  0.9422324364  0.3349597526
27  18  8.922015669e-17  0.08132926896  0.9966945976  0.08123964055
27  19  1.056741489e-16  0.03499384272  0.999387778  0.03498670109
27  20  -1.266628945e-17  0.07597017929  0.9971156536  0.07589712379
27  21  -1.367813189e-17  -0.003503593797  0.9999938624  -0.003503586629
27  22  5.278567988e-17  -0.01199889946  0.9999280141  -0.01199861154
27  23  6.074865755e-18  -0.0004138666872  0.9999999144  -0.0004138666754
27  24  3.062109989e-17  0.003127038727  0.9999951108  0.003127033631
27  25  -1.814768769e-17  -0.0002052039225  0.9999999789  -0.000205203921
27  26  -8.130277313e-17  0.05169948751  0.9986638791  0.05167645987
27  27  2.064208431e-16  0.03438133195  0.9994090202  0.03437455879
27  28  3.404801856e-16  0.01611759979  0.9998701143  0.01611690197
27  29  7.47671418e-17  0.007288853806  0.9999734364  0.007288789266
27  30  -7.303623027e-17  0.002679528118  0.9999964101  0.002679524911
27  31  6.91256204e-17  0.0008177115958  0.9999996657  0.0008177115047
27  32  -2.422648744e-17  0.001384189078  0.999999042  0.001384188636
27  33  1.431437525e-16  0.004550225028  0.9999896477  0.004550209326
27  34  -1.340753394e-17  0.01135372276  0.9999355472  0.01135347883
27  35  8.869373605e-17  0.02664492238  0.9996450451  0.02664176973
27  36  8.869373605e-17  0.02664492238  0.9996450451  0.02664176973

28  0  -3.60382811e-16  0.01465782493  0.999892576  0.01465730006
28  1  1.383573483e-17  0.01870738295  0.999825022  0.01870629181
28  2  -3.80876887e-17  -0.00815733174  0.9999667292  -0.008157241273
28  3  -3.596336106e-16  -0.007852241239  0.9999691713  -0.007852160547
28  4  -1.348971335e-17  0.001566992497  0.9999987723  0.001566991855
28  5  -2.628054989e-17  -0.001104762484  0.9999993897  -0.00110476226
28  6  -1.317489329e-16  -0.003918312037  0.9999923234  -0.00391830201
28  7  -2.466216483e-16  0.0514870569  0.9986748343  0.05146431193
28  8  2.288155448e-16  0.05584560316  0.9984410395  0.05581657978
28  9  2.792380792e-16  0.127028318  0.9919427464  0.1266869679
28  10  1.297489021e-16  0.136908313  0.9906426867  0.1364810147
28  11  6.604180282e-17  0.006208860975  0.9999807251  0.006208821083
28  12  2.224196803e-16  0.005822240796  0.9999830508  0.005822207902
28  13  9.443986762e-17  0.01398115473  0.9999022652  0.01398069925
28  14  -3.762521256e-16  0.01864324925  0.9998262197  0.01864216929
28  15  -1.180204623e-16  0.01003370253  0.9999496628  0.01003353417
28  16  -1.873390654e-16  0.00583336521  0.999982986  0.005833332127
28  17  1.718145079e-16  0.07023919504  0.9975342417  0.07018145459
28  18  2.609353767e-17  0.1941910123  0.9812041032  0.1929728162
28  19  -1.660391165e-16  0.02911766981  0.9995761106  0.02911355547
28  20  9.889339397e-17  0.07681353113  0.997051291  0.07673801603
28  21  -2.00668953e-16  0.0007378892742  0.9999997278  0.0007378892072
28  22  3.307934655e-17  -0.004966964693  0.9999876647  -0.00496694427
28  23  -3.168485631e-16  0.001794123398  0.9999983906  0.001794122436
28  24  2.103098774e-16  0.001203846518  0.9999992754  0.001203846227
28  25  2.694767033e-17  -0.01152607168  0.9999335756  -0.01152581647
28  26  2.254544199e-16  0.006355635923  0.999979803  0.006355593135
28  27  -1.867028054e-16  0.01611759979  0.9998701143  0.01611690197
28  28  -4.895303755e-17  0.01040713705  0.9999458462  0.01040694919
28  29  -2.102619581e-16  0.006018113121  0.9999818912  0.006018076794
28  30  -8.426883799e-17  0.003365950751  0.9999943352  0.003365944395
28  31  -1.670096983e-16  0.001929192431  0.9999981391  0.001929191234
28  32  -9.221031887e-17  0.00161041228  0.9999987033  0.001610411584
28  33  5.631837465e-17  0.002454300185  0.9999969882  0.002454297721
28  34  -1.030302687e-16  0.004552733671  0.9999896363  0.004552717944
28  35  -2.076288829e-17  0.008298904069  0.9999655643  0.008298808809
28  36  -2.076288829e-17  0.008298904069  0.9999655643  0.008298808809

29  0  -1.444471894e-16  0.005561097444  0.9999845371  0.00556106878
29  1  7.955067581e-17  0.007613156949  0.9999710201  0.007613083406
29  2  -1.330969313e-16  0.005330654456  0.9999857921  0.005330629211
29  3  -7.893499194e-17  -0.01083256838  0.9999413283  -0.01083235653
29  4  2.799548358e-17  -0.005106384474  0.9999869624  -0.005106362283
29  5  -2.179460053e-17  0.002446863551  0.9999970064  0.002446861109
29  6  -6.607571291e-17  0.0002956491372  0.9999999563  0.0002956491329
29  7  -1.794751316e-16  -0.003918312037  0.9999923234  -0.00391830201
29  8  9.598676138e-17  0.04586826584  0.9989482355  0.04585218384
29  9  2.283684868e-16  0.004654394059  0.9999891683  0.004654377254
29  10  9.097856943e-17  0.04190755777  0.9991220068  0.04189529221
29  11  5.287007175e-17  0.02657677763  0.9996468582  0.0265736491
29  12  2.09895173e-16  0.0008689516586  0.9999996225  0.0008689515492
29  13  2.056698608e-16  0.009536957176  0.9999545236  0.009536812606
29  14  -2.225685611e-16  0.03343302447  0.9994411685  0.03342679643
29  15  9.249447662e-17  0.02047488057  0.999790397  0.02047345002
29  16  9.184241399e-17  0.003114711168  0.9999951493  0.003114706132
29  17  2.565104607e-16  0.01469058254  0.9998920953  0.01469005415
29  18  -9.178165955e-17  0.05787660286  0.9983256169  0.05784429672
29  19  -2.006485263e-16  0.01115445003  0.9999377898  0.01115421872
29  20  -6.714875295e-17  0.03567365891  0.9993637625  0.03566609295
29  21  -1.561571592e-16  -0.004037549941  0.9999918491  -0.004037538971
29  22  1.199561472e-16  -0.004213389341  0.9999911237  -0.004213376874
29  23  -4.388873711e-17  0.002664902129  0.9999964492  0.002664898975
29  24  2.298746769e-16  0.001531787726  0.9999988268  0.001531787127
29  25  2.787555512e-16  -0.01043336603  0.9999455729  -0.01043317674
29  26  2.587027756e-16  -0.00365032176  0.9999933376  -0.003650313653
29  27  -3.049410594e-16  0.007288853806  0.9999734364  0.007288789266
29  28  -1.516653032e-16  0.006018113121  0.9999818912  0.006018076794
29  29  -4.37432323e-16  0.004931523803  0.9999878401  0.004931503814
29  30  -2.655135354e-16  0.006300167452  0.999980154  0.006300125774
29  31  -1.389854275e-17  0.00892505734  0.9999601719  0.008924938851
29  32  -2.331977751e-16  0.01049528446  0.999944925  0.01049509178
29  33  -6.709903179e-17  0.01024083256  0.9999475631  0.01024065357
29  34  -6.07155748e-17  0.008252968739  0.9999659444  0.008252875052
29  35  -1.964197442e-16  0.005860324982  0.9999828283  0.005860291438
29  36  -1.964197442e-16  0.005860324982  0.9999828283  0.005860291438

30  0  1.72578419e-17  0.02236300311  0.9997499585  0.02236113919
30  1  3.596336696e-16  0.004535560464  0.9999897144  0.004535544913
30  2  1.458815636e-17  0.003687745251  0.9999932003  0.003687736892
30  3  -3.156076627e-16  -0.0002875660389  0.9999999587  -0.000287566035
30  4  -7.223800314e-17  -0.01130852081  0.9999360594  -0.01130827978
30  5  1.33228609e-16  -0.004152122139  0.99999138  -0.004152110209
30  6  -1.223620399e-17  0.002446863551  0.9999970064  0.002446861109
30  7  -4.085704735e-17  -0.001104762485  0.9999993897  -0.00110476226
30  8  2.559647075e-17  -0.007819195714  0.9999694302  -0.007819116037
30  9  -2.394891145e-16  0.02755545364  0.9996203725  0.02755196661
30  10  -2.270835336e-16  -0.05017148702  0.9987416749  -0.05015044124
30  11  -2.250313569e-16  0.002452082165  0.9999969936  0.002452079708
30  12  -4.823489971e-17  0.003091062057  0.9999952227  0.003091057135
30  13  -1.035143729e-16  0.002721392265  0.999996297  0.002721388906
30  14  -1.265888684e-16  0.03739776711  0.999300785  0.03738905035
30  15  -4.934288842e-17  0.05850123016  0.998289291  0.05846786682
30  16  -1.052454107e-16  0.01089545414  0.9999406451  0.01089523857
30  17  -2.150704373e-17  -0.0002914019827  0.9999999575  -0.0002914019785
30  18  1.649156928e-16  0.008166936844  0.9999666508  0.008166846057
30  19  1.248451774e-16  -0.005974599051  0.9999821521  -0.005974563506
30  20  -1.516093647e-17  -0.009476308214  0.9999551001  -0.009476166386
30  21  3.080273067e-16  -0.01422932326  0.9998987649  -0.01422884309
30  22  1.850849898e-16  -0.009401804515  0.9999558034  -0.009401666006
30  23  -6.447551411e-17  0.002018065859  0.9999979637  0.00201806449
30  24  -3.801544979e-17  0.001559100396  0.9999987846  0.001559099764
30  25  1.555100435e-17  -0.009767387098  0.9999522995  -0.009767231795
30  26  -1.235881839e-16  -0.007612827037  0.9999710226  -0.007612753504
30  27  -2.861251708e-16  0.002679528118  0.9999964101  0.002679524911
30  28  4.643808701e-16  0.003365950751  0.9999943352  0.003365944395
30  29  -2.834763423e-17  0.006300167452  0.999980154  0.006300125774
30  30  8.225482149e-17  0.03793688006  0.9992804829  0.03792778088
30  31  -1.3541987e-16  0.2401884915  0.9712931527  0.2378857112
30  32  -2.884947685e-18  0.3157723152  0.9505568194  0.3105506933
30  33  -1.683140092e-16  0.260758583  0.9661946832  0.2578135648
30  34  -3.622016567e-16  0.2999128565  0.9553622382  0.2954369541
30  35  -3.764170648e-17  0.1749769527  0.9847305514  0.1740854423
30  36  -3.764170648e-17  0.1749769527  0.9847305514  0.1740854423

31  0  -3.562271958e-16  0.5295502178  0.8630343631  0.5051452148
31  1  -3.903635312e-17  0.08952734321  0.9959951035  0.08940779535
31  2  2.622970441e-16  0.004295998499  0.9999907722  0.004295985285
31  3  -2.112163662e-16  0.001867298457  0.9999982566  0.001867297372
31  4  -6.217428995e-17  -0.001943385179  0.9999981116  -0.001943383956
31  5  -8.518755545e-17  -0.01130852081  0.9999360594  -0.01130827978
31  6  -2.389283983e-16  -0.005106384474  0.9999869624  -0.005106362283
31  7  -2.019655928e-16  0.001566992496  0.9999987723  0.001566991855
31  8  -1.503412997e-17  -0.005547263304  0.999984614  -0.005547234854
31  9  -1.207473689e-16  -0.009531383953  0.9999545767  -0.009531239637
31  10  -2.611311634e-16  -0.06935146884  0.9975961506  -0.06929588976
31  11  -2.380135837e-16  -0.06630672274  0.9978025146  -0.06625814627
31  12  -1.942604342e-16  -0.0009687945967  0.9999995307  -0.0009687944452
31  13  -2.252501985e-16  0.005881891972  0.9999827017  0.005881858056
31  14  2.686809953e-16  0.03773966698  0.9992879433  0.03773070896
31  15  3.497347277e-17  0.1365374438  0.9906932351  0.1361136065
31  16  1.143829147e-16  0.0754155025  0.9971575986  0.07534403524
31  17  -1.037707751e-16  0.009199779774  0.9999576823  0.009199650003
31  18  2.379729031e-16  0.001660050615  0.9999986221  0.001660049853
31  19  2.888075905e-16  -0.007682931221  0.9999704864  -0.007682855637
31  20  1.523128964e-17  -0.07736794958  0.9970085928  -0.07729078784
31  21  2.664195673e-16  -0.04807561123  0.9988445904  -0.04805709413
31  22  -1.139628189e-16  -0.01995316135  0.9998009423  -0.01995183739
31  23  -1.787359813e-16  -5.128247862e-05  0.9999999987  -5.12824786e-05
31  24  -1.787080167e-16  0.0008758591333  0.9999996164  0.0008758590213
31  25  4.06381722e-17  -0.01069433676  0.9999428161  -0.01069413292
31  26  -1.193949519e-16  -0.008702168695  0.9999621364  -0.008702058863
31  27  -3.263564771e-16  0.0008177115956  0.9999996657  0.0008177115044
31  28  1.19787859e-16  0.001929192431  0.9999981391  0.001929191234
31  29  1.037932111e-17  0.008925057341  0.9999601719  0.008924938851
31  30  -9.583942577e-19  0.2401884915  0.9712931527  0.2378857112
31  31  -2.628122871e-16  0.7470834103  0.7336738146  0.6795018276
31  32  1.498850771e-16  0.1373221644  0.990586119  0.1368909819
31  33  -2.060464131e-16  0.0567198165  0.9983918624  0.05668940881
31  34  -4.663709841e-16  0.1010680836  0.9948969673  0.1008961071
31  35  6.101849499e-18  0.4242310712  0.9113555089  0.411620136
31  36  6.101849499e-18  0.4242310712  0.9113555089  0.411620136

32  0  -1.921909681e-16  0.05594188096  0.998435661  0.05591270723
32  1  -1.023531224e-16  0.302365676  0.9546347115  0.2977793942
32  2  -1.528830511e-16  0.1067025772  0.9943126791  0.1065002165
32  3  -1.942593648e-16  0.004231670245  0.9999910465  0.004231657616
32  4  -1.376725571e-16  0.001867298457  0.9999982566  0.001867297372
32  5  2.415975124e-17  -0.0002875660389  0.9999999587  -0.000287566035
32  6  -1.39594069e-16  -0.01083256838  0.9999413283  -0.01083235653
32  7  2.452179297e-16  -0.007852241239  0.9999691713  -0.007852160547
32  8  -1.931898737e-17  0.0005435883569  0.9999998523  0.0005435883301
32  9  7.231960922e-17  -0.01430207945  0.999897727  -0.01430159187
32  10  -5.701291595e-18  -0.01192893675  0.9999288511  -0.01192865384
32  11  -1.836927826e-16  -0.68537289  0.7741830758  -0.6329617406
32  12  8.845532197e-17  -0.02499361477  0.9996876759  -0.02499101268
32  13  3.532971577e-16  0.008917976215  0.9999602351  0.008917858007
32  14  1.81659068e-16  0.03867348299  0.9992522741  0.03866384345
32  15  2.516468725e-16  0.1526085273  0.9883779009  0.1520168575
32  16  1.093489897e-16  0.1969264359  0.9806725706  0.1956560997
32  17  -3.309808134e-16  0.06298019447  0.998017403  0.06293856752
32  18  1.297925724e-16  0.01520766419  0.9998843657  0.01520707801
32  19  4.202476767e-16  0.0002100093933  0.9999999779  0.0002100093918
32  20  -1.399866253e-16  -0.1272542996  0.9919140922  -0.1269111255
32  21  1.232850712e-16  -0.5719564368  0.8408436086  -0.541278141
32  22  6.026133738e-17  -0.03199334458  0.9994882566  -0.03198788693
32  23  2.861857902e-17  -0.003776784172  0.999992868  -0.003776775193
32  24  -1.757788424e-16  0.0005430265867  0.9999998526  0.0005430265601
32  25  1.146036686e-16  -0.01350721018  0.999908779  -0.01350679946
32  26  -2.214386911e-16  -0.007397845345  0.9999726361  -0.007397777867
32  27  -1.136780026e-17  0.001384189078  0.999999042  0.001384188636
32  28  -2.84601327e-16  0.00161041228  0.9999987033  0.001610411584
32  29  1.957956339e-17  0.01049528446  0.999944925  0.01049509179
32  30  -1.488294275e-16  0.3157723152  0.9505568194  0.3105506933
32  31  1.434517799e-16  0.1373221644  0.990586119  0.1368909819
32  32  -4.641352535e-17  0.0105050298  0.9999448227  0.01050483659
32  33  -2.124437003e-16  0.003467089656  0.9999939897  0.00346708271
32  34  -2.989457518e-16  0.002943816685  0.999995667  0.002943812433
32  35  3.363919594e-16  0.006602937381  0.9999782007  0.006602889401
32  36  3.363919594e-16  0.006602937381  0.9999782007  0.006602889401

33  0  -5.017833048e-17  0.00146337531  0.9999989293  0.001463374788
33  1  8.841876512e-17  0.01655195243  0.9998630196  0.01655119665
33  2  -4.230278477e-17  0.2030036766  0.9794654192  0.2016122332
33  3  -1.004899795e-16  0.1067025772  0.9943126791  0.1065002165
33  4  2.412031229e-16  0.004295998499  0.9999907722  0.004295985285
33  5  6.547536251e-17  0.003687745251  0.9999932003  0.003687736892
33  6  -5.649649808e-17  0.005330654457  0.9999857921  0.005330629211
33  7  2.021389975e-16  -0.008157331739  0.9999667292  -0.008157241272
33  8  1.388797778e-18  -0.01086890266  0.9999409341  -0.01086868866
33  9  -6.237278608e-17  0.0001972645199  0.9999999805  0.0001972645186
33  10  -1.626244847e-16  -0.0331448694  0.9994507591  -0.03313880101
33  11  -9.208948274e-17  -0.4428498487  0.9035341278  -0.4285161372
33  12  -1.242948231e-16  -0.7812852051  0.7100090929  -0.7041925078
33  13  -9.115277136e-17  0.007398140109  0.9999726339  0.007398072622
33  14  2.922075638e-17  0.03008860917  0.9995473719  0.03008406939
33  15  2.181909954e-16  0.06824598706  0.9976721463  0.06819302328
33  16  -2.358061817e-16  0.1031162777  0.9946882258  0.1029336362
33  17  -4.406036344e-17  0.07425352052  0.9972444738  0.07418530548
33  18  -4.974550459e-17  0.0363187418  0.999340547  0.03631075795
33  19  1.837307765e-16  0.01573964941  0.9998761343  0.01573899953
33  20  9.532037896e-18  -0.02827534417  0.9996002791  -0.02827157665
33  21  3.013732116e-18  -1.167991169  0.3920005282  -0.9199649917
33  22  9.702563579e-17  -0.04742050142  0.9988758587  -0.04740273097
33  23  4.029027422e-16  -0.01560964357  0.999878172  -0.01560900966
33  24  2.047581222e-16  0.004589105787  0.9999894701  0.004589089679
33  25  1.007129787e-16  -0.01712674523  0.9998533409  -0.01712590796
33  26  -1.17300283e-16  -0.002956223619  0.9999956304  -0.002956219313
33  27  6.854854334e-18  0.004550225028  0.9999896477  0.004550209326
33  28  -2.462268986e-16  0.002454300185  0.9999969882  0.002454297721
33  29  -1.26678783e-16  0.01024083257  0.9999475631  0.01024065357
33  30  -3.6990816e-16  0.260758583  0.9661946832  0.2578135648
33  31  8.924132346e-17  0.0567198165  0.9983918624  0.05668940881
33  32  1.566403491e-16  0.003467089656  0.9999939897  0.00346708271
33  33  -5.048754215e-17  0.0002259056585  0.9999999745  0.0002259056566
33  34  -2.477542245e-16  -0.0003803550379  0.9999999277  -0.0003803550287
33  35  3.375416157e-16  -0.0001581259848  0.9999999875  -0.0001581259841
33  36  3.375416157e-16  -0.0001581259848  0.9999999875  -0.0001581259841

34  0  4.254563064e-17  -0.0008172182355  0.9999996661  -0.0008172181446
34  1  -5.218094968e-18  0.0007178732861  0.9999997423  0.0007178732245
34  2  1.040319781e-16  0.01655195243  0.9998630196  0.01655119665
34  3  -1.615241577e-16  0.302365676  0.9546347115  0.2977793942
34  4  -5.38672263e-17  0.08952734321  0.9959951035  0.08940779535
34  5  5.172462455e-17  0.004535560464  0.9999897144  0.004535544913
34  6  -1.978898993e-16  0.007613156949  0.9999710201  0.007613083406
34  7  -1.77747563e-16  0.01870738295  0.999825022  0.01870629181
34  8  -1.340514205e-17  0.01371628413  0.9999059332  0.01371585405
34  9  3.220954346e-16  0.005296459831  0.9999859738  0.005296435068
34  10  2.520714765e-16  -0.01752488987  0.999846443  -0.01752399283
34  11  4.36788059e-16  -0.1073886711  0.994239376  -0.1071823832
34  12  -1.464245018e-16  -0.2290251324  0.9738881802  -0.2270282195
34  13  -2.871113785e-16  -0.01740171606  0.999848594  -0.01740083781
34  14  -9.885624103e-17  0.01778035982  0.9998419336  0.01777942298
34  15  2.096215609e-16  0.02083414526  0.999782977  0.02083263808
34  16  -3.665218487e-17  0.01143375956  0.9999346353  0.01143351044
34  17  -2.124698735e-16  0.002342685088  0.9999972559  0.002342682945
34  18  -3.064069906e-17  0.01306150429  0.9999146998  0.0130611329
34  19  2.023983122e-17  0.01799618494  0.999838073  0.01799521357
34  20  -4.243331191e-17  0.01047966608  0.9999450888  0.01047947426
34  21  4.345166471e-17  -0.1965519527  0.9807457717  -0.1952888406
34  22  1.210868123e-16  -0.0857098791  0.9963291564  -0.08560497755
34  23  -1.564213075e-16  -0.1009934687  0.9949044929  -0.1008218727
34  24  1.343536685e-17  0.01733442653  0.9998497626  0.01733355843
34  25  8.441416824e-17  0.007199384023  0.9999740845  0.007199321831
34  26  2.328474962e-16  0.01130771048  0.9999360685  0.01130746951
34  27  -1.116073608e-17  0.01135372276  0.9999355472  0.01135347883
34  28  -5.925019163e-17  0.004552733671  0.9999896363  0.004552717944
34  29  -2.441928061e-16  0.008252968739  0.9999659444  0.008252875052
34  30  -6.560073775e-17  0.2999128564  0.9553622382  0.2954369541
34  31  7.124465623e-17  0.1010680836  0.9948969673  0.1008961071
34  32  2.677044984e-16  0.002943816685  0.999995667  0.002943812433
34  33  -2.421846323e-17  -0.0003803550379  0.9999999277  -0.0003803550287
34  34  2.573554209e-16  -0.001092278843  0.9999994035  -0.001092278626
34  35  9.191570249e-17  -0.001197204163  0.9999992834  -0.001197203877
34  36  9.191570249e-17  -0.001197204163  0.9999992834  -0.001197203877

35  0  3.094843273e-16  -0.001399843123  0.9999990202  -0.001399842666
35  1  1.608829571e-16  -0.0008172182356  0.9999996661  -0.0008172181446
35  2  1.278538581e-16  0.00146337531  0.9999989293  0.001463374788
35  3  -5.512043956e-17  0.05594188096  0.998435661  0.05591270722
35  4  -8.044515136e-17  0.5295502178  0.8630343631  0.5051452148
35  5  1.652056789e-16  0.02236300311  0.9997499585  0.02236113919
35  6  1.182230363e-16  0.005561097443  0.9999845371  0.00556106878
35  7  1.414863153e-17  0.01465782493  0.999892576  0.01465730006
35  8  3.175237292e-16  0.06962648257  0.9975770555  0.06957023978
35  9  2.130005901e-16  1.280518991  0.2862179694  0.9581645339
35  10  -1.011594302e-16  0.084570209  0.9964260707  0.08446943566
35  11  2.837919693e-16  -0.7352352123  0.7416730026  -0.6707616248
35  12  3.156802046e-16  -0.4001006528  0.9210217933  -0.3895110477
35  13  3.100667375e-16  -0.015562515  0.9998789065  -0.01556188682
35  14  -1.009559031e-16  0.01361860894  0.9999072682  0.01361818798
35  15  -1.028247375e-16  0.02558732582  0.9996726622  0.02558453386
35  16  -1.989007841e-16  -0.005732337152  0.9999835702  -0.005732305758
35  17  4.102430617e-17  -0.1914948885  0.981720815  -0.1903266702
35  18  -1.112588427e-17  -0.1288254923  0.9917134661  -0.1284694564
35  19  2.987851942e-16  0.01917559524  0.9998161539  0.0191744201
35  20  3.355021949e-16  0.02130726309  0.9997730089  0.02130565088
35  21  -1.581255516e-16  0.006353100468  0.9999798191  0.006353057731
35  22  -1.867230107e-16  -0.04813035172  0.9988419582  -0.0481117713
35  23  -2.69086999e-16  -0.9910965529  0.5477727841  -0.8366271433
35  24  -3.754401171e-16  -0.1008841758  0.9949155061  -0.1007131361
35  25  -2.986488433e-16  0.3207934635  0.9489855222  0.3153196452
35  26  2.826960094e-17  1.082791029  0.4688649619  0.8832698611
35  27  -2.448319179e-16  0.02664492238  0.9996450451  0.02664176973
35  28  4.064182688e-16  0.008298904069  0.9999655643  0.008298808809
35  29  -1.514773569e-17  0.005860324982  0.9999828283  0.005860291438
35  30  1.916311999e-16  0.1749769527  0.9847305514  0.1740854423
35  31  -2.049187502e-16  0.4242310712  0.9113555089  0.411620136
35  32  5.303168654e-17  0.006602937381  0.9999782007  0.006602889401
35  33  1.165009693e-16  -0.0001581259848  0.9999999875  -0.0001581259842
35  34  -1.343654514e-16  -0.001197204163  0.9999992834  -0.001197203877
35  35  -4.671995365e-20  -0.001497556764  0.9999988787  -0.001497556204
35  36  -4.671995365e-20  -0.001497556764  0.9999988787  -0.001497556204

36  0  3.094843273e-16  -0.001399843123  0.9999988787  -0.001497556204
36  1  -5.218094968e-18  0.0007178732861  0.9999988787  -0.001497556204
36  2  -4.230278477e-17  0.2030036766  0.9999988787  -0.001497556204
36  3  -1.942593648e-16  0.004231670245  0.9999988787  -0.001497556204
36  4  -6.217428995e-17  -0.001943385179  0.9999988787  -0.001497556204
36  5  1.33228609e-16  -0.004152122139  0.9999988787  -0.001497556204
36  6  -6.607571291e-17  0.0002956491372  0.9999988787  -0.001497556204
36  7  -2.466216483e-16  0.0514870569  0.9999988787  -0.001497556204
36  8  -4.794919012e-17  0.0278182089  0.9999988787  -0.001497556204
36  9  2.866679534e-16  2.990657246  0.9999988787  -0.001497556204
36  10  -1.100991416e-16  -0.08516424908  0.9999988787  -0.001497556204
36  11  -4.087866847e-18  -0.06991296439  0.9999988787  -0.001497556204
36  12  -1.355203634e-16  0.6145094721  0.9999988787  -0.001497556204
36  13  8.772253666e-17  -0.02509907486  0.9999988787  -0.001497556204
36  14  -9.311394565e-17  0.03222665952  0.9999988787  -0.001497556204
36  15  -1.039772451e-16  0.1211709678  0.9999988787  -0.001497556204
36  16  -2.919153432e-16  0.1594864198  0.9999988787  -0.001497556204
36  17  4.167328445e-17  -0.0861769106  0.9999988787  -0.001497556204
36  18  -1.204585998e-16  -0.0861769106  0.9999988787  -0.001497556204
36  19  8.466401918e-17  0.1594864198  0.9999988787  -0.001497556204
36  20  -1.805593087e-16  0.1211709678  0.9999988787  -0.001497556204
36  21  6.806790856e-17  0.03222665952  0.9999988787  -0.001497556204
36  22  -7.626383198e-18  -0.02509907487  0.9999988787  -0.001497556204
36  23  1.356095233e-16  0.6145094721  0.9999988787  -0.001497556204
36  24  -3.920278476e-16  -0.06991296439  0.9999988787  -0.001497556204
36  25  -2.962140795e-16  -0.08516424908  0.9999988787  -0.001497556204
36  26  -2.15583632e-16  2.990657246  0.9999988787  -0.001497556204
36  27  6.144078164e-17  0.0278182089  0.9999988787  -0.001497556204
36  28  -8.414886729e-17  0.0514870569  0.9999988787  -0.001497556204
36  29  -2.502664367e-16  0.0002956491374  0.9999988787  -0.001497556204
36  30  -1.388671523e-16  -0.004152122139  0.9999988787  -0.001497556204
36  31  2.109518418e-17  -0.001943385179  0.9999988787  -0.001497556204
36  32  1.831399093e-19  0.004231670245  0.9999988787  -0.001497556204
36  33  -3.236229775e-16  0.2030036766  0.9999988787  -0.001497556204
36  34  2.007681605e-16  0.0007178732861  0.9999988787  -0.001497556204
36  35  -1.26207248e-16  -0.001399843123  0.9999988787  -0.001497556204
36  36  -1.26207248e-16  -0.001399843123  0.9999988787  -0.001497556204

#Chern no*2pi*Iota= -5.315378092e-15  -4.149865846e-11
