#nx  ny  tilde_F(nx,ny).real()  tilde_F(nx,ny).imag()  ArgofLog.real()  ArgofLog.imag()
#Extra momentum point for pm3d corners2color c1
0  0  -1.128937095e-16  0.01154003172  0.9999334146  0.01153977558
0  1  -2.01548636e-16  0.02999906889  0.9995500617  0.02999456951
0  2  2.86322339e-17  0.06177431822  0.9980925735  0.06173503657
0  3  -1.810542439e-16  0.06286583602  0.998024594  0.06282443538
0  4  4.398928726e-18  0.0380094968  0.999277726  0.03800034527
0  5  -2.178715388e-16  0.020215299  0.9997956778  0.02021392217
0  6  -1.685431822e-17  0.01080975742  0.9999415751  0.0108095469
0  7  -4.605650786e-16  -0.003560969558  0.9999936598  -0.003560962032
0  8  9.344412246e-17  -0.2040459229  0.9792547577  -0.2026329677
0  9  -5.682400202e-17  -0.2206786174  0.9757491302  -0.2188918337
0  10  -2.295517844e-18  -0.02677607233  0.9996415424  -0.0267728729
0  11  -1.225160752e-16  -0.02366157575  0.999720078  -0.02365936791
0  12  -3.143662947e-16  -0.04167796893  0.9991315992  -0.04166590384
0  13  -2.839045252e-16  -0.03360069262  0.9994355498  -0.03359437041
0  14  -3.222652025e-17  -0.01308808741  0.9999143522  -0.01308771376
0  15  7.204987589e-17  0.002727866215  0.9999962794  0.002727862832
0  16  1.551826797e-16  0.0161145186  0.999870164  0.01611382118
0  17  1.196910234e-16  -0.08877745666  0.9960618691  -0.08866088695
0  18  -1.270774955e-17  -0.7461758543  0.7342901984  -0.6788356978
0  19  6.868177052e-17  0.0135738789  0.9999078763  0.01357346208
0  20  -3.441942175e-16  0.01011492503  0.9999488446  0.01011475255
0  21  7.43014244e-17  -0.004995609592  0.999987522  -0.004995588814
0  22  -5.86236183e-17  -0.02272246374  0.9997418559  -0.02272050848
0  23  2.470439797e-17  -0.04168033191  0.9991315007  -0.04166826476
0  24  2.713302995e-16  -0.03328720681  0.9994460321  -0.0332810599
0  25  3.741419524e-17  -0.01967776829  0.999806399  -0.01967649839
0  26  5.65211244e-17  -0.07070563627  0.9975013977  -0.07064673803
0  27  -3.290276974e-17  -0.3358423  0.9441330524  -0.32956453
0  28  6.326202073e-17  -0.04037223688  0.9991851519  -0.04036127054
0  29  1.527470445e-18  0.006018884872  0.9999818866  0.006018848531
0  30  7.060907265e-17  0.01475576871  0.9998911356  0.01475523325
0  31  1.19781782e-16  0.02713885852  0.9996317638  0.02713552727
0  32  1.92968871e-16  0.04992235744  0.9987541379  0.0499016236
0  33  3.254426956e-16  0.06735267652  0.9977326658  0.06730176514
0  34  -7.875534898e-17  0.04737602574  0.998877966  0.04735830525
0  35  -2.580526493e-16  0.01837984856  0.9998310953  0.01837881373
0  36  -2.580526493e-16  0.01837984856  0.9998310953  0.01837881373

1  0  8.428896621e-17  0.02999906889  0.9995500617  0.02999456951
1  1  -2.207393485e-16  0.03477847238  0.9993952899  0.0347714618
1  2  -1.284956336e-16  0.05848155837  0.998290441  0.05844822868
1  3  -1.697516553e-16  0.07104129036  0.9974776286  0.07098154947
1  4  -2.551821914e-16  0.05072891668  0.9987135644  0.05070716165
1  5  -2.722392816e-16  0.02577130956  0.9996679382  0.02576845694
1  6  -1.434325536e-16  0.01224576155  0.9999250216  0.01224545549
1  7  -2.570000699e-16  0.003669988282  0.9999932656  0.003669980044
1  8  2.603982375e-16  -0.03201142048  0.9994876782  -0.03200595358
1  9  8.451528342e-17  -0.1772387686  0.9843342836  -0.1763122743
1  10  1.682332085e-17  -0.04936502473  0.9987817946  -0.04934497752
1  11  1.992628304e-16  -0.01915485736  0.9998165513  -0.01915368603
1  12  1.74818102e-16  -0.03578647412  0.9993597325  -0.03577883615
1  13  -1.50094106e-17  -0.04427832993  0.9990198749  -0.04426386288
1  14  1.329187601e-16  -0.02337135477  0.9997269023  -0.02336922718
1  15  1.055410275e-17  -0.006606960146  0.9999781741  -0.006606912078
1  16  -2.881026291e-16  0.006191618713  0.999980832  0.006191579153
1  17  1.731918883e-16  0.01039849577  0.9999459361  0.01039830838
1  18  1.10690087e-16  -0.1270321428  0.9919422619  -0.1266907619
1  19  -8.959808883e-17  -0.04629213165  0.9989287106  -0.04627559971
1  20  -2.786771679e-16  0.01045652506  0.999945331  0.01045633451
1  21  7.515444675e-17  -0.0004423845106  0.9999999021  -0.0004423844961
1  22  -2.579363961e-17  -0.01408314105  0.9999008342  -0.01408267553
1  23  1.729016941e-16  -0.03442844566  0.9994073996  -0.03442164462
1  24  3.260578275e-16  -0.04468137041  0.9990019536  -0.04466650473
1  25  1.887367233e-16  -0.02507721273  0.9996855832  -0.02507458444
1  26  3.255606353e-16  -0.02367858293  0.9997196755  -0.02367637032
1  27  -1.934219116e-17  -0.1360153798  0.9907641601  -0.1355963826
1  28  2.380587302e-16  -0.1028427302  0.9947163458  -0.1026615378
1  29  9.708824202e-18  -0.004715819783  0.9999888805  -0.004715802304
1  30  -1.478032175e-16  0.007624173813  0.9999709361  0.007624099951
1  31  -1.551730741e-16  0.01693617292  0.9998565865  0.01693536329
1  32  -2.351294658e-16  0.03542455918  0.9993726159  0.0354171506
1  33  4.804394146e-17  0.06230535172  0.9980596494  0.06226504843
1  34  1.871537544e-17  0.06877171943  0.9976361572  0.06871752237
1  35  -5.844746685e-17  0.04737602574  0.998877966  0.04735830525
1  36  -5.844746685e-17  0.04737602574  0.998877966  0.04735830525

2  0  -8.615342525e-17  0.06177431822  0.9980925735  0.06173503657
2  1  -1.27236104e-16  0.05848155837  0.998290441  0.05844822868
2  2  -2.470589886e-16  0.06357505734  0.9979797866  0.06353223984
2  3  1.312942469e-16  0.0663294876  0.9978010059  0.06628086109
2  4  3.659045654e-16  0.05419823563  0.9985316351  0.05417170544
2  5  4.30848668e-17  0.0319752457  0.9994888354  0.03196979731
2  6  2.750869319e-17  0.01459988079  0.9998934236  0.01459936212
2  7  -1.269109033e-16  0.005008989056  0.999987455  0.00500896811
2  8  -2.250677388e-16  -0.005156370015  0.999986706  -0.005156347166
2  9  -5.327231156e-17  -0.05001485261  0.998749518  -0.04999400332
2  10  -7.522996126e-17  -0.05080940419  0.9987094799  -0.05078754546
2  11  2.116068248e-16  -0.01729816916  0.9998503904  -0.01729730649
2  12  -5.32582369e-17  -0.02789123264  0.9996110648  -0.02788761658
2  13  -3.793957864e-16  -0.0529909091  0.9985963103  -0.05296611252
2  14  1.347795089e-16  -0.03751186479  0.9992965125  -0.03750306801
2  15  -1.096321326e-16  -0.01528911939  0.9998831237  -0.01528852374
2  16  -2.001127641e-16  -0.004570408345  0.9999895557  -0.004570392433
2  17  -3.720772828e-16  0.002186732379  0.9999976091  0.002186730636
2  18  -1.765106274e-16  0.001752873751  0.9999984637  0.001752872854
2  19  -1.154368726e-16  -0.04611585443  0.9989368524  -0.04609951062
2  20  2.150537573e-17  -0.004009051764  0.9999919638  -0.004009041024
2  21  1.21181595e-16  -0.001728201718  0.9999985067  -0.001728200858
2  22  -1.567769714e-16  -0.00945172533  0.9999553328  -0.009451584602
2  23  4.402120961e-16  -0.02428249354  0.9997051947  -0.02428010729
2  24  2.756604726e-16  -0.04917772432  0.9987910194  -0.04915790442
2  25  -1.179398859e-16  -0.04285134496  0.9990820216  -0.04283823196
2  26  5.60216979e-17  -0.01907529051  0.9998180722  -0.01907413373
2  27  -1.052169757e-16  -0.02839531856  0.99959688  -0.02839150288
2  28  2.251511376e-17  -0.06685313213  0.9977661615  -0.06680334501
2  29  1.359109169e-16  -0.01949508816  0.9998099768  -0.01949385331
2  30  3.482564511e-17  0.0004745792405  0.9999998874  0.0004745792226
2  31  -1.603753279e-16  0.00846127796  0.9999642036  0.008461176999
2  32  4.435754082e-17  0.02131482673  0.9997728477  0.0213132128
2  33  -1.891640565e-16  0.0428307779  0.9990829024  0.04281768377
2  34  -4.413332288e-16  0.06230535172  0.9980596494  0.06226504843
2  35  -2.576941278e-16  0.06735267652  0.9977326658  0.06730176514
2  36  -2.576941278e-16  0.06735267652  0.9977326658  0.06730176514

3  0  2.119968358e-16  0.06286583602  0.998024594  0.06282443538
3  1  1.585555354e-17  0.07104129036  0.9974776286  0.07098154947
3  2  -5.622700111e-18  0.0663294876  0.9978010059  0.06628086109
3  3  1.838822802e-16  0.05460137634  0.9985097152  0.05457424978
3  4  -1.689694134e-16  0.04180957398  0.9991261071  0.04179739424
3  5  -3.463738749e-16  0.02803834594  0.9996069513  0.02803467237
3  6  -3.466887979e-16  0.0151879515  0.9998846653  0.0151873676
3  7  1.034323571e-16  0.005619964629  0.999984208  0.005619935045
3  8  -2.336850878e-16  -0.001343260642  0.9999990978  -0.001343260238
3  9  -1.111818083e-16  -0.01242387467  0.9999228247  -0.01242355507
3  10  1.638779586e-16  -0.02179692392  0.9997624565  -0.02179519799
3  11  2.158336896e-16  -0.01226195961  0.9999248231  -0.01226165233
3  12  3.241166366e-16  -0.02015789249  0.9997968366  -0.02015652736
3  13  -1.800629862e-16  -0.05685719585  0.998384065  -0.05682656671
3  14  9.849598723e-17  -0.06322730372  0.9980018198  -0.06318518492
3  15  -2.086539545e-16  -0.02646559341  0.9996498066  -0.02646250398
3  16  -4.530477142e-17  -0.01175249207  0.9999309403  -0.01175222153
3  17  -5.529701042e-17  -0.009007996912  0.9999594283  -0.009007875088
3  18  1.910168889e-16  -0.006445669925  0.9999792267  -0.006445625292
3  19  -6.55814144e-17  0.04302744555  0.9990744623  0.04301417023
3  20  1.543776337e-16  -0.008061696012  0.9999675047  -0.008061608689
3  21  -1.950607436e-16  -0.01275709527  0.9999186294  -0.01275674925
3  22  5.503277349e-17  -0.01037073564  0.9999462244  -0.01037054974
3  23  1.104728611e-16  -0.01683809417  0.9998582426  -0.01683729852
3  24  4.016794211e-16  -0.04174822469  0.9991286694  -0.04173609848
3  25  4.149241092e-17  -0.06983479033  0.9975625419  -0.06977804131
3  26  2.986061938e-17  -0.03654510969  0.9993323018  -0.03653697563
3  27  8.127213132e-17  -0.01337126973  0.9999106059  -0.01337087129
3  28  -5.293893966e-17  -0.01635381477  0.9998662794  -0.01635308581
3  29  9.309032752e-18  -0.01998157726  0.9998003749  -0.01998024763
3  30  -1.351803565e-16  -0.006556400193  0.9999785069  -0.006556353221
3  31  5.665637888e-17  0.001460817073  0.999998933  0.001460816553
3  32  1.935396227e-16  0.009540209631  0.9999544925  0.009540064913
3  33  5.271520246e-17  0.02131482673  0.9997728477  0.0213132128
3  34  -9.162692757e-17  0.03542455918  0.9993726159  0.0354171506
3  35  -1.205320731e-16  0.04992235744  0.9987541379  0.0499016236
3  36  -1.205320731e-16  0.04992235744  0.9987541379  0.0499016236

4  0  1.493108786e-16  0.0380094968  0.999277726  0.03800034527
4  1  -2.052966589e-16  0.05072891668  0.9987135644  0.05070716165
4  2  -2.661223569e-16  0.05419823563  0.9985316351  0.05417170544
4  3  -2.398719395e-17  0.04180957398  0.9991261071  0.04179739424
4  4  6.497947919e-17  0.03077565506  0.9995264669  0.03077079714
4  5  -8.324588741e-17  0.02128568608  0.9997734683  0.02128407876
4  6  -9.309087885e-17  0.01248826336  0.9999220227  0.01248793876
4  7  -7.584079742e-17  0.005129103671  0.9999868462  0.005129081182
4  8  -1.814623967e-17  -0.001006821936  0.9999994932  -0.001006821766
4  9  -1.951932297e-16  -0.006276485487  0.9999803029  -0.006276444277
4  10  1.094750566e-16  -0.006586993214  0.9999783058  -0.006586945581
4  11  -7.051235888e-17  -0.004951169092  0.999987743  -0.004951148863
4  12  2.475871297e-16  -0.0132384852  0.9999123725  -0.01323809852
4  13  8.061639168e-17  -0.04852025889  0.9988231232  -0.04850122328
4  14  2.326822573e-16  -0.1056126633  0.9944281646  -0.1054164382
4  15  1.152729553e-16  -0.05457316638  0.9985112543  -0.05454608184
4  16  -2.04028378e-16  -0.01893208394  0.9998207935  -0.01893095301
4  17  6.8811109e-17  -0.0157048178  0.9998766819  -0.01570417224
4  18  3.726191761e-16  -0.01877188002  0.9998238134  -0.01877077756
4  19  1.136083509e-16  0.016825592  0.9998584531  0.01682479812
4  20  3.415310385e-16  0.02524673141  0.9996813182  0.02524404946
4  21  5.061496933e-17  -0.01396298523  0.9999025191  -0.01396253152
4  22  -3.415315473e-16  -0.02042900297  0.9997913352  -0.02042758201
4  23  -2.124550921e-16  -0.01593496699  0.9998730411  -0.01593429262
4  24  -3.268720781e-16  -0.02952093549  0.9995642888  -0.02951664783
4  25  -3.590070586e-16  -0.08538181942  0.9963571863  -0.08527811753
4  26  -9.159989445e-17  -0.08634881366  0.996274257  -0.08624154917
4  27  1.313157474e-16  -0.02585107738  0.9996658795  -0.02584819819
4  28  1.433603035e-16  -0.007074791393  0.9999749738  -0.007074732374
4  29  1.443388023e-16  -0.004383852861  0.9999903909  -0.004383838819
4  30  -2.343490956e-17  -0.008530014982  0.9999636196  -0.00852991154
4  31  1.05139325e-16  -0.004751841713  0.99998871  -0.004751823831
4  32  -2.625512799e-16  0.001460817073  0.999998933  0.001460816553
4  33  3.410292689e-17  0.00846127796  0.9999642036  0.008461176999
4  34  2.446794961e-16  0.01693617292  0.9998565865  0.01693536329
4  35  1.334952796e-16  0.02713885852  0.9996317638  0.02713552727
4  36  1.334952796e-16  0.02713885852  0.9996317638  0.02713552727

5  0  -2.180314785e-16  0.020215299  0.9997956778  0.02021392217
5  1  -2.222188267e-18  0.02577130956  0.9996679382  0.02576845694
5  2  3.213760647e-16  0.0319752457  0.9994888354  0.03196979731
5  3  9.268765336e-17  0.02803834594  0.9996069513  0.02803467237
5  4  4.683528734e-17  0.02128568608  0.9997734683  0.02128407876
5  5  -7.263544459e-17  0.01692853603  0.9998567158  0.01692772749
5  6  9.967212474e-17  0.01113574441  0.9999379982  0.01113551426
5  7  2.182755414e-16  0.004414386724  0.9999902566  0.004414372387
5  8  8.880035357e-17  -0.00220938386  0.9999975593  -0.002209382062
5  9  -1.756836051e-16  -0.007744605261  0.9999700107  -0.007744527842
5  10  1.668247111e-16  -0.004567110761  0.9999895708  -0.004567094884
5  11  -2.379679857e-17  -0.001131263103  0.9999993601  -0.001131262862
5  12  1.14151483e-17  -0.008385475423  0.9999648421  -0.008385377151
5  13  -2.66518885e-16  -0.03137174516  0.9995079472  -0.03136659948
5  14  -5.535051419e-16  -0.1190768367  0.9929187267  -0.1187956319
5  15  -2.524991193e-16  -0.1311273774  0.991415117  -0.1307519245
5  16  -2.259053471e-16  -0.0362835417  0.9993418245  -0.03627558103
5  17  -1.091036064e-16  -0.02157646354  0.9997672371  -0.02157478945
5  18  -1.375275647e-16  -0.02391322248  0.9997140925  -0.02391094344
5  19  1.822104438e-16  -0.0003557709014  0.9999999367  -0.0003557708939
5  20  2.315055184e-16  0.02092412517  0.9997810985  0.02092259838
5  21  2.506701481e-17  0.007539717352  0.9999715765  0.007539645916
5  22  5.357840188e-17  -0.01597067157  0.9998724715  -0.01596999266
5  23  -4.355808092e-17  -0.02491299852  0.9996896873  -0.02491042152
5  24  1.369845211e-16  -0.02380930378  0.9997165719  -0.02380705433
5  25  4.334355096e-16  -0.06934275604  0.9975967543  -0.0692871979
5  26  2.315047741e-16  -0.1580597186  0.987534547  -0.1574024092
5  27  2.160848939e-16  -0.06580252133  0.9978357952  -0.06575504443
5  28  2.550699453e-16  -0.01616436834  0.9998693594  -0.01616366443
5  29  -1.458191565e-16  -0.002992639834  0.9999955221  -0.002992635367
5  30  -4.175892393e-16  -0.0009977546937  0.9999995022  -0.0009977545281
5  31  -2.371716667e-16  -0.008530014982  0.9999636196  -0.00852991154
5  32  -2.441062572e-16  -0.006556400193  0.9999785069  -0.006556353221
5  33  -3.062323517e-17  0.0004745792406  0.9999998874  0.0004745792227
5  34  -1.465732269e-16  0.007624173813  0.9999709361  0.007624099951
5  35  4.132148723e-16  0.01475576871  0.9998911356  0.01475523325
5  36  4.132148723e-16  0.01475576871  0.9998911356  0.01475523325

6  0  2.056403382e-16  0.01080975742  0.9999415751  0.0108095469
6  1  4.217873307e-16  0.01224576155  0.9999250216  0.01224545549
6  2  2.590739276e-16  0.01459988079  0.9998934236  0.01459936212
6  3  3.081378458e-17  0.0151879515  0.9998846653  0.0151873676
6  4  1.750020534e-16  0.01248826336  0.9999220227  0.01248793876
6  5  -5.629364015e-17  0.01113574441  0.9999379982  0.01113551426
6  6  -1.221965682e-16  0.00903651345  0.999959171  0.009036390466
6  7  -4.483328837e-17  0.002390686328  0.9999971423  0.002390684051
6  8  -2.156552995e-16  -0.009602370598  0.9999538976  -0.009602223034
6  9  -6.692344585e-17  -0.02241557649  0.9997487815  -0.02241369939
6  10  3.682566937e-16  -0.01335928607  0.9999107661  -0.0133588887
6  11  8.951060255e-18  -0.002497478817  0.9999968813  -0.002497476221
6  12  1.703109037e-17  -0.007196193527  0.9999741075  -0.007196131417
6  13  -1.730317311e-16  -0.02152213057  0.9997684079  -0.02152046909
6  14  -4.889682372e-17  -0.07628828172  0.9970914601  -0.07621430487
6  15  -2.47997252e-16  -0.1950592295  0.9810361911  -0.1938246416
6  16  -1.475149016e-17  -0.08514525592  0.9963773321  -0.0850424134
6  17  2.977959716e-17  -0.02351584744  0.9997235152  -0.02351368014
6  18  3.074145393e-17  -0.01884894361  0.9998223639  -0.01884782751
6  19  -2.558235354e-16  -0.002457031428  0.9999969815  -0.002457028956
6  20  -1.626320969e-16  0.01242851456  0.999922767  0.01242819459
6  21  -2.253661175e-16  0.01805571681  0.999837  0.01805473577
6  22  -1.210007451e-16  0.002412014136  0.9999970911  0.002412011798
6  23  -1.051560554e-16  -0.01117500467  0.9999375603  -0.01117477208
6  24  4.015178932e-18  -0.02256954487  0.9997453186  -0.02256762882
6  25  3.005339954e-16  -0.03743673238  0.9992993274  -0.03742798834
6  26  2.502728028e-16  -0.1622718322  0.9868627918  -0.1615606083
6  27  -1.015404857e-16  -0.1413961083  0.9900202139  -0.140925427
6  28  1.625579067e-17  -0.03916807636  0.999233029  -0.03915806226
6  29  9.87834916e-17  -0.01261163452  0.9999204744  -0.01261130021
6  30  4.653240465e-17  -0.002992639834  0.9999955221  -0.002992635367
6  31  -1.924645124e-16  -0.004383852861  0.9999903909  -0.004383838819
6  32  -3.269208871e-16  -0.01998157726  0.9998003749  -0.01998024763
6  33  -6.548929588e-17  -0.01949508816  0.9998099768  -0.01949385331
6  34  -1.347297447e-16  -0.004715819784  0.9999888805  -0.004715802304
6  35  8.449490138e-17  0.006018884872  0.9999818866  0.006018848531
6  36  8.449490138e-17  0.006018884872  0.9999818866  0.006018848531

7  0  -7.902233084e-18  -0.003560969558  0.9999936598  -0.003560962032
7  1  -3.410812479e-17  0.003669988282  0.9999932656  0.003669980044
7  2  -3.884544519e-17  0.005008989056  0.999987455  0.005008968111
7  3  -3.111225594e-16  0.005619964629  0.999984208  0.005619935045
7  4  9.303183373e-17  0.005129103671  0.9999868462  0.005129081182
7  5  2.821705069e-16  0.004414386724  0.9999902566  0.004414372387
7  6  1.57963306e-17  0.002390686328  0.9999971423  0.002390684051
7  7  -2.924428753e-16  -0.01012319541  0.9999487609  -0.01012302251
7  8  -7.671695155e-17  -0.0617161817  0.9980961609  -0.06167701083
7  9  -6.54843714e-17  -0.1109534447  0.9938509786  -0.110725933
7  10  1.62284368e-16  -0.04106920267  0.9991567788  -0.04105765855
7  11  8.753513037e-18  -0.008483493147  0.9999640154  -0.008483391388
7  12  -2.120929438e-16  -0.01001393671  0.999949861  -0.01001376934
7  13  5.453736414e-17  -0.02388558249  0.999714753  -0.02388331135
7  14  7.299813666e-17  -0.06047638836  0.9981718605  -0.06043953077
7  15  1.493132306e-17  -0.1569879073  0.9877026855  -0.1563438683
7  16  -6.823598342e-17  -0.1179354054  0.9930536769  -0.1176622062
7  17  -3.010732166e-16  0.09478014988  0.9955117231  0.09463830755
7  18  -2.104164025e-16  0.002099968404  0.9999977951  0.002099966861
7  19  -2.998416409e-16  -0.0002021598357  0.9999999796  -0.0002021598343
7  20  -9.330816364e-17  0.006825311909  0.9999767076  0.006825258916
7  21  -4.940734957e-17  0.02700617533  0.9996353554  0.0270028927
7  22  -1.574555086e-16  0.01446966835  0.9998953162  0.01446916344
7  23  8.962973399e-17  0.001786794195  0.9999984037  0.001786793244
7  24  5.519354756e-17  -0.002467261447  0.9999969563  -0.002467258944
7  25  2.16702912e-16  0.0158714179  0.9998740517  0.01587075156
7  26  -2.411574737e-16  0.03917483435  0.9992327643  0.03916481506
7  27  -3.35542804e-16  -0.1664072034  0.9861862423  -0.1656402592
7  28  -2.181565709e-16  -0.09780875983  0.9952205353  -0.09765288562
7  29  2.568034326e-17  -0.03916807636  0.999233029  -0.03915806226
7  30  -6.759584318e-18  -0.01616436834  0.9998693594  -0.01616366443
7  31  -5.757545811e-17  -0.007074791393  0.9999749738  -0.007074732374
7  32  -1.090068753e-16  -0.01635381477  0.9998662794  -0.01635308581
7  33  -5.438588128e-17  -0.06685313213  0.9977661615  -0.06680334501
7  34  -2.875889287e-16  -0.1028427302  0.9947163458  -0.1026615378
7  35  -1.81459982e-16  -0.04037223688  0.9991851519  -0.04036127054
7  36  -1.81459982e-16  -0.04037223688  0.9991851519  -0.04036127054

8  0  -2.967908406e-17  -0.2040459229  0.9792547577  -0.2026329677
8  1  -1.351157424e-16  -0.03201142048  0.9994876782  -0.03200595358
8  2  -1.219004787e-16  -0.005156370015  0.999986706  -0.005156347166
8  3  -1.858883316e-16  -0.001343260642  0.9999990978  -0.001343260238
8  4  1.983680707e-16  -0.001006821936  0.9999994932  -0.001006821766
8  5  -1.807894383e-16  -0.002209383859  0.9999975593  -0.002209382062
8  6  -4.04934148e-16  -0.009602370598  0.9999538976  -0.009602223034
8  7  2.781483934e-17  -0.0617161817  0.9980961609  -0.06167701083
8  8  8.548825118e-17  -0.3374705674  0.9435951819  -0.3311013934
8  9  -2.227118294e-16  -0.2679085973  0.9643266311  -0.2647152217
8  10  -1.884201183e-16  -0.05368632797  0.9985592352  -0.05366054237
8  11  8.086096958e-17  -0.01456326188  0.9998939576  -0.0145627471
8  12  1.06855248e-16  -0.01575649708  0.999875869  -0.01575584512
8  13  1.04177501e-16  -0.03783390571  0.9992843832  -0.03782488042
8  14  -1.228019273e-16  -0.09543656402  0.9954493867  -0.09529175509
8  15  2.292312918e-16  -0.1847633624  0.9829797518  -0.1837139287
8  16  -1.090041989e-16  -0.09118437755  0.9958455844  -0.09105806994
8  17  -1.019546687e-16  1.240548155  0.3242777995  0.945961896
8  18  -3.123520437e-16  0.02432421524  0.9997041809  0.02432181667
8  19  -2.273754072e-16  0.001502493408  0.9999988713  0.001502492843
8  20  -4.924128012e-17  0.004481019805  0.9999899602  0.004481004809
8  21  1.950689621e-16  0.0231099304  0.9997329774  0.0231078734
8  22  1.523451084e-17  0.0376947913  0.9992896355  0.0376858652
8  23  -2.34173766e-16  0.009524490946  0.9999546424  0.009524346943
8  24  8.924941463e-17  0.002031610441  0.9999979363  0.002031609043
8  25  1.790649286e-16  0.004844257216  0.9999882666  0.004844238269
8  26  -2.083927829e-16  0.3043999889  0.9540269601  0.2997208024
8  27  2.375438941e-17  0.9395394458  0.5901598867  0.8072863854
8  28  5.684672465e-17  -0.1664072034  0.9861862423  -0.1656402592
8  29  1.968118168e-16  -0.1413961083  0.9900202139  -0.140925427
8  30  2.626241561e-16  -0.06580252133  0.9978357952  -0.06575504443
8  31  3.046205075e-16  -0.02585107738  0.9996658795  -0.02584819819
8  32  3.805885485e-16  -0.01337126973  0.9999106059  -0.01337087129
8  33  2.48964017e-16  -0.02839531856  0.99959688  -0.02839150288
8  34  -2.031296669e-16  -0.1360153798  0.9907641601  -0.1355963826
8  35  -4.979761908e-17  -0.3358423  0.9441330524  -0.32956453
8  36  -4.979761908e-17  -0.3358423  0.9441330524  -0.32956453

9  0  -2.463354449e-16  -0.2206786174  0.9757491302  -0.2188918337
9  1  -1.205076936e-16  -0.1772387686  0.9843342836  -0.1763122743
9  2  -2.779715429e-16  -0.05001485261  0.998749518  -0.04999400332
9  3  -7.406712824e-17  -0.01242387467  0.9999228247  -0.01242355507
9  4  2.904369141e-16  -0.006276485487  0.9999803029  -0.006276444277
9  5  -7.71693882e-17  -0.007744605261  0.9999700107  -0.007744527842
9  6  -5.950074819e-17  -0.02241557649  0.9997487815  -0.02241369939
9  7  -4.688975992e-17  -0.1109534447  0.9938509786  -0.110725933
9  8  -7.073022859e-17  -0.2679085973  0.9643266311  -0.2647152217
9  9  -2.938650842e-17  -0.1071432021  0.994265656  -0.106938325
9  10  -2.794886525e-17  -0.03128526114  0.9995106561  -0.03128015789
9  11  3.565506793e-17  -0.01690273677  0.9998571521  -0.01690193193
9  12  1.000180567e-16  -0.023127006  0.9997325827  -0.02312494444
9  13  -1.483463986e-16  -0.05481289579  0.9984981493  -0.05478545278
9  14  -2.832810275e-16  -0.1289367759  0.9916991634  -0.128579817
9  15  -9.376013568e-17  -0.1880825672  0.9823645539  -0.1869756218
9  16  -1.366230377e-16  -0.103504167  0.9946482241  -0.1033194573
9  17  -1.998286209e-16  0.3669345713  0.9334314697  0.3587557544
9  18  8.961470582e-17  0.02630506036  0.9996540418  0.02630202681
9  19  3.180767075e-16  0.002067227902  0.9999978633  0.00206722643
9  20  -1.790288364e-17  0.003652076749  0.9999933312  0.00365206863
9  21  -2.348631999e-17  0.01558074646  0.9998786226  0.01558011608
9  22  -2.091755582e-16  0.05819800628  0.998306974  0.05816515899
9  23  1.001438501e-17  0.03349229428  0.9994391855  0.03348603306
9  24  3.387905679e-16  0.007023470081  0.9999753355  0.007023412337
9  25  1.853413013e-16  0.002201904634  0.9999975758  0.002201902855
9  26  1.916982804e-16  0.007221650959  0.999973924  0.007221588189
9  27  -1.377491288e-16  0.3043999889  0.9540269601  0.2997208024
9  28  -1.603684918e-16  0.03917483435  0.9992327643  0.03916481506
9  29  1.74914032e-16  -0.1622718322  0.9868627918  -0.1615606083
9  30  -4.298177474e-17  -0.1580597186  0.987534547  -0.1574024092
9  31  4.045980669e-17  -0.08634881366  0.996274257  -0.08624154917
9  32  2.615284217e-16  -0.03654510969  0.9993323018  -0.03653697563
9  33  1.138139883e-17  -0.01907529051  0.9998180722  -0.01907413373
9  34  -2.632449528e-16  -0.02367858293  0.9997196755  -0.02367637032
9  35  1.16463412e-16  -0.07070563627  0.9975013977  -0.07064673803
9  36  1.16463412e-16  -0.07070563627  0.9975013977  -0.07064673803

10  0  1.72134487e-16  -0.02677607233  0.9996415424  -0.0267728729
10  1  3.443693915e-17  -0.04936502473  0.9987817946  -0.04934497752
10  2  -1.446196661e-16  -0.05080940419  0.9987094799  -0.05078754546
10  3  1.01856092e-16  -0.02179692392  0.9997624565  -0.02179519799
10  4  -8.00642615e-17  -0.006586993214  0.9999783058  -0.006586945581
10  5  -7.791730629e-17  -0.004567110761  0.9999895708  -0.004567094884
10  6  1.035205904e-16  -0.01335928607  0.9999107661  -0.0133588887
10  7  8.208908205e-17  -0.04106920267  0.9991567788  -0.04105765855
10  8  -3.171610263e-17  -0.05368632797  0.9985592352  -0.05366054237
10  9  4.623181923e-17  -0.03128526114  0.9995106561  -0.03128015789
10  10  1.560037804e-16  -0.01928407419  0.999814068  -0.019282879
10  11  -1.344435645e-17  -0.01966323152  0.9998066849  -0.01966196444
10  12  7.053328688e-17  -0.03164103426  0.9994994642  -0.03163575493
10  13  1.419631381e-16  -0.05839920448  0.998295251  -0.05836601538
10  14  -9.687442841e-17  -0.08705433987  0.9962131634  -0.08694442525
10  15  -3.900978235e-17  -0.08177359075  0.9966584026  -0.08168248564
10  16  -7.020463155e-17  -0.04917136954  0.9987913318  -0.04915155732
10  17  3.586621963e-17  -0.0001903279085  0.9999999819  -0.0001903279073
10  18  1.420883889e-16  0.007950065715  0.9999683984  0.00794998197
10  19  3.355878619e-16  0.001670679284  0.9999986044  0.001670678507
10  20  -1.92555961e-16  0.003443356122  0.9999940717  0.003443349318
10  21  -5.876950901e-17  0.01238653309  0.9999232879  0.01238621636
10  22  -4.217656798e-17  0.06078687251  0.9981530469  0.0607494444
10  23  1.326109442e-16  0.09887139534  0.995116204  0.09871038696
10  24  1.618685465e-16  0.02693099499  0.9996373827  0.0269277397
10  25  3.547632514e-18  0.006349493531  0.999979842  0.006349450866
10  26  -1.130966169e-16  0.002201904634  0.9999975758  0.002201902855
10  27  -7.997099363e-17  0.004844257216  0.9999882666  0.004844238269
10  28  3.15806555e-16  0.0158714179  0.9998740517  0.01587075156
10  29  4.574007951e-16  -0.03743673237  0.9992993274  -0.03742798834
10  30  -4.793959687e-17  -0.06934275604  0.9975967543  -0.0692871979
10  31  2.774318071e-16  -0.08538181942  0.9963571863  -0.08527811753
10  32  4.43803321e-16  -0.06983479033  0.9975625419  -0.06977804131
10  33  2.754805744e-16  -0.04285134496  0.9990820216  -0.04283823196
10  34  -3.907785726e-16  -0.02507721273  0.9996855832  -0.02507458444
10  35  1.273863804e-16  -0.01967776829  0.999806399  -0.01967649839
10  36  1.273863804e-16  -0.01967776829  0.999806399  -0.01967649839

11  0  -1.123499554e-16  -0.02366157575  0.999720078  -0.02365936791
11  1  3.006988302e-16  -0.01915485736  0.9998165513  -0.01915368603
11  2  -2.162349763e-17  -0.01729816916  0.9998503904  -0.01729730649
11  3  -6.096263093e-17  -0.01226195961  0.9999248231  -0.01226165233
11  4  9.819377008e-17  -0.004951169092  0.999987743  -0.004951148863
11  5  4.219537037e-17  -0.001131263103  0.9999993601  -0.001131262861
11  6  6.875825983e-18  -0.002497478817  0.9999968813  -0.002497476221
11  7  -2.669700514e-16  -0.008483493147  0.9999640154  -0.008483391388
11  8  -4.128661891e-16  -0.01456326188  0.9998939576  -0.0145627471
11  9  -2.521495605e-16  -0.01690273677  0.9998571521  -0.01690193193
11  10  -2.615424091e-17  -0.01966323152  0.9998066849  -0.01966196444
11  11  -4.860306364e-16  -0.02725168911  0.9996286957  -0.02724831614
11  12  -1.212517144e-16  -0.03999812397  0.9992001817  -0.03998745966
11  13  -9.928988445e-17  -0.05067549469  0.9987162719  -0.05065380832
11  14  -2.970044748e-16  -0.04797853309  0.998849251  -0.04796012793
11  15  3.16004723e-16  -0.03476660781  0.9993957024  -0.0347596044
11  16  -8.963811744e-17  -0.02366214552  0.9997200645  -0.02365993752
11  17  2.368797128e-16  -0.02277624669  0.9997406325  -0.02277427751
11  18  1.797385678e-16  -0.01301547483  0.9999152999  -0.01301510736
11  19  1.765173707e-16  4.107205682e-05  0.9999999992  4.10720568e-05
11  20  -1.215783363e-16  0.003649968431  0.9999933389  0.003649960327
11  21  2.004210876e-16  0.01285178902  0.9999174169  0.01285143523
11  22  -1.234906005e-17  0.05915751372  0.9982507045  0.05912301504
11  23  2.180350908e-16  0.1989371666  0.9802771766  0.1976275713
11  24  -1.23745159e-16  0.1201027386  0.9927963315  0.1198142065
11  25  -2.469190009e-17  0.02693099499  0.9996373827  0.0269277397
11  26  2.811909438e-16  0.007023470081  0.9999753355  0.007023412337
11  27  -4.849395682e-17  0.002031610441  0.9999979363  0.002031609043
11  28  -1.266743725e-16  -0.002467261448  0.9999969563  -0.002467258944
11  29  -2.537941604e-16  -0.02256954487  0.9997453186  -0.02256762882
11  30  -3.169104506e-16  -0.02380930378  0.9997165719  -0.02380705433
11  31  5.336176521e-17  -0.02952093549  0.9995642888  -0.02951664783
11  32  -4.088939975e-16  -0.04174822469  0.9991286694  -0.04173609848
11  33  -2.49344885e-16  -0.04917772432  0.9987910194  -0.04915790442
11  34  -2.050656366e-16  -0.04468137041  0.9990019536  -0.04466650473
11  35  6.185620905e-17  -0.03328720681  0.9994460321  -0.0332810599
11  36  6.185620905e-17  -0.03328720681  0.9994460321  -0.0332810599

12  0  5.321154568e-17  -0.04167796893  0.9991315992  -0.04166590384
12  1  4.275086141e-17  -0.03578647412  0.9993597325  -0.03577883615
12  2  1.202021217e-16  -0.02789123264  0.9996110648  -0.02788761658
12  3  1.930160146e-16  -0.02015789249  0.9997968366  -0.02015652736
12  4  8.711656025e-17  -0.0132384852  0.9999123725  -0.01323809852
12  5  -4.019328137e-16  -0.008385475423  0.9999648421  -0.008385377151
12  6  -1.862328849e-16  -0.007196193527  0.9999741075  -0.007196131417
12  7  2.156951628e-16  -0.01001393671  0.999949861  -0.01001376934
12  8  1.802548898e-16  -0.01575649708  0.999875869  -0.01575584512
12  9  2.657611361e-16  -0.023127006  0.9997325827  -0.02312494444
12  10  2.541518706e-17  -0.03164103426  0.9994994642  -0.03163575493
12  11  -7.117682102e-17  -0.03999812397  0.9992001817  -0.03998745966
12  12  2.432671794e-16  -0.04403321336  0.9990306947  -0.04401898523
12  13  -4.338136146e-17  -0.03959744647  0.9992161235  -0.03958709943
12  14  -2.609769417e-17  -0.0291597509  0.9995748846  -0.02915561869
12  15  6.156469103e-18  -0.01946653056  0.9998105331  -0.01946530112
12  16  1.463883875e-16  -0.01455025702  0.9998941469  -0.01454974362
12  17  1.553184463e-16  -0.01843218833  0.999830132  -0.01843114464
12  18  -6.204213748e-18  -0.0223921804  0.9997493056  -0.02239030917
12  19  4.383693476e-17  -0.00307643428  0.9999952678  -0.003076429427
12  20  2.574656962e-17  0.004479435452  0.9999899673  0.004479420471
12  21  1.565891576e-16  0.01725071596  0.9998512101  0.01724986037
12  22  9.311281526e-18  0.06461921435  0.997912905  0.06457425261
12  23  1.099905919e-16  0.1760764645  0.9845385472  0.1751680597
12  24  3.020199192e-17  0.1989371666  0.9802771766  0.1976275713
12  25  -3.650872371e-16  0.09887139534  0.995116204  0.09871038696
12  26  -9.417919519e-17  0.03349229428  0.9994391855  0.03348603306
12  27  -1.319219446e-16  0.009524490946  0.9999546424  0.009524346943
12  28  3.348992031e-17  0.001786794195  0.9999984037  0.001786793244
12  29  7.697616696e-17  -0.01117500467  0.9999375603  -0.01117477208
12  30  -2.082487068e-16  -0.02491299852  0.9996896873  -0.02491042152
12  31  1.095188318e-16  -0.01593496699  0.9998730411  -0.01593429262
12  32  -2.662795288e-16  -0.01683809417  0.9998582426  -0.01683729852
12  33  5.229274799e-18  -0.02428249354  0.9997051947  -0.02428010729
12  34  -7.621537192e-18  -0.03442844566  0.9994073996  -0.03442164462
12  35  4.327077192e-17  -0.04168033191  0.9991315007  -0.04166826476
12  36  4.327077192e-17  -0.04168033191  0.9991315007  -0.04166826476

13  0  6.110002361e-17  -0.03360069262  0.9994355498  -0.03359437041
13  1  9.6527434e-17  -0.04427832993  0.9990198749  -0.04426386288
13  2  -1.152116697e-16  -0.0529909091  0.9985963103  -0.05296611252
13  3  -5.71998887e-17  -0.05685719585  0.998384065  -0.05682656671
13  4  -1.934908217e-16  -0.04852025889  0.9988231232  -0.04850122328
13  5  -1.272232013e-16  -0.03137174516  0.9995079472  -0.03136659948
13  6  -1.780142731e-16  -0.02152213057  0.9997684079  -0.02152046909
13  7  -3.583495626e-17  -0.02388558249  0.999714753  -0.02388331135
13  8  -1.21386407e-16  -0.03783390571  0.9992843832  -0.03782488042
13  9  -6.734573792e-17  -0.05481289579  0.9984981493  -0.05478545278
13  10  -1.808793182e-16  -0.05839920449  0.998295251  -0.05836601538
13  11  -2.732928574e-16  -0.05067549469  0.9987162719  -0.05065380832
13  12  -1.037122165e-16  -0.03959744647  0.9992161235  -0.03958709943
13  13  -1.635790086e-16  -0.02787393478  0.999611547  -0.02787032545
13  14  -2.100290881e-17  -0.0176621267  0.9998440287  -0.01766120843
13  15  -1.833218297e-16  -0.01087816303  0.9999408334  -0.01087794849
13  16  3.128915381e-16  -0.008543534396  0.9999635042  -0.008543430461
13  17  1.935717815e-17  -0.0129383514  0.9999163007  -0.01293799042
13  18  5.841534059e-18  -0.02215659745  0.9997545526  -0.02215478466
13  19  -6.167554928e-17  -0.005731656259  0.9999835741  -0.005731624876
13  20  -3.867955122e-16  0.006831128999  0.9999766679  0.006831075871
13  21  3.575098942e-16  0.02570923135  0.9996695359  0.02570639929
13  22  1.720497252e-16  0.05654128886  0.9984019671  0.05651116737
13  23  1.753336286e-16  0.06461921435  0.997912905  0.06457425261
13  24  -2.740171852e-17  0.05915751372  0.9982507045  0.05912301504
13  25  -1.66632095e-16  0.06078687251  0.9981530469  0.0607494444
13  26  -6.442781237e-17  0.05819800628  0.998306974  0.05816515899
13  27  -2.788595115e-17  0.0376947913  0.9992896355  0.0376858652
13  28  -1.18944169e-16  0.01446966835  0.9998953162  0.01446916344
13  29  -1.666826714e-16  0.002412014136  0.9999970911  0.002412011798
13  30  1.966696459e-16  -0.01597067157  0.9998724715  -0.01596999266
13  31  1.191937857e-16  -0.02042900297  0.9997913352  -0.02042758201
13  32  3.53680392e-17  -0.01037073564  0.9999462244  -0.01037054974
13  33  3.156511266e-18  -0.00945172533  0.9999553328  -0.009451584602
13  34  2.756249766e-16  -0.01408314105  0.9999008342  -0.01408267553
13  35  1.619534625e-16  -0.02272246374  0.9997418559  -0.02272050848
13  36  1.619534625e-16  -0.02272246374  0.9997418559  -0.02272050848

14  0  2.832408949e-17  -0.01308808741  0.9999143522  -0.01308771376
14  1  1.399667129e-17  -0.02337135477  0.9997269023  -0.02336922718
14  2  -4.198822513e-17  -0.03751186479  0.9992965125  -0.03750306801
14  3  2.390413158e-16  -0.06322730372  0.9980018198  -0.06318518492
14  4  3.704200732e-17  -0.1056126633  0.9944281646  -0.1054164382
14  5  5.732021262e-17  -0.1190768367  0.9929187267  -0.1187956319
14  6  1.140477922e-16  -0.07628828173  0.9970914601  -0.07621430487
14  7  9.311600663e-18  -0.06047638836  0.9981718605  -0.06043953077
14  8  2.109519732e-16  -0.09543656402  0.9954493867  -0.09529175509
14  9  -5.238420131e-17  -0.1289367759  0.9916991634  -0.128579817
14  10  -5.750343429e-17  -0.08705433987  0.9962131634  -0.08694442525
14  11  2.180823087e-16  -0.04797853309  0.998849251  -0.04796012793
14  12  1.375077956e-16  -0.0291597509  0.9995748846  -0.02915561869
14  13  6.539494266e-17  -0.0176621267  0.9998440287  -0.01766120843
14  14  1.061297897e-16  -0.008605182131  0.9999629756  -0.008605075931
14  15  1.4271e-16  -0.00209346797  0.9999978087  -0.002093466441
14  16  1.758443371e-16  0.0001677295898  0.9999999859  0.000167729589
14  17  -8.454237939e-17  -0.004338589045  0.9999905883  -0.004338575434
14  18  1.963386654e-16  -0.01503032682  0.9998870468  -0.01502976091
14  19  -1.290697646e-16  -0.001732801983  0.9999984987  -0.001732801116
14  20  -3.459752716e-16  0.01218033242  0.9999258207  0.01218003124
14  21  1.896864319e-16  0.02499483822  0.9996876453  0.02499223575
14  22  -3.253324372e-17  0.02570923135  0.9996695359  0.02570639929
14  23  -5.008773678e-17  0.01725071596  0.9998512101  0.01724986037
14  24  5.411795865e-17  0.01285178902  0.9999174169  0.01285143523
14  25  3.359197813e-17  0.01238653309  0.9999232879  0.01238621636
14  26  -4.175151658e-17  0.01558074646  0.9998786226  0.01558011608
14  27  1.079128142e-16  0.0231099304  0.9997329774  0.0231078734
14  28  2.129370336e-16  0.02700617533  0.9996353554  0.0270028927
14  29  1.151491136e-17  0.01805571681  0.999837  0.01805473577
14  30  -7.500896332e-17  0.007539717352  0.9999715765  0.007539645917
14  31  4.35747566e-16  -0.01396298523  0.9999025191  -0.01396253152
14  32  1.666502687e-16  -0.01275709527  0.9999186294  -0.01275674925
14  33  -3.307098932e-17  -0.001728201718  0.9999985067  -0.001728200858
14  34  -2.646794915e-16  -0.0004423845106  0.9999999021  -0.0004423844961
14  35  -1.823126562e-16  -0.004995609592  0.999987522  -0.004995588814
14  36  -1.823126562e-16  -0.004995609592  0.999987522  -0.004995588814

15  0  9.681997498e-17  0.002727866215  0.9999962794  0.002727862832
15  1  1.783471026e-16  -0.006606960146  0.9999781741  -0.006606912078
15  2  3.978012477e-17  -0.01528911939  0.9998831237  -0.01528852374
15  3  9.228565231e-17  -0.02646559341  0.9996498066  -0.02646250398
15  4  -2.467419136e-16  -0.05457316638  0.9985112543  -0.05454608184
15  5  -7.574431285e-17  -0.1311273774  0.991415117  -0.1307519245
15  6  3.29680651e-16  -0.1950592295  0.9810361911  -0.1938246416
15  7  -7.02081791e-17  -0.1569879073  0.9877026855  -0.1563438683
15  8  -1.039467233e-16  -0.1847633624  0.9829797518  -0.1837139287
15  9  -1.649268618e-16  -0.1880825672  0.9823645539  -0.1869756218
15  10  9.211914586e-17  -0.08177359075  0.9966584026  -0.08168248564
15  11  -1.935541465e-16  -0.03476660781  0.9993957024  -0.0347596044
15  12  -3.588494503e-17  -0.01946653056  0.9998105331  -0.01946530112
15  13  2.110703423e-16  -0.01087816303  0.9999408334  -0.01087794849
15  14  4.723108083e-17  -0.00209346797  0.9999978087  -0.002093466441
15  15  -1.752588564e-16  0.006841769484  0.9999765952  0.006841716107
15  16  7.442497117e-17  0.01192759406  0.9999288671  0.01192731125
15  17  1.026729931e-16  0.00834757003  0.9999651592  0.008347473085
15  18  2.859659454e-16  -0.00422294784  0.9999910834  -0.004222935289
15  19  -1.154189288e-16  0.01414222432  0.9999000004  0.01414175291
15  20  -1.19150867e-16  0.02007274524  0.9997985492  0.02007139733
15  21  1.725490383e-16  0.01218033242  0.9999258207  0.01218003124
15  22  4.401995792e-17  0.006831128999  0.9999766679  0.006831075871
15  23  1.249164044e-16  0.004479435452  0.9999899673  0.004479420471
15  24  -1.537325944e-16  0.003649968431  0.9999933389  0.003649960327
15  25  1.319313721e-16  0.003443356122  0.9999940717  0.003443349318
15  26  1.512770004e-16  0.003652076749  0.9999933312  0.003652068631
15  27  1.280579563e-16  0.004481019805  0.9999899602  0.004481004809
15  28  -2.215583598e-16  0.006825311909  0.9999767076  0.006825258916
15  29  -1.231201467e-16  0.01242851456  0.999922767  0.01242819459
15  30  -2.50107551e-16  0.02092412517  0.9997810985  0.02092259838
15  31  2.05846595e-16  0.02524673141  0.9996813182  0.02524404946
15  32  3.084201447e-16  -0.008061696013  0.9999675047  -0.00806160869
15  33  3.97257557e-16  -0.004009051764  0.9999919638  -0.004009041025
15  34  1.981180282e-16  0.01045652506  0.999945331  0.01045633451
15  35  -2.952891094e-16  0.01011492503  0.9999488446  0.01011475255
15  36  -2.952891094e-16  0.01011492503  0.9999488446  0.01011475255

16  0  7.960189971e-17  0.0161145186  0.999870164  0.01611382118
16  1  3.515601134e-16  0.006191618713  0.999980832  0.006191579153
16  2  3.791581749e-16  -0.004570408345  0.9999895557  -0.004570392433
16  3  -1.035296281e-16  -0.01175249207  0.9999309403  -0.01175222153
16  4  9.548869885e-17  -0.01893208394  0.9998207935  -0.01893095301
16  5  -1.951403411e-16  -0.0362835417  0.9993418245  -0.03627558103
16  6  4.716267871e-17  -0.08514525592  0.9963773321  -0.0850424134
16  7  -2.117218083e-16  -0.1179354054  0.9930536769  -0.1176622062
16  8  9.980033099e-17  -0.09118437755  0.9958455844  -0.09105806994
16  9  -1.360466847e-16  -0.103504167  0.9946482241  -0.1033194573
16  10  -1.223400942e-16  -0.04917136954  0.9987913318  -0.04915155732
16  11  -1.184645457e-16  -0.02366214552  0.9997200645  -0.02365993752
16  12  -1.025568842e-17  -0.01455025702  0.9998941469  -0.01454974362
16  13  -1.288909675e-16  -0.008543534396  0.9999635042  -0.008543430461
16  14  -3.815169046e-16  0.0001677295898  0.9999999859  0.000167729589
16  15  -7.609906984e-17  0.01192759406  0.9999288671  0.01192731125
16  16  -1.778170617e-16  0.01884095663  0.9998225144  0.01883984195
16  17  -1.510436052e-16  0.009328925085  0.9999564859  0.009328789771
16  18  -8.858141313e-17  -0.04258113187  0.9990935606  -0.04256826535
16  19  -1.082125959e-16  -0.001002534459  0.9999994975  -0.001002534291
16  20  7.88049198e-17  0.01414222432  0.9999000004  0.01414175291
16  21  -2.298668124e-16  -0.001732801983  0.9999984987  -0.001732801116
16  22  2.473178506e-16  -0.005731656259  0.9999835741  -0.005731624876
16  23  -3.310282136e-17  -0.00307643428  0.9999952678  -0.003076429427
16  24  -3.79132781e-16  4.10720568e-05  0.9999999992  4.107205679e-05
16  25  8.21339353e-17  0.001670679284  0.9999986044  0.001670678506
16  26  -1.4803e-16  0.002067227902  0.9999978633  0.00206722643
16  27  -1.364473449e-16  0.001502493408  0.9999988713  0.001502492843
16  28  -3.028723161e-16  -0.0002021598356  0.9999999796  -0.0002021598343
16  29  8.141086257e-17  -0.002457031428  0.9999969815  -0.002457028956
16  30  -9.336508849e-19  -0.0003557709012  0.9999999367  -0.0003557708937
16  31  1.993002606e-16  0.016825592  0.9998584531  0.01682479812
16  32  3.468884997e-16  0.04302744555  0.9990744623  0.04301417023
16  33  1.756947055e-16  -0.04611585443  0.9989368524  -0.04609951062
16  34  1.636599533e-16  -0.04629213165  0.9989287106  -0.04627559971
16  35  5.68909165e-17  0.01357387891  0.9999078763  0.01357346208
16  36  5.68909165e-17  0.01357387891  0.9999078763  0.01357346208

17  0  -2.020386366e-17  -0.08877745666  0.9960618691  -0.08866088695
17  1  -6.032332965e-17  0.01039849577  0.9999459361  0.01039830838
17  2  3.665825825e-16  0.002186732379  0.9999976091  0.002186730636
17  3  1.277579113e-16  -0.009007996912  0.9999594283  -0.009007875088
17  4  3.476458955e-17  -0.0157048178  0.9998766819  -0.01570417224
17  5  -1.574691098e-16  -0.02157646354  0.9997672371  -0.02157478945
17  6  1.677232014e-16  -0.02351584744  0.9997235152  -0.02351368014
17  7  -4.493795476e-17  0.09478014988  0.9955117231  0.09463830755
17  8  -1.864923727e-16  1.240548155  0.3242777995  0.945961896
17  9  -3.522207367e-16  0.3669345713  0.9334314697  0.3587557544
17  10  -7.707749553e-17  -0.0001903279096  0.9999999819  -0.0001903279085
17  11  1.671757258e-16  -0.02277624669  0.9997406325  -0.02277427751
17  12  1.81040349e-16  -0.01843218833  0.999830132  -0.01843114464
17  13  5.879279691e-18  -0.0129383514  0.9999163007  -0.01293799042
17  14  9.010189796e-17  -0.004338589045  0.9999905883  -0.004338575434
17  15  2.021969052e-16  0.00834757003  0.9999651592  0.008347473085
17  16  -3.109942922e-16  0.009328925084  0.9999564859  0.009328789771
17  17  6.230737373e-18  -0.1858617145  0.9827773763  -0.1847934755
17  18  8.696821429e-17  -0.7288094836  0.7459677933  -0.6659820203
17  19  7.761659545e-17  -0.04258113187  0.9990935606  -0.04256826535
17  20  1.878260095e-16  -0.00422294784  0.9999910834  -0.004222935289
17  21  9.943842295e-17  -0.01503032682  0.9998870468  -0.01502976091
17  22  9.166467333e-17  -0.02215659745  0.9997545526  -0.02215478466
17  23  -1.179493158e-16  -0.0223921804  0.9997493056  -0.02239030917
17  24  1.45834913e-16  -0.01301547483  0.9999152999  -0.01301510736
17  25  2.287003171e-16  0.007950065715  0.9999683984  0.00794998197
17  26  1.486769663e-16  0.02630506036  0.9996540418  0.02630202681
17  27  -2.862090109e-17  0.02432421524  0.9997041809  0.02432181667
17  28  5.597538388e-17  0.002099968403  0.9999977951  0.00209996686
17  29  5.531679258e-18  -0.01884894361  0.9998223639  -0.01884782751
17  30  -1.251113863e-16  -0.02391322248  0.9997140925  -0.02391094344
17  31  7.736490281e-17  -0.01877188002  0.9998238134  -0.01877077756
17  32  3.441091087e-17  -0.006445669924  0.9999792267  -0.006445625292
17  33  -8.80307448e-18  0.001752873752  0.9999984637  0.001752872855
17  34  -1.863552058e-16  -0.1270321428  0.9919422619  -0.1266907619
17  35  1.135685734e-16  -0.7461758542  0.7342901984  -0.6788356978
17  36  1.135685734e-16  -0.7461758542  0.7342901984  -0.6788356978

18  0  -3.222757397e-16  -0.7461758543  0.7342901983  -0.6788356978
18  1  -3.494675807e-16  -0.1270321428  0.9919422619  -0.1266907619
18  2  -3.151270443e-16  0.001752873751  0.9999984637  0.001752872853
18  3  7.460806189e-17  -0.006445669924  0.9999792267  -0.006445625292
18  4  1.711380924e-16  -0.01877188002  0.9998238134  -0.01877077756
18  5  -7.530915123e-17  -0.02391322248  0.9997140925  -0.02391094344
18  6  -1.87666282e-16  -0.01884894361  0.9998223639  -0.01884782751
18  7  -1.098813847e-16  0.002099968404  0.9999977951  0.002099966861
18  8  -3.244318252e-17  0.02432421524  0.9997041809  0.02432181667
18  9  -1.235613456e-17  0.02630506036  0.9996540418  0.02630202681
18  10  1.988803114e-16  0.007950065715  0.9999683984  0.00794998197
18  11  -1.397102529e-16  -0.01301547483  0.9999152999  -0.01301510736
18  12  2.420028378e-16  -0.0223921804  0.9997493056  -0.02239030917
18  13  2.508910938e-16  -0.02215659745  0.9997545526  -0.02215478466
18  14  5.128926771e-17  -0.01503032682  0.9998870468  -0.01502976091
18  15  2.11801318e-16  -0.00422294784  0.9999910834  -0.004222935289
18  16  -2.03162123e-16  -0.04258113187  0.9990935606  -0.04256826535
18  17  -2.094696295e-16  -0.7288094836  0.7459677933  -0.6659820203
18  18  -2.119644327e-17  -0.1858617145  0.9827773763  -0.1847934755
18  19  -1.720046896e-16  0.009328925085  0.9999564859  0.009328789771
18  20  2.202945617e-16  0.00834757003  0.9999651592  0.008347473085
18  21  1.309974742e-16  -0.004338589045  0.9999905883  -0.004338575434
18  22  3.2097054e-16  -0.0129383514  0.9999163007  -0.01293799042
18  23  -1.196092202e-16  -0.01843218833  0.999830132  -0.01843114464
18  24  1.098473287e-17  -0.02277624669  0.9997406325  -0.02277427751
18  25  -1.798497538e-16  -0.0001903279085  0.9999999819  -0.0001903279074
18  26  -2.918829355e-16  0.3669345713  0.9334314697  0.3587557544
18  27  -1.19111508e-16  1.240548155  0.3242777995  0.945961896
18  28  7.90980875e-17  0.09478014988  0.9955117231  0.09463830755
18  29  -3.404013023e-16  -0.02351584744  0.9997235152  -0.02351368014
18  30  -5.822513727e-16  -0.02157646354  0.9997672371  -0.02157478945
18  31  -2.274032802e-16  -0.0157048178  0.9998766819  -0.01570417224
18  32  -4.560262686e-17  -0.009007996912  0.9999594283  -0.009007875088
18  33  4.132299476e-16  0.002186732379  0.9999976091  0.002186730636
18  34  1.159635438e-17  0.01039849577  0.9999459361  0.01039830838
18  35  -1.644778109e-17  -0.08877745665  0.9960618691  -0.08866088695
18  36  -1.644778109e-17  -0.08877745665  0.9960618691  -0.08866088695

19  0  3.673022822e-17  0.0135738789  0.9999078763  0.01357346208
19  1  1.66586284e-16  -0.04629213165  0.9989287106  -0.04627559971
19  2  -1.081698098e-16  -0.04611585443  0.9989368524  -0.04609951062
19  3  1.449916126e-16  0.04302744555  0.9990744623  0.04301417023
19  4  2.088845324e-16  0.016825592  0.9998584531  0.01682479812
19  5  3.960909458e-17  -0.0003557709013  0.9999999367  -0.0003557708938
19  6  -4.407896845e-16  -0.002457031428  0.9999969815  -0.002457028956
19  7  1.68879496e-17  -0.0002021598356  0.9999999796  -0.0002021598342
19  8  2.768648791e-16  0.001502493408  0.9999988713  0.001502492843
19  9  2.871935052e-16  0.002067227902  0.9999978633  0.00206722643
19  10  -6.317922034e-17  0.001670679284  0.9999986044  0.001670678507
19  11  1.7442608e-16  4.107205676e-05  0.9999999992  4.107205675e-05
19  12  1.08978866e-16  -0.00307643428  0.9999952678  -0.003076429427
19  13  -1.016008322e-16  -0.005731656258  0.9999835741  -0.005731624876
19  14  -1.662902879e-16  -0.001732801983  0.9999984987  -0.001732801116
19  15  2.498587369e-16  0.01414222432  0.9999000004  0.01414175291
19  16  9.098307871e-18  -0.001002534459  0.9999994975  -0.001002534291
19  17  -3.744762235e-17  -0.04258113187  0.9990935606  -0.04256826535
19  18  1.312192335e-16  0.009328925084  0.9999564859  0.009328789771
19  19  -4.118414188e-17  0.01884095663  0.9998225144  0.01883984195
19  20  1.404606298e-17  0.01192759406  0.9999288671  0.01192731125
19  21  -4.915064428e-17  0.0001677295898  0.9999999859  0.000167729589
19  22  1.505054713e-16  -0.008543534396  0.9999635042  -0.008543430461
19  23  -1.311876224e-16  -0.01455025702  0.9998941469  -0.01454974362
19  24  -1.687420331e-16  -0.02366214552  0.9997200645  -0.02365993752
19  25  -3.518098728e-17  -0.04917136954  0.9987913318  -0.04915155732
19  26  -4.024114672e-16  -0.103504167  0.9946482241  -0.1033194573
19  27  -2.60187804e-16  -0.09118437755  0.9958455844  -0.09105806994
19  28  -1.893152045e-16  -0.1179354054  0.9930536769  -0.1176622062
19  29  1.577963514e-16  -0.08514525592  0.9963773321  -0.0850424134
19  30  -1.694936212e-16  -0.0362835417  0.9993418245  -0.03627558103
19  31  -2.413412076e-16  -0.01893208394  0.9998207935  -0.01893095301
19  32  -3.066970955e-16  -0.01175249207  0.9999309403  -0.01175222153
19  33  -1.362019782e-16  -0.004570408345  0.9999895557  -0.004570392433
19  34  -4.138356598e-17  0.006191618713  0.999980832  0.006191579152
19  35  2.439788101e-16  0.0161145186  0.999870164  0.01611382118
19  36  2.439788101e-16  0.0161145186  0.999870164  0.01611382118

20  0  -5.744545692e-17  0.01011492503  0.9999488446  0.01011475255
20  1  1.621758942e-16  0.01045652506  0.999945331  0.01045633451
20  2  3.85008971e-17  -0.004009051764  0.9999919638  -0.004009041024
20  3  4.4610176e-16  -0.008061696012  0.9999675047  -0.00806160869
20  4  -3.589758894e-17  0.02524673141  0.9996813182  0.02524404946
20  5  -3.080775398e-16  0.02092412517  0.9997810985  0.02092259838
20  6  2.614185679e-17  0.01242851456  0.999922767  0.01242819459
20  7  4.93748366e-17  0.006825311909  0.9999767076  0.006825258916
20  8  4.875437777e-16  0.004481019805  0.9999899602  0.004481004809
20  9  8.819789198e-20  0.003652076749  0.9999933312  0.003652068631
20  10  -3.234566109e-16  0.003443356122  0.9999940717  0.003443349318
20  11  -3.004768777e-17  0.003649968431  0.9999933389  0.003649960327
20  12  4.2344762e-16  0.004479435452  0.9999899673  0.004479420471
20  13  -1.821391397e-16  0.006831128999  0.9999766679  0.006831075871
20  14  -1.784884075e-16  0.01218033242  0.9999258207  0.01218003124
20  15  1.533611104e-16  0.02007274524  0.9997985492  0.02007139733
20  16  2.535861512e-16  0.01414222432  0.9999000004  0.01414175291
20  17  2.51150949e-17  -0.00422294784  0.9999910834  -0.004222935288
20  18  1.219856572e-16  0.00834757003  0.9999651592  0.008347473085
20  19  -1.21413332e-16  0.01192759406  0.9999288671  0.01192731125
20  20  1.775254406e-18  0.006841769484  0.9999765952  0.006841716107
20  21  -6.349491331e-17  -0.00209346797  0.9999978087  -0.002093466441
20  22  -2.374221167e-17  -0.01087816303  0.9999408334  -0.01087794849
20  23  -7.385688511e-17  -0.01946653056  0.9998105331  -0.01946530112
20  24  1.941985417e-17  -0.03476660781  0.9993957024  -0.0347596044
20  25  -1.347115539e-16  -0.08177359075  0.9966584026  -0.08168248564
20  26  -2.268117791e-16  -0.1880825672  0.9823645539  -0.1869756218
20  27  -2.421996328e-18  -0.1847633624  0.9829797518  -0.1837139287
20  28  6.458321185e-17  -0.1569879073  0.9877026855  -0.1563438683
20  29  6.83247611e-17  -0.1950592295  0.9810361911  -0.1938246416
20  30  -1.730375829e-16  -0.1311273774  0.991415117  -0.1307519245
20  31  3.198845436e-17  -0.05457316638  0.9985112543  -0.05454608184
20  32  -1.94578944e-16  -0.02646559341  0.9996498066  -0.02646250398
20  33  -2.516078162e-16  -0.01528911939  0.9998831237  -0.01528852374
20  34  2.410821542e-16  -0.006606960146  0.9999781741  -0.006606912078
20  35  2.317815239e-16  0.002727866215  0.9999962794  0.002727862832
20  36  2.317815239e-16  0.002727866215  0.9999962794  0.002727862832

21  0  -1.034870368e-16  -0.004995609592  0.999987522  -0.004995588814
21  1  -2.826216488e-16  -0.0004423845105  0.9999999021  -0.0004423844961
21  2  -1.549837126e-16  -0.001728201718  0.9999985067  -0.001728200858
21  3  1.335050331e-16  -0.01275709527  0.9999186294  -0.01275674925
21  4  -7.835119196e-17  -0.01396298523  0.9999025191  -0.01396253152
21  5  -1.004204763e-16  0.007539717352  0.9999715765  0.007539645917
21  6  2.81141422e-16  0.01805571681  0.999837  0.01805473577
21  7  -1.386476486e-16  0.02700617533  0.9996353554  0.02700289269
21  8  -1.21064081e-16  0.0231099304  0.9997329774  0.0231078734
21  9  -1.733694927e-16  0.01558074647  0.9998786226  0.01558011608
21  10  -8.504741626e-17  0.01238653309  0.9999232879  0.01238621636
21  11  -1.752463769e-16  0.01285178902  0.9999174169  0.01285143523
21  12  -2.317695101e-17  0.01725071596  0.9998512101  0.01724986037
21  13  -3.727901687e-16  0.02570923135  0.9996695359  0.02570639929
21  14  -1.12063097e-16  0.02499483822  0.9996876453  0.02499223575
21  15  -1.025294672e-16  0.01218033242  0.9999258207  0.01218003124
21  16  -3.791025005e-17  -0.001732801984  0.9999984987  -0.001732801116
21  17  1.655880503e-16  -0.01503032682  0.9998870468  -0.01502976091
21  18  2.358943319e-16  -0.004338589045  0.9999905883  -0.004338575434
21  19  1.722421971e-16  0.0001677295898  0.9999999859  0.000167729589
21  20  -2.261435903e-16  -0.00209346797  0.9999978087  -0.002093466441
21  21  -3.102664801e-16  -0.008605182131  0.9999629756  -0.008605075931
21  22  -2.837924125e-17  -0.0176621267  0.9998440287  -0.01766120843
21  23  -1.634019523e-16  -0.0291597509  0.9995748846  -0.02915561869
21  24  -5.142592444e-17  -0.04797853309  0.998849251  -0.04796012793
21  25  -2.166971656e-17  -0.08705433987  0.9962131634  -0.08694442525
21  26  7.420093112e-17  -0.1289367759  0.9916991634  -0.128579817
21  27  -1.045406303e-16  -0.09543656402  0.9954493867  -0.09529175509
21  28  1.359102431e-16  -0.06047638836  0.9981718605  -0.06043953077
21  29  -1.350183385e-16  -0.07628828172  0.9970914601  -0.07621430487
21  30  -1.012406728e-16  -0.1190768367  0.9929187267  -0.1187956319
21  31  2.287876023e-16  -0.1056126633  0.9944281646  -0.1054164382
21  32  -2.00732427e-18  -0.06322730372  0.9980018198  -0.06318518492
21  33  -3.537355697e-16  -0.03751186479  0.9992965125  -0.03750306801
21  34  -8.97914081e-18  -0.02337135477  0.9997269023  -0.02336922718
21  35  -3.306566259e-16  -0.01308808741  0.9999143522  -0.01308771376
21  36  -3.306566259e-16  -0.01308808741  0.9999143522  -0.01308771376

22  0  9.131516698e-17  -0.02272246374  0.9997418559  -0.02272050848
22  1  -2.155135082e-16  -0.01408314105  0.9999008342  -0.01408267553
22  2  1.936235086e-16  -0.00945172533  0.9999553328  -0.009451584602
22  3  9.552816419e-17  -0.01037073564  0.9999462244  -0.01037054974
22  4  1.659919753e-16  -0.02042900297  0.9997913352  -0.02042758201
22  5  1.439421739e-16  -0.01597067157  0.9998724715  -0.01596999266
22  6  -1.984638935e-16  0.002412014136  0.9999970911  0.002412011798
22  7  1.222269605e-16  0.01446966835  0.9998953162  0.01446916344
22  8  2.263057988e-16  0.03769479131  0.9992896355  0.0376858652
22  9  -2.819891104e-17  0.05819800628  0.998306974  0.05816515899
22  10  -1.913048508e-16  0.06078687251  0.9981530469  0.0607494444
22  11  -2.294628515e-16  0.05915751373  0.9982507045  0.05912301504
22  12  -1.181559341e-16  0.06461921435  0.997912905  0.06457425261
22  13  -2.113725602e-16  0.05654128886  0.9984019671  0.05651116737
22  14  -1.192249355e-16  0.02570923135  0.9996695359  0.02570639929
22  15  1.129310661e-16  0.006831128999  0.9999766679  0.006831075871
22  16  8.630375297e-17  -0.005731656259  0.9999835741  -0.005731624876
22  17  2.252080739e-16  -0.02215659745  0.9997545526  -0.02215478466
22  18  -1.497056876e-16  -0.0129383514  0.9999163007  -0.01293799042
22  19  -4.607349996e-17  -0.008543534396  0.9999635042  -0.008543430461
22  20  6.681766345e-17  -0.01087816303  0.9999408334  -0.01087794849
22  21  -6.825639019e-17  -0.0176621267  0.9998440287  -0.01766120843
22  22  7.260578492e-17  -0.02787393478  0.999611547  -0.02787032545
22  23  -4.025114011e-17  -0.03959744647  0.9992161235  -0.03958709943
22  24  9.654257205e-17  -0.05067549469  0.9987162719  -0.05065380832
22  25  2.86595499e-17  -0.05839920449  0.998295251  -0.05836601538
22  26  1.098961108e-16  -0.05481289579  0.9984981493  -0.05478545278
22  27  -2.496351811e-17  -0.03783390571  0.9992843832  -0.03782488042
22  28  -2.667095912e-16  -0.02388558249  0.999714753  -0.02388331135
22  29  1.0012054e-16  -0.02152213057  0.9997684079  -0.02152046909
22  30  1.91752587e-16  -0.03137174516  0.9995079472  -0.03136659948
22  31  -1.262212565e-16  -0.04852025889  0.9988231232  -0.04850122328
22  32  -9.423728492e-17  -0.05685719585  0.998384065  -0.05682656671
22  33  -2.184033079e-16  -0.05299090911  0.9985963103  -0.05296611252
22  34  3.950090567e-17  -0.04427832993  0.9990198749  -0.04426386288
22  35  7.922520037e-18  -0.03360069262  0.9994355498  -0.03359437041
22  36  7.922520037e-18  -0.03360069262  0.9994355498  -0.03359437041

23  0  -1.943101643e-16  -0.04168033191  0.9991315007  -0.04166826476
23  1  8.644652433e-17  -0.03442844566  0.9994073996  -0.03442164462
23  2  2.798485646e-16  -0.02428249354  0.9997051947  -0.02428010729
23  3  1.291660176e-16  -0.01683809417  0.9998582426  -0.01683729852
23  4  -3.312590766e-16  -0.01593496699  0.9998730411  -0.01593429262
23  5  -3.05165874e-16  -0.02491299852  0.9996896873  -0.02491042152
23  6  7.509361832e-17  -0.01117500467  0.9999375603  -0.01117477208
23  7  1.268214379e-16  0.001786794194  0.9999984037  0.001786793244
23  8  6.737029758e-17  0.009524490946  0.9999546424  0.009524346943
23  9  2.277172923e-16  0.03349229428  0.9994391855  0.03348603306
23  10  3.810180125e-16  0.09887139534  0.995116204  0.09871038696
23  11  -3.39004565e-17  0.1989371666  0.9802771766  0.1976275713
23  12  -1.064398019e-16  0.1760764645  0.9845385472  0.1751680597
23  13  -2.827591683e-16  0.06461921435  0.997912905  0.06457425261
23  14  -1.496233831e-16  0.01725071596  0.9998512101  0.01724986037
23  15  -1.774845481e-16  0.004479435452  0.9999899673  0.004479420471
23  16  9.246439538e-17  -0.00307643428  0.9999952678  -0.003076429427
23  17  2.10184576e-16  -0.0223921804  0.9997493056  -0.02239030917
23  18  2.047432097e-17  -0.01843218833  0.999830132  -0.01843114464
23  19  -1.413245953e-16  -0.01455025702  0.9998941469  -0.01454974362
23  20  1.164203762e-16  -0.01946653056  0.9998105331  -0.01946530112
23  21  -2.812009027e-16  -0.0291597509  0.9995748846  -0.02915561869
23  22  2.23079514e-16  -0.03959744647  0.9992161235  -0.03958709943
23  23  1.038416264e-16  -0.04403321336  0.9990306947  -0.04401898523
23  24  5.215733234e-17  -0.03999812397  0.9992001817  -0.03998745966
23  25  2.454037452e-17  -0.03164103426  0.9994994642  -0.03163575493
23  26  -1.544811616e-16  -0.023127006  0.9997325827  -0.02312494444
23  27  -5.683737933e-17  -0.01575649708  0.999875869  -0.01575584512
23  28  -2.411069093e-16  -0.01001393671  0.999949861  -0.01001376934
23  29  3.964455547e-17  -0.007196193526  0.9999741075  -0.007196131417
23  30  -1.587204138e-16  -0.008385475423  0.9999648421  -0.008385377151
23  31  -1.602524444e-16  -0.0132384852  0.9999123725  -0.01323809852
23  32  1.40670151e-16  -0.02015789249  0.9997968366  -0.02015652736
23  33  1.832110975e-17  -0.02789123264  0.9996110648  -0.02788761658
23  34  -1.612463632e-16  -0.03578647412  0.9993597325  -0.03577883615
23  35  2.371115174e-16  -0.04167796893  0.9991315992  -0.04166590384
23  36  2.371115174e-16  -0.04167796893  0.9991315992  -0.04166590384

24  0  -2.052412608e-17  -0.03328720681  0.9994460321  -0.0332810599
24  1  2.476236844e-16  -0.04468137041  0.9990019536  -0.04466650473
24  2  -1.42379608e-16  -0.04917772432  0.9987910194  -0.04915790442
24  3  -4.139963087e-18  -0.04174822469  0.9991286694  -0.04173609848
24  4  2.812804479e-16  -0.02952093549  0.9995642888  -0.02951664783
24  5  -2.742082232e-17  -0.02380930378  0.9997165719  -0.02380705433
24  6  5.562960823e-17  -0.02256954487  0.9997453186  -0.02256762882
24  7  2.924214122e-16  -0.002467261447  0.9999969563  -0.002467258944
24  8  4.899091579e-18  0.002031610441  0.9999979363  0.002031609043
24  9  -2.320332937e-17  0.007023470081  0.9999753355  0.007023412337
24  10  1.043069358e-16  0.02693099499  0.9996373827  0.0269277397
24  11  1.429959535e-16  0.1201027386  0.9927963315  0.1198142065
24  12  1.895453881e-16  0.1989371666  0.9802771766  0.1976275713
24  13  -4.493722842e-16  0.05915751372  0.9982507045  0.05912301504
24  14  -6.794848829e-17  0.01285178902  0.9999174169  0.01285143523
24  15  -7.675009945e-17  0.003649968431  0.9999933389  0.003649960327
24  16  2.873407468e-16  4.107205681e-05  0.9999999992  4.10720568e-05
24  17  1.77768212e-16  -0.01301547483  0.9999152999  -0.01301510736
24  18  1.311658235e-16  -0.02277624669  0.9997406325  -0.02277427751
24  19  2.843248137e-18  -0.02366214552  0.9997200645  -0.02365993752
24  20  -1.82248974e-17  -0.03476660781  0.9993957024  -0.0347596044
24  21  -9.434769421e-17  -0.04797853309  0.998849251  -0.04796012793
24  22  4.945241536e-18  -0.05067549469  0.9987162719  -0.05065380832
24  23  -2.811377188e-17  -0.03999812397  0.9992001817  -0.03998745966
24  24  2.068547195e-17  -0.02725168911  0.9996286957  -0.02724831614
24  25  7.943033653e-17  -0.01966323152  0.9998066849  -0.01966196444
24  26  -1.047910739e-16  -0.01690273677  0.9998571521  -0.01690193193
24  27  -2.156274852e-16  -0.01456326188  0.9998939576  -0.0145627471
24  28  -2.639472257e-16  -0.008483493146  0.9999640154  -0.008483391388
24  29  5.275444411e-17  -0.002497478817  0.9999968813  -0.002497476221
24  30  3.767804456e-17  -0.001131263103  0.9999993601  -0.001131262861
24  31  1.248376119e-16  -0.004951169092  0.999987743  -0.004951148863
24  32  1.337405424e-16  -0.01226195961  0.9999248231  -0.01226165233
24  33  -2.000760939e-16  -0.01729816916  0.9998503904  -0.01729730649
24  34  -9.33883445e-17  -0.01915485736  0.9998165513  -0.01915368603
24  35  2.16002266e-17  -0.02366157575  0.999720078  -0.02365936791
24  36  2.16002266e-17  -0.02366157575  0.999720078  -0.02365936791

25  0  -1.291524484e-16  -0.01967776829  0.999806399  -0.01967649839
25  1  -8.514779772e-17  -0.02507721273  0.9996855832  -0.02507458444
25  2  -3.297000878e-16  -0.04285134496  0.9990820216  -0.04283823196
25  3  -3.474121901e-17  -0.06983479033  0.9975625419  -0.06977804131
25  4  1.575985228e-16  -0.08538181942  0.9963571863  -0.08527811753
25  5  -3.126223453e-17  -0.06934275604  0.9975967543  -0.0692871979
25  6  -5.702714907e-17  -0.03743673238  0.9992993274  -0.03742798834
25  7  -1.198190939e-16  0.0158714179  0.9998740517  0.01587075157
25  8  -7.275805547e-17  0.004844257216  0.9999882666  0.004844238269
25  9  1.228912375e-16  0.002201904634  0.9999975758  0.002201902855
25  10  5.914252428e-17  0.006349493531  0.999979842  0.006349450866
25  11  4.743170925e-17  0.02693099499  0.9996373827  0.0269277397
25  12  8.391559101e-17  0.09887139534  0.995116204  0.09871038696
25  13  -1.559256038e-16  0.06078687251  0.9981530469  0.0607494444
25  14  2.310648791e-17  0.01238653309  0.9999232879  0.01238621636
25  15  1.390037106e-16  0.003443356122  0.9999940717  0.003443349318
25  16  -2.019943003e-17  0.001670679284  0.9999986044  0.001670678507
25  17  1.782300825e-16  0.007950065716  0.9999683984  0.00794998197
25  18  2.142020866e-16  -0.0001903279082  0.9999999819  -0.0001903279071
25  19  -2.334532534e-16  -0.04917136954  0.9987913318  -0.04915155732
25  20  4.183129593e-17  -0.08177359075  0.9966584026  -0.08168248564
25  21  -1.469175681e-16  -0.08705433987  0.9962131634  -0.08694442525
25  22  -2.047861668e-17  -0.05839920448  0.998295251  -0.05836601538
25  23  -1.464227824e-16  -0.03164103426  0.9994994642  -0.03163575493
25  24  1.791081321e-16  -0.01966323152  0.9998066849  -0.01966196444
25  25  4.814566365e-16  -0.01928407419  0.999814068  -0.019282879
25  26  -2.683964206e-17  -0.03128526114  0.9995106561  -0.03128015789
25  27  2.284160527e-16  -0.05368632797  0.9985592352  -0.05366054237
25  28  1.755242261e-16  -0.04106920267  0.9991567788  -0.04105765855
25  29  -5.603953993e-17  -0.01335928607  0.9999107661  -0.0133588887
25  30  -5.739107403e-17  -0.004567110761  0.9999895708  -0.004567094884
25  31  4.096717775e-16  -0.006586993214  0.9999783058  -0.006586945581
25  32  -6.504954437e-17  -0.02179692392  0.9997624565  -0.02179519799
25  33  1.43273049e-16  -0.05080940419  0.9987094799  -0.05078754546
25  34  2.174694652e-16  -0.04936502473  0.9987817946  -0.04934497752
25  35  -5.986369673e-18  -0.02677607233  0.9996415424  -0.0267728729
25  36  -5.986369673e-18  -0.02677607233  0.9996415424  -0.0267728729

26  0  -3.400747366e-16  -0.07070563627  0.9975013977  -0.07064673803
26  1  2.524249721e-17  -0.02367858293  0.9997196755  -0.02367637032
26  2  -3.403394993e-16  -0.01907529051  0.9998180722  -0.01907413373
26  3  -2.1963673e-16  -0.03654510969  0.9993323018  -0.03653697563
26  4  -1.249443063e-16  -0.08634881366  0.996274257  -0.08624154917
26  5  -1.976578995e-16  -0.1580597186  0.987534547  -0.1574024092
26  6  -4.569144657e-16  -0.1622718322  0.9868627918  -0.1615606083
26  7  -2.69753202e-16  0.03917483435  0.9992327643  0.03916481506
26  8  1.497836124e-16  0.3043999889  0.9540269601  0.2997208024
26  9  3.234258958e-17  0.00722165096  0.999973924  0.007221588189
26  10  2.346371026e-16  0.002201904634  0.9999975758  0.002201902855
26  11  -2.466725858e-17  0.007023470081  0.9999753355  0.007023412337
26  12  -1.704865286e-16  0.03349229428  0.9994391855  0.03348603306
26  13  -2.550718072e-16  0.05819800628  0.998306974  0.05816515899
26  14  9.631189641e-17  0.01558074646  0.9998786226  0.01558011608
26  15  -1.33663272e-16  0.003652076749  0.9999933312  0.00365206863
26  16  -1.959398447e-16  0.002067227902  0.9999978633  0.00206722643
26  17  1.843190196e-16  0.02630506036  0.9996540418  0.02630202681
26  18  -6.519462509e-17  0.3669345713  0.9334314697  0.3587557544
26  19  -4.242901769e-16  -0.103504167  0.9946482241  -0.1033194573
26  20  -1.073000706e-16  -0.1880825672  0.9823645539  -0.1869756218
26  21  1.201955223e-16  -0.1289367759  0.9916991634  -0.128579817
26  22  1.453156579e-16  -0.05481289579  0.9984981493  -0.05478545278
26  23  3.873468008e-17  -0.023127006  0.9997325827  -0.02312494444
26  24  1.22001698e-17  -0.01690273677  0.9998571521  -0.01690193193
26  25  -4.303929702e-16  -0.03128526114  0.9995106561  -0.03128015789
26  26  -4.225031784e-17  -0.1071432021  0.994265656  -0.106938325
26  27  -7.216442051e-17  -0.2679085973  0.9643266311  -0.2647152217
26  28  -8.725936559e-17  -0.1109534447  0.9938509786  -0.110725933
26  29  -4.932399183e-17  -0.02241557649  0.9997487815  -0.02241369939
26  30  -3.023428817e-16  -0.007744605261  0.9999700107  -0.007744527842
26  31  5.141009323e-17  -0.006276485487  0.9999803029  -0.006276444277
26  32  6.247194119e-19  -0.01242387467  0.9999228247  -0.01242355507
26  33  1.498154444e-16  -0.05001485261  0.998749518  -0.04999400331
26  34  2.819329327e-17  -0.1772387686  0.9843342836  -0.1763122743
26  35  1.381644317e-16  -0.2206786174  0.9757491302  -0.2188918337
26  36  1.381644317e-16  -0.2206786174  0.9757491302  -0.2188918337

27  0  -2.661987799e-17  -0.3358423  0.9441330524  -0.32956453
27  1  -1.925073538e-16  -0.1360153798  0.9907641601  -0.1355963826
27  2  -2.592959762e-16  -0.02839531856  0.99959688  -0.02839150288
27  3  -1.205267896e-16  -0.01337126973  0.9999106059  -0.01337087129
27  4  1.086639389e-16  -0.02585107738  0.9996658795  -0.02584819819
27  5  -3.67067926e-16  -0.06580252133  0.9978357952  -0.06575504443
27  6  -5.450395182e-17  -0.1413961083  0.9900202139  -0.140925427
27  7  1.025631642e-18  -0.1664072034  0.9861862423  -0.1656402592
27  8  1.072459979e-16  0.9395394458  0.5901598867  0.8072863854
27  9  -4.416273048e-17  0.3043999889  0.9540269601  0.2997208024
27  10  2.159804353e-16  0.004844257216  0.9999882666  0.004844238269
27  11  -2.636655498e-16  0.002031610441  0.9999979363  0.002031609043
27  12  -2.02523562e-16  0.009524490946  0.9999546424  0.009524346943
27  13  7.408769214e-17  0.0376947913  0.9992896355  0.0376858652
27  14  1.339519079e-16  0.0231099304  0.9997329774  0.0231078734
27  15  -1.249348601e-16  0.004481019805  0.9999899602  0.004481004809
27  16  8.117653871e-17  0.001502493408  0.9999988713  0.001502492843
27  17  3.09087135e-16  0.02432421524  0.9997041809  0.02432181667
27  18  2.637214914e-16  1.240548155  0.3242777995  0.945961896
27  19  -5.457846065e-17  -0.09118437755  0.9958455844  -0.09105806994
27  20  -4.008542445e-17  -0.1847633624  0.9829797518  -0.1837139287
27  21  -2.035082734e-16  -0.09543656402  0.9954493867  -0.09529175509
27  22  -5.737860845e-17  -0.03783390571  0.9992843832  -0.03782488042
27  23  2.743907094e-16  -0.01575649708  0.999875869  -0.01575584512
27  24  8.04709717e-18  -0.01456326188  0.9998939576  -0.0145627471
27  25  8.670873203e-17  -0.05368632797  0.9985592352  -0.05366054237
27  26  9.111817544e-17  -0.2679085973  0.9643266311  -0.2647152217
27  27  3.108217759e-17  -0.3374705674  0.9435951819  -0.3311013934
27  28  1.557323438e-16  -0.06171618169  0.9980961609  -0.06167701083
27  29  5.25117942e-18  -0.009602370598  0.9999538976  -0.009602223034
27  30  1.392409145e-16  -0.00220938386  0.9999975593  -0.002209382062
27  31  -2.068553569e-16  -0.001006821936  0.9999994932  -0.001006821766
27  32  -2.001304228e-16  -0.001343260642  0.9999990978  -0.001343260238
27  33  1.550264772e-17  -0.005156370015  0.999986706  -0.005156347166
27  34  2.260224068e-16  -0.03201142048  0.9994876782  -0.03200595358
27  35  1.278964458e-16  -0.2040459229  0.9792547577  -0.2026329677
27  36  1.278964458e-16  -0.2040459229  0.9792547577  -0.2026329677

28  0  -2.363859446e-16  -0.04037223688  0.9991851519  -0.04036127054
28  1  -2.584106375e-16  -0.1028427302  0.9947163458  -0.1026615378
28  2  -2.859312417e-16  -0.06685313213  0.9977661615  -0.06680334501
28  3  -1.381818664e-16  -0.01635381476  0.9998662794  -0.01635308581
28  4  -1.189596818e-16  -0.007074791393  0.9999749738  -0.007074732374
28  5  -1.075874433e-16  -0.01616436834  0.9998693594  -0.01616366443
28  6  3.308803502e-16  -0.03916807636  0.999233029  -0.03915806226
28  7  1.408991455e-16  -0.09780875983  0.9952205353  -0.09765288562
28  8  -4.015322868e-17  -0.1664072034  0.9861862423  -0.1656402592
28  9  -1.984523095e-16  0.03917483435  0.9992327643  0.03916481506
28  10  -4.767593571e-17  0.0158714179  0.9998740517  0.01587075157
28  11  -1.421882301e-16  -0.002467261448  0.9999969563  -0.002467258944
28  12  3.081900414e-17  0.001786794194  0.9999984037  0.001786793244
28  13  -1.606472771e-16  0.01446966835  0.9998953162  0.01446916344
28  14  -1.226218472e-16  0.02700617533  0.9996353554  0.0270028927
28  15  -2.625973063e-16  0.006825311909  0.9999767076  0.006825258916
28  16  1.475377467e-16  -0.0002021598357  0.9999999796  -0.0002021598343
28  17  -2.223906032e-17  0.002099968403  0.9999977951  0.00209996686
28  18  1.786237999e-17  0.09478014988  0.9955117231  0.09463830755
28  19  5.042287219e-17  -0.1179354054  0.9930536769  -0.1176622062
28  20  -2.80596184e-16  -0.1569879073  0.9877026855  -0.1563438683
28  21  -3.445492689e-16  -0.06047638836  0.9981718605  -0.06043953077
28  22  -2.865931893e-18  -0.02388558249  0.999714753  -0.02388331135
28  23  -9.38498217e-17  -0.01001393671  0.999949861  -0.01001376934
28  24  7.067112424e-17  -0.008483493146  0.9999640154  -0.008483391388
28  25  2.583674006e-16  -0.04106920267  0.9991567788  -0.04105765855
28  26  5.685529932e-17  -0.1109534447  0.9938509786  -0.110725933
28  27  6.717586214e-17  -0.06171618169  0.9980961609  -0.06167701083
28  28  -1.179697523e-16  -0.01012319541  0.9999487609  -0.01012302251
28  29  1.68109688e-16  0.002390686328  0.9999971423  0.002390684051
28  30  2.994160193e-16  0.004414386724  0.9999902566  0.004414372387
28  31  -3.763435989e-16  0.005129103671  0.9999868462  0.005129081182
28  32  3.516894307e-17  0.005619964628  0.999984208  0.005619935045
28  33  -8.118711907e-17  0.005008989056  0.999987455  0.005008968111
28  34  -1.71469529e-16  0.003669988282  0.9999932656  0.003669980044
28  35  9.427111366e-17  -0.003560969558  0.9999936598  -0.003560962032
28  36  9.427111366e-17  -0.003560969558  0.9999936598  -0.003560962032

29  0  2.149772874e-16  0.006018884872  0.9999818866  0.006018848531
29  1  1.413061032e-16  -0.004715819783  0.9999888805  -0.004715802304
29  2  -8.267791576e-17  -0.01949508816  0.9998099768  -0.01949385331
29  3  -2.94695381e-16  -0.01998157725  0.9998003749  -0.01998024763
29  4  -3.295888828e-16  -0.004383852861  0.9999903909  -0.00438383882
29  5  1.478566844e-16  -0.002992639834  0.9999955221  -0.002992635367
29  6  1.937918881e-16  -0.01261163452  0.9999204744  -0.01261130021
29  7  3.259090386e-16  -0.03916807636  0.999233029  -0.03915806226
29  8  -8.974726343e-17  -0.1413961083  0.9900202139  -0.140925427
29  9  -2.234408046e-16  -0.1622718322  0.9868627918  -0.1615606083
29  10  3.834165091e-17  -0.03743673237  0.9992993274  -0.03742798834
29  11  -4.458867094e-17  -0.02256954487  0.9997453186  -0.02256762882
29  12  -1.593993424e-18  -0.01117500467  0.9999375603  -0.01117477208
29  13  -1.658423172e-16  0.002412014137  0.9999970911  0.002412011798
29  14  -7.37276995e-17  0.01805571681  0.999837  0.01805473577
29  15  -2.892267172e-16  0.01242851456  0.999922767  0.01242819459
29  16  1.332679829e-16  -0.002457031428  0.9999969815  -0.002457028956
29  17  -4.024156569e-16  -0.01884894361  0.9998223639  -0.01884782751
29  18  -1.046966375e-16  -0.02351584744  0.9997235152  -0.02351368014
29  19  2.745757922e-16  -0.08514525592  0.9963773321  -0.0850424134
29  20  1.288801092e-16  -0.1950592295  0.9810361911  -0.1938246416
29  21  1.905815189e-16  -0.07628828172  0.9970914601  -0.07621430487
29  22  3.265763993e-17  -0.02152213057  0.9997684079  -0.02152046909
29  23  2.243165515e-17  -0.007196193526  0.9999741075  -0.007196131417
29  24  -2.749767864e-17  -0.002497478817  0.9999968813  -0.002497476221
29  25  -1.382257868e-16  -0.01335928607  0.9999107661  -0.0133588887
29  26  6.92779433e-17  -0.02241557649  0.9997487815  -0.02241369939
29  27  2.012016999e-16  -0.009602370598  0.9999538976  -0.009602223034
29  28  7.916726646e-17  0.002390686328  0.9999971423  0.002390684051
29  29  2.782282482e-16  0.00903651345  0.999959171  0.009036390466
29  30  1.132081019e-17  0.01113574441  0.9999379982  0.01113551426
29  31  8.533052492e-17  0.01248826336  0.9999220227  0.01248793876
29  32  2.208430233e-16  0.0151879515  0.9998846653  0.0151873676
29  33  -1.834884376e-16  0.01459988079  0.9998934236  0.01459936212
29  34  1.635102728e-17  0.01224576155  0.9999250216  0.01224545549
29  35  2.218936455e-16  0.01080975742  0.9999415751  0.0108095469
29  36  2.218936455e-16  0.01080975742  0.9999415751  0.0108095469

30  0  1.246085609e-17  0.01475576871  0.9998911356  0.01475523325
30  1  -3.222874392e-16  0.007624173813  0.9999709361  0.007624099951
30  2  7.391832279e-17  0.0004745792405  0.9999998874  0.0004745792227
30  3  -1.356638922e-16  -0.006556400193  0.9999785069  -0.006556353221
30  4  -9.66972597e-17  -0.008530014982  0.9999636196  -0.00852991154
30  5  -9.321453106e-18  -0.000997754693  0.9999995022  -0.0009977545274
30  6  1.101554108e-16  -0.002992639834  0.9999955221  -0.002992635367
30  7  -6.920941058e-17  -0.01616436834  0.9998693594  -0.01616366443
30  8  -2.691683856e-16  -0.06580252133  0.9978357952  -0.06575504443
30  9  -6.453225793e-17  -0.1580597186  0.987534547  -0.1574024092
30  10  -6.261229416e-17  -0.06934275604  0.9975967543  -0.0692871979
30  11  1.873433495e-16  -0.02380930378  0.9997165719  -0.02380705433
30  12  7.656850378e-17  -0.02491299852  0.9996896873  -0.02491042152
30  13  -1.175180066e-16  -0.01597067157  0.9998724715  -0.01596999266
30  14  2.769900505e-16  0.007539717352  0.9999715765  0.007539645917
30  15  4.502978597e-17  0.02092412517  0.9997810985  0.02092259838
30  16  -1.905326896e-16  -0.0003557709013  0.9999999367  -0.0003557708938
30  17  -1.368498827e-16  -0.02391322248  0.9997140925  -0.02391094344
30  18  -1.223860499e-16  -0.02157646354  0.9997672371  -0.02157478945
30  19  -3.012918592e-17  -0.0362835417  0.9993418245  -0.03627558103
30  20  1.769583824e-16  -0.1311273774  0.991415117  -0.1307519245
30  21  -1.321468644e-16  -0.1190768367  0.9929187267  -0.1187956319
30  22  -1.592848274e-16  -0.03137174516  0.9995079472  -0.03136659948
30  23  -5.352340886e-17  -0.008385475423  0.9999648421  -0.008385377151
30  24  2.364204504e-16  -0.001131263103  0.9999993601  -0.001131262861
30  25  4.836893491e-17  -0.00456711076  0.9999895708  -0.004567094883
30  26  -1.173934377e-17  -0.007744605261  0.9999700107  -0.007744527842
30  27  3.416451796e-17  -0.00220938386  0.9999975593  -0.002209382062
30  28  -2.344689138e-17  0.004414386724  0.9999902566  0.004414372387
30  29  2.53884455e-16  0.01113574441  0.9999379982  0.01113551426
30  30  -2.352227731e-16  0.01692853603  0.9998567158  0.01692772749
30  31  3.613531215e-16  0.02128568608  0.9997734683  0.02128407876
30  32  9.849466336e-17  0.02803834594  0.9996069513  0.02803467237
30  33  -2.445294496e-16  0.0319752457  0.9994888354  0.03196979731
30  34  7.234422875e-17  0.02577130956  0.9996679382  0.02576845694
30  35  -1.164978473e-16  0.020215299  0.9997956778  0.02021392217
30  36  -1.164978473e-16  0.020215299  0.9997956778  0.02021392217

31  0  1.271905201e-16  0.02713885852  0.9996317638  0.02713552727
31  1  -3.56223393e-18  0.01693617292  0.9998565865  0.01693536329
31  2  7.707953225e-17  0.00846127796  0.9999642036  0.008461176999
31  3  -1.994241728e-17  0.001460817073  0.999998933  0.001460816553
31  4  -7.155058951e-17  -0.004751841714  0.99998871  -0.004751823831
31  5  -2.704923798e-16  -0.008530014982  0.9999636196  -0.00852991154
31  6  1.345030791e-16  -0.004383852861  0.9999903909  -0.004383838819
31  7  1.0123782e-16  -0.007074791393  0.9999749738  -0.007074732374
31  8  -1.319304205e-16  -0.02585107738  0.9996658795  -0.02584819819
31  9  2.867147221e-16  -0.08634881366  0.996274257  -0.08624154917
31  10  1.375780429e-16  -0.08538181942  0.9963571863  -0.08527811753
31  11  -2.173003083e-16  -0.02952093549  0.9995642888  -0.02951664783
31  12  1.822090058e-16  -0.01593496699  0.9998730411  -0.01593429262
31  13  3.748059426e-17  -0.02042900297  0.9997913352  -0.02042758201
31  14  3.818834771e-17  -0.01396298523  0.9999025191  -0.01396253152
31  15  -7.175693231e-17  0.02524673141  0.9996813182  0.02524404946
31  16  -2.38529753e-16  0.016825592  0.9998584531  0.01682479812
31  17  -2.583280146e-16  -0.01877188002  0.9998238134  -0.01877077756
31  18  7.690259249e-17  -0.0157048178  0.9998766819  -0.01570417224
31  19  -2.713011968e-16  -0.01893208394  0.9998207935  -0.01893095301
31  20  1.705511406e-16  -0.05457316638  0.9985112543  -0.05454608184
31  21  3.489480906e-17  -0.1056126633  0.9944281646  -0.1054164382
31  22  8.261830529e-18  -0.04852025889  0.9988231232  -0.04850122328
31  23  3.407407778e-16  -0.0132384852  0.9999123725  -0.01323809852
31  24  2.00555203e-17  -0.004951169092  0.999987743  -0.004951148863
31  25  -8.024287559e-17  -0.006586993215  0.9999783058  -0.006586945581
31  26  -1.204144288e-16  -0.006276485487  0.9999803029  -0.006276444277
31  27  4.109083794e-16  -0.001006821936  0.9999994932  -0.001006821766
31  28  3.557959197e-16  0.005129103671  0.9999868462  0.005129081181
31  29  1.928465535e-16  0.01248826336  0.9999220227  0.01248793876
31  30  -4.482736922e-17  0.02128568608  0.9997734683  0.02128407876
31  31  2.675090361e-16  0.03077565506  0.9995264669  0.03077079714
31  32  -1.403476982e-18  0.04180957398  0.9991261071  0.04179739424
31  33  -3.052078389e-16  0.05419823563  0.9985316351  0.05417170544
31  34  6.957653671e-18  0.05072891668  0.9987135644  0.05070716165
31  35  -1.247661458e-17  0.0380094968  0.999277726  0.03800034527
31  36  -1.247661458e-17  0.0380094968  0.999277726  0.03800034527

32  0  -1.052052728e-16  0.04992235744  0.9987541379  0.0499016236
32  1  2.87878471e-17  0.03542455918  0.9993726159  0.0354171506
32  2  3.539914068e-16  0.02131482673  0.9997728477  0.0213132128
32  3  1.237891563e-16  0.009540209631  0.9999544925  0.009540064913
32  4  1.042041063e-16  0.001460817072  0.999998933  0.001460816553
32  5  -2.034958562e-16  -0.006556400193  0.9999785069  -0.006556353221
32  6  -7.589352081e-17  -0.01998157726  0.9998003749  -0.01998024763
32  7  2.177240815e-16  -0.01635381477  0.9998662794  -0.01635308581
32  8  6.261012678e-17  -0.01337126973  0.9999106059  -0.01337087129
32  9  -2.215756052e-17  -0.03654510969  0.9993323018  -0.03653697563
32  10  -2.280284986e-16  -0.06983479033  0.9975625419  -0.06977804131
32  11  -1.06910773e-16  -0.04174822469  0.9991286694  -0.04173609848
32  12  -9.740356778e-17  -0.01683809417  0.9998582426  -0.01683729852
32  13  -5.843110628e-17  -0.01037073564  0.9999462244  -0.01037054974
32  14  3.427283373e-16  -0.01275709527  0.9999186294  -0.01275674925
32  15  -1.701183796e-16  -0.008061696012  0.9999675047  -0.008061608689
32  16  5.272418242e-17  0.04302744555  0.9990744623  0.04301417023
32  17  7.314458662e-17  -0.006445669924  0.9999792267  -0.006445625292
32  18  1.094004715e-16  -0.009007996912  0.9999594283  -0.009007875088
32  19  -2.842511686e-16  -0.01175249207  0.9999309403  -0.01175222153
32  20  2.905191638e-16  -0.02646559341  0.9996498066  -0.02646250398
32  21  2.505307529e-16  -0.06322730372  0.9980018198  -0.06318518492
32  22  5.989659227e-17  -0.05685719585  0.998384065  -0.05682656671
32  23  1.256877474e-16  -0.02015789249  0.9997968366  -0.02015652736
32  24  -3.695711426e-17  -0.01226195961  0.9999248231  -0.01226165233
32  25  -4.212201598e-17  -0.02179692392  0.9997624565  -0.02179519799
32  26  4.813006321e-17  -0.01242387467  0.9999228247  -0.01242355507
32  27  5.117465044e-17  -0.001343260642  0.9999990978  -0.001343260238
32  28  -1.670390555e-16  0.005619964629  0.999984208  0.005619935045
32  29  2.726462617e-16  0.0151879515  0.9998846653  0.01518736759
32  30  1.26530031e-16  0.02803834594  0.9996069513  0.02803467237
32  31  -8.378234525e-17  0.04180957398  0.9991261071  0.04179739424
32  32  1.009629423e-16  0.05460137634  0.9985097152  0.05457424978
32  33  1.000772716e-16  0.0663294876  0.9978010059  0.06628086109
32  34  8.885299603e-17  0.07104129036  0.9974776286  0.07098154947
32  35  1.785139832e-16  0.06286583602  0.998024594  0.06282443538
32  36  1.785139832e-16  0.06286583602  0.998024594  0.06282443538

33  0  -1.270473777e-16  0.06735267652  0.9977326658  0.06730176514
33  1  1.602595946e-16  0.06230535172  0.9980596494  0.06226504843
33  2  1.125378805e-16  0.0428307779  0.9990829024  0.04281768377
33  3  -8.458045923e-17  0.02131482673  0.9997728477  0.0213132128
33  4  -1.905307295e-16  0.00846127796  0.9999642036  0.008461176999
33  5  2.532750324e-16  0.0004745792405  0.9999998874  0.0004745792226
33  6  6.694610226e-17  -0.01949508816  0.9998099768  -0.01949385331
33  7  2.353447155e-17  -0.06685313213  0.9977661615  -0.06680334501
33  8  6.110012892e-17  -0.02839531856  0.99959688  -0.02839150288
33  9  1.781052031e-16  -0.01907529051  0.9998180722  -0.01907413373
33  10  -1.911778138e-16  -0.04285134496  0.9990820216  -0.04283823196
33  11  -1.27641784e-16  -0.04917772432  0.9987910194  -0.04915790442
33  12  -6.969988809e-17  -0.02428249354  0.9997051947  -0.02428010729
33  13  -3.769124955e-17  -0.00945172533  0.9999553328  -0.009451584602
33  14  -1.284231765e-17  -0.001728201718  0.9999985067  -0.001728200858
33  15  -2.372459247e-16  -0.004009051763  0.9999919638  -0.004009041024
33  16  1.007193051e-17  -0.04611585443  0.9989368524  -0.04609951062
33  17  -3.039582048e-16  0.001752873752  0.9999984637  0.001752872854
33  18  -2.165269704e-17  0.002186732379  0.9999976091  0.002186730636
33  19  -2.105700611e-16  -0.004570408345  0.9999895557  -0.004570392433
33  20  1.424149801e-18  -0.01528911939  0.9998831237  -0.01528852374
33  21  -3.604541739e-17  -0.03751186479  0.9992965125  -0.03750306801
33  22  -8.501515215e-17  -0.0529909091  0.9985963103  -0.05296611252
33  23  4.490536993e-16  -0.02789123264  0.9996110648  -0.02788761658
33  24  2.18801593e-16  -0.01729816916  0.9998503904  -0.01729730649
33  25  7.116273143e-17  -0.05080940419  0.9987094799  -0.05078754546
33  26  -1.084304495e-16  -0.05001485261  0.998749518  -0.04999400332
33  27  -1.769271316e-16  -0.005156370016  0.999986706  -0.005156347166
33  28  1.328686751e-16  0.005008989056  0.999987455  0.005008968111
33  29  3.405742931e-17  0.01459988079  0.9998934236  0.01459936212
33  30  -1.602627798e-16  0.0319752457  0.9994888354  0.03196979731
33  31  -1.219992545e-16  0.05419823563  0.9985316351  0.05417170544
33  32  -6.615117494e-17  0.0663294876  0.9978010059  0.06628086109
33  33  -3.575895725e-16  0.06357505734  0.9979797866  0.06353223984
33  34  1.186737225e-16  0.05848155837  0.998290441  0.05844822868
33  35  2.195878265e-16  0.06177431822  0.9980925735  0.06173503657
33  36  2.195878265e-16  0.06177431822  0.9980925735  0.06173503657

34  0  -1.174493783e-16  0.04737602574  0.998877966  0.04735830525
34  1  9.089812805e-18  0.06877171943  0.9976361572  0.06871752237
34  2  -1.611013918e-16  0.06230535172  0.9980596494  0.06226504843
34  3  -1.270958246e-16  0.03542455918  0.9993726159  0.0354171506
34  4  1.267433112e-17  0.01693617292  0.9998565865  0.01693536329
34  5  1.36858648e-16  0.007624173813  0.9999709361  0.007624099951
34  6  -1.183809412e-16  -0.004715819783  0.9999888805  -0.004715802304
34  7  -1.45282126e-16  -0.1028427302  0.9947163458  -0.1026615378
34  8  5.36552044e-17  -0.1360153798  0.9907641601  -0.1355963826
34  9  -2.174317679e-16  -0.02367858293  0.9997196755  -0.02367637032
34  10  -3.135677134e-16  -0.02507721273  0.9996855832  -0.02507458444
34  11  -5.373714953e-17  -0.04468137041  0.9990019536  -0.04466650473
34  12  -1.452130724e-16  -0.03442844566  0.9994073996  -0.03442164462
34  13  -1.581636496e-16  -0.01408314105  0.9999008342  -0.01408267553
34  14  -1.893239525e-16  -0.0004423845105  0.9999999021  -0.000442384496
34  15  2.032681581e-16  0.01045652506  0.999945331  0.01045633451
34  16  1.731290858e-16  -0.04629213165  0.9989287106  -0.04627559971
34  17  -9.668973355e-17  -0.1270321428  0.9919422619  -0.1266907619
34  18  8.382126573e-17  0.01039849577  0.9999459361  0.01039830838
34  19  -1.956762493e-16  0.006191618713  0.999980832  0.006191579152
34  20  -3.284353885e-16  -0.006606960146  0.9999781741  -0.006606912078
34  21  -3.107777628e-16  -0.02337135477  0.9997269023  -0.02336922718
34  22  2.111542078e-17  -0.04427832993  0.9990198749  -0.04426386288
34  23  -3.675023811e-18  -0.03578647412  0.9993597325  -0.03577883615
34  24  -3.263115382e-17  -0.01915485736  0.9998165513  -0.01915368603
34  25  3.273554085e-16  -0.04936502473  0.9987817946  -0.04934497752
34  26  1.97043918e-16  -0.1772387686  0.9843342836  -0.1763122743
34  27  -8.149055904e-17  -0.03201142048  0.9994876782  -0.03200595358
34  28  2.501474509e-16  0.003669988282  0.9999932656  0.003669980044
34  29  1.152158721e-16  0.01224576155  0.9999250216  0.01224545549
34  30  1.309414112e-16  0.02577130956  0.9996679382  0.02576845694
34  31  2.972606726e-16  0.05072891668  0.9987135644  0.05070716165
34  32  9.507457933e-17  0.07104129036  0.9974776286  0.07098154947
34  33  -1.855562351e-16  0.05848155837  0.998290441  0.05844822868
34  34  2.308021316e-16  0.03477847238  0.9993952899  0.0347714618
34  35  -3.887069201e-17  0.02999906889  0.9995500617  0.02999456951
34  36  -3.887069201e-17  0.02999906889  0.9995500617  0.02999456951

35  0  -2.212882406e-17  0.01837984856  0.9998310953  0.01837881373
35  1  3.200438809e-16  0.04737602574  0.998877966  0.04735830525
35  2  2.226649205e-16  0.06735267652  0.9977326658  0.06730176514
35  3  2.557663169e-16  0.04992235744  0.9987541379  0.0499016236
35  4  7.495872386e-17  0.02713885852  0.9996317638  0.02713552727
35  5  -3.006396483e-16  0.01475576871  0.9998911356  0.01475523325
35  6  -1.205498801e-16  0.006018884872  0.9999818866  0.006018848531
35  7  -9.276131648e-17  -0.04037223688  0.9991851519  -0.04036127054
35  8  -6.760662793e-17  -0.3358423  0.9441330524  -0.32956453
35  9  -8.038849823e-17  -0.07070563627  0.9975013977  -0.07064673803
35  10  6.185047575e-17  -0.01967776829  0.999806399  -0.01967649839
35  11  1.300217616e-16  -0.03328720681  0.9994460321  -0.0332810599
35  12  -2.220823249e-16  -0.04168033191  0.9991315007  -0.04166826476
35  13  -2.053673764e-17  -0.02272246374  0.9997418559  -0.02272050848
35  14  -1.602664407e-16  -0.004995609592  0.999987522  -0.004995588814
35  15  -1.162630326e-16  0.01011492503  0.9999488446  0.01011475255
35  16  3.127643862e-17  0.0135738789  0.9999078763  0.01357346208
35  17  -1.264923547e-16  -0.7461758543  0.7342901983  -0.6788356978
35  18  -3.128096783e-16  -0.08877745666  0.9960618691  -0.08866088695
35  19  -2.458358676e-16  0.0161145186  0.999870164  0.01611382118
35  20  -6.434666469e-17  0.002727866215  0.9999962794  0.002727862832
35  21  -7.123806445e-17  -0.01308808741  0.9999143522  -0.01308771376
35  22  3.865218375e-16  -0.03360069262  0.9994355498  -0.03359437041
35  23  1.178349512e-16  -0.04167796893  0.9991315992  -0.04166590384
35  24  -1.766797132e-16  -0.02366157575  0.999720078  -0.02365936791
35  25  1.334949304e-16  -0.02677607233  0.9996415424  -0.0267728729
35  26  6.738828081e-17  -0.2206786174  0.9757491302  -0.2188918337
35  27  -1.574356644e-16  -0.2040459229  0.9792547577  -0.2026329677
35  28  1.108825396e-16  -0.003560969558  0.9999936598  -0.003560962032
35  29  2.347622623e-16  0.01080975742  0.9999415751  0.0108095469
35  30  -2.016242254e-16  0.020215299  0.9997956778  0.02021392217
35  31  2.232366852e-16  0.0380094968  0.999277726  0.03800034527
35  32  1.29842063e-16  0.06286583602  0.998024594  0.06282443538
35  33  -8.143452334e-17  0.06177431822  0.9980925735  0.06173503657
35  34  -1.057039435e-16  0.02999906889  0.9995500617  0.02999456951
35  35  -1.223559512e-16  0.01154003172  0.9999334146  0.01153977558
35  36  -1.223559512e-16  0.01154003172  0.9999334146  0.01153977558

36  0  -2.212882406e-17  0.01837984856  0.9999334146  0.01153977558
36  1  9.089812805e-18  0.06877171943  0.9999334146  0.01153977558
36  2  1.125378805e-16  0.0428307779  0.9999334146  0.01153977558
36  3  1.237891563e-16  0.009540209631  0.9999334146  0.01153977558
36  4  -7.155058951e-17  -0.004751841714  0.9999334146  0.01153977558
36  5  -9.321453106e-18  -0.000997754693  0.9999334146  0.01153977558
36  6  1.937918881e-16  -0.01261163452  0.9999334146  0.01153977558
36  7  1.408991455e-16  -0.09780875983  0.9999334146  0.01153977558
36  8  1.072459979e-16  0.9395394458  0.9999334146  0.01153977558
36  9  3.234258958e-17  0.00722165096  0.9999334146  0.01153977558
36  10  5.914252428e-17  0.006349493531  0.9999334146  0.01153977558
36  11  1.429959535e-16  0.1201027386  0.9999334146  0.01153977558
36  12  -1.064398019e-16  0.1760764645  0.9999334146  0.01153977558
36  13  -2.113725602e-16  0.05654128886  0.9999334146  0.01153977558
36  14  -1.12063097e-16  0.02499483822  0.9999334146  0.01153977558
36  15  1.533611104e-16  0.02007274524  0.9999334146  0.01153977558
36  16  9.098307871e-18  -0.001002534459  0.9999334146  0.01153977558
36  17  -2.094696295e-16  -0.7288094836  0.9999334146  0.01153977558
36  18  8.696821429e-17  -0.7288094836  0.9999334146  0.01153977558
36  19  -1.082125959e-16  -0.001002534459  0.9999334146  0.01153977558
36  20  -1.19150867e-16  0.02007274524  0.9999334146  0.01153977558
36  21  1.896864319e-16  0.02499483822  0.9999334146  0.01153977558
36  22  1.720497252e-16  0.05654128886  0.9999334146  0.01153977558
36  23  1.099905919e-16  0.1760764645  0.9999334146  0.01153977558
36  24  -1.23745159e-16  0.1201027386  0.9999334146  0.01153977558
36  25  3.547632514e-18  0.006349493531  0.9999334146  0.01153977558
36  26  1.916982804e-16  0.007221650959  0.9999334146  0.01153977558
36  27  2.375438941e-17  0.9395394458  0.9999334146  0.01153977558
36  28  -2.181565709e-16  -0.09780875983  0.9999334146  0.01153977558
36  29  9.87834916e-17  -0.01261163452  0.9999334146  0.01153977558
36  30  -4.175892393e-16  -0.0009977546937  0.9999334146  0.01153977558
36  31  1.05139325e-16  -0.004751841713  0.9999334146  0.01153977558
36  32  1.935396227e-16  0.009540209631  0.9999334146  0.01153977558
36  33  -1.891640565e-16  0.0428307779  0.9999334146  0.01153977558
36  34  1.871537544e-17  0.06877171943  0.9999334146  0.01153977558
36  35  -2.580526493e-16  0.01837984856  0.9999334146  0.01153977558
36  36  -2.580526493e-16  0.01837984856  0.9999334146  0.01153977558

#Chern no*2pi*Iota= -1.068661081e-14  -18.84955592
