#nx  ny  tilde_F(nx,ny).real()  tilde_F(nx,ny).imag()  ArgofLog.real()  ArgofLog.imag()
#Extra momentum point for pm3d corners2color c1
0  0  2.197634885e-16  0.001497556764  0.9999988787  0.001497556204
0  1  9.105174633e-17  0.001197204163  0.9999992834  0.001197203877
0  2  -1.073968364e-16  0.0001581259848  0.9999999875  0.0001581259841
0  3  -1.782571619e-16  -0.006602937381  0.9999782007  -0.006602889401
0  4  -1.123869439e-16  -0.4242310712  0.9113555089  -0.411620136
0  5  1.333311415e-16  -0.1749769527  0.9847305514  -0.1740854423
0  6  -1.304346624e-16  -0.005860324982  0.9999828283  -0.005860291438
0  7  -2.612829395e-16  -0.008298904069  0.9999655643  -0.008298808809
0  8  5.317992331e-16  -0.02664492238  0.9996450451  -0.02664176973
0  9  1.364475835e-16  -1.082791029  0.4688649619  -0.8832698611
0  10  -1.705063464e-16  -0.3207934635  0.9489855222  -0.3153196452
0  11  -1.538467371e-16  0.1008841758  0.9949155061  0.1007131361
0  12  -2.725002001e-17  0.9910965529  0.5477727842  0.8366271433
0  13  1.402704391e-16  0.04813035172  0.9988419582  0.0481117713
0  14  -4.016329716e-17  -0.006353100468  0.9999798191  -0.006353057731
0  15  -3.735622093e-17  -0.02130726309  0.9997730089  -0.02130565088
0  16  4.51709084e-17  -0.01917559524  0.9998161539  -0.0191744201
0  17  -2.148558141e-16  0.1288254923  0.9917134661  0.1284694564
0  18  -2.058752415e-16  0.1914948885  0.981720815  0.1903266702
0  19  2.327684935e-16  0.005732337152  0.9999835702  0.005732305758
0  20  -7.541673876e-17  -0.02558732582  0.9996726622  -0.02558453386
0  21  -4.4403149e-16  -0.01361860894  0.9999072682  -0.01361818798
0  22  -1.467040288e-16  0.015562515  0.9998789065  0.01556188682
0  23  5.332475982e-17  0.4001006528  0.9210217933  0.3895110477
0  24  -7.621370125e-17  0.7352352123  0.7416730026  0.6707616248
0  25  -9.435748374e-17  -0.084570209  0.9964260707  -0.08446943566
0  26  -1.954962024e-16  -1.280518991  0.2862179694  -0.9581645339
0  27  -2.760797409e-16  -0.06962648257  0.9975770555  -0.06957023978
0  28  -4.469251672e-16  -0.01465782493  0.999892576  -0.01465730006
0  29  -2.416687587e-16  -0.005561097443  0.9999845371  -0.00556106878
0  30  7.084900911e-17  -0.02236300311  0.9997499585  -0.02236113919
0  31  -5.62813094e-17  -0.5295502178  0.8630343631  -0.5051452148
0  32  -2.264975216e-16  -0.05594188096  0.998435661  -0.05591270722
0  33  -3.245410138e-16  -0.00146337531  0.9999989293  -0.001463374788
0  34  -3.994509832e-16  0.0008172182356  0.9999996661  0.0008172181446
0  35  2.033673803e-16  0.001399843123  0.9999990202  0.001399842666
0  36  2.033673803e-16  0.001399843123  0.9999990202  0.001399842666

1  0  2.054716429e-16  0.001197204163  0.9999992834  0.001197203877
1  1  2.609555435e-16  0.001092278843  0.9999994035  0.001092278626
1  2  1.973616188e-16  0.0003803550379  0.9999999277  0.0003803550287
1  3  -3.993765882e-17  -0.002943816685  0.999995667  -0.002943812433
1  4  4.706416377e-17  -0.1010680836  0.9948969673  -0.1008961071
1  5  -4.346392661e-17  -0.2999128565  0.9553622382  -0.2954369541
1  6  -1.527840485e-16  -0.008252968739  0.9999659444  -0.008252875052
1  7  1.365787636e-16  -0.004552733671  0.9999896363  -0.004552717943
1  8  8.141975378e-17  -0.01135372276  0.9999355472  -0.01135347883
1  9  9.217544063e-18  -0.01130771048  0.9999360685  -0.01130746951
1  10  5.988001277e-17  -0.007199384023  0.9999740845  -0.007199321831
1  11  1.687634663e-16  -0.01733442653  0.9998497626  -0.01733355843
1  12  2.394806533e-16  0.1009934687  0.9949044929  0.1008218727
1  13  2.351402479e-16  0.0857098791  0.9963291564  0.08560497755
1  14  6.330016045e-18  0.1965519527  0.9807457717  0.1952888406
1  15  -2.538206303e-16  -0.01047966608  0.9999450888  -0.01047947426
1  16  9.910304165e-17  -0.01799618494  0.999838073  -0.01799521357
1  17  -2.356996433e-16  -0.01306150429  0.9999146998  -0.0130611329
1  18  1.625542478e-17  -0.002342685088  0.9999972559  -0.002342682945
1  19  1.927461236e-16  -0.01143375956  0.9999346353  -0.01143351044
1  20  4.939659793e-17  -0.02083414526  0.999782977  -0.02083263808
1  21  -2.41644161e-16  -0.01778035982  0.9998419336  -0.01777942298
1  22  -3.806663078e-17  0.01740171606  0.999848594  0.01740083781
1  23  -2.142974635e-16  0.2290251324  0.9738881802  0.2270282195
1  24  -5.835992041e-17  0.1073886711  0.994239376  0.1071823832
1  25  -8.028017909e-17  0.01752488987  0.999846443  0.01752399283
1  26  -1.82606682e-16  -0.005296459832  0.9999859738  -0.005296435069
1  27  -1.157502497e-17  -0.01371628413  0.9999059332  -0.01371585405
1  28  -1.702924644e-16  -0.01870738295  0.999825022  -0.01870629181
1  29  -3.075574601e-16  -0.007613156949  0.9999710201  -0.007613083406
1  30  -8.423296803e-17  -0.004535560464  0.9999897144  -0.004535544913
1  31  1.499713808e-16  -0.08952734321  0.9959951035  -0.08940779535
1  32  -3.588977717e-16  -0.302365676  0.9546347115  -0.2977793942
1  33  -1.849179443e-16  -0.01655195243  0.9998630196  -0.01655119665
1  34  -8.794629698e-18  -0.0007178732861  0.9999997423  -0.0007178732245
1  35  2.726140463e-16  0.0008172182356  0.9999996661  0.0008172181446
1  36  2.726140463e-16  0.0008172182356  0.9999996661  0.0008172181446

2  0  -1.050575646e-16  0.0001581259848  0.9999999875  0.0001581259842
2  1  -2.738291581e-17  0.0003803550378  0.9999999277  0.0003803550287
2  2  2.793173156e-16  -0.0002259056585  0.9999999745  -0.0002259056566
2  3  1.833246428e-16  -0.003467089656  0.9999939897  -0.00346708271
2  4  -9.459962095e-17  -0.0567198165  0.9983918624  -0.05668940881
2  5  1.770128836e-16  -0.260758583  0.9661946832  -0.2578135648
2  6  -1.406334532e-17  -0.01024083257  0.9999475631  -0.01024065357
2  7  1.337436478e-16  -0.002454300185  0.9999969882  -0.002454297721
2  8  -1.608879474e-16  -0.004550225028  0.9999896477  -0.004550209326
2  9  -5.80171367e-18  0.002956223618  0.9999956304  0.002956219313
2  10  1.75099132e-16  0.01712674523  0.9998533409  0.01712590796
2  11  -9.749677013e-17  -0.004589105787  0.9999894701  -0.004589089679
2  12  2.955914218e-16  0.01560964357  0.999878172  0.01560900966
2  13  2.651812296e-16  0.04742050142  0.9988758587  0.04740273097
2  14  7.414140292e-17  1.167991169  0.3920005282  0.9199649917
2  15  -5.872896488e-17  0.02827534417  0.9996002791  0.02827157665
2  16  3.421557404e-16  -0.01573964941  0.9998761343  -0.01573899953
2  17  1.423726749e-16  -0.0363187418  0.999340547  -0.03631075795
2  18  4.843125956e-18  -0.07425352052  0.9972444738  -0.07418530548
2  19  1.367237032e-16  -0.1031162777  0.9946882258  -0.1029336362
2  20  5.15435154e-17  -0.06824598706  0.9976721463  -0.06819302328
2  21  1.01390718e-16  -0.03008860917  0.9995473719  -0.03008406939
2  22  -2.058338519e-16  -0.007398140109  0.9999726339  -0.007398072622
2  23  -6.656772532e-17  0.7812852051  0.7100090929  0.7041925078
2  24  -4.20069754e-17  0.4428498487  0.9035341278  0.4285161372
2  25  -1.437332557e-16  0.0331448694  0.9994507591  0.03313880101
2  26  3.935537875e-17  -0.0001972645199  0.9999999805  -0.0001972645186
2  27  -6.013196023e-17  0.01086890266  0.9999409341  0.01086868866
2  28  -3.61098911e-16  0.008157331739  0.9999667292  0.008157241272
2  29  -2.418259232e-16  -0.005330654457  0.9999857921  -0.005330629211
2  30  -5.051219292e-16  -0.003687745251  0.9999932003  -0.003687736892
2  31  -5.704459288e-18  -0.004295998499  0.9999907722  -0.004295985285
2  32  8.028831506e-17  -0.1067025772  0.9943126791  -0.1065002165
2  33  1.210287679e-16  -0.2030036766  0.9794654192  -0.2016122332
2  34  -2.749024873e-16  -0.01655195243  0.9998630196  -0.01655119665
2  35  1.842541636e-16  -0.00146337531  0.9999989293  -0.001463374788
2  36  1.842541636e-16  -0.00146337531  0.9999989293  -0.001463374788

3  0  -2.78424374e-16  -0.006602937381  0.9999782007  -0.006602889401
3  1  3.629955304e-16  -0.002943816685  0.999995667  -0.002943812433
3  2  1.475057063e-16  -0.003467089656  0.9999939897  -0.00346708271
3  3  2.477714031e-16  -0.0105050298  0.9999448227  -0.01050483659
3  4  -2.362066971e-16  -0.1373221644  0.990586119  -0.1368909819
3  5  -3.103248206e-17  -0.3157723152  0.9505568194  -0.3105506933
3  6  -1.628110525e-17  -0.01049528446  0.999944925  -0.01049509178
3  7  -4.737648556e-17  -0.00161041228  0.9999987033  -0.001610411584
3  8  -1.244443818e-16  -0.001384189078  0.999999042  -0.001384188636
3  9  -5.263336331e-17  0.007397845345  0.9999726361  0.007397777867
3  10  -2.826312416e-16  0.01350721018  0.999908779  0.01350679946
3  11  1.346480243e-16  -0.0005430265869  0.9999998526  -0.0005430265602
3  12  2.50376096e-16  0.003776784172  0.999992868  0.003776775193
3  13  3.38636698e-17  0.03199334458  0.9994882566  0.03198788693
3  14  2.093047667e-16  0.5719564368  0.8408436086  0.541278141
3  15  3.798055869e-17  0.1272542996  0.9919140922  0.1269111255
3  16  -3.603127647e-17  -0.0002100093932  0.9999999779  -0.0002100093917
3  17  -7.013358617e-17  -0.01520766419  0.9998843657  -0.01520707801
3  18  4.362240696e-17  -0.06298019447  0.998017403  -0.06293856752
3  19  2.533086109e-16  -0.1969264359  0.9806725706  -0.1956560997
3  20  7.035435314e-17  -0.1526085273  0.9883779009  -0.1520168575
3  21  9.391888832e-17  -0.03867348299  0.9992522741  -0.03866384345
3  22  -1.340097849e-16  -0.008917976215  0.9999602351  -0.008917858007
3  23  -3.51900417e-17  0.02499361477  0.9996876759  0.02499101268
3  24  -1.57243813e-16  0.68537289  0.7741830758  0.6329617406
3  25  -5.081145828e-17  0.01192893675  0.9999288511  0.01192865384
3  26  -7.668851427e-17  0.01430207945  0.999897727  0.01430159187
3  27  4.327949408e-17  -0.000543588357  0.9999998523  -0.0005435883302
3  28  -2.477072851e-16  0.00785224124  0.9999691713  0.007852160548
3  29  2.089702105e-16  0.01083256838  0.9999413283  0.01083235653
3  30  1.277911238e-16  0.0002875660389  0.9999999587  0.000287566035
3  31  -1.747362336e-16  -0.001867298457  0.9999982566  -0.001867297372
3  32  -1.587871622e-17  -0.004231670245  0.9999910465  -0.004231657616
3  33  8.944056672e-17  -0.1067025772  0.9943126791  -0.1065002165
3  34  1.054414801e-16  -0.302365676  0.9546347115  -0.2977793942
3  35  2.863530512e-16  -0.05594188096  0.998435661  -0.05591270723
3  36  2.863530512e-16  -0.05594188096  0.998435661  -0.05591270723

4  0  -1.054386256e-16  -0.4242310712  0.9113555089  -0.411620136
4  1  -2.004645354e-16  -0.1010680836  0.9948969673  -0.1008961071
4  2  -2.051733659e-16  -0.0567198165  0.9983918624  -0.05668940881
4  3  1.526453383e-16  -0.1373221644  0.990586119  -0.1368909819
4  4  2.592968508e-16  -0.7470834103  0.7336738146  -0.6795018276
4  5  -9.527129885e-18  -0.2401884915  0.9712931527  -0.2378857112
4  6  -1.469420382e-16  -0.008925057341  0.9999601719  -0.008924938851
4  7  2.361411098e-16  -0.001929192431  0.9999981391  -0.001929191234
4  8  4.613903787e-17  -0.0008177115956  0.9999996657  -0.0008177115045
4  9  -3.34529236e-16  0.008702168695  0.9999621364  0.008702058863
4  10  2.109481939e-16  0.01069433676  0.9999428161  0.01069413291
4  11  1.842221836e-16  -0.0008758591332  0.9999996164  -0.0008758590212
4  12  -1.730303837e-16  5.128247873e-05  0.9999999987  5.128247871e-05
4  13  -1.280996579e-16  0.01995316135  0.9998009423  0.01995183739
4  14  1.042686173e-16  0.04807561123  0.9988445904  0.04805709413
4  15  8.711963469e-17  0.07736794958  0.9970085928  0.07729078784
4  16  1.825590634e-17  0.007682931221  0.9999704864  0.007682855637
4  17  -7.206724464e-17  -0.001660050615  0.9999986221  -0.001660049853
4  18  -6.251006488e-17  -0.009199779774  0.9999576823  -0.009199650003
4  19  5.474697539e-17  -0.0754155025  0.9971575986  -0.07534403524
4  20  -1.939025068e-16  -0.1365374438  0.9906932351  -0.1361136065
4  21  2.250395838e-17  -0.03773966698  0.9992879433  -0.03773070896
4  22  -7.211019264e-17  -0.005881891972  0.9999827017  -0.005881858056
4  23  1.576918755e-16  0.0009687945966  0.9999995307  0.0009687944451
4  24  4.565447061e-18  0.06630672274  0.9978025146  0.06625814627
4  25  1.495785854e-16  0.06935146883  0.9975961506  0.06929588976
4  26  -3.806721971e-16  0.009531383953  0.9999545767  0.009531239637
4  27  1.270810637e-16  0.005547263304  0.999984614  0.005547234854
4  28  2.936214153e-16  -0.001566992496  0.9999987723  -0.001566991855
4  29  4.050760345e-16  0.005106384474  0.9999869624  0.005106362283
4  30  2.926659789e-16  0.01130852081  0.9999360594  0.01130827978
4  31  -6.241701878e-17  0.001943385179  0.9999981116  0.001943383956
4  32  -2.654679235e-17  -0.001867298457  0.9999982566  -0.001867297372
4  33  -8.962857007e-17  -0.004295998499  0.9999907722  -0.004295985285
4  34  2.126085463e-16  -0.08952734321  0.9959951035  -0.08940779535
4  35  1.303225257e-16  -0.5295502178  0.8630343631  -0.5051452148
4  36  1.303225257e-16  -0.5295502178  0.8630343631  -0.5051452148

5  0  5.738422497e-18  -0.1749769527  0.9847305514  -0.1740854423
5  1  6.769940811e-17  -0.2999128565  0.9553622382  -0.2954369541
5  2  -6.923005248e-17  -0.260758583  0.9661946832  -0.2578135648
5  3  1.652094504e-16  -0.3157723152  0.9505568194  -0.3105506933
5  4  -3.629311165e-17  -0.2401884915  0.9712931527  -0.2378857112
5  5  -4.838948398e-16  -0.03793688006  0.9992804829  -0.03792778088
5  6  -2.290432934e-16  -0.006300167452  0.999980154  -0.006300125774
5  7  3.977302243e-17  -0.003365950751  0.9999943352  -0.003365944395
5  8  2.493687979e-16  -0.002679528118  0.9999964101  -0.002679524911
5  9  -2.297858788e-16  0.007612827037  0.9999710226  0.007612753504
5  10  2.824689962e-16  0.009767387098  0.9999522995  0.009767231795
5  11  3.763156218e-16  -0.001559100396  0.9999987846  -0.001559099764
5  12  1.881252626e-16  -0.002018065859  0.9999979637  -0.00201806449
5  13  -5.241068737e-17  0.009401804515  0.9999558034  0.009401666005
5  14  8.701220521e-18  0.01422932326  0.9998987649  0.01422884309
5  15  -2.739062862e-18  0.009476308213  0.9999551001  0.009476166385
5  16  -1.618542945e-16  0.005974599051  0.9999821521  0.005974563506
5  17  -5.420152294e-17  -0.008166936844  0.9999666508  -0.008166846056
5  18  -3.771545515e-17  0.0002914019826  0.9999999575  0.0002914019785
5  19  -3.029976045e-17  -0.01089545414  0.9999406451  -0.01089523857
5  20  -3.391037839e-16  -0.05850123016  0.998289291  -0.05846786682
5  21  -1.137405859e-16  -0.03739776711  0.999300785  -0.03738905035
5  22  2.340393444e-16  -0.002721392265  0.999996297  -0.002721388906
5  23  3.961855891e-18  -0.003091062057  0.9999952227  -0.003091057135
5  24  9.652093587e-18  -0.002452082165  0.9999969936  -0.002452079708
5  25  3.757253612e-17  0.05017148702  0.9987416749  0.05015044124
5  26  -2.879488162e-16  -0.02755545364  0.9996203725  -0.02755196661
5  27  -1.790572239e-16  0.007819195714  0.9999694302  0.007819116037
5  28  -6.538003148e-17  0.001104762485  0.9999993897  0.00110476226
5  29  -3.623583173e-17  -0.002446863551  0.9999970064  -0.002446861109
5  30  -2.376911057e-16  0.004152122139  0.99999138  0.004152110209
5  31  -6.953905513e-17  0.01130852081  0.9999360594  0.01130827978
5  32  1.654521186e-16  0.000287566039  0.9999999587  0.0002875660351
5  33  -1.01295266e-16  -0.003687745251  0.9999932003  -0.003687736892
5  34  -2.661672174e-16  -0.004535560464  0.9999897144  -0.004535544913
5  35  4.062376466e-16  -0.02236300311  0.9997499585  -0.02236113919
5  36  4.062376466e-16  -0.02236300311  0.9997499585  -0.02236113919

6  0  1.104538661e-16  -0.005860324982  0.9999828283  -0.005860291438
6  1  6.344661266e-17  -0.008252968739  0.9999659444  -0.008252875052
6  2  2.024076009e-16  -0.01024083257  0.9999475631  -0.01024065357
6  3  2.052185904e-16  -0.01049528446  0.999944925  -0.01049509178
6  4  -8.63540952e-17  -0.008925057341  0.9999601719  -0.008924938851
6  5  7.310303393e-18  -0.006300167452  0.999980154  -0.006300125774
6  6  1.206431425e-16  -0.004931523803  0.9999878401  -0.004931503814
6  7  -3.115270394e-16  -0.006018113121  0.9999818912  -0.006018076794
6  8  2.421235739e-16  -0.007288853806  0.9999734364  -0.007288789266
6  9  2.955005362e-17  0.00365032176  0.9999933376  0.003650313653
6  10  -1.220505833e-16  0.01043336603  0.9999455729  0.01043317674
6  11  6.781294916e-18  -0.001531787726  0.9999988268  -0.001531787127
6  12  -6.81140684e-17  -0.002664902129  0.9999964492  -0.002664898975
6  13  4.042286265e-17  0.004213389341  0.9999911237  0.004213376874
6  14  -1.425109772e-16  0.004037549941  0.9999918491  0.004037538972
6  15  -1.504270496e-16  -0.03567365891  0.9993637625  -0.03566609294
6  16  6.414863009e-18  -0.01115445003  0.9999377898  -0.01115421872
6  17  3.008721023e-16  -0.05787660286  0.9983256169  -0.05784429672
6  18  -1.381235354e-16  -0.01469058254  0.9998920953  -0.01469005414
6  19  1.027090769e-16  -0.003114711168  0.9999951493  -0.003114706132
6  20  2.905015873e-17  -0.02047488057  0.999790397  -0.02047345002
6  21  3.611533304e-17  -0.03343302447  0.9994411685  -0.03342679643
6  22  1.31013591e-16  -0.009536957176  0.9999545236  -0.009536812606
6  23  -1.690324619e-16  -0.0008689516585  0.9999996225  -0.0008689515491
6  24  2.572647651e-16  -0.02657677763  0.9996468582  -0.0265736491
6  25  1.572230853e-16  -0.04190755777  0.9991220068  -0.04189529221
6  26  -3.184292178e-17  -0.004654394059  0.9999891683  -0.004654377254
6  27  2.155565206e-17  -0.04586826584  0.9989482355  -0.04585218384
6  28  1.693083452e-16  0.003918312037  0.9999923234  0.00391830201
6  29  1.360042834e-16  -0.0002956491372  0.9999999563  -0.0002956491329
6  30  -4.179129379e-16  -0.002446863551  0.9999970064  -0.002446861109
6  31  2.335301941e-16  0.005106384474  0.9999869624  0.005106362283
6  32  -1.80336571e-16  0.01083256838  0.9999413283  0.01083235653
6  33  1.041314463e-16  -0.005330654457  0.9999857921  -0.005330629211
6  34  5.403969039e-17  -0.007613156949  0.9999710201  -0.007613083406
6  35  6.452050308e-17  -0.005561097444  0.9999845371  -0.00556106878
6  36  6.452050308e-17  -0.005561097444  0.9999845371  -0.00556106878

7  0  7.056244826e-17  -0.008298904069  0.9999655643  -0.008298808809
7  1  -2.464464446e-16  -0.004552733671  0.9999896363  -0.004552717943
7  2  3.056956398e-16  -0.002454300185  0.9999969882  -0.002454297721
7  3  -1.060033693e-16  -0.00161041228  0.9999987033  -0.001610411584
7  4  -1.04183982e-16  -0.001929192431  0.9999981391  -0.001929191234
7  5  1.684393572e-16  -0.003365950751  0.9999943352  -0.003365944395
7  6  2.312555756e-16  -0.006018113121  0.9999818912  -0.006018076794
7  7  1.20157675e-16  -0.01040713705  0.9999458462  -0.01040694919
7  8  5.417994534e-17  -0.01611759979  0.9998701143  -0.01611690197
7  9  -4.314872776e-17  -0.006355635923  0.999979803  -0.006355593135
7  10  -1.64660506e-16  0.01152607168  0.9999335756  0.01152581647
7  11  -6.953982648e-17  -0.001203846518  0.9999992754  -0.001203846227
7  12  -3.123917405e-16  -0.001794123398  0.9999983906  -0.001794122436
7  13  -1.063408283e-16  0.004966964693  0.9999876647  0.00496694427
7  14  -1.749249146e-16  -0.0007378892742  0.9999997278  -0.0007378892073
7  15  -1.232226192e-16  -0.07681353114  0.997051291  -0.07673801603
7  16  -1.260598166e-16  -0.02911766981  0.9995761106  -0.02911355547
7  17  2.519685319e-16  -0.1941910123  0.9812041032  -0.1929728162
7  18  -2.069922821e-16  -0.07023919504  0.9975342417  -0.07018145459
7  19  -2.023330401e-16  -0.00583336521  0.999982986  -0.005833332127
7  20  6.816285286e-17  -0.01003370253  0.9999496628  -0.01003353417
7  21  4.196125121e-17  -0.01864324925  0.9998262197  -0.01864216929
7  22  -7.047376044e-17  -0.01398115473  0.9999022652  -0.01398069925
7  23  3.57522246e-17  -0.005822240796  0.9999830508  -0.005822207902
7  24  -1.67356679e-16  -0.006208860975  0.9999807251  -0.006208821083
7  25  -4.625173491e-17  -0.136908313  0.9906426867  -0.1364810147
7  26  1.386780678e-16  -0.127028318  0.9919427464  -0.1266869679
7  27  1.845172478e-16  -0.05584560316  0.9984410395  -0.05581657978
7  28  -8.280765767e-17  -0.0514870569  0.9986748343  -0.05146431193
7  29  3.226525113e-16  0.003918312037  0.9999923234  0.00391830201
7  30  -5.531870676e-17  0.001104762484  0.9999993897  0.00110476226
7  31  2.497669245e-16  -0.001566992496  0.9999987723  -0.001566991855
7  32  4.421312255e-18  0.007852241239  0.9999691713  0.007852160547
7  33  -1.881300327e-17  0.00815733174  0.9999667292  0.008157241273
7  34  1.262894646e-16  -0.01870738295  0.999825022  -0.01870629181
7  35  1.748021146e-17  -0.01465782493  0.999892576  -0.01465730006
7  36  1.748021146e-17  -0.01465782493  0.999892576  -0.01465730006

8  0  -2.966266095e-18  -0.02664492238  0.9996450451  -0.02664176973
8  1  -8.000269907e-17  -0.01135372276  0.9999355472  -0.01135347883
8  2  -5.28640373e-17  -0.004550225028  0.9999896477  -0.004550209326
8  3  -1.017281476e-16  -0.001384189078  0.999999042  -0.001384188636
8  4  -5.925912587e-17  -0.0008177115958  0.9999996657  -0.0008177115046
8  5  -8.66160052e-17  -0.002679528118  0.9999964101  -0.002679524911
8  6  1.242669701e-16  -0.007288853806  0.9999734364  -0.007288789266
8  7  -1.804401309e-16  -0.01611759979  0.9998701143  -0.01611690197
8  8  -1.240102747e-16  -0.03438133195  0.9994090202  -0.03437455879
8  9  7.076623176e-17  -0.05169948751  0.9986638791  -0.05167645987
8  10  2.578515068e-16  0.0002052039216  0.9999999789  0.0002052039202
8  11  1.015880661e-16  -0.003127038727  0.9999951108  -0.003127033631
8  12  -1.115008222e-16  0.0004138666872  0.9999999144  0.0004138666754
8  13  -1.444677891e-16  0.01199889946  0.9999280141  0.01199861154
8  14  -9.07576294e-17  0.003503593796  0.9999938624  0.003503586629
8  15  3.036770235e-16  -0.07597017929  0.9971156536  -0.07589712379
8  16  -6.865291249e-19  -0.03499384272  0.999387778  -0.03498670109
8  17  1.3869224e-18  -0.08132926896  0.9966945976  -0.08123964055
8  18  6.26189221e-17  -0.3415625149  0.9422324364  -0.3349597526
8  19  1.059043095e-16  0.0002520123402  0.9999999682  0.0002520123376
8  20  -2.02718201e-17  -0.01108032107  0.9999386139  -0.01108009434
8  21  2.33362611e-16  -0.007943532751  0.9999684503  -0.007943449212
8  22  -1.657747609e-16  0.003511454005  0.9999938349  0.003511446788
8  23  1.663060736e-16  -0.01005623769  0.9999494365  -0.01005606819
8  24  -1.016343804e-16  -0.005405284611  0.9999853915  -0.005405258289
8  25  -6.288560059e-17  0.002358040966  0.9999972198  0.00235803878
8  26  -1.824848686e-17  -0.4045406554  0.9192832906  -0.3935965341
8  27  -1.715497826e-16  -0.0278182089  0.9996130986  -0.02781462117
8  28  2.465836608e-16  -0.05584560316  0.9984410395  -0.05581657978
8  29  -2.812452331e-17  -0.04586826584  0.9989482355  -0.04585218384
8  30  -3.367214646e-16  0.007819195713  0.9999694302  0.007819116036
8  31  -1.302121806e-16  0.005547263304  0.999984614  0.005547234854
8  32  -1.41516119e-17  -0.0005435883571  0.9999998523  -0.0005435883303
8  33  1.216508066e-16  0.01086890266  0.9999409341  0.01086868866
8  34  1.27193884e-16  -0.01371628413  0.9999059332  -0.01371585404
8  35  -1.978318179e-16  -0.06962648256  0.9975770555  -0.06957023978
8  36  -1.978318179e-16  -0.06962648256  0.9975770555  -0.06957023978

9  0  -5.27034015e-16  -1.082791029  0.4688649619  -0.8832698611
9  1  -3.041704827e-17  -0.01130771048  0.9999360685  -0.01130746951
9  2  1.740492799e-16  0.002956223618  0.9999956304  0.002956219313
9  3  1.257340044e-16  0.007397845345  0.9999726361  0.007397777867
9  4  -2.453930104e-17  0.008702168695  0.9999621364  0.008702058863
9  5  -2.131277657e-16  0.007612827037  0.9999710226  0.007612753504
9  6  -1.623379048e-16  0.00365032176  0.9999933376  0.003650313653
9  7  -1.026664725e-16  -0.006355635923  0.999979803  -0.006355593135
9  8  2.812230932e-17  -0.05169948751  0.9986638791  -0.05167645987
9  9  2.080842909e-16  -2.060710424  -0.470550092  -0.8823732832
9  10  2.572578387e-16  -0.2429105496  0.9706420163  -0.2405287429
9  11  -1.934456751e-16  -0.01334988033  0.9999108917  -0.0133494838
9  12  7.215010928e-17  0.005585175068  0.999984403  0.005585146031
9  13  -9.27944656e-18  0.02534506001  0.9996788312  0.0253423466
9  14  9.865381556e-17  0.00798724961  0.9999681021  0.007987164684
9  15  8.325732783e-17  -0.02808657617  0.999605598  -0.02808288361
9  16  1.954652902e-17  -0.0182229811  0.9998339661  -0.01822197254
9  17  -6.327063557e-17  -0.186415551  0.9826748802  -0.1853377451
9  18  1.468554556e-16  2.900766415  -0.9711412443  0.2385051019
9  19  -9.884814354e-17  0.07982742273  0.9968154829  0.07974266747
9  20  -1.478656585e-16  0.01491844162  0.9998887221  0.01491788825
9  21  1.325588545e-16  -0.01017974834  0.9999481868  -0.01017957253
9  22  -8.875741831e-17  0.03329256322  0.9994458538  0.03328641335
9  23  -3.526661209e-18  0.00998909773  0.9999501094  0.009988931609
9  24  -3.169497829e-16  -0.002032257408  0.999997935  -0.002032256009
9  25  9.655938464e-17  0.04378344747  0.999041658  0.04376946007
9  26  1.350467777e-16  -2.990657246  -0.9886308599  -0.1503629707
9  27  -2.004474922e-16  -0.4045406554  0.9192832906  -0.3935965341
9  28  2.555185721e-16  -0.127028318  0.9919427464  -0.1266869679
9  29  1.317291301e-16  -0.004654394057  0.9999891683  -0.004654377252
9  30  -4.53939204e-17  -0.02755545364  0.9996203725  -0.02755196661
9  31  -1.802766392e-16  0.009531383952  0.9999545767  0.009531239636
9  32  -1.025859684e-16  0.01430207945  0.999897727  0.01430159187
9  33  2.358043352e-16  -0.0001972645203  0.9999999805  -0.000197264519
9  34  9.478341956e-17  -0.00529645983  0.9999859738  -0.005296435067
9  35  7.538324227e-17  -1.280518991  0.2862179696  -0.9581645338
9  36  7.538324227e-17  -1.280518991  0.2862179696  -0.9581645338

10  0  -9.606462597e-17  -0.3207934635  0.9489855222  -0.3153196452
10  1  -1.192242601e-16  -0.00719938402  0.9999740845  -0.007199321829
10  2  -1.61690697e-16  0.01712674523  0.9998533409  0.01712590796
10  3  -1.292140835e-16  0.01350721018  0.999908779  0.01350679946
10  4  -1.29936506e-16  0.01069433676  0.9999428161  0.01069413292
10  5  -1.373324688e-16  0.009767387098  0.9999522995  0.009767231795
10  6  -1.242183342e-16  0.01043336603  0.9999455729  0.01043317674
10  7  1.626412959e-16  0.01152607168  0.9999335756  0.01152581647
10  8  2.516444673e-16  0.0002052039221  0.9999999789  0.0002052039207
10  9  2.553043395e-16  -0.2429105496  0.9706420163  -0.2405287429
10  10  1.76279095e-16  -0.1412593696  0.9900394747  -0.1407900516
10  11  -1.263917659e-16  -0.01872526172  0.9998246874  -0.01872416745
10  12  2.101337593e-16  0.03731634415  0.999303826  0.03730768419
10  13  3.074603572e-16  0.04081166603  0.9991673195  0.04080033771
10  14  1.656755175e-16  0.04382487946  0.9990398437  0.04381085232
10  15  -1.662973821e-17  0.06629486907  0.9978032999  0.06624631864
10  16  1.910916194e-17  0.006108546667  0.9999813429  0.006108508677
10  17  -1.540217934e-16  -0.1161387832  0.9932634686  -0.115877875
10  18  2.868641171e-16  -0.06615471112  0.997812575  -0.06610646793
10  19  -1.084632652e-17  0.03198633296  0.9994884809  0.0319808789
10  20  -1.587324802e-17  0.07165524235  0.9974338614  0.07159393943
10  21  -5.433641032e-18  0.04983281484  0.9987586022  0.04981219235
10  22  7.790035458e-17  0.007608915285  0.9999710523  0.007608841864
10  23  1.922778686e-16  0.04122601984  0.999150328  0.04121434298
10  24  -4.60057542e-17  0.03634138067  0.9993397247  0.03633338188
10  25  -3.96633049e-16  0.08516424908  0.9963757167  0.08506133774
10  26  -9.65266384e-17  0.04378344747  0.999041658  0.04376946007
10  27  4.553610207e-17  0.002358040964  0.9999972198  0.002358038778
10  28  4.481228887e-17  -0.136908313  0.9906426867  -0.1364810147
10  29  -7.582180041e-17  -0.04190755778  0.9991220068  -0.04189529221
10  30  -2.370408241e-16  0.05017148702  0.9987416749  0.05015044124
10  31  -4.194478238e-17  0.06935146883  0.9975961506  0.06929588976
10  32  -1.411111983e-16  0.01192893675  0.9999288511  0.01192865384
10  33  1.104974385e-16  0.0331448694  0.9994507591  0.033138801
10  34  3.106882538e-17  0.01752488986  0.999846443  0.01752399283
10  35  -6.30778357e-17  -0.08457020899  0.9964260707  -0.08446943565
10  36  -6.30778357e-17  -0.08457020899  0.9964260707  -0.08446943565

11  0  2.762392738e-16  0.1008841758  0.9949155061  0.1007131361
11  1  1.445735342e-16  -0.01733442653  0.9998497626  -0.01733355843
11  2  1.604985338e-16  -0.004589105787  0.9999894701  -0.004589089679
11  3  2.273077874e-17  -0.0005430265867  0.9999998526  -0.00054302656
11  4  -1.959330104e-16  -0.0008758591331  0.9999996164  -0.0008758590211
11  5  2.190241284e-17  -0.001559100396  0.9999987846  -0.001559099764
11  6  2.734500818e-17  -0.001531787726  0.9999988268  -0.001531787127
11  7  -1.438488448e-17  -0.001203846518  0.9999992754  -0.001203846227
11  8  -7.78990687e-17  -0.003127038727  0.9999951108  -0.003127033631
11  9  9.584817898e-17  -0.01334988033  0.9999108917  -0.0133494838
11  10  1.742050798e-16  -0.01872526172  0.9998246874  -0.01872416745
11  11  3.411803869e-17  0.2296494  0.9737462641  0.2276361421
11  12  1.412093221e-16  0.6990943536  0.765425307  0.6435247466
11  13  2.261231124e-16  0.05798717854  0.9983192146  0.0579546869
11  14  -1.219218606e-16  0.9962685134  0.5434384747  0.8394490003
11  15  -3.380569273e-17  0.1652578134  0.9863759761  0.1645066374
11  16  8.489651088e-17  0.01103675425  0.9999390956  0.01103653019
11  17  1.90559991e-16  -0.01828717963  0.9998327942  -0.01828616038
11  18  5.792697924e-17  -0.01816984001  0.999834933  -0.01816884026
11  19  2.497989931e-16  -0.004230405678  0.9999910518  -0.00423039306
11  20  3.077974267e-16  -0.00253596983  0.9999967844  -0.002535967112
11  21  -5.975113376e-17  0.01937310908  0.9998123472  0.01937189726
11  22  6.718803763e-17  0.02584389355  0.9996660652  0.02584101677
11  23  1.559259699e-16  -0.6040575058  0.8230377872  -0.5679866203
11  24  2.348746036e-16  0.06991296439  0.997557084  0.06985602461
11  25  -2.476817423e-16  0.03634138067  0.9993397247  0.03633338188
11  26  -3.292927942e-17  -0.002032257408  0.999997935  -0.002032256009
11  27  4.255996827e-17  -0.005405284611  0.9999853915  -0.00540525829
11  28  2.582541932e-17  -0.006208860975  0.9999807251  -0.006208821083
11  29  1.4850877e-16  -0.02657677763  0.9996468582  -0.0265736491
11  30  -1.443861524e-16  -0.002452082166  0.9999969936  -0.002452079708
11  31  -2.894258552e-16  0.06630672274  0.9978025146  0.06625814627
11  32  -1.065083614e-16  0.68537289  0.7741830758  0.6329617406
11  33  -1.825918439e-16  0.4428498486  0.9035341278  0.4285161372
11  34  -2.949879155e-16  0.1073886711  0.994239376  0.1071823832
11  35  -1.492623352e-16  0.7352352122  0.7416730026  0.6707616247
11  36  -1.492623352e-16  0.7352352122  0.7416730026  0.6707616247

12  0  2.406442624e-16  0.9910965529  0.5477727841  0.8366271433
12  1  -9.241784023e-17  0.1009934687  0.9949044929  0.1008218727
12  2  -2.67347838e-16  0.01560964357  0.999878172  0.01560900966
12  3  -6.337845461e-17  0.003776784172  0.999992868  0.003776775193
12  4  -6.63436808e-17  5.128247864e-05  0.9999999987  5.128247862e-05
12  5  -1.729016692e-17  -0.002018065859  0.9999979637  -0.00201806449
12  6  -4.584959601e-17  -0.002664902129  0.9999964492  -0.002664898975
12  7  -3.895769369e-16  -0.001794123398  0.9999983906  -0.001794122436
12  8  1.007567479e-16  0.0004138666872  0.9999999144  0.0004138666754
12  9  -2.911015424e-16  0.005585175068  0.999984403  0.005585146031
12  10  -2.046867663e-16  0.03731634415  0.999303826  0.03730768419
12  11  4.9629531e-17  0.6990943536  0.765425307  0.6435247466
12  12  -2.550109006e-16  0.7413720813  0.737542686  0.6753005155
12  13  1.626019023e-16  0.08641966151  0.9962681445  0.08631213284
12  14  -1.357376903e-16  0.9264437522  0.6006809551  0.7994888306
12  15  1.817114611e-17  0.05144395896  0.9986770513  0.05142127105
12  16  4.684069164e-17  0.004373337041  0.999990437  0.0043733231
12  17  1.363794995e-16  -0.00139223705  0.9999990308  -0.0013922366
12  18  1.434410261e-16  -0.001325109761  0.999999122  -0.001325109373
12  19  1.541959261e-16  -0.003972713365  0.9999921088  -0.003972702916
12  20  7.810420475e-17  -0.009894317724  0.9999510516  -0.009894156286
12  21  -2.269630042e-16  -0.009659377384  0.9999533486  -0.009659227175
12  22  1.242262385e-16  0.01080948977  0.999941578  0.01080927926
12  23  6.537943938e-18  -0.6145094721  0.8170563629  -0.5765578027
12  24  1.057167915e-16  -0.6040575058  0.8230377872  -0.5679866203
12  25  1.55284429e-16  0.04122601984  0.999150328  0.04121434298
12  26  -2.317059728e-17  0.009989097731  0.9999501094  0.00998893161
12  27  -2.635067626e-17  -0.01005623769  0.9999494365  -0.01005606819
12  28  5.651766162e-17  -0.005822240796  0.9999830508  -0.005822207902
12  29  9.929513333e-17  -0.0008689516588  0.9999996225  -0.0008689515495
12  30  -9.722287112e-17  -0.003091062057  0.9999952227  -0.003091057135
12  31  -9.671896344e-17  0.0009687945968  0.9999995307  0.0009687944453
12  32  -5.288356172e-17  0.02499361477  0.9996876759  0.02499101268
12  33  -1.923285709e-16  0.7812852051  0.7100090929  0.7041925078
12  34  1.476440735e-16  0.2290251324  0.9738881802  0.2270282195
12  35  2.697996902e-16  0.4001006528  0.9210217933  0.3895110477
12  36  2.697996902e-16  0.4001006528  0.9210217933  0.3895110477

13  0  -1.713127003e-16  0.04813035172  0.9988419582  0.0481117713
13  1  1.757805154e-16  0.0857098791  0.9963291564  0.08560497755
13  2  9.469875517e-17  0.04742050142  0.9988758587  0.04740273097
13  3  -1.816449959e-16  0.03199334458  0.9994882566  0.03198788693
13  4  -5.921017418e-17  0.01995316135  0.9998009423  0.01995183739
13  5  -3.512451243e-16  0.009401804515  0.9999558034  0.009401666005
13  6  1.043877893e-17  0.004213389341  0.9999911237  0.004213376875
13  7  -8.585086311e-17  0.004966964693  0.9999876647  0.00496694427
13  8  -2.39221327e-16  0.01199889946  0.9999280141  0.01199861154
13  9  -2.544220539e-16  0.02534506001  0.9996788312  0.0253423466
13  10  -3.067101776e-16  0.04081166603  0.9991673195  0.04080033771
13  11  -1.673408713e-16  0.05798717854  0.9983192146  0.0579546869
13  12  -3.873475409e-16  0.08641966151  0.9962681445  0.08631213284
13  13  -1.838930872e-16  0.03743147914  0.999299524  0.03742273878
13  14  -2.686285648e-16  0.02137864509  0.9997714855  0.02137701662
13  15  1.131961046e-16  -0.005716345314  0.9999836617  -0.005716314182
13  16  5.465025937e-17  -0.009433149481  0.9999555082  -0.009433009581
13  17  1.730248395e-16  -0.006963474992  0.9999757551  -0.006963418716
13  18  3.05727123e-17  -0.002231614367  0.9999975099  -0.002231612514
13  19  4.872159017e-16  -0.006583663518  0.9999783278  -0.006583615957
13  20  1.324087233e-17  -0.01460642111  0.9998933281  -0.01460590174
13  21  -9.082378847e-17  -0.01172906499  0.9999312153  -0.01172879606
13  22  3.035106437e-16  0.02509907487  0.9996850348  0.0250964397
13  23  5.070926823e-17  0.01080948977  0.999941578  0.01080927926
13  24  1.008906181e-16  0.02584389355  0.9996660652  0.02584101676
13  25  7.101519523e-17  0.007608915285  0.9999710523  0.007608841865
13  26  6.291333832e-17  0.03329256322  0.9994458538  0.03328641335
13  27  -9.543164568e-17  0.003511454004  0.9999938349  0.003511446788
13  28  -5.973854257e-17  -0.01398115473  0.9999022652  -0.01398069925
13  29  -2.530599864e-17  -0.009536957176  0.9999545236  -0.009536812606
13  30  -3.487343357e-16  -0.002721392265  0.999996297  -0.002721388906
13  31  1.951260042e-17  -0.005881891972  0.9999827017  -0.005881858056
13  32  1.242647735e-16  -0.008917976214  0.9999602351  -0.008917858007
13  33  -3.152098123e-17  -0.007398140107  0.9999726339  -0.007398072621
13  34  -1.840965679e-16  0.01740171606  0.999848594  0.01740083781
13  35  6.52391011e-17  0.01556251501  0.9998789065  0.01556188683
13  36  6.52391011e-17  0.01556251501  0.9998789065  0.01556188683

14  0  1.408054994e-16  -0.006353100468  0.9999798191  -0.006353057731
14  1  -3.453698907e-17  0.1965519527  0.9807457717  0.1952888406
14  2  2.388562134e-16  1.167991169  0.3920005282  0.9199649917
14  3  -8.414600756e-17  0.5719564368  0.8408436086  0.541278141
14  4  -4.993200724e-17  0.04807561123  0.9988445904  0.04805709413
14  5  -2.350034327e-16  0.01422932326  0.9998987649  0.01422884309
14  6  -2.842261482e-17  0.004037549941  0.9999918491  0.004037538971
14  7  8.626475494e-17  -0.0007378892735  0.9999997278  -0.0007378892066
14  8  9.840969192e-17  0.003503593796  0.9999938624  0.003503586628
14  9  -1.607832196e-17  0.00798724961  0.9999681021  0.007987164685
14  10  7.827252797e-17  0.04382487946  0.9990398437  0.04381085232
14  11  -2.108864415e-16  0.9962685134  0.5434384747  0.8394490003
14  12  -9.720805823e-17  0.9264437522  0.6006809551  0.7994888306
14  13  -3.29001576e-17  0.02137864509  0.9997714855  0.02137701662
14  14  5.372589957e-17  -0.006399751797  0.9999795217  -0.006399708111
14  15  1.657904457e-16  -0.01376824552  0.9999052192  -0.01376781053
14  16  -1.078005441e-16  -0.02135854835  0.9997719149  -0.02135692447
14  17  -2.254120364e-16  -0.03007179723  0.9995478776  -0.03006726505
14  18  3.088637677e-16  -0.03374718159  0.9994306179  -0.03374077633
14  19  1.862393448e-16  -0.03894556345  0.9992417174  -0.03893571903
14  20  -7.830536444e-17  -0.04402389989  0.9990311046  -0.04400968078
14  21  8.574159265e-17  -0.03222665952  0.9994807661  -0.0322210816
14  22  8.225500114e-17  -0.01172906499  0.9999312153  -0.01172879606
14  23  -1.237963537e-16  -0.009659377384  0.9999533486  -0.009659227176
14  24  -1.125601506e-16  0.01937310908  0.9998123472  0.01937189726
14  25  -2.027675708e-16  0.04983281484  0.9987586022  0.04981219235
14  26  -1.435836509e-16  -0.01017974834  0.9999481868  -0.01017957253
14  27  1.014784513e-16  -0.007943532751  0.9999684503  -0.007943449212
14  28  3.197019166e-17  -0.01864324925  0.9998262197  -0.01864216929
14  29  1.250502227e-16  -0.03343302447  0.9994411685  -0.03342679643
14  30  -1.337912054e-16  -0.03739776711  0.999300785  -0.03738905035
14  31  1.807369116e-16  -0.03773966698  0.9992879433  -0.03773070896
14  32  4.274900033e-18  -0.03867348299  0.9992522741  -0.03866384345
14  33  -5.056142094e-17  -0.03008860917  0.9995473719  -0.03008406939
14  34  -5.434292689e-17  -0.01778035982  0.9998419336  -0.01777942298
14  35  -2.84484813e-18  -0.01361860894  0.9999072682  -0.01361818798
14  36  -2.84484813e-18  -0.01361860894  0.9999072682  -0.01361818798

15  0  1.650907972e-16  -0.02130726309  0.9997730089  -0.02130565088
15  1  -2.367453545e-16  -0.01047966608  0.9999450888  -0.01047947426
15  2  -6.68778259e-17  0.02827534417  0.9996002791  0.02827157665
15  3  2.634661904e-16  0.1272542996  0.9919140922  0.1269111255
15  4  -1.123540528e-16  0.07736794958  0.9970085928  0.07729078784
15  5  -1.425771022e-16  0.009476308214  0.9999551001  0.009476166386
15  6  -2.343591881e-16  -0.03567365891  0.9993637625  -0.03566609295
15  7  -2.403707816e-17  -0.07681353113  0.997051291  -0.07673801603
15  8  1.213170955e-16  -0.07597017929  0.9971156536  -0.07589712379
15  9  -8.999464314e-17  -0.02808657617  0.999605598  -0.02808288361
15  10  -3.683279081e-17  0.06629486907  0.9978032999  0.06624631864
15  11  -1.001359871e-16  0.1652578134  0.9863759761  0.1645066374
15  12  6.001875463e-17  0.05144395896  0.9986770513  0.05142127105
15  13  2.546155039e-16  -0.005716345314  0.9999836617  -0.005716314182
15  14  -8.793222947e-17  -0.01376824552  0.9999052192  -0.01376781053
15  15  1.20702258e-16  -0.0217770601  0.9997628892  -0.02177533888
15  16  -2.187201365e-17  -0.01826413337  0.9998332154  -0.01826311796
15  17  -1.198549805e-16  -0.0304266413  0.9995371455  -0.03042194679
15  18  6.724253324e-17  -0.08630575397  0.9962779696  -0.08619864983
15  19  -2.176230078e-17  -0.1610513499  0.9870592386  -0.1603560397
15  20  -3.065323831e-16  -0.1211709678  0.9926677761  -0.1208746719
15  21  -3.129305718e-16  -0.04402389989  0.9990311046  -0.04400968078
15  22  1.067677792e-17  -0.01460642111  0.9998933281  -0.01460590174
15  23  -1.799261151e-16  -0.009894317724  0.9999510516  -0.009894156286
15  24  -1.281736733e-16  -0.00253596983  0.9999967844  -0.002535967111
15  25  -3.249184847e-17  0.07165524235  0.9974338614  0.07159393943
15  26  -9.908886956e-17  0.01491844162  0.9998887221  0.01491788825
15  27  -1.595731882e-16  -0.01108032107  0.9999386139  -0.01108009434
15  28  -3.825920685e-17  -0.01003370253  0.9999496628  -0.01003353417
15  29  -6.528987202e-17  -0.02047488057  0.999790397  -0.02047345002
15  30  1.48962104e-17  -0.05850123016  0.998289291  -0.05846786682
15  31  -5.329875651e-17  -0.1365374438  0.9906932351  -0.1361136065
15  32  4.834015288e-17  -0.1526085273  0.9883779009  -0.1520168575
15  33  -2.040326374e-17  -0.06824598706  0.9976721463  -0.06819302328
15  34  8.909209962e-17  -0.02083414526  0.999782977  -0.02083263808
15  35  -2.835408403e-16  -0.02558732582  0.9996726622  -0.02558453386
15  36  -2.835408403e-16  -0.02558732582  0.9996726622  -0.02558453386

16  0  1.339367849e-16  -0.01917559524  0.9998161539  -0.0191744201
16  1  -7.071074419e-18  -0.01799618494  0.999838073  -0.01799521357
16  2  -2.185410787e-16  -0.01573964941  0.9998761343  -0.01573899953
16  3  -1.270166243e-16  -0.0002100093933  0.9999999779  -0.0002100093918
16  4  6.682311428e-17  0.007682931221  0.9999704864  0.007682855637
16  5  -1.76526555e-16  0.005974599051  0.9999821521  0.005974563506
16  6  -2.26461288e-16  -0.01115445003  0.9999377898  -0.01115421872
16  7  -1.398586795e-16  -0.02911766981  0.9995761106  -0.02911355547
16  8  -9.813991091e-17  -0.03499384272  0.999387778  -0.03498670109
16  9  -1.064789843e-16  -0.0182229811  0.9998339661  -0.01822197254
16  10  -3.093211711e-16  0.006108546667  0.9999813429  0.006108508677
16  11  -4.216808153e-17  0.01103675425  0.9999390956  0.01103653019
16  12  1.810462955e-16  0.004373337041  0.999990437  0.0043733231
16  13  1.446801157e-16  -0.009433149481  0.9999555082  -0.009433009581
16  14  2.365649573e-17  -0.02135854835  0.9997719149  -0.02135692447
16  15  9.554752354e-17  -0.01826413337  0.9998332154  -0.01826311796
16  16  -2.596539817e-16  -0.008953598934  0.9999599168  -0.008953479304
16  17  2.520149731e-16  0.01441643999  0.9998960849  0.01441594063
16  18  2.93110657e-16  -0.03480643003  0.9993943174  -0.03479940253
16  19  1.229116006e-16  -0.1594864198  0.9873089759  -0.1588111652
16  20  2.607840449e-17  -0.1610513499  0.9870592386  -0.1603560397
16  21  -1.59320342e-16  -0.03894556345  0.9992417174  -0.03893571903
16  22  -8.70731506e-17  -0.006583663518  0.9999783278  -0.006583615957
16  23  -3.820684332e-16  -0.003972713366  0.9999921088  -0.003972702916
16  24  -1.221374263e-16  -0.004230405678  0.9999910518  -0.00423039306
16  25  3.8299448e-17  0.03198633296  0.9994884809  0.0319808789
16  26  -1.311087277e-16  0.07982742273  0.9968154829  0.07974266746
16  27  3.067827196e-16  0.0002520123397  0.9999999682  0.000252012337
16  28  1.030244879e-16  -0.00583336521  0.999982986  -0.005833332127
16  29  -3.185474849e-17  -0.003114711168  0.9999951493  -0.003114706132
16  30  -2.275845363e-16  -0.01089545414  0.9999406451  -0.01089523857
16  31  -1.167960562e-16  -0.07541550249  0.9971575986  -0.07534403523
16  32  -3.230270752e-17  -0.1969264359  0.9806725706  -0.1956560997
16  33  -2.650976539e-16  -0.1031162777  0.9946882258  -0.1029336362
16  34  1.776695391e-16  -0.01143375956  0.9999346353  -0.01143351044
16  35  1.233122865e-16  0.005732337152  0.9999835702  0.005732305758
16  36  1.233122865e-16  0.005732337152  0.9999835702  0.005732305758

17  0  -4.534426477e-17  0.1288254923  0.9917134661  0.1284694564
17  1  9.16822104e-17  -0.01306150429  0.9999146998  -0.0130611329
17  2  1.729331072e-16  -0.0363187418  0.999340547  -0.03631075795
17  3  1.045458178e-16  -0.01520766419  0.9998843657  -0.01520707801
17  4  1.137126295e-16  -0.001660050615  0.9999986221  -0.001660049853
17  5  -7.836687552e-17  -0.008166936844  0.9999666508  -0.008166846057
17  6  1.250205952e-16  -0.05787660286  0.9983256169  -0.05784429672
17  7  1.553694932e-16  -0.1941910123  0.9812041032  -0.1929728162
17  8  1.346719766e-16  -0.08132926896  0.9966945976  -0.08123964055
17  9  8.572717544e-17  -0.186415551  0.9826748802  -0.1853377451
17  10  -1.207405281e-16  -0.1161387832  0.9932634686  -0.115877875
17  11  -2.6276278e-16  -0.01828717963  0.9998327942  -0.01828616038
17  12  -2.162594243e-16  -0.00139223705  0.9999990308  -0.0013922366
17  13  -5.497367492e-17  -0.006963474992  0.9999757551  -0.006963418716
17  14  -2.746628635e-16  -0.03007179723  0.9995478776  -0.03006726505
17  15  -2.164037654e-16  -0.0304266413  0.9995371455  -0.03042194679
17  16  -1.106126807e-16  0.01441643999  0.9998960849  0.01441594063
17  17  -7.242885459e-17  0.2372327114  0.9719920466  0.2350137472
17  18  -1.408793388e-17  0.0861769106  0.9962890675  0.08607028531
17  19  6.420315958e-17  -0.03480643003  0.9993943174  -0.03479940253
17  20  -2.600067902e-16  -0.08630575397  0.9962779696  -0.08619864983
17  21  -1.535328254e-16  -0.03374718159  0.9994306179  -0.03374077633
17  22  2.50334732e-16  -0.002231614367  0.9999975099  -0.002231612514
17  23  2.519156187e-16  -0.00132510976  0.999999122  -0.001325109373
17  24  -2.088013572e-17  -0.01816984001  0.999834933  -0.01816884026
17  25  1.755667197e-16  -0.06615471112  0.997812575  -0.06610646793
17  26  -2.549636219e-16  2.900766415  -0.9711412443  0.2385051018
17  27  1.347292358e-16  -0.3415625149  0.9422324364  -0.3349597526
17  28  -5.064079418e-17  -0.07023919504  0.9975342417  -0.07018145459
17  29  -4.539661825e-17  -0.01469058254  0.9998920953  -0.01469005415
17  30  -1.787306943e-16  0.0002914019825  0.9999999575  0.0002914019784
17  31  3.620250114e-17  -0.009199779774  0.9999576823  -0.009199650003
17  32  -3.780445679e-17  -0.06298019447  0.998017403  -0.06293856752
17  33  -2.972778017e-16  -0.07425352052  0.9972444738  -0.07418530548
17  34  1.984261537e-16  -0.002342685089  0.9999972559  -0.002342682946
17  35  -2.606613125e-16  0.1914948884  0.981720815  0.1903266702
17  36  -2.606613125e-16  0.1914948884  0.981720815  0.1903266702

18  0  -3.592966711e-16  0.1914948885  0.981720815  0.1903266702
18  1  4.150806469e-17  -0.002342685088  0.9999972559  -0.002342682945
18  2  3.874164381e-17  -0.07425352052  0.9972444738  -0.07418530548
18  3  3.596200963e-16  -0.06298019447  0.998017403  -0.06293856752
18  4  -2.248941175e-18  -0.009199779774  0.9999576823  -0.009199650003
18  5  -1.223045555e-16  0.0002914019827  0.9999999575  0.0002914019786
18  6  -1.004383239e-18  -0.01469058254  0.9998920953  -0.01469005415
18  7  1.51877458e-16  -0.07023919504  0.9975342417  -0.07018145459
18  8  1.379444729e-16  -0.3415625149  0.9422324364  -0.3349597526
18  9  -3.871900083e-17  2.900766415  -0.9711412443  0.2385051018
18  10  2.363127571e-16  -0.06615471112  0.997812575  -0.06610646793
18  11  -1.072962719e-16  -0.01816984001  0.999834933  -0.01816884026
18  12  -1.213867573e-16  -0.001325109761  0.999999122  -0.001325109373
18  13  -9.933605101e-17  -0.002231614367  0.9999975099  -0.002231612514
18  14  -1.150029032e-16  -0.03374718159  0.9994306179  -0.03374077633
18  15  8.223292837e-17  -0.08630575397  0.9962779696  -0.08619864983
18  16  1.214345821e-16  -0.03480643003  0.9993943174  -0.03479940253
18  17  9.398802935e-17  0.0861769106  0.9962890675  0.08607028531
18  18  8.685400448e-17  0.2372327114  0.9719920466  0.2350137472
18  19  4.659728379e-17  0.01441643999  0.9998960849  0.01441594063
18  20  4.966655901e-17  -0.0304266413  0.9995371455  -0.03042194679
18  21  -1.461995389e-17  -0.03007179723  0.9995478776  -0.03006726505
18  22  -1.432029921e-16  -0.006963474993  0.9999757551  -0.006963418716
18  23  1.516073627e-16  -0.00139223705  0.9999990308  -0.0013922366
18  24  1.716655834e-16  -0.01828717963  0.9998327942  -0.01828616038
18  25  1.666253335e-16  -0.1161387832  0.9932634686  -0.115877875
18  26  -7.458992049e-17  -0.186415551  0.9826748802  -0.1853377451
18  27  6.875044669e-18  -0.08132926897  0.9966945976  -0.08123964055
18  28  -8.939114772e-17  -0.1941910123  0.9812041032  -0.1929728162
18  29  -2.562874773e-16  -0.05787660286  0.9983256169  -0.05784429672
18  30  -2.911235246e-16  -0.008166936844  0.9999666508  -0.008166846057
18  31  -1.355076404e-16  -0.001660050615  0.9999986221  -0.001660049852
18  32  2.136810865e-16  -0.01520766419  0.9998843657  -0.01520707801
18  33  -3.48944295e-16  -0.0363187418  0.999340547  -0.03631075795
18  34  -1.124338587e-17  -0.01306150429  0.9999146998  -0.0130611329
18  35  -2.889622575e-16  0.1288254923  0.9917134661  0.1284694564
18  36  -2.889622575e-16  0.1288254923  0.9917134661  0.1284694564

19  0  -7.74113756e-17  0.005732337152  0.9999835702  0.005732305758
19  1  -1.226553021e-16  -0.01143375956  0.9999346353  -0.01143351044
19  2  -1.538937973e-16  -0.1031162777  0.9946882258  -0.1029336362
19  3  1.35164429e-16  -0.1969264359  0.9806725706  -0.1956560997
19  4  -1.869526208e-16  -0.0754155025  0.9971575986  -0.07534403524
19  5  -1.673894935e-16  -0.01089545414  0.9999406451  -0.01089523857
19  6  -3.126093464e-16  -0.003114711168  0.9999951493  -0.003114706132
19  7  1.103935136e-16  -0.00583336521  0.999982986  -0.005833332127
19  8  -4.047119196e-17  0.0002520123401  0.9999999682  0.0002520123374
19  9  5.946847532e-18  0.07982742273  0.9968154829  0.07974266747
19  10  -3.333580154e-16  0.03198633296  0.9994884809  0.0319808789
19  11  -6.129434897e-16  -0.004230405678  0.9999910518  -0.00423039306
19  12  -3.56509463e-17  -0.003972713365  0.9999921088  -0.003972702916
19  13  8.95552374e-17  -0.006583663518  0.9999783278  -0.006583615957
19  14  -2.032697927e-16  -0.03894556345  0.9992417174  -0.03893571903
19  15  -7.979262503e-17  -0.1610513499  0.9870592386  -0.1603560397
19  16  2.149863075e-16  -0.1594864198  0.9873089759  -0.1588111652
19  17  2.351500354e-17  -0.03480643003  0.9993943174  -0.03479940253
19  18  2.420722139e-16  0.01441643999  0.9998960849  0.01441594063
19  19  1.777013767e-16  -0.008953598935  0.9999599168  -0.008953479305
19  20  2.961775104e-17  -0.01826413337  0.9998332154  -0.01826311796
19  21  -8.660898173e-17  -0.02135854835  0.9997719149  -0.02135692447
19  22  -3.364061109e-16  -0.009433149481  0.9999555082  -0.009433009581
19  23  1.657834781e-16  0.00437333704  0.999990437  0.0043733231
19  24  1.405491089e-16  0.01103675425  0.9999390956  0.01103653019
19  25  6.696219205e-17  0.006108546666  0.9999813429  0.006108508677
19  26  4.327940262e-16  -0.0182229811  0.9998339661  -0.01822197254
19  27  1.031764559e-16  -0.03499384272  0.999387778  -0.03498670109
19  28  1.203781529e-16  -0.02911766981  0.9995761106  -0.02911355547
19  29  1.94203315e-16  -0.01115445003  0.9999377898  -0.01115421872
19  30  -1.227305791e-16  0.005974599051  0.9999821521  0.005974563506
19  31  -2.772413938e-16  0.007682931221  0.9999704864  0.007682855638
19  32  -9.674834193e-17  -0.000210009393  0.9999999779  -0.0002100093914
19  33  -3.871088014e-17  -0.01573964941  0.9998761343  -0.01573899953
19  34  5.32102833e-18  -0.01799618494  0.999838073  -0.01799521357
19  35  7.320123549e-19  -0.01917559523  0.9998161539  -0.0191744201
19  36  7.320123549e-19  -0.01917559523  0.9998161539  -0.0191744201

20  0  1.154798817e-17  -0.02558732582  0.9996726622  -0.02558453386
20  1  -1.455442506e-17  -0.02083414526  0.999782977  -0.02083263808
20  2  -1.657745783e-16  -0.06824598706  0.9976721463  -0.06819302328
20  3  -2.356269901e-16  -0.1526085273  0.9883779009  -0.1520168575
20  4  -1.530119568e-18  -0.1365374438  0.9906932351  -0.1361136065
20  5  -1.013003754e-16  -0.05850123016  0.998289291  -0.05846786682
20  6  -1.630484029e-16  -0.02047488057  0.999790397  -0.02047345002
20  7  2.261938983e-16  -0.01003370253  0.9999496628  -0.01003353417
20  8  3.302537977e-16  -0.01108032107  0.9999386139  -0.01108009434
20  9  8.269026802e-17  0.01491844162  0.9998887221  0.01491788825
20  10  9.215910206e-17  0.07165524235  0.9974338614  0.07159393943
20  11  -2.347400123e-16  -0.00253596983  0.9999967844  -0.002535967112
20  12  1.921469517e-16  -0.009894317724  0.9999510516  -0.009894156286
20  13  -6.989945307e-17  -0.01460642111  0.9998933281  -0.01460590174
20  14  -1.398797528e-16  -0.04402389989  0.9990311046  -0.04400968078
20  15  1.832049585e-16  -0.1211709678  0.9926677761  -0.1208746719
20  16  3.821957675e-18  -0.1610513499  0.9870592386  -0.1603560397
20  17  2.104962826e-16  -0.08630575397  0.9962779696  -0.08619864983
20  18  -2.121469723e-16  -0.0304266413  0.9995371455  -0.03042194679
20  19  5.600920561e-17  -0.01826413337  0.9998332154  -0.01826311796
20  20  4.496023643e-17  -0.0217770601  0.9997628892  -0.02177533888
20  21  -1.305127315e-16  -0.01376824552  0.9999052192  -0.01376781053
20  22  -6.445517231e-17  -0.005716345314  0.9999836617  -0.005716314182
20  23  1.463110975e-16  0.05144395896  0.9986770513  0.05142127105
20  24  6.40009682e-17  0.1652578134  0.9863759761  0.1645066374
20  25  1.880531903e-16  0.06629486907  0.9978032999  0.06624631864
20  26  2.840899979e-17  -0.02808657617  0.999605598  -0.02808288361
20  27  8.726938629e-17  -0.07597017929  0.9971156536  -0.07589712379
20  28  2.720031356e-17  -0.07681353113  0.997051291  -0.07673801603
20  29  2.628605237e-16  -0.0356736589  0.9993637625  -0.03566609294
20  30  1.161142835e-16  0.009476308217  0.9999551001  0.009476166388
20  31  -9.288938637e-17  0.07736794959  0.9970085928  0.07729078784
20  32  2.063560952e-17  0.1272542996  0.9919140922  0.1269111255
20  33  4.950785515e-17  0.02827534417  0.9996002791  0.02827157665
20  34  -1.78686391e-18  -0.01047966608  0.9999450888  -0.01047947426
20  35  1.52749524e-16  -0.02130726309  0.9997730089  -0.02130565088
20  36  1.52749524e-16  -0.02130726309  0.9997730089  -0.02130565088

21  0  1.356247277e-16  -0.01361860894  0.9999072682  -0.01361818798
21  1  -2.866341395e-16  -0.01778035982  0.9998419336  -0.01777942298
21  2  -1.584929435e-16  -0.03008860917  0.9995473719  -0.03008406939
21  3  -1.59285623e-16  -0.03867348299  0.9992522741  -0.03866384345
21  4  -1.105621252e-16  -0.03773966698  0.9992879433  -0.03773070896
21  5  -9.126515085e-17  -0.03739776711  0.999300785  -0.03738905035
21  6  -1.589362072e-16  -0.03343302447  0.9994411685  -0.03342679643
21  7  4.569704515e-17  -0.01864324925  0.9998262197  -0.01864216929
21  8  -1.183651534e-16  -0.007943532751  0.9999684503  -0.007943449213
21  9  -1.552137774e-16  -0.01017974834  0.9999481868  -0.01017957253
21  10  -8.52987836e-17  0.04983281484  0.9987586022  0.04981219235
21  11  -1.200948443e-16  0.01937310908  0.9998123472  0.01937189726
21  12  1.011245902e-16  -0.009659377384  0.9999533486  -0.009659227176
21  13  2.497947032e-16  -0.01172906499  0.9999312153  -0.01172879606
21  14  -1.091033108e-17  -0.03222665952  0.9994807661  -0.0322210816
21  15  1.384566656e-16  -0.04402389989  0.9990311046  -0.04400968078
21  16  -4.219512847e-16  -0.03894556345  0.9992417174  -0.03893571903
21  17  -1.547046189e-16  -0.03374718159  0.9994306179  -0.03374077633
21  18  -6.00233719e-17  -0.03007179723  0.9995478776  -0.03006726505
21  19  1.770321637e-16  -0.02135854835  0.9997719149  -0.02135692447
21  20  3.811750185e-18  -0.01376824552  0.9999052192  -0.01376781053
21  21  -2.085528487e-16  -0.006399751797  0.9999795217  -0.006399708112
21  22  -2.613101087e-16  0.02137864509  0.9997714855  0.02137701662
21  23  -2.572779081e-16  0.9264437522  0.6006809551  0.7994888306
21  24  1.724572936e-16  0.9962685134  0.5434384747  0.8394490003
21  25  1.21006857e-16  0.04382487946  0.9990398437  0.04381085232
21  26  -1.737513584e-16  0.00798724961  0.9999681021  0.007987164685
21  27  7.584117837e-17  0.003503593796  0.9999938624  0.003503586628
21  28  -3.963320285e-17  -0.0007378892742  0.9999997278  -0.0007378892073
21  29  -2.538646885e-16  0.004037549941  0.9999918491  0.004037538971
21  30  -6.673138985e-17  0.01422932326  0.9998987649  0.01422884309
21  31  -1.430592031e-16  0.04807561123  0.9988445904  0.04805709413
21  32  -1.755817841e-16  0.5719564368  0.8408436086  0.541278141
21  33  -2.127880532e-16  1.167991169  0.3920005282  0.9199649917
21  34  -1.504777969e-16  0.1965519527  0.9807457717  0.1952888406
21  35  -1.350084611e-16  -0.006353100465  0.9999798191  -0.006353057728
21  36  -1.350084611e-16  -0.006353100465  0.9999798191  -0.006353057728

22  0  4.269953541e-17  0.015562515  0.9998789065  0.01556188682
22  1  -2.136405501e-16  0.01740171606  0.999848594  0.01740083781
22  2  -4.998273174e-17  -0.007398140108  0.9999726339  -0.007398072622
22  3  1.763604846e-16  -0.008917976215  0.9999602351  -0.008917858007
22  4  1.390741566e-16  -0.005881891972  0.9999827017  -0.005881858056
22  5  -1.563129295e-16  -0.002721392265  0.999996297  -0.002721388906
22  6  -1.714944016e-16  -0.009536957175  0.9999545236  -0.009536812606
22  7  -2.008186613e-16  -0.01398115473  0.9999022652  -0.01398069925
22  8  5.386801491e-17  0.003511454004  0.9999938349  0.003511446788
22  9  4.250419836e-17  0.03329256322  0.9994458538  0.03328641335
22  10  -6.374689818e-19  0.007608915284  0.9999710523  0.007608841864
22  11  1.875361524e-17  0.02584389355  0.9996660652  0.02584101677
22  12  4.723133728e-17  0.01080948977  0.999941578  0.01080927926
22  13  2.028915164e-16  0.02509907487  0.9996850348  0.0250964397
22  14  5.334895377e-18  -0.01172906499  0.9999312153  -0.01172879606
22  15  -2.137757258e-16  -0.01460642111  0.9998933281  -0.01460590174
22  16  6.820589949e-17  -0.006583663518  0.9999783278  -0.006583615957
22  17  -5.853416087e-17  -0.002231614367  0.9999975099  -0.002231612515
22  18  -5.587578471e-17  -0.006963474992  0.9999757551  -0.006963418716
22  19  -8.203938514e-18  -0.009433149481  0.9999555082  -0.009433009581
22  20  -1.667679674e-17  -0.005716345314  0.9999836617  -0.005716314182
22  21  -8.844060891e-17  0.02137864509  0.9997714855  0.02137701662
22  22  6.062543127e-17  0.03743147914  0.999299524  0.03742273878
22  23  -1.329258462e-16  0.08641966151  0.9962681445  0.08631213284
22  24  2.003477905e-16  0.05798717854  0.9983192146  0.0579546869
22  25  2.000553166e-16  0.04081166603  0.9991673195  0.04080033771
22  26  -1.231864488e-16  0.02534506001  0.9996788312  0.0253423466
22  27  1.082855544e-16  0.01199889946  0.9999280141  0.01199861154
22  28  2.271234536e-17  0.004966964693  0.9999876647  0.00496694427
22  29  -6.700292603e-17  0.004213389341  0.9999911237  0.004213376875
22  30  -3.99819352e-17  0.009401804515  0.9999558034  0.009401666005
22  31  4.725853918e-17  0.01995316135  0.9998009423  0.01995183739
22  32  -7.345348334e-18  0.03199334458  0.9994882566  0.03198788693
22  33  -2.757902979e-16  0.04742050142  0.9988758587  0.04740273097
22  34  -6.770002914e-17  0.0857098791  0.9963291564  0.08560497756
22  35  1.123317435e-16  0.04813035173  0.9988419582  0.04811177131
22  36  1.123317435e-16  0.04813035173  0.9988419582  0.04811177131

23  0  1.509435041e-16  0.4001006528  0.9210217933  0.3895110477
23  1  -7.238013697e-17  0.2290251324  0.9738881802  0.2270282195
23  2  -1.160521909e-16  0.781285205  0.7100090929  0.7041925078
23  3  2.913625046e-16  0.02499361477  0.9996876759  0.02499101268
23  4  2.092297917e-17  0.0009687945966  0.9999995307  0.0009687944451
23  5  -2.387745958e-16  -0.003091062057  0.9999952227  -0.003091057135
23  6  -1.184264186e-16  -0.0008689516584  0.9999996225  -0.0008689515491
23  7  1.97206094e-16  -0.005822240796  0.9999830508  -0.005822207902
23  8  5.270713036e-17  -0.01005623769  0.9999494365  -0.01005606819
23  9  2.561243024e-18  0.009989097731  0.9999501094  0.009988931609
23  10  -3.683007657e-16  0.04122601984  0.999150328  0.04121434298
23  11  1.778233034e-17  -0.6040575058  0.8230377872  -0.5679866203
23  12  1.571165962e-16  -0.6145094721  0.8170563629  -0.5765578027
23  13  3.691769311e-17  0.01080948977  0.999941578  0.01080927926
23  14  -7.192492663e-17  -0.009659377384  0.9999533486  -0.009659227175
23  15  -4.530947523e-16  -0.009894317724  0.9999510516  -0.009894156286
23  16  -1.880672075e-17  -0.003972713365  0.9999921088  -0.003972702916
23  17  6.606339201e-17  -0.001325109761  0.999999122  -0.001325109373
23  18  -1.07686187e-16  -0.00139223705  0.9999990308  -0.0013922366
23  19  3.286850419e-16  0.00437333704  0.999990437  0.0043733231
23  20  3.253392805e-16  0.05144395896  0.9986770513  0.05142127105
23  21  2.325103829e-16  0.9264437522  0.6006809551  0.7994888306
23  22  7.426721084e-17  0.08641966151  0.9962681445  0.08631213284
23  23  -1.206989553e-16  0.7413720813  0.737542686  0.6753005155
23  24  -4.260786775e-17  0.6990943536  0.765425307  0.6435247466
23  25  1.295828506e-16  0.03731634415  0.999303826  0.03730768419
23  26  -3.473424541e-17  0.005585175068  0.999984403  0.005585146031
23  27  1.908616215e-16  0.0004138666874  0.9999999144  0.0004138666756
23  28  2.341325993e-17  -0.001794123398  0.9999983906  -0.001794122436
23  29  -1.018155034e-16  -0.002664902129  0.9999964492  -0.002664898975
23  30  -1.041096063e-16  -0.002018065859  0.9999979637  -0.00201806449
23  31  4.071203203e-17  5.128247857e-05  0.9999999987  5.128247854e-05
23  32  1.300962359e-16  0.003776784172  0.999992868  0.003776775193
23  33  1.50391612e-16  0.01560964357  0.999878172  0.01560900966
23  34  -2.600392504e-16  0.1009934687  0.9949044929  0.1008218727
23  35  -6.343781394e-17  0.9910965529  0.5477727842  0.8366271433
23  36  -6.343781394e-17  0.9910965529  0.5477727842  0.8366271433

24  0  -2.772540172e-16  0.7352352123  0.7416730026  0.6707616248
24  1  -5.260267068e-17  0.1073886711  0.994239376  0.1071823832
24  2  -1.612014084e-17  0.4428498487  0.9035341278  0.4285161372
24  3  2.118075029e-16  0.68537289  0.7741830758  0.6329617406
24  4  8.127161749e-17  0.06630672274  0.9978025146  0.06625814627
24  5  -7.427818569e-17  -0.002452082165  0.9999969936  -0.002452079708
24  6  -1.551516694e-16  -0.02657677763  0.9996468582  -0.0265736491
24  7  -1.02632018e-16  -0.006208860975  0.9999807251  -0.006208821083
24  8  1.492326662e-17  -0.005405284611  0.9999853915  -0.00540525829
24  9  3.558521829e-16  -0.002032257408  0.999997935  -0.002032256009
24  10  1.890678715e-16  0.03634138067  0.9993397247  0.03633338188
24  11  1.674447982e-16  0.06991296439  0.997557084  0.06985602461
24  12  -5.474959333e-17  -0.6040575058  0.8230377872  -0.5679866203
24  13  4.36757018e-17  0.02584389355  0.9996660652  0.02584101676
24  14  -6.140043882e-17  0.01937310908  0.9998123472  0.01937189726
24  15  -1.736798777e-16  -0.00253596983  0.9999967844  -0.002535967112
24  16  -3.34975945e-16  -0.004230405679  0.9999910518  -0.00423039306
24  17  -6.609666822e-17  -0.01816984001  0.999834933  -0.01816884026
24  18  -2.964759458e-16  -0.01828717963  0.9998327942  -0.01828616038
24  19  -2.681934863e-17  0.01103675425  0.9999390956  0.01103653019
24  20  1.404922286e-16  0.1652578134  0.9863759761  0.1645066374
24  21  1.074133256e-16  0.9962685134  0.5434384747  0.8394490003
24  22  3.730201375e-16  0.05798717854  0.9983192146  0.0579546869
24  23  2.869351952e-16  0.6990943536  0.765425307  0.6435247466
24  24  -3.617465163e-17  0.2296494  0.9737462641  0.2276361421
24  25  3.590717866e-17  -0.01872526172  0.9998246874  -0.01872416745
24  26  2.338077794e-16  -0.01334988033  0.9999108917  -0.0133494838
24  27  -3.370623107e-17  -0.003127038727  0.9999951108  -0.003127033631
24  28  -1.687420423e-16  -0.001203846518  0.9999992754  -0.001203846227
24  29  1.481776628e-16  -0.001531787726  0.9999988268  -0.001531787127
24  30  6.73371052e-17  -0.001559100396  0.9999987846  -0.001559099764
24  31  -8.599862171e-17  -0.0008758591331  0.9999996164  -0.0008758590211
24  32  2.539184704e-16  -0.0005430265869  0.9999998526  -0.0005430265602
24  33  -4.542413834e-17  -0.004589105787  0.9999894701  -0.004589089679
24  34  1.508207477e-16  -0.01733442653  0.9998497626  -0.01733355843
24  35  -3.381296902e-17  0.1008841758  0.9949155061  0.1007131361
24  36  -3.381296902e-17  0.1008841758  0.9949155061  0.1007131361

25  0  5.175840599e-17  -0.084570209  0.9964260707  -0.08446943566
25  1  2.285131937e-18  0.01752488987  0.999846443  0.01752399283
25  2  -8.440334779e-17  0.0331448694  0.9994507591  0.03313880101
25  3  -4.662718609e-17  0.01192893675  0.9999288511  0.01192865384
25  4  7.865407508e-18  0.06935146883  0.9975961506  0.06929588976
25  5  2.772230232e-16  0.05017148702  0.9987416749  0.05015044124
25  6  1.494936134e-16  -0.04190755777  0.9991220068  -0.04189529221
25  7  5.790142215e-17  -0.136908313  0.9906426867  -0.1364810147
25  8  4.793195568e-17  0.002358040966  0.9999972198  0.002358038781
25  9  2.371240108e-16  0.04378344747  0.999041658  0.04376946007
25  10  1.849154284e-16  0.08516424908  0.9963757167  0.08506133774
25  11  3.611407269e-16  0.03634138067  0.9993397247  0.03633338188
25  12  1.042288933e-16  0.04122601984  0.999150328  0.04121434298
25  13  -7.437572275e-17  0.007608915284  0.9999710523  0.007608841864
25  14  -4.39390841e-16  0.04983281484  0.9987586022  0.04981219235
25  15  -6.184396922e-17  0.07165524235  0.9974338614  0.07159393943
25  16  5.806504361e-17  0.03198633296  0.9994884809  0.03198087891
25  17  3.407603015e-16  -0.06615471112  0.997812575  -0.06610646792
25  18  4.649266437e-17  -0.1161387832  0.9932634686  -0.115877875
25  19  1.894475048e-16  0.006108546666  0.9999813429  0.006108508677
25  20  2.255084387e-16  0.06629486906  0.9978032999  0.06624631864
25  21  1.667159978e-16  0.04382487946  0.9990398437  0.04381085232
25  22  2.425854515e-16  0.04081166603  0.9991673195  0.04080033771
25  23  -1.131307922e-16  0.03731634415  0.999303826  0.03730768419
25  24  -4.613104349e-16  -0.01872526172  0.9998246874  -0.01872416745
25  25  -1.90676025e-17  -0.1412593696  0.9900394747  -0.1407900515
25  26  4.292009799e-17  -0.2429105495  0.9706420163  -0.2405287429
25  27  -1.218295334e-16  0.0002052039219  0.9999999789  0.0002052039205
25  28  -2.512792518e-16  0.01152607168  0.9999335756  0.01152581647
25  29  2.936992304e-16  0.01043336603  0.9999455729  0.01043317674
25  30  1.778162481e-17  0.009767387098  0.9999522995  0.009767231795
25  31  1.364185683e-17  0.01069433676  0.9999428161  0.01069413292
25  32  -9.352534187e-17  0.01350721018  0.999908779  0.01350679946
25  33  -2.195469646e-16  0.01712674523  0.9998533409  0.01712590796
25  34  2.256562043e-16  -0.007199384021  0.9999740845  -0.007199321829
25  35  1.675729658e-16  -0.3207934635  0.9489855222  -0.3153196452
25  36  1.675729658e-16  -0.3207934635  0.9489855222  -0.3153196452

26  0  2.097991473e-16  -1.280518991  0.2862179694  -0.9581645339
26  1  2.020339357e-16  -0.005296459831  0.9999859738  -0.005296435068
26  2  -3.167264844e-16  -0.0001972645197  0.9999999805  -0.0001972645185
26  3  4.102973146e-17  0.01430207945  0.999897727  0.01430159187
26  4  -1.034334166e-16  0.009531383952  0.9999545767  0.009531239636
26  5  7.099247744e-17  -0.02755545364  0.9996203725  -0.02755196661
26  6  1.258448133e-16  -0.004654394059  0.9999891683  -0.004654377254
26  7  -2.518646988e-16  -0.127028318  0.9919427464  -0.1266869679
26  8  -2.339147981e-16  -0.4045406554  0.9192832906  -0.3935965341
26  9  -2.534250487e-16  -2.990657246  -0.9886308599  -0.1503629707
26  10  1.748557457e-16  0.04378344747  0.999041658  0.04376946007
26  11  4.2048761e-17  -0.002032257408  0.999997935  -0.002032256009
26  12  8.151324054e-17  0.009989097731  0.9999501094  0.009988931609
26  13  -7.664035964e-17  0.03329256322  0.9994458538  0.03328641335
26  14  1.43982825e-16  -0.01017974834  0.9999481868  -0.01017957253
26  15  2.088036259e-16  0.01491844162  0.9998887221  0.01491788825
26  16  4.165996902e-17  0.07982742273  0.9968154829  0.07974266746
26  17  1.165830561e-16  2.900766415  -0.9711412443  0.2385051018
26  18  7.1659143e-17  -0.186415551  0.9826748802  -0.1853377451
26  19  -8.869714144e-17  -0.0182229811  0.9998339661  -0.01822197254
26  20  -4.611384378e-17  -0.02808657617  0.999605598  -0.02808288361
26  21  1.13471051e-16  0.00798724961  0.9999681021  0.007987164684
26  22  2.458862954e-16  0.02534506001  0.9996788312  0.0253423466
26  23  1.666693962e-16  0.005585175068  0.999984403  0.005585146031
26  24  1.853053493e-18  -0.01334988033  0.9999108917  -0.0133494838
26  25  1.547305517e-16  -0.2429105495  0.9706420163  -0.2405287429
26  26  6.047796833e-17  -2.060710425  -0.470550092  -0.8823732832
26  27  1.479900485e-17  -0.05169948751  0.9986638791  -0.05167645987
26  28  -4.205301986e-16  -0.006355635923  0.999979803  -0.006355593135
26  29  1.081710636e-16  0.00365032176  0.9999933376  0.003650313653
26  30  -8.004334262e-17  0.007612827038  0.9999710226  0.007612753504
26  31  2.818159029e-16  0.008702168695  0.9999621364  0.008702058863
26  32  -6.452108181e-17  0.007397845346  0.9999726361  0.007397777868
26  33  1.483956771e-16  0.00295622362  0.9999956304  0.002956219314
26  34  9.130672525e-17  -0.01130771048  0.9999360685  -0.0113074695
26  35  3.470796535e-17  -1.082791029  0.468864962  -0.883269861
26  36  3.470796535e-17  -1.082791029  0.468864962  -0.883269861

27  0  3.100850496e-16  -0.06962648257  0.9975770555  -0.06957023978
27  1  1.873071337e-16  -0.01371628413  0.9999059332  -0.01371585405
27  2  1.240067332e-16  0.01086890266  0.9999409341  0.01086868866
27  3  1.772350727e-16  -0.0005435883568  0.9999998523  -0.0005435883301
27  4  1.409659519e-16  0.005547263304  0.999984614  0.005547234854
27  5  1.680974411e-16  0.007819195714  0.9999694302  0.007819116037
27  6  -3.097096291e-16  -0.04586826584  0.9989482355  -0.04585218384
27  7  -4.286800288e-16  -0.05584560316  0.9984410395  -0.05581657978
27  8  2.606757573e-16  -0.0278182089  0.9996130986  -0.02781462118
27  9  -1.198989519e-17  -0.4045406554  0.9192832906  -0.3935965341
27  10  2.475661075e-16  0.002358040964  0.9999972198  0.002358038779
27  11  -1.670970016e-17  -0.005405284611  0.9999853915  -0.00540525829
27  12  -3.486537267e-17  -0.01005623769  0.9999494365  -0.01005606819
27  13  -4.211500785e-16  0.003511454005  0.9999938349  0.003511446788
27  14  1.504431716e-16  -0.007943532751  0.9999684503  -0.007943449212
27  15  1.414143888e-16  -0.01108032107  0.9999386139  -0.01108009434
27  16  1.569115932e-16  0.0002520123396  0.9999999682  0.0002520123369
27  17  -1.236253303e-16  -0.3415625149  0.9422324363  -0.3349597526
27  18  1.546404811e-16  -0.08132926897  0.9966945976  -0.08123964055
27  19  8.867001052e-17  -0.03499384272  0.999387778  -0.03498670109
27  20  -2.181375871e-16  -0.07597017929  0.9971156536  -0.07589712379
27  21  -7.25764714e-17  0.003503593796  0.9999938624  0.003503586628
27  22  2.057470035e-16  0.01199889946  0.9999280141  0.01199861154
27  23  -7.538535526e-17  0.0004138666873  0.9999999144  0.0004138666755
27  24  2.293995316e-17  -0.003127038727  0.9999951108  -0.003127033631
27  25  -1.79401917e-16  0.0002052039222  0.9999999789  0.0002052039208
27  26  -6.814008221e-17  -0.05169948751  0.9986638791  -0.05167645987
27  27  3.313854833e-17  -0.03438133195  0.9994090202  -0.03437455879
27  28  -1.974191694e-16  -0.01611759979  0.9998701143  -0.01611690197
27  29  -7.286138228e-17  -0.007288853806  0.9999734364  -0.007288789266
27  30  3.882582059e-17  -0.002679528118  0.9999964101  -0.002679524911
27  31  1.370798156e-16  -0.0008177115955  0.9999996657  -0.0008177115043
27  32  5.711706798e-17  -0.001384189078  0.999999042  -0.001384188636
27  33  6.067836189e-17  -0.004550225028  0.9999896477  -0.004550209326
27  34  -1.769642226e-17  -0.01135372276  0.9999355472  -0.01135347883
27  35  -7.905165583e-17  -0.02664492238  0.9996450451  -0.02664176973
27  36  -7.905165583e-17  -0.02664492238  0.9996450451  -0.02664176973

28  0  -4.581009945e-17  -0.01465782493  0.999892576  -0.01465730006
28  1  -1.646476482e-17  -0.01870738295  0.999825022  -0.01870629181
28  2  -1.215215041e-16  0.008157331739  0.9999667292  0.008157241272
28  3  2.634526679e-16  0.007852241239  0.9999691713  0.007852160547
28  4  1.253450087e-16  -0.001566992496  0.9999987723  -0.001566991855
28  5  -1.001905569e-16  0.001104762485  0.9999993897  0.00110476226
28  6  5.758705424e-17  0.003918312037  0.9999923234  0.00391830201
28  7  -3.850366181e-17  -0.0514870569  0.9986748343  -0.05146431193
28  8  -1.959267491e-16  -0.05584560316  0.9984410395  -0.05581657978
28  9  -4.911124092e-16  -0.127028318  0.9919427464  -0.1266869679
28  10  -1.976781691e-16  -0.136908313  0.9906426867  -0.1364810147
28  11  -1.425235261e-16  -0.006208860975  0.9999807251  -0.006208821083
28  12  -3.629202147e-16  -0.005822240796  0.9999830508  -0.005822207902
28  13  -2.193253341e-16  -0.01398115473  0.9999022652  -0.01398069925
28  14  1.986690522e-16  -0.01864324925  0.9998262197  -0.01864216929
28  15  -9.048280444e-18  -0.01003370253  0.9999496628  -0.01003353417
28  16  2.255884585e-16  -0.00583336521  0.999982986  -0.005833332127
28  17  -4.553497934e-17  -0.07023919504  0.9975342417  -0.07018145459
28  18  -2.190386587e-18  -0.1941910123  0.9812041032  -0.1929728162
28  19  1.758401078e-18  -0.02911766981  0.9995761106  -0.02911355547
28  20  3.049642476e-17  -0.07681353113  0.997051291  -0.07673801603
28  21  2.381361567e-16  -0.0007378892742  0.9999997278  -0.0007378892072
28  22  2.769110761e-16  0.004966964693  0.9999876647  0.00496694427
28  23  2.802904397e-16  -0.001794123398  0.9999983906  -0.001794122436
28  24  1.370843127e-16  -0.001203846518  0.9999992754  -0.001203846227
28  25  2.467593453e-16  0.01152607168  0.9999335756  0.01152581647
28  26  1.663448143e-16  -0.006355635923  0.999979803  -0.006355593134
28  27  -1.902848123e-16  -0.01611759979  0.9998701143  -0.01611690197
28  28  1.572972413e-16  -0.01040713705  0.9999458462  -0.01040694919
28  29  -1.822231724e-17  -0.006018113121  0.9999818912  -0.006018076794
28  30  4.457647037e-16  -0.003365950751  0.9999943352  -0.003365944395
28  31  8.535790108e-17  -0.001929192431  0.9999981391  -0.001929191234
28  32  1.815997194e-17  -0.00161041228  0.9999987033  -0.001610411584
28  33  3.07334788e-16  -0.002454300185  0.9999969882  -0.002454297721
28  34  -6.882218565e-18  -0.004552733671  0.9999896363  -0.004552717943
28  35  -2.016791604e-16  -0.008298904069  0.9999655643  -0.008298808809
28  36  -2.016791604e-16  -0.008298904069  0.9999655643  -0.008298808809

29  0  -2.9654816e-16  -0.005561097443  0.9999845371  -0.00556106878
29  1  -3.292143107e-17  -0.007613156949  0.9999710201  -0.007613083406
29  2  9.094572326e-17  -0.005330654457  0.9999857921  -0.005330629211
29  3  1.219674907e-16  0.01083256838  0.9999413283  0.01083235653
29  4  1.704599339e-16  0.005106384475  0.9999869624  0.005106362283
29  5  2.736644153e-16  -0.002446863551  0.9999970064  -0.002446861109
29  6  -8.608172604e-17  -0.0002956491372  0.9999999563  -0.0002956491329
29  7  -9.100615749e-17  0.003918312037  0.9999923234  0.00391830201
29  8  -4.347452263e-17  -0.04586826584  0.9989482355  -0.04585218384
29  9  7.230175618e-19  -0.004654394056  0.9999891683  -0.004654377251
29  10  -2.167377922e-16  -0.04190755778  0.9991220068  -0.04189529221
29  11  -9.503340257e-17  -0.02657677763  0.9996468582  -0.0265736491
29  12  -1.224237914e-16  -0.0008689516588  0.9999996225  -0.0008689515495
29  13  -2.333808065e-16  -0.009536957176  0.9999545236  -0.009536812606
29  14  2.742480253e-16  -0.03343302447  0.9994411685  -0.03342679643
29  15  -5.166376453e-17  -0.02047488057  0.999790397  -0.02047345002
29  16  -1.450355326e-16  -0.003114711168  0.9999951493  -0.003114706132
29  17  -1.781481452e-17  -0.01469058254  0.9998920953  -0.01469005415
29  18  2.350694224e-16  -0.05787660286  0.9983256169  -0.05784429672
29  19  5.470739357e-18  -0.01115445003  0.9999377898  -0.01115421872
29  20  -6.235961287e-17  -0.0356736589  0.9993637625  -0.03566609294
29  21  1.72181664e-16  0.004037549941  0.9999918491  0.004037538971
29  22  7.148391256e-17  0.004213389341  0.9999911237  0.004213376875
29  23  -2.657129514e-16  -0.002664902129  0.9999964492  -0.002664898975
29  24  -9.205274382e-17  -0.001531787726  0.9999988268  -0.001531787127
29  25  3.935279917e-17  0.01043336603  0.9999455729  0.01043317674
29  26  -1.162163512e-17  0.00365032176  0.9999933376  0.003650313653
29  27  1.279716764e-17  -0.007288853806  0.9999734364  -0.007288789266
29  28  -9.247605312e-17  -0.006018113121  0.9999818912  -0.006018076794
29  29  -2.143499158e-16  -0.004931523803  0.9999878401  -0.004931503814
29  30  -2.165415398e-16  -0.006300167452  0.999980154  -0.006300125774
29  31  8.608539228e-17  -0.00892505734  0.9999601719  -0.008924938851
29  32  3.241096196e-16  -0.01049528446  0.999944925  -0.01049509178
29  33  -3.17357631e-17  -0.01024083256  0.9999475631  -0.01024065357
29  34  -3.584456875e-16  -0.008252968739  0.9999659444  -0.008252875052
29  35  -2.670902723e-17  -0.005860324982  0.9999828283  -0.005860291439
29  36  -2.670902723e-17  -0.005860324982  0.9999828283  -0.005860291439

30  0  -1.591716097e-16  -0.02236300311  0.9997499585  -0.02236113919
30  1  -2.631021758e-16  -0.004535560464  0.9999897144  -0.004535544913
30  2  2.633101865e-16  -0.003687745251  0.9999932003  -0.003687736893
30  3  2.153780851e-17  0.0002875660389  0.9999999587  0.000287566035
30  4  2.963264843e-17  0.01130852081  0.9999360594  0.01130827978
30  5  2.201350082e-16  0.00415212214  0.99999138  0.004152110209
30  6  -1.596580812e-16  -0.002446863551  0.9999970064  -0.002446861109
30  7  -2.023987734e-17  0.001104762484  0.9999993897  0.00110476226
30  8  1.246223588e-16  0.007819195714  0.9999694302  0.007819116037
30  9  1.664269697e-16  -0.02755545364  0.9996203725  -0.02755196661
30  10  3.406531438e-17  0.05017148702  0.9987416749  0.05015044124
30  11  8.068457619e-17  -0.002452082166  0.9999969936  -0.002452079709
30  12  1.377025199e-16  -0.003091062057  0.9999952227  -0.003091057135
30  13  3.749440358e-17  -0.002721392265  0.999996297  -0.002721388906
30  14  -4.592335713e-17  -0.03739776711  0.999300785  -0.03738905035
30  15  4.649979161e-17  -0.05850123016  0.998289291  -0.05846786682
30  16  -5.224088485e-17  -0.01089545414  0.9999406451  -0.01089523857
30  17  -9.344197941e-17  0.0002914019824  0.9999999575  0.0002914019783
30  18  1.748818891e-17  -0.008166936844  0.9999666508  -0.008166846057
30  19  1.241807113e-16  0.005974599051  0.9999821521  0.005974563506
30  20  6.178834229e-17  0.009476308217  0.9999551001  0.009476166388
30  21  8.140409979e-17  0.01422932326  0.9998987649  0.01422884309
30  22  -4.09277668e-17  0.009401804515  0.9999558034  0.009401666005
30  23  -3.772952552e-17  -0.002018065859  0.9999979637  -0.00201806449
30  24  1.635569588e-16  -0.001559100396  0.9999987846  -0.001559099764
30  25  -3.482259767e-16  0.009767387099  0.9999522995  0.009767231795
30  26  2.708128802e-16  0.007612827038  0.9999710226  0.007612753504
30  27  1.333592522e-16  -0.002679528118  0.9999964101  -0.002679524911
30  28  1.010950066e-17  -0.003365950751  0.9999943352  -0.003365944395
30  29  8.158208478e-18  -0.006300167452  0.999980154  -0.006300125774
30  30  -1.519005408e-16  -0.03793688006  0.9992804829  -0.03792778088
30  31  1.791953053e-16  -0.2401884915  0.9712931527  -0.2378857112
30  32  -1.056596921e-16  -0.3157723152  0.9505568194  -0.3105506933
30  33  -9.101105893e-17  -0.260758583  0.9661946832  -0.2578135648
30  34  -1.293841332e-16  -0.2999128565  0.9553622382  -0.2954369541
30  35  -8.563733535e-17  -0.1749769527  0.9847305514  -0.1740854423
30  36  -8.563733535e-17  -0.1749769527  0.9847305514  -0.1740854423

31  0  -1.792037932e-16  -0.5295502178  0.8630343631  -0.5051452148
31  1  -7.949095826e-17  -0.08952734321  0.9959951035  -0.08940779535
31  2  2.928739131e-16  -0.004295998499  0.9999907722  -0.004295985285
31  3  2.730195067e-16  -0.001867298457  0.9999982566  -0.001867297372
31  4  2.880166115e-16  0.001943385179  0.9999981116  0.001943383956
31  5  5.252448166e-16  0.01130852081  0.9999360594  0.01130827978
31  6  -2.256621557e-16  0.005106384474  0.9999869624  0.005106362282
31  7  -2.165356677e-16  -0.001566992496  0.9999987723  -0.001566991855
31  8  1.13177348e-16  0.005547263304  0.999984614  0.005547234854
31  9  7.746103045e-17  0.009531383952  0.9999545767  0.009531239636
31  10  -2.175461035e-16  0.06935146884  0.9975961506  0.06929588977
31  11  -1.256634947e-17  0.06630672274  0.9978025146  0.06625814627
31  12  3.31350666e-17  0.0009687945967  0.9999995307  0.0009687944452
31  13  5.235264131e-18  -0.005881891972  0.9999827017  -0.005881858056
31  14  -1.268281697e-16  -0.03773966698  0.9992879433  -0.03773070896
31  15  3.359735524e-17  -0.1365374438  0.9906932351  -0.1361136065
31  16  9.149093129e-17  -0.07541550249  0.9971575986  -0.07534403523
31  17  1.798792514e-16  -0.009199779774  0.9999576823  -0.009199650002
31  18  2.967999926e-16  -0.001660050615  0.9999986221  -0.001660049852
31  19  1.396726021e-16  0.007682931221  0.9999704864  0.007682855638
31  20  2.119297953e-16  0.07736794958  0.9970085928  0.07729078784
31  21  1.668868765e-16  0.04807561123  0.9988445904  0.04805709413
31  22  5.316450179e-16  0.01995316135  0.9998009423  0.01995183739
31  23  4.218913914e-17  5.12824786e-05  0.9999999987  5.128247857e-05
31  24  1.778543502e-16  -0.0008758591333  0.9999996164  -0.0008758590213
31  25  3.564384917e-18  0.01069433676  0.9999428161  0.01069413292
31  26  -1.431069769e-17  0.008702168696  0.9999621364  0.008702058863
31  27  1.217826755e-16  -0.0008177115954  0.9999996657  -0.0008177115043
31  28  1.743458948e-16  -0.001929192431  0.9999981391  -0.001929191234
31  29  -2.046893178e-16  -0.00892505734  0.9999601719  -0.008924938851
31  30  -1.353190748e-16  -0.2401884915  0.9712931527  -0.2378857112
31  31  1.379618203e-16  -0.7470834103  0.7336738146  -0.6795018276
31  32  -2.172020138e-16  -0.1373221644  0.990586119  -0.1368909819
31  33  -4.791296116e-16  -0.0567198165  0.9983918624  -0.05668940882
31  34  -1.885874573e-16  -0.1010680836  0.9948969673  -0.1008961071
31  35  1.858029354e-16  -0.4242310712  0.9113555089  -0.411620136
31  36  1.858029354e-16  -0.4242310712  0.9113555089  -0.411620136

32  0  -2.835701207e-16  -0.05594188096  0.998435661  -0.05591270722
32  1  1.734256816e-16  -0.302365676  0.9546347115  -0.2977793942
32  2  -1.315600735e-16  -0.1067025772  0.9943126791  -0.1065002165
32  3  -2.955606653e-16  -0.004231670245  0.9999910465  -0.004231657616
32  4  1.152543787e-16  -0.001867298457  0.9999982566  -0.001867297372
32  5  -3.941737151e-17  0.0002875660387  0.9999999587  0.0002875660348
32  6  -1.849124925e-17  0.01083256838  0.9999413283  0.01083235653
32  7  -1.370153172e-16  0.00785224124  0.9999691713  0.007852160548
32  8  -5.202904929e-17  -0.000543588357  0.9999998523  -0.0005435883303
32  9  -3.813090454e-17  0.01430207945  0.999897727  0.01430159187
32  10  -1.371663341e-18  0.01192893675  0.9999288511  0.01192865384
32  11  -1.085156153e-16  0.68537289  0.7741830758  0.6329617406
32  12  -9.459502685e-17  0.02499361477  0.9996876759  0.02499101268
32  13  -1.31474089e-16  -0.008917976214  0.9999602351  -0.008917858007
32  14  -8.54923501e-17  -0.03867348299  0.9992522741  -0.03866384345
32  15  -8.993808778e-17  -0.1526085273  0.9883779009  -0.1520168575
32  16  -1.326620223e-16  -0.1969264359  0.9806725706  -0.1956560997
32  17  -1.595711823e-16  -0.06298019447  0.998017403  -0.06293856752
32  18  -2.0181353e-16  -0.01520766419  0.9998843657  -0.01520707801
32  19  1.188829762e-16  -0.0002100093929  0.9999999779  -0.0002100093914
32  20  4.911975842e-16  0.1272542996  0.9919140922  0.1269111255
32  21  8.335837786e-17  0.5719564368  0.8408436086  0.541278141
32  22  3.659324178e-16  0.03199334458  0.9994882566  0.03198788693
32  23  1.418849108e-16  0.003776784172  0.999992868  0.003776775193
32  24  3.345518068e-16  -0.0005430265869  0.9999998526  -0.0005430265602
32  25  -7.317068462e-17  0.01350721018  0.999908779  0.01350679946
32  26  -1.527945705e-16  0.007397845345  0.9999726361  0.007397777867
32  27  -2.115806228e-16  -0.001384189078  0.999999042  -0.001384188636
32  28  -1.638797241e-16  -0.00161041228  0.9999987033  -0.001610411584
32  29  -1.510282103e-16  -0.01049528446  0.999944925  -0.01049509178
32  30  3.611299873e-17  -0.3157723152  0.9505568194  -0.3105506933
32  31  1.123552463e-16  -0.1373221644  0.990586119  -0.1368909819
32  32  1.97121817e-16  -0.0105050298  0.9999448227  -0.01050483659
32  33  -4.646604546e-16  -0.003467089656  0.9999939897  -0.00346708271
32  34  -1.497344173e-16  -0.002943816685  0.999995667  -0.002943812433
32  35  3.177279195e-16  -0.006602937382  0.9999782007  -0.006602889402
32  36  3.177279195e-16  -0.006602937382  0.9999782007  -0.006602889402

33  0  1.248567589e-17  -0.00146337531  0.9999989293  -0.001463374788
33  1  -1.72189994e-16  -0.01655195243  0.9998630196  -0.01655119665
33  2  -2.235676095e-16  -0.2030036766  0.9794654192  -0.2016122332
33  3  2.011118484e-16  -0.1067025772  0.9943126791  -0.1065002165
33  4  2.071906133e-16  -0.004295998499  0.9999907722  -0.004295985285
33  5  -5.987529541e-17  -0.003687745251  0.9999932003  -0.003687736892
33  6  1.459255658e-16  -0.005330654456  0.9999857921  -0.005330629211
33  7  2.289616406e-16  0.00815733174  0.9999667292  0.008157241273
33  8  1.349386012e-16  0.01086890266  0.9999409341  0.01086868866
33  9  5.71779935e-17  -0.0001972645205  0.9999999805  -0.0001972645192
33  10  -1.314889895e-16  0.0331448694  0.9994507591  0.033138801
33  11  1.266587252e-16  0.4428498486  0.9035341278  0.4285161372
33  12  6.906269826e-18  0.781285205  0.7100090929  0.7041925078
33  13  1.478927688e-16  -0.007398140107  0.9999726339  -0.007398072621
33  14  5.116623543e-17  -0.03008860917  0.9995473719  -0.03008406939
33  15  4.897143419e-16  -0.06824598706  0.9976721463  -0.06819302328
33  16  1.322160321e-16  -0.1031162777  0.9946882258  -0.1029336362
33  17  -9.826042844e-17  -0.07425352052  0.9972444738  -0.07418530548
33  18  -4.314550485e-17  -0.0363187418  0.999340547  -0.03631075795
33  19  1.10165961e-16  -0.01573964941  0.9998761343  -0.01573899953
33  20  5.845937096e-17  0.02827534417  0.9996002791  0.02827157665
33  21  1.766255776e-16  1.167991169  0.3920005282  0.9199649917
33  22  -1.057789472e-17  0.04742050142  0.9988758587  0.04740273097
33  23  -1.623894814e-16  0.01560964356  0.999878172  0.01560900966
33  24  -1.347202442e-16  -0.004589105787  0.9999894701  -0.004589089679
33  25  1.373615847e-16  0.01712674523  0.9998533409  0.01712590796
33  26  1.131471951e-16  0.00295622362  0.9999956304  0.002956219314
33  27  -1.61097884e-16  -0.004550225028  0.9999896477  -0.004550209326
33  28  -1.032223811e-16  -0.002454300185  0.9999969882  -0.002454297721
33  29  -2.095057413e-16  -0.01024083256  0.9999475631  -0.01024065357
33  30  -4.470238128e-16  -0.260758583  0.9661946832  -0.2578135648
33  31  5.434981008e-18  -0.0567198165  0.9983918624  -0.05668940882
33  32  1.591037132e-16  -0.003467089656  0.9999939897  -0.00346708271
33  33  -4.605925469e-17  -0.0002259056585  0.9999999745  -0.0002259056566
33  34  -2.553050993e-16  0.0003803550378  0.9999999277  0.0003803550287
33  35  -1.476605682e-18  0.0001581259848  0.9999999875  0.0001581259841
33  36  -1.476605682e-18  0.0001581259848  0.9999999875  0.0001581259841

34  0  4.78476323e-17  0.0008172182356  0.9999996661  0.0008172181446
34  1  9.984162726e-17  -0.0007178732861  0.9999997423  -0.0007178732245
34  2  -2.520577541e-16  -0.01655195243  0.9998630196  -0.01655119665
34  3  3.963355923e-16  -0.302365676  0.9546347115  -0.2977793942
34  4  1.791221856e-16  -0.08952734321  0.9959951035  -0.08940779535
34  5  3.298068282e-17  -0.004535560464  0.9999897144  -0.004535544913
34  6  -1.622829561e-17  -0.007613156949  0.9999710201  -0.007613083406
34  7  1.093762393e-16  -0.01870738295  0.999825022  -0.01870629181
34  8  1.319704385e-16  -0.01371628413  0.9999059332  -0.01371585404
34  9  1.399982994e-16  -0.00529645983  0.9999859738  -0.005296435067
34  10  -4.906848405e-17  0.01752488986  0.999846443  0.01752399283
34  11  -2.549494094e-17  0.1073886711  0.994239376  0.1071823832
34  12  2.246382133e-16  0.2290251324  0.9738881802  0.2270282195
34  13  4.148007899e-16  0.01740171606  0.999848594  0.01740083781
34  14  2.104600606e-16  -0.01778035982  0.9998419336  -0.01777942298
34  15  1.171227918e-16  -0.02083414526  0.999782977  -0.02083263808
34  16  -2.302827786e-16  -0.01143375956  0.9999346353  -0.01143351044
34  17  -2.2461032e-16  -0.002342685088  0.9999972559  -0.002342682946
34  18  -2.772108401e-16  -0.01306150429  0.9999146998  -0.0130611329
34  19  -2.818774493e-16  -0.01799618494  0.999838073  -0.01799521357
34  20  -2.085720118e-16  -0.01047966608  0.9999450888  -0.01047947426
34  21  1.928371438e-16  0.1965519527  0.9807457717  0.1952888406
34  22  2.030410387e-16  0.0857098791  0.9963291564  0.08560497756
34  23  1.00460089e-16  0.1009934687  0.9949044929  0.1008218727
34  24  1.077925442e-16  -0.01733442653  0.9998497626  -0.01733355843
34  25  2.870003096e-16  -0.007199384021  0.9999740845  -0.007199321829
34  26  -2.263448755e-16  -0.01130771048  0.9999360685  -0.0113074695
34  27  -1.576681499e-17  -0.01135372276  0.9999355472  -0.01135347883
34  28  -1.933445304e-18  -0.004552733671  0.9999896363  -0.004552717943
34  29  1.109314736e-17  -0.008252968739  0.9999659444  -0.008252875053
34  30  -3.528431627e-16  -0.2999128565  0.9553622382  -0.2954369541
34  31  1.313583092e-17  -0.1010680836  0.9948969673  -0.1008961071
34  32  1.449060803e-16  -0.002943816685  0.999995667  -0.002943812433
34  33  -3.362208671e-17  0.0003803550378  0.9999999277  0.0003803550287
34  34  -1.820798918e-16  0.001092278843  0.9999994035  0.001092278626
34  35  -2.162362343e-17  0.001197204163  0.9999992834  0.001197203877
34  36  -2.162362343e-17  0.001197204163  0.9999992834  0.001197203877

35  0  9.500664715e-17  0.001399843123  0.9999990202  0.001399842666
35  1  -2.850603874e-16  0.0008172182356  0.9999996661  0.0008172181446
35  2  -1.21111723e-16  -0.00146337531  0.9999989293  -0.001463374788
35  3  9.530369499e-17  -0.05594188096  0.998435661  -0.05591270723
35  4  2.15778509e-16  -0.5295502178  0.8630343631  -0.5051452148
35  5  3.60597061e-16  -0.02236300311  0.9997499585  -0.02236113919
35  6  2.98726487e-17  -0.005561097443  0.9999845371  -0.00556106878
35  7  -9.734524164e-17  -0.01465782493  0.999892576  -0.01465730006
35  8  -7.280378447e-17  -0.06962648256  0.9975770555  -0.06957023978
35  9  -3.193611014e-18  -1.280518991  0.2862179696  -0.9581645338
35  10  9.031383404e-17  -0.08457020899  0.9964260707  -0.08446943565
35  11  2.588240621e-16  0.7352352122  0.7416730026  0.6707616247
35  12  -2.222150541e-16  0.4001006528  0.9210217933  0.3895110477
35  13  -2.872642319e-16  0.01556251501  0.9998789065  0.01556188683
35  14  5.936331563e-17  -0.01361860894  0.9999072682  -0.01361818798
35  15  2.774768561e-16  -0.02558732582  0.9996726622  -0.02558453386
35  16  -1.837189918e-17  0.005732337152  0.9999835702  0.005732305758
35  17  1.446600451e-16  0.1914948884  0.981720815  0.1903266702
35  18  2.587752437e-16  0.1288254923  0.9917134661  0.1284694564
35  19  1.850051734e-16  -0.01917559523  0.9998161539  -0.0191744201
35  20  2.213402641e-16  -0.02130726309  0.9997730089  -0.02130565088
35  21  1.023125016e-16  -0.006353100465  0.9999798191  -0.006353057728
35  22  2.642163618e-16  0.04813035173  0.9988419582  0.04811177131
35  23  2.258246223e-16  0.9910965529  0.5477727842  0.8366271433
35  24  -6.111151427e-17  0.1008841758  0.9949155061  0.1007131361
35  25  2.04172526e-16  -0.3207934635  0.9489855222  -0.3153196452
35  26  1.832043348e-16  -1.082791029  0.468864962  -0.883269861
35  27  -1.710341983e-18  -0.02664492238  0.9996450451  -0.02664176973
35  28  1.683092372e-16  -0.008298904069  0.9999655643  -0.008298808809
35  29  2.597919489e-16  -0.005860324982  0.9999828283  -0.005860291439
35  30  -7.178669347e-17  -0.1749769527  0.9847305514  -0.1740854423
35  31  -1.105561558e-16  -0.4242310712  0.9113555089  -0.411620136
35  32  1.833814126e-16  -0.006602937382  0.9999782007  -0.006602889402
35  33  -2.247336353e-16  0.0001581259848  0.9999999875  0.0001581259841
35  34  -1.282014565e-16  0.001197204163  0.9999992834  0.001197203877
35  35  -1.938784694e-16  0.001497556764  0.9999988787  0.001497556204
35  36  -1.938784694e-16  0.001497556764  0.9999988787  0.001497556204

36  0  9.500664715e-17  0.001399843123  0.9999988787  0.001497556204
36  1  9.984162726e-17  -0.0007178732861  0.9999988787  0.001497556204
36  2  -2.235676095e-16  -0.2030036766  0.9999988787  0.001497556204
36  3  -2.955606653e-16  -0.004231670245  0.9999988787  0.001497556204
36  4  2.880166115e-16  0.001943385179  0.9999988787  0.001497556204
36  5  2.201350082e-16  0.00415212214  0.9999988787  0.001497556204
36  6  -8.608172604e-17  -0.0002956491372  0.9999988787  0.001497556204
36  7  -3.850366181e-17  -0.0514870569  0.9999988787  0.001497556204
36  8  2.606757573e-16  -0.0278182089  0.9999988787  0.001497556204
36  9  -2.534250487e-16  -2.990657246  0.9999988787  0.001497556204
36  10  1.849154284e-16  0.08516424908  0.9999988787  0.001497556204
36  11  1.674447982e-16  0.06991296439  0.9999988787  0.001497556204
36  12  1.571165962e-16  -0.6145094721  0.9999988787  0.001497556204
36  13  2.028915164e-16  0.02509907487  0.9999988787  0.001497556204
36  14  -1.091033108e-17  -0.03222665952  0.9999988787  0.001497556204
36  15  1.832049585e-16  -0.1211709678  0.9999988787  0.001497556204
36  16  2.149863075e-16  -0.1594864198  0.9999988787  0.001497556204
36  17  9.398802935e-17  0.0861769106  0.9999988787  0.001497556204
36  18  -1.408793388e-17  0.0861769106  0.9999988787  0.001497556204
36  19  1.229116006e-16  -0.1594864198  0.9999988787  0.001497556204
36  20  -3.065323831e-16  -0.1211709678  0.9999988787  0.001497556204
36  21  8.574159265e-17  -0.03222665952  0.9999988787  0.001497556204
36  22  3.035106437e-16  0.02509907487  0.9999988787  0.001497556204
36  23  6.537943938e-18  -0.6145094721  0.9999988787  0.001497556204
36  24  2.348746036e-16  0.06991296439  0.9999988787  0.001497556204
36  25  -3.96633049e-16  0.08516424908  0.9999988787  0.001497556204
36  26  1.350467777e-16  -2.990657246  0.9999988787  0.001497556204
36  27  -1.715497826e-16  -0.0278182089  0.9999988787  0.001497556204
36  28  -8.280765767e-17  -0.0514870569  0.9999988787  0.001497556204
36  29  1.360042834e-16  -0.0002956491372  0.9999988787  0.001497556204
36  30  -2.376911057e-16  0.004152122139  0.9999988787  0.001497556204
36  31  -6.241701878e-17  0.001943385179  0.9999988787  0.001497556204
36  32  -1.587871622e-17  -0.004231670245  0.9999988787  0.001497556204
36  33  1.210287679e-16  -0.2030036766  0.9999988787  0.001497556204
36  34  -8.794629698e-18  -0.0007178732861  0.9999988787  0.001497556204
36  35  2.033673803e-16  0.001399843123  0.9999988787  0.001497556204
36  36  2.033673803e-16  0.001399843123  0.9999988787  0.001497556204

#Chern no*2pi*Iota= -1.710104822e-15  1.396149388e-10
