#nx  ny  tilde_F(nx,ny).real()  tilde_F(nx,ny).imag()  ArgofLog.real()  ArgofLog.imag()
#Extra momentum point for pm3d corners2color c1
0  0  1.237117551e-16  0.008929358809  0.9999601335  0.008929240148
0  1  1.327806401e-16  0.009730250706  0.9999526615  0.009730097167
0  2  8.950570236e-17  0.01290800909  0.9999166928  0.01290765065
0  3  -1.441903969e-16  0.02266732688  0.9997431071  0.02266538582
0  4  -1.175825028e-16  0.03870844544  0.9992509217  0.03869877973
0  5  1.211678264e-16  0.04294352906  0.9990780684  0.04293033125
0  6  -1.220382065e-16  0.02952807945  0.9995640779  0.02952378868
0  7  2.785226686e-16  0.01722959105  0.9998515743  0.0172287386
0  8  1.758407155e-16  0.01202977745  0.9999276431  0.0120294873
0  9  1.83938622e-16  0.0103826341  0.9999461009  0.01038244756
0  10  -1.484490511e-16  0.005600631762  0.9999843165  0.005600602483
0  11  -1.297473661e-16  -0.1145107599  0.9934508041  -0.1142606661
0  12  -1.876255974e-16  -0.1878884715  0.9824008266  -0.1867849456
0  13  1.195032367e-16  -0.009910366472  0.9999508927  -0.009910204248
0  14  4.369132884e-17  0.001915810536  0.9999981648  0.001915809364
0  15  -5.286715078e-16  0.5159902158  0.8698045799  0.4933963851
0  16  -3.533048127e-16  0.008455078246  0.999964256  0.008454977507
0  17  -2.496157415e-17  -0.05405529756  0.9985393681  -0.0540289767
0  18  1.297393958e-17  -0.5898573744  0.8310200219  -0.5562425039
0  19  -2.470895672e-16  0.00190007237  0.9999981949  0.001900071226
0  20  -1.347574939e-16  0.330273181  0.9459537858  0.3243014571
0  21  1.012037072e-17  0.1945615299  0.9811325361  0.1933363563
0  22  -1.911084433e-16  -0.002664647409  0.9999964498  -0.002664644255
0  23  -1.992633412e-16  -0.03999263159  0.9992004013  -0.03998197167
0  24  4.896029489e-17  -0.2566761964  0.9672391237  -0.2538670472
0  25  2.251908619e-17  -0.01168269103  0.9999317581  -0.01168242528
0  26  -9.65299938e-17  0.009229678631  0.9999574068  0.00922954759
0  27  -1.029669048e-16  0.01099646995  0.9999395394  0.01099624834
0  28  3.248275088e-16  0.0139379737  0.999902868  0.01393752243
0  29  -4.148445074e-17  0.022627674  0.9997440051  0.02262574311
0  30  -9.261704762e-17  0.03768765551  0.9992899044  0.03767873447
0  31  -1.307281822e-16  0.04376104751  0.9990426382  0.04374708157
0  32  -2.060219032e-16  0.03028779829  0.9995413597  0.03028316775
0  33  5.495386857e-18  0.01631880703  0.9998668512  0.01631808275
0  34  -2.464416132e-16  0.01061230367  0.99994369  0.01061210448
0  35  -2.046339118e-16  0.009103267359  0.9999585655  0.009103141629
0  36  -2.046339118e-16  0.009103267359  0.9999585655  0.009103141629

1  0  2.007929638e-16  0.009730250705  0.9999526615  0.009730097166
1  1  -2.303427394e-17  0.0101833255  0.9999481504  0.0101831495
1  2  -1.467105087e-16  0.01215587623  0.9999261182  0.01215557686
1  3  -1.535244779e-16  0.01735251674  0.9998494489  0.01735164592
1  4  1.881512417e-16  0.02870119529  0.999588149  0.02869725497
1  5  9.007489909e-17  0.03999340623  0.9992003703  0.03998274569
1  6  2.269603492e-17  0.03632689885  0.9993402508  0.03631890961
1  7  6.315031868e-17  0.02304097939  0.9997345684  0.02303894075
1  8  2.674306376e-16  0.01353775386  0.999908366  0.01353734035
1  9  5.156210649e-17  0.009132209558  0.9999583017  0.009132082625
1  10  7.779406872e-17  0.006180551659  0.9999809005  0.00618051231
1  11  -1.884225805e-16  -0.0125268956  0.9999215395  -0.01252656798
1  12  1.905231528e-17  -0.3398784375  0.9427951981  -0.333372486
1  13  -6.222517968e-17  -0.07605246595  0.9971094049  -0.07597917285
1  14  2.103819429e-16  -0.00363436717  0.9999933957  -0.003634359169
1  15  -3.181731436e-16  0.2657257439  0.9649021677  0.2626096091
1  16  -1.131163989e-16  0.2583471759  0.9668135669  0.2554829288
1  17  1.542899411e-16  0.001507700432  0.9999988634  0.001507699861
1  18  3.242797691e-17  -0.4031949255  0.9198121326  -0.3923590711
1  19  -2.487089464e-16  -0.03393189916  0.9994243683  -0.03392538815
1  20  8.491379684e-17  0.007377994869  0.9999727827  0.007377927932
1  21  3.250437225e-17  0.5136215016  0.8709708537  0.4913346843
1  22  -3.882618815e-17  0.004225886849  0.999991071  0.004225874271
1  23  -7.323891597e-17  -0.01253503099  0.9999214375  -0.01253470273
1  24  -2.607419307e-17  -0.2911630104  0.9579106621  -0.2870664791
1  25  -2.042701945e-16  -0.1275121954  0.9918813293  -0.1271669317
1  26  -1.119178066e-16  0.002661008915  0.9999964595  0.002661005775
1  27  1.908884062e-16  0.007760391151  0.9999698883  0.007760313258
1  28  2.40392406e-16  0.01094125702  0.999940145  0.01094103872
1  29  1.369946595e-16  0.01781056485  0.9998413961  0.01780962324
1  30  -1.352879259e-16  0.03061220465  0.9995314831  0.03060742372
1  31  -6.157572094e-17  0.04112885775  0.9991543278  0.04111726325
1  32  -3.5395114e-17  0.03493977704  0.9993896681  0.03493266846
1  33  -3.190053555e-17  0.02131485444  0.9997728471  0.02131324051
1  34  1.003466903e-16  0.01344310017  0.9999096429  0.01344269528
1  35  -2.619500364e-16  0.01061230367  0.99994369  0.01061210448
1  36  -2.619500364e-16  0.01061230367  0.99994369  0.01061210448

2  0  -3.012875327e-16  0.01290800909  0.9999166928  0.01290765065
2  1  -9.881625825e-17  0.01215587623  0.9999261182  0.01215557686
2  2  -9.660321667e-17  0.01477473634  0.9998908556  0.01477419881
2  3  -4.294277358e-16  0.01947609073  0.9998103469  0.01947485948
2  4  -9.405342314e-17  0.02589624873  0.9996647109  0.02589335442
2  5  1.951837752e-16  0.03416630992  0.9994163884  0.03415966305
2  6  1.453662295e-16  0.03800877202  0.9992777536  0.03799962101
2  7  8.304881621e-17  0.03074239904  0.9995274897  0.03073755685
2  8  -2.626745811e-16  0.01899760075  0.999819551  0.01899645804
2  9  -1.33660138e-16  0.01077487739  0.9999419516  0.0107746689
2  10  3.884966272e-16  0.006211806248  0.9999807068  0.006211766299
2  11  1.028219753e-16  0.0008536538228  0.9999996356  0.0008536537191
2  12  8.919049514e-17  -0.1044231391  0.9945528564  -0.1042334676
2  13  -9.799875407e-17  -0.4515849972  0.8997565524  -0.4363921933
2  14  -9.582779703e-19  -0.01995953933  0.999800815  -0.0199582141
2  15  -2.447345819e-16  0.0078015725  0.9999695679  0.007801493361
2  16  -2.024891575e-16  0.4997414229  0.877706501  0.4791985998
2  17  2.409708926e-16  0.004884310142  0.9999880718  0.004884290722
2  18  -1.626136863e-16  -0.03592662164  0.9993547083  -0.03591889359
2  19  -4.38262456e-16  -0.2054905666  0.9789610035  -0.20404743
2  20  2.492884596e-17  0.001320231999  0.9999991285  0.001320231615
2  21  -6.910624294e-17  0.1408725989  0.9900938541  0.1404071228
2  22  -1.674518761e-16  0.3701473561  0.9322740492  0.3617528122
2  23  -1.272325852e-16  -0.004207149413  0.99999115  -0.004207137002
2  24  -7.467599713e-18  -0.1147842549  0.9934195172  -0.1145323657
2  25  -1.589713656e-16  -0.4480090772  0.9013113  -0.4331719526
2  26  8.930750387e-17  -0.009612497277  0.9999538003  -0.009612349245
2  27  2.725039257e-16  0.00423644393  0.9999910263  0.004236431258
2  28  5.936214126e-16  0.0082697876  0.9999658055  0.00826969334
2  29  4.477476091e-16  0.01456353123  0.9998939537  0.01456301643
2  30  7.999000151e-17  0.02552122974  0.9996743511  0.02551845936
2  31  8.674253847e-17  0.03666035041  0.9993280846  0.03665213916
2  32  4.454763572e-17  0.03721510783  0.9993075978  0.03720651816
2  33  -5.073962408e-17  0.0289425126  0.9995811947  0.02893847206
2  34  8.185244089e-17  0.02131485444  0.9997728471  0.02131324051
2  35  -7.260665213e-17  0.01631880703  0.9998668512  0.01631808275
2  36  -7.260665213e-17  0.01631880703  0.9998668512  0.01631808275

3  0  -1.60383759e-16  0.02266732688  0.9997431071  0.02266538582
3  1  -1.017823723e-16  0.01735251674  0.9998494489  0.01735164592
3  2  -3.152271237e-16  0.01947609073  0.9998103469  0.01947485948
3  3  -2.989903618e-16  0.02747177604  0.9996226745  0.02746832068
3  4  -1.00905441e-16  0.03448290299  0.9994055236  0.03447606963
3  5  1.463171178e-19  0.0373586278  0.9993022476  0.03734993837
3  6  -1.792313325e-16  0.03811761127  0.9992736118  0.03810838143
3  7  -3.254752763e-16  0.03557399601  0.9993673121  0.03556649328
3  8  3.200638208e-17  0.02731540287  0.9996269576  0.02731200618
3  9  -5.751672905e-17  0.01690221446  0.999857161  0.01690140969
3  10  2.608610443e-16  0.009175536095  0.9999579051  0.009175407347
3  11  -9.917206675e-17  0.00402134808  0.9999919144  0.004021337242
3  12  -7.962956347e-18  -0.008234213938  0.9999660991  -0.008234120889
3  13  1.953427812e-16  -0.3224987712  0.9484464256  -0.3169374983
3  14  -1.104925384e-17  -0.1554654883  0.9879395616  -0.1548399904
3  15  -7.268198922e-18  -0.003931912479  0.99999227  -0.003931902348
3  16  1.134319202e-16  0.4252005458  0.9109560254  0.4125034785
3  17  2.071981277e-16  0.01115747556  0.999937756  0.01115724406
3  18  5.580912291e-17  0.0011469523  0.9999993423  0.001146952049
3  19  -3.355122564e-16  -0.1047996025  0.9945135459  -0.1046078729
3  20  6.416620504e-17  -0.01578437662  0.9998754293  -0.01578372119
3  21  -4.90155651e-17  0.004388704012  0.9999903697  0.004388689924
3  22  1.664899872e-17  0.2803659909  0.9609542303  0.2767073676
3  23  -3.02065909e-16  0.1534872257  0.9882439424  0.1528852848
3  24  -1.744161619e-16  -0.02435039447  0.9997035438  -0.02434798815
3  25  6.408283504e-17  -0.4102540354  0.9170195324  -0.3988422963
3  26  9.775788515e-18  -0.05512103193  0.9984812205  -0.05509312354
3  27  -2.241322873e-16  0.0007319873009  0.9999997321  0.0007319872355
3  28  1.982456512e-16  0.006499531148  0.9999788781  0.006499485387
3  29  -2.555776052e-18  0.01277439135  0.9999184086  0.01277404392
3  30  1.994722279e-16  0.02264849585  0.9997435338  0.02264655962
3  31  -2.707924728e-17  0.03306109143  0.9994535319  0.03305506894
3  32  2.043891418e-16  0.037777759  0.9992865053  0.03776877383
3  33  -9.346603031e-17  0.03721510783  0.9993075978  0.03720651816
3  34  -9.986115358e-17  0.03493977704  0.9993896681  0.03493266846
3  35  -1.477699525e-16  0.03028779829  0.9995413597  0.03028316775
3  36  -1.477699525e-16  0.03028779829  0.9995413597  0.03028316775

4  0  -6.569793484e-17  0.03870844544  0.9992509217  0.03869877973
4  1  -8.894617007e-17  0.02870119529  0.999588149  0.02869725497
4  2  -8.203987772e-17  0.02589624873  0.9996647109  0.02589335442
4  3  1.245022252e-16  0.03448290299  0.9994055236  0.03447606963
4  4  4.92301422e-17  0.04431307033  0.9990183366  0.0442985692
4  5  -4.499205814e-16  0.04458913426  0.9990060692  0.04457436044
4  6  -7.345923038e-17  0.03928774352  0.9992283359  0.03927763735
4  7  -3.386234916e-16  0.03456542667  0.9994026751  0.03455854413
4  8  -1.070547986e-16  0.03036899523  0.9995388975  0.03036432735
4  9  -1.306681891e-16  0.02411210226  0.9997093173  0.02410976589
4  10  -8.366891605e-17  0.01584543733  0.9998744637  0.01584477427
4  11  -1.920805934e-16  0.008388583234  0.999964816  0.008388484852
4  12  -2.490311091e-16  0.001379627011  0.9999990483  0.001379626573
4  13  -8.276591341e-18  -0.04258987792  0.9990931882  -0.04257700347
4  14  1.932201369e-17  -0.2395742044  0.9714390995  -0.2372890134
4  15  1.174111389e-16  -0.02393196464  0.9997136442  -0.02392968024
4  16  -1.166573116e-16  0.3347006637  0.9445086799  0.3284864588
4  17  3.832406495e-17  0.03389705136  0.99942555  0.03389056039
4  18  9.959587067e-17  0.003803067328  0.9999927683  0.00380305816
4  19  -1.446668085e-17  -0.004110145063  0.9999915534  -0.00411013349
4  20  -1.774516628e-17  -0.02202125159  0.999757542  -0.02201947182
4  21  6.47397744e-17  0.002046655616  0.9999979056  0.002046654187
4  22  -2.148166771e-16  0.008333075486  0.9999652801  0.008332979045
4  23  -8.786905438e-17  0.2993714497  0.9555220497  0.2949196713
4  24  -5.396010486e-17  0.05883718964  0.9982695918  0.05880324828
4  25  9.092779987e-17  -0.1341752746  0.9910119942  -0.1337730439
4  26  -3.572426128e-16  -0.1613995971  0.9870033352  -0.1606997706
4  27  -2.199413167e-16  -0.006360758618  0.9999797704  -0.006360715726
4  28  1.883090322e-16  0.005153687612  0.9999867198  0.005153664798
4  29  4.307130226e-17  0.01206713381  0.999927193  0.01206684095
4  30  1.063938251e-16  0.02074922934  0.9997847425  0.02074774051
4  31  -3.023229762e-16  0.02849645235  0.9995940036  0.02849259576
4  32  6.36982108e-17  0.03306109143  0.9994535319  0.03305506894
4  33  -4.64683585e-16  0.03666035041  0.9993280846  0.03665213916
4  34  2.126212625e-19  0.04112885775  0.9991543278  0.04111726325
4  35  2.423716336e-16  0.04376104751  0.9990426382  0.04374708157
4  36  2.423716336e-16  0.04376104751  0.9990426382  0.04374708157

5  0  -1.651731221e-16  0.04294352906  0.9990780684  0.04293033125
5  1  2.643105376e-16  0.03999340623  0.9992003703  0.03998274569
5  2  -1.105486401e-16  0.03416630992  0.9994163884  0.03415966305
5  3  1.519416872e-16  0.0373586278  0.9993022476  0.03734993837
5  4  -4.952549608e-17  0.04458913426  0.9990060692  0.04457436044
5  5  -3.293648848e-17  0.04267803342  0.999089431  0.04266507887
5  6  2.061049845e-16  0.0345313018  0.9994038538  0.03452443962
5  7  9.597568992e-17  0.02765509795  0.9996176221  0.02765157296
5  8  6.933505439e-18  0.0235985688  0.9997215667  0.02359637855
5  9  1.595935902e-16  0.02131773812  0.9997727856  0.02131612353
5  10  -3.176041002e-17  0.01874125826  0.9998243878  0.01874016118
5  11  1.48502485e-17  0.0139983337  0.9999020249  0.01399787654
5  12  -7.022390144e-17  0.007166067429  0.9999743238  0.007166006097
5  13  6.521016479e-17  -0.005901672124  0.9999825852  -0.005901637865
5  14  -5.440285877e-17  -0.1001230673  0.9949918715  -0.09995586838
5  15  -2.574845874e-16  -0.06871853076  0.9976398108  -0.06866445934
5  16  -4.337795675e-16  0.23944326  0.9714701629  0.2371618069
5  17  -1.439347432e-16  0.08982758112  0.995968215  0.0897068268
5  18  -2.543299268e-16  0.005944548491  0.9999823312  0.00594451348
5  19  2.214520523e-16  0.0020665483  0.9999978647  0.002066546829
5  20  3.969204103e-16  0.02903094214  0.9995786318  0.02902686445
5  21  2.116996394e-16  0.002055563977  0.9999978873  0.002055562529
5  22  -2.288316035e-16  0.003772360453  0.9999928847  0.003772351506
5  23  -2.407593939e-16  0.0177680605  0.9998421522  0.0177671256
5  24  1.291541473e-16  0.2739606  0.9627069236  0.2705464457
5  25  1.470352985e-16  0.02326308938  0.9997294265  0.02326099121
5  26  2.772377715e-16  -0.1271994375  0.9919210533  -0.1268567068
5  27  1.253381149e-16  -0.02918949005  0.9995740171  -0.02918534519
5  28  2.123241927e-16  0.002488994471  0.9999969025  0.002488991902
5  29  -3.337030697e-16  0.01113622158  0.9999379929  0.0111359914
5  30  -2.517820319e-16  0.01736163719  0.9998492906  0.01736076499
5  31  -2.650420713e-16  0.02074922934  0.9997847425  0.02074774051
5  32  5.177686148e-18  0.02264849585  0.9997435338  0.02264655962
5  33  -7.829166447e-17  0.02552122974  0.9996743511  0.02551845936
5  34  -2.970711355e-16  0.03061220465  0.9995314831  0.03060742372
5  35  1.005136373e-16  0.03768765551  0.9992899044  0.03767873447
5  36  1.005136373e-16  0.03768765551  0.9992899044  0.03767873447

6  0  -9.895124351e-18  0.02952807945  0.9995640779  0.02952378868
6  1  1.800788026e-16  0.03632689885  0.9993402508  0.03631890961
6  2  -2.380234591e-16  0.03800877202  0.9992777536  0.03799962101
6  3  -2.450478751e-16  0.03811761127  0.9992736118  0.03810838143
6  4  -2.651628532e-16  0.03928774352  0.9992283359  0.03927763735
6  5  2.608380279e-16  0.0345313018  0.9994038538  0.03452443962
6  6  2.348128175e-16  0.02635888131  0.9996526248  0.0263558291
6  7  2.043804423e-18  0.02005967108  0.9997988115  0.02005832581
6  8  -4.621500029e-17  0.01590105443  0.9998735809  0.01590038436
6  9  2.231778066e-16  0.0134182179  0.9999099771  0.01341781525
6  10  6.293327039e-18  0.01228612299  0.9999245265  0.0122858139
6  11  -1.805472079e-16  0.01159965125  0.9999327248  0.01159939113
6  12  -4.686777803e-17  0.009355660623  0.9999562361  0.009355524142
6  13  9.506890165e-17  0.001729108984  0.9999985051  0.001729108122
6  14  1.579373626e-16  -0.03107420301  0.9995172358  -0.03106920235
6  15  -1.71808785e-16  -0.06826585288  0.9976707914  -0.06821284284
6  16  -4.496807029e-16  0.2153362734  0.9769045959  0.2136759474
6  17  -2.056753009e-17  0.1234688773  0.9923873964  0.1231554115
6  18  -4.89219102e-17  0.01016474082  0.9999483395  0.01016456578
6  19  -1.197960366e-16  8.081760147e-06  1  8.081760147e-06
6  20  -3.27636168e-17  -0.005959890277  0.9999822399  -0.005959854994
6  21  1.010032238e-16  -0.003464291355  0.9999939993  -0.003464284426
6  22  -1.206222883e-16  -0.008154419204  0.9999667529  -0.008154328833
6  23  1.327006887e-16  0.005362567398  0.9999856215  0.005362541696
6  24  2.082418371e-16  0.0324980742  0.9994719841  0.03249235417
6  25  -2.198563062e-16  0.2440410473  0.9703694789  0.2416258976
6  26  -1.411046272e-16  0.03608004424  0.9993491858  0.03607221676
6  27  3.882188556e-17  -0.05849767242  0.998289499  -0.05846431517
6  28  8.443069542e-17  -0.008002156395  0.9999679829  -0.008002070993
6  29  -1.3610086e-16  0.006960532161  0.9999757756  0.006960475956
6  30  4.307883313e-17  0.01113622158  0.9999379929  0.0111359914
6  31  -2.263486157e-16  0.01206713381  0.999927193  0.01206684095
6  32  2.314424872e-16  0.01277439135  0.9999184086  0.01277404392
6  33  1.693501918e-16  0.01456353123  0.9998939537  0.01456301643
6  34  -1.325909149e-16  0.01781056485  0.9998413961  0.01780962324
6  35  2.121665917e-16  0.022627674  0.9997440051  0.02262574311
6  36  2.121665917e-16  0.022627674  0.9997440051  0.02262574311

7  0  1.471152261e-16  0.01722959105  0.9998515743  0.0172287386
7  1  1.045425621e-16  0.02304097939  0.9997345684  0.02303894075
7  2  1.868412544e-16  0.03074239904  0.9995274897  0.03073755685
7  3  -2.133748653e-16  0.03557399601  0.9993673121  0.03556649328
7  4  1.07387006e-16  0.03456542667  0.9994026751  0.03455854413
7  5  2.326856347e-16  0.02765509795  0.9996176221  0.02765157296
7  6  1.352982111e-16  0.02005967108  0.9997988115  0.02005832581
7  7  -2.825959586e-17  0.0155627154  0.9998789034  0.0155620872
7  8  -5.846977073e-17  0.01249524275  0.9999219355  0.0124949176
7  9  -3.007186186e-16  0.009515903745  0.9999547241  0.009515760131
7  10  -1.644650223e-16  0.00731427286  0.9999732508  0.007314207643
7  11  -5.467151411e-17  0.005931567472  0.9999824083  0.00593153269
7  12  -6.635470833e-17  0.004394601479  0.9999903438  0.004394587334
7  13  -8.273128286e-17  -0.0005528355125  0.9999998472  -0.0005528354844
7  14  4.383321294e-17  -0.02175078926  0.9997634609  -0.02174907427
7  15  -1.656664887e-16  -0.0519617956  0.9986502896  -0.0519384157
7  16  7.340378607e-17  0.723281229  0.7496380938  0.6618479647
7  17  6.832303183e-17  0.1009863511  0.9949052105  0.1008147914
7  18  1.787235035e-16  0.0227360635  0.9997415468  0.02273410473
7  19  -2.846152378e-16  0.000862882448  0.9999996277  0.0008628823409
7  20  2.286767054e-17  -0.03731803143  0.9993037631  -0.0373093703
7  21  1.393297166e-16  -0.02599527884  0.9996621418  -0.0259923512
7  22  -1.397518839e-16  -0.03702971375  0.9993144785  -0.03702125181
7  23  -4.224125931e-17  -0.02097729311  0.9997799847  -0.02097575465
7  24  1.197856569e-16  0.01415195014  0.9998998628  0.01415147776
7  25  -1.364644036e-16  0.0445499501  0.9990078151  0.04453521519
7  26  2.46162927e-16  0.2791591888  0.9612874615  0.2755474848
7  27  1.618818663e-16  0.4873932164  0.8835566792  0.4683242409
7  28  -5.990504551e-17  -0.03676592027  0.9993242097  -0.03675763788
7  29  -2.419301901e-16  -0.008002156395  0.9999679829  -0.008002070993
7  30  -1.027109149e-16  0.002488994471  0.9999969025  0.002488991902
7  31  2.099735098e-16  0.005153687612  0.9999867198  0.005153664798
7  32  8.489689195e-17  0.006499531148  0.9999788781  0.006499485387
7  33  6.741631617e-17  0.0082697876  0.9999658055  0.00826969334
7  34  -2.318360542e-18  0.01094125702  0.999940145  0.01094103872
7  35  -2.864629098e-17  0.0139379737  0.999902868  0.01393752243
7  36  -2.864629098e-17  0.0139379737  0.999902868  0.01393752243

8  0  1.465814044e-16  0.01202977745  0.9999276431  0.0120294873
8  1  1.377939306e-17  0.01353775386  0.999908366  0.01353734035
8  2  1.059531355e-16  0.01899760075  0.999819551  0.01899645804
8  3  -8.574186617e-17  0.02731540287  0.9996269576  0.02731200618
8  4  -3.419805866e-17  0.03036899523  0.9995388975  0.03036432735
8  5  -8.140170693e-17  0.0235985688  0.9997215667  0.02359637855
8  6  7.764512839e-17  0.01590105443  0.9998735809  0.01590038436
8  7  -2.688795244e-18  0.01249524275  0.9999219355  0.0124949176
8  8  -7.502088596e-17  0.01174632289  0.9999310127  0.01174605277
8  9  -3.096848076e-16  0.009652887793  0.9999534112  0.009652737887
8  10  7.696186335e-17  0.006086103985  0.9999814797  0.006086066413
8  11  -4.842962835e-17  0.002860727474  0.9999959081  0.002860723572
8  12  1.973936025e-16  -0.001131853908  0.9999993595  -0.001131853666
8  13  1.274988493e-16  -0.01173645075  0.9999311287  -0.01173618131
8  14  2.211073888e-17  -0.04691270006  0.9988998011  -0.04689549436
8  15  -1.194111678e-16  -0.06437013399  0.9979289582  -0.0643256901
8  16  2.768108299e-16  2.338770129  -0.6946791816  0.7193197026
8  17  -1.099961789e-16  0.08247976828  0.9966004718  0.08238628298
8  18  1.695761351e-16  0.08529705536  0.9963644112  0.08519366195
8  19  5.689379859e-17  0.07340819576  0.9973068281  0.07334228362
8  20  2.902959601e-17  -0.03652390397  0.9993330764  -0.03651578406
8  21  1.190835488e-16  -0.02795626081  0.9996092492  -0.02795261941
8  22  -2.935488812e-16  -0.02212070288  0.9997553472  -0.02211889888
8  23  -1.086191046e-16  -0.04389873267  0.9990366054  -0.0438846345
8  24  1.412586076e-17  -0.009112980157  0.9999584771  -0.009112854024
8  25  -2.693724133e-16  0.1070684911  0.9942736427  0.1068640421
8  26  -2.108999789e-16  0.09077577395  0.9958827079  0.09065115626
8  27  -7.895386504e-17  1.869319691  -0.2941092008  0.9557718232
8  28  2.762074232e-16  0.4873932164  0.8835566792  0.4683242409
8  29  -2.874141053e-17  -0.05849767241  0.998289499  -0.05846431517
8  30  -1.784600593e-18  -0.02918949005  0.9995740171  -0.02918534519
8  31  1.748630549e-16  -0.006360758618  0.9999797704  -0.006360715726
8  32  -1.925372372e-16  0.0007319873009  0.9999997321  0.0007319872356
8  33  -1.376926793e-17  0.00423644393  0.9999910263  0.004236431258
8  34  -2.972467555e-17  0.007760391151  0.9999698883  0.007760313258
8  35  -3.874196757e-17  0.01099646995  0.9999395394  0.01099624834
8  36  -3.874196757e-17  0.01099646995  0.9999395394  0.01099624834

9  0  -1.87852782e-16  0.0103826341  0.9999461009  0.01038244756
9  1  -7.724836057e-17  0.009132209558  0.9999583017  0.009132082625
9  2  6.70556165e-17  0.01077487739  0.9999419516  0.0107746689
9  3  9.813940546e-17  0.01690221446  0.999857161  0.01690140969
9  4  -1.083211019e-16  0.02411210226  0.9997093173  0.02410976589
9  5  -8.017566519e-17  0.02131773812  0.9997727856  0.02131612353
9  6  3.545141393e-17  0.0134182179  0.9999099771  0.01341781525
9  7  -1.898287839e-16  0.009515903745  0.9999547241  0.009515760131
9  8  -9.26849927e-17  0.009652887793  0.9999534112  0.009652737887
9  9  -1.357780736e-16  0.01051865119  0.9999446795  0.01051845722
9  10  3.883728616e-16  0.006920092828  0.9999760563  0.006920037597
9  11  -9.367157556e-17  -0.000816228866  0.9999996669  -0.0008162287754
9  12  1.504136744e-16  -0.01657162486  0.9998626938  -0.0165708664
9  13  6.922458742e-17  -0.0842477912  0.9964532534  -0.08414816577
9  14  -7.26015931e-18  -0.2014797472  0.9797715246  -0.2001193636
9  15  -3.171849549e-16  -0.0837572507  0.9964944116  -0.08365935499
9  16  -1.450175916e-16  0.2758637758  0.962190283  0.2723781551
9  17  -6.103507626e-17  0.1078081663  0.994194326  0.1075994524
9  18  3.874660801e-17  0.1612097823  0.9870338206  0.1605124199
9  19  9.505855556e-17  0.4519618632  0.8995920272  0.43673125
9  20  -1.023148731e-16  0.04131533806  0.9991466428  0.04130358515
9  21  -2.457065309e-16  -0.005531739577  0.9999847  -0.005531711365
9  22  -1.385464449e-16  -0.004535335602  0.9999897154  -0.004535320054
9  23  -1.069072341e-16  -0.007224770737  0.9999739015  -0.007224707885
9  24  1.778780844e-16  -0.008382293112  0.9999648688  -0.008382194952
9  25  3.002109694e-17  0.1561467869  0.9878338401  0.1555130362
9  26  1.136054226e-17  0.4530549488  0.8991141052  0.43771432
9  27  -4.530839989e-18  0.09077577395  0.9958827079  0.09065115626
9  28  2.127657605e-16  0.2791591888  0.9612874615  0.2755474848
9  29  1.164006396e-16  0.03608004424  0.9993491858  0.03607221676
9  30  -1.312754932e-16  -0.1271994375  0.9919210533  -0.1268567068
9  31  5.572026459e-18  -0.1613995971  0.9870033352  -0.1606997706
9  32  2.555879805e-16  -0.05512103193  0.9984812205  -0.05509312354
9  33  1.388717768e-16  -0.009612497277  0.9999538003  -0.009612349245
9  34  3.332983369e-16  0.002661008915  0.9999964595  0.002661005775
9  35  2.956470546e-17  0.009229678631  0.9999574068  0.00922954759
9  36  2.956470546e-17  0.009229678631  0.9999574068  0.00922954759

10  0  -1.138130793e-16  0.005600631762  0.9999843165  0.005600602483
10  1  1.944160524e-16  0.006180551659  0.9999809005  0.00618051231
10  2  1.042374327e-16  0.006211806248  0.9999807068  0.006211766299
10  3  2.79668471e-16  0.009175536095  0.9999579051  0.009175407347
10  4  4.152344255e-17  0.01584543733  0.9998744637  0.01584477427
10  5  -2.54484134e-16  0.01874125826  0.9998243878  0.01874016118
10  6  1.01017376e-16  0.01228612299  0.9999245265  0.0122858139
10  7  -5.44064179e-17  0.00731427286  0.9999732508  0.007314207643
10  8  -7.402689888e-17  0.006086103985  0.9999814797  0.006086066413
10  9  1.025664571e-16  0.006920092828  0.9999760563  0.006920037597
10  10  1.463688882e-16  0.00326055745  0.9999946844  0.003260551672
10  11  -3.789188291e-16  -0.02555113448  0.9996735875  -0.02554835435
10  12  -1.941795728e-16  -0.2106121705  0.9779031185  -0.2090585824
10  13  -1.942783406e-16  -0.6275353023  0.8094771163  -0.5871514269
10  14  6.460773627e-17  -0.2501776626  0.968868452  -0.2475760948
10  15  -3.239820199e-16  -0.03759991078  0.9992932066  -0.03759105191
10  16  -1.263972014e-16  0.1874805986  0.9824769294  0.1863842353
10  17  1.337527635e-16  0.126395712  0.9920226909  0.1260594337
10  18  1.641765241e-16  0.04589304667  0.998947099  0.0458769386
10  19  -4.218768434e-17  0.1818881324  0.9835039077  0.1808868804
10  20  -1.148626472e-16  0.06250314577  0.9980473142  0.06246245747
10  21  -2.209660412e-16  0.01986332277  0.9998027307  0.01986201661
10  22  -2.143454316e-16  0.03165919515  0.9994988895  0.03165390673
10  23  -1.991650541e-16  0.04645492803  0.9989211639  0.04643822107
10  24  -1.171735494e-16  0.02926477479  0.999571817  0.02926059778
10  25  -9.630103722e-17  0.02405418872  0.999710712  0.02405186915
10  26  -2.439912321e-16  0.1561467869  0.9878338401  0.1555130362
10  27  -2.762532094e-16  0.1070684911  0.9942736427  0.1068640421
10  28  5.971653116e-17  0.0445499501  0.9990078151  0.04453521519
10  29  3.172234861e-16  0.2440410473  0.9703694789  0.2416258976
10  30  -4.605152497e-17  0.02326308938  0.9997294265  0.02326099121
10  31  -1.832788303e-16  -0.1341752746  0.9910119942  -0.1337730439
10  32  -2.06073845e-16  -0.4102540354  0.9170195324  -0.3988422963
10  33  -7.577457496e-17  -0.4480090772  0.9013113  -0.4331719526
10  34  9.927651461e-17  -0.1275121954  0.9918813293  -0.1271669317
10  35  -1.706487907e-16  -0.01168269103  0.9999317581  -0.01168242528
10  36  -1.706487907e-16  -0.01168269103  0.9999317581  -0.01168242528

11  0  -2.487697737e-16  -0.1145107599  0.9934508041  -0.1142606661
11  1  4.852827897e-16  -0.0125268956  0.9999215395  -0.01252656798
11  2  4.004830435e-16  0.0008536538228  0.9999996356  0.0008536537191
11  3  1.246321596e-16  0.00402134808  0.9999919144  0.004021337242
11  4  -2.044807225e-16  0.008388583234  0.999964816  0.008388484852
11  5  -2.005532859e-17  0.0139983337  0.9999020249  0.01399787654
11  6  1.185937234e-16  0.01159965125  0.9999327248  0.01159939113
11  7  2.468376153e-16  0.005931567472  0.9999824083  0.00593153269
11  8  2.147989736e-17  0.002860727474  0.9999959081  0.002860723572
11  9  1.483451798e-16  -0.0008162288659  0.9999996669  -0.0008162287753
11  10  -4.350613075e-18  -0.02555113448  0.9996735875  -0.02554835435
11  11  -3.083904552e-16  -0.2023955803  0.9795878378  -0.2010165867
11  12  -1.737934212e-16  -0.380082813  0.9286339153  -0.3709973737
11  13  -3.372587448e-17  -0.1654726634  0.9863406091  -0.1647185565
11  14  4.56795485e-16  -0.03594601292  0.9993540116  -0.03593827235
11  15  -3.271858402e-18  -0.008819258729  0.9999611106  -0.008819144404
11  16  -1.966759925e-16  0.2613494141  0.9660421903  0.2583843777
11  17  2.293214614e-16  0.1014257686  0.9948608146  0.1012519604
11  18  1.899907253e-16  0.01361102232  0.9999073715  0.01361060206
11  19  1.257602934e-16  0.003648637991  0.9999933437  0.003648629896
11  20  1.056675506e-16  -0.01546449235  0.9998804271  -0.01546387596
11  21  -1.810930797e-17  0.008614648647  0.9999628941  0.008614542095
11  22  -1.993607883e-17  0.06586153877  0.9978319127  0.06581393404
11  23  -2.046675818e-16  0.5002373657  0.877468738  0.4796338331
11  24  5.850273816e-17  0.3403855255  0.9426260277  0.3338505233
11  25  2.033348214e-16  0.02926477479  0.999571817  0.02926059778
11  26  1.864690299e-16  -0.008382293112  0.9999648688  -0.008382194952
11  27  -9.1700351e-17  -0.009112980158  0.9999584771  -0.009112854025
11  28  -1.353613701e-16  0.01415195014  0.9998998628  0.01415147776
11  29  -2.299599208e-17  0.0324980742  0.9994719841  0.03249235417
11  30  -2.967860262e-16  0.2739606  0.9627069236  0.2705464457
11  31  -1.489615046e-16  0.05883718964  0.9982695918  0.05880324828
11  32  -1.442195796e-16  -0.02435039447  0.9997035438  -0.02434798815
11  33  -4.043349398e-17  -0.1147842549  0.9934195172  -0.1145323657
11  34  3.61125359e-17  -0.2911630104  0.9579106621  -0.2870664791
11  35  -5.305331942e-17  -0.2566761964  0.9672391237  -0.2538670472
11  36  -5.305331942e-17  -0.2566761964  0.9672391237  -0.2538670472

12  0  -9.317605631e-17  -0.1878884715  0.9824008266  -0.1867849456
12  1  2.501261117e-16  -0.3398784375  0.9427951981  -0.333372486
12  2  7.639522552e-17  -0.1044231391  0.9945528564  -0.1042334676
12  3  9.101551398e-17  -0.008234213938  0.9999660991  -0.008234120889
12  4  -2.012980936e-16  0.001379627011  0.9999990483  0.001379626574
12  5  2.560495213e-16  0.007166067429  0.9999743238  0.007166006097
12  6  -1.287844522e-16  0.009355660623  0.9999562361  0.009355524142
12  7  2.922486288e-16  0.004394601479  0.9999903438  0.004394587334
12  8  5.753211438e-18  -0.001131853908  0.9999993595  -0.001131853667
12  9  1.746282339e-16  -0.01657162486  0.9998626938  -0.0165708664
12  10  7.215627596e-17  -0.2106121705  0.9779031185  -0.2090585824
12  11  -5.138433175e-17  -0.380082813  0.9286339153  -0.3709973737
12  12  1.302375978e-16  -0.06482013059  0.9978999108  -0.06477474822
12  13  8.780389852e-17  -0.01707642865  0.9998542013  -0.01707559873
12  14  -2.088422604e-17  -0.007130512854  0.999974578  -0.00713045243
12  15  3.418521937e-16  0.0002248589935  0.9999999747  0.0002248589916
12  16  4.55538727e-16  0.4244633535  0.9112598723  0.4118318166
12  17  3.525368867e-16  0.0418871812  0.9991228603  0.04187493352
12  18  9.518326754e-17  0.007032914607  0.9999752692  0.007032856631
12  19  -4.422486932e-17  -0.004480218788  0.9999899638  -0.0044802038
12  20  9.621311703e-17  -0.04560246137  0.9989603879  -0.04558665732
12  21  -4.734484373e-17  -0.01998876751  0.9998002312  -0.01998743645
12  22  -2.051233964e-16  0.00931603785  0.999956606  0.009315903097
12  23  -2.936361008e-16  0.2405091119  0.9712168317  0.2381971153
12  24  -3.738177052e-16  0.5002373657  0.877468738  0.4796338331
12  25  -8.914655676e-17  0.04645492803  0.9989211639  0.04643822107
12  26  -3.236580785e-17  -0.007224770737  0.9999739015  -0.007224707885
12  27  3.978771142e-16  -0.04389873267  0.9990366054  -0.0438846345
12  28  1.500751905e-16  -0.02097729311  0.9997799847  -0.02097575464
12  29  5.130357769e-17  0.005362567398  0.9999856215  0.005362541696
12  30  -4.156372397e-17  0.0177680605  0.9998421522  0.0177671256
12  31  -1.148508231e-16  0.2993714497  0.9555220497  0.2949196713
12  32  -2.955613715e-17  0.1534872257  0.9882439424  0.1528852847
12  33  3.594451024e-16  -0.004207149413  0.99999115  -0.004207137002
12  34  -5.990047565e-17  -0.01253503099  0.9999214375  -0.01253470273
12  35  -3.167581296e-16  -0.03999263159  0.9992004013  -0.03998197167
12  36  -3.167581296e-16  -0.03999263159  0.9992004013  -0.03998197167

13  0  1.37702413e-16  -0.009910366472  0.9999508927  -0.009910204248
13  1  2.520162176e-17  -0.07605246594  0.9971094049  -0.07597917285
13  2  -2.122842565e-17  -0.4515849972  0.8997565524  -0.4363921933
13  3  -5.241078194e-19  -0.3224987712  0.9484464256  -0.3169374983
13  4  -1.039561471e-16  -0.04258987792  0.9990931882  -0.04257700347
13  5  3.099113028e-17  -0.005901672124  0.9999825852  -0.005901637865
13  6  1.634640626e-17  0.001729108984  0.9999985051  0.001729108122
13  7  6.590372908e-18  -0.0005528355125  0.9999998472  -0.0005528354843
13  8  -1.908913262e-16  -0.01173645075  0.9999311287  -0.01173618131
13  9  -2.40057521e-16  -0.0842477912  0.9964532534  -0.08414816577
13  10  2.44017537e-16  -0.6275353023  0.8094771163  -0.5871514269
13  11  3.035013848e-16  -0.1654726634  0.9863406091  -0.1647185565
13  12  -1.153860508e-16  -0.01707642865  0.9998542013  -0.01707559873
13  13  -2.188715054e-16  -0.004655600362  0.9999891627  -0.004655583544
13  14  2.267617228e-16  -0.000930045762  0.9999995675  -0.000930045628
13  15  -1.013768044e-16  0.01273846308  0.9999188669  0.01273811857
13  16  2.415509222e-16  0.6342839628  0.8054962272  0.592600901
13  17  1.38817452e-16  0.01415440018  0.9998998282  0.01415392755
13  18  -6.585545673e-17  0.004499693323  0.9999898764  0.004499678139
13  19  1.923848336e-17  -0.0004937590689  0.9999998781  -0.0004937590488
13  20  2.73261474e-16  -0.02898345807  0.999580009  -0.02897940036
13  21  9.796257697e-17  -0.02937167183  0.9995686835  -0.02936744888
13  22  1.360019608e-16  -0.01146377444  0.9999342917  -0.01146352336
13  23  -1.500573396e-16  0.00931603785  0.999956606  0.009315903097
13  24  -5.02299337e-16  0.06586153877  0.9978319127  0.06581393403
13  25  -5.215284406e-17  0.03165919515  0.9994988895  0.03165390672
13  26  3.089638123e-16  -0.004535335602  0.9999897154  -0.004535320054
13  27  -1.423498421e-17  -0.02212070288  0.9997553472  -0.02211889888
13  28  -2.745016247e-17  -0.03702971375  0.9993144785  -0.03702125181
13  29  8.441223013e-17  -0.008154419204  0.9999667529  -0.008154328833
13  30  -5.8955451e-17  0.003772360453  0.9999928847  0.003772351506
13  31  -1.557186162e-16  0.008333075486  0.9999652801  0.008332979045
13  32  -1.912402947e-17  0.2803659909  0.9609542303  0.2767073676
13  33  1.699356441e-16  0.3701473561  0.9322740492  0.3617528122
13  34  4.794992772e-17  0.004225886848  0.999991071  0.004225874271
13  35  1.299834053e-16  -0.002664647409  0.9999964498  -0.002664644255
13  36  1.299834053e-16  -0.002664647409  0.9999964498  -0.002664644255

14  0  5.100883875e-17  0.001915810536  0.9999981648  0.001915809364
14  1  -3.676242402e-16  -0.00363436717  0.9999933957  -0.003634359169
14  2  -1.740386162e-16  -0.01995953933  0.999800815  -0.0199582141
14  3  -1.984176617e-16  -0.1554654883  0.9879395616  -0.1548399904
14  4  -8.693356822e-17  -0.2395742044  0.9714390995  -0.2372890134
14  5  2.732128507e-18  -0.1001230673  0.9949918715  -0.09995586839
14  6  -4.083332265e-17  -0.03107420301  0.9995172358  -0.03106920235
14  7  -4.420131273e-16  -0.02175078927  0.9997634609  -0.02174907427
14  8  -1.579135679e-16  -0.04691270006  0.9988998011  -0.04689549436
14  9  1.663654272e-19  -0.2014797472  0.9797715246  -0.2001193636
14  10  -1.07662132e-16  -0.2501776626  0.968868452  -0.2475760948
14  11  2.286891641e-16  -0.03594601292  0.9993540116  -0.03593827235
14  12  9.90270866e-17  -0.007130512854  0.999974578  -0.00713045243
14  13  -1.273821321e-16  -0.000930045762  0.9999995675  -0.0009300456279
14  14  1.668167422e-16  0.004505315526  0.9999898511  0.004505300284
14  15  -3.951374941e-17  0.4532155307  0.8990438046  0.4378586957
14  16  2.22204944e-16  0.3902282875  0.9248222435  0.3803995504
14  17  -2.65559447e-16  0.00620662348  0.999980739  0.006206583631
14  18  3.025610331e-18  0.002855620468  0.9999959227  0.002855616586
14  19  -1.538890232e-16  0.001037469459  0.9999994618  0.001037469273
14  20  1.624764466e-16  0.001689785534  0.9999985723  0.00168978473
14  21  -1.27809592e-16  -0.01545342424  0.9998805982  -0.01545280918
14  22  -4.563307831e-16  -0.02937167183  0.9995686835  -0.02936744888
14  23  1.233162697e-16  -0.01998876751  0.9998002312  -0.01998743645
14  24  1.180198694e-16  0.008614648646  0.9999628941  0.008614542095
14  25  1.177538604e-16  0.01986332277  0.9998027307  0.01986201661
14  26  1.663552521e-16  -0.005531739577  0.9999847  -0.005531711365
14  27  -1.804266021e-16  -0.02795626081  0.9996092492  -0.02795261941
14  28  -4.136147649e-16  -0.02599527884  0.9996621418  -0.0259923512
14  29  7.829040098e-17  -0.003464291356  0.9999939993  -0.003464284427
14  30  -6.845699924e-17  0.002055563977  0.9999978873  0.002055562529
14  31  -1.800091569e-16  0.002046655616  0.9999979056  0.002046654187
14  32  -2.120590733e-16  0.004388704012  0.9999903697  0.004388689924
14  33  -3.893859933e-17  0.1408725989  0.9900938541  0.1404071228
14  34  -1.90721279e-16  0.5136215016  0.8709708537  0.4913346843
14  35  -1.078472549e-16  0.1945615299  0.9811325361  0.1933363563
14  36  -1.078472549e-16  0.1945615299  0.9811325361  0.1933363563

15  0  1.157748304e-16  0.5159902158  0.8698045799  0.4933963851
15  1  7.211915946e-17  0.2657257439  0.9649021677  0.2626096091
15  2  1.577885942e-17  0.0078015725  0.9999695679  0.00780149336
15  3  2.158526104e-16  -0.003931912479  0.99999227  -0.003931902348
15  4  2.047265543e-16  -0.02393196464  0.9997136442  -0.02392968024
15  5  6.691850372e-17  -0.06871853077  0.9976398108  -0.06866445934
15  6  -2.480872622e-16  -0.06826585288  0.9976707914  -0.06821284284
15  7  -4.388741078e-16  -0.0519617956  0.9986502896  -0.0519384157
15  8  -6.664156772e-17  -0.06437013399  0.9979289582  -0.0643256901
15  9  -1.714258159e-16  -0.0837572507  0.9964944116  -0.083659355
15  10  -8.573984315e-17  -0.03759991078  0.9992932066  -0.03759105191
15  11  1.326171491e-17  -0.008819258729  0.9999611106  -0.008819144404
15  12  2.881773324e-17  0.0002248589936  0.9999999747  0.0002248589917
15  13  1.749785782e-17  0.01273846308  0.9999188669  0.01273811857
15  14  -2.695682781e-17  0.4532155307  0.8990438046  0.4378586957
15  15  1.16307084e-16  0.6473626874  0.7976770939  0.6030847817
15  16  8.132271279e-17  0.01222417016  0.9999252858  0.01222386572
15  17  1.417614232e-16  0.003270817708  0.9999946509  0.003270811876
15  18  -6.322404935e-17  -0.0005992063757  0.9999998205  -0.0005992063398
15  19  -2.718285183e-16  -0.02023250913  0.9997953298  -0.02023112878
15  20  -3.728966103e-17  0.01010174109  0.9999489778  0.01010156928
15  21  -6.170462968e-18  0.001689785534  0.9999985723  0.00168978473
15  22  -3.575803482e-16  -0.02898345808  0.999580009  -0.02897940036
15  23  -2.688873651e-16  -0.04560246137  0.9989603879  -0.04558665732
15  24  1.242062524e-16  -0.01546449234  0.9998804271  -0.01546387596
15  25  -1.642537928e-16  0.06250314578  0.9980473142  0.06246245748
15  26  -3.562221145e-16  0.04131533806  0.9991466428  0.04130358515
15  27  -1.993188085e-17  -0.03652390397  0.9993330764  -0.03651578406
15  28  -5.282471709e-17  -0.03731803143  0.9993037631  -0.0373093703
15  29  -1.971508767e-16  -0.005959890278  0.9999822399  -0.005959854995
15  30  4.785692933e-18  0.02903094214  0.9995786318  0.02902686445
15  31  -2.441848142e-16  -0.0220212516  0.999757542  -0.02201947183
15  32  -1.150025901e-17  -0.01578437662  0.9998754293  -0.01578372119
15  33  -2.335303302e-16  0.001320231999  0.9999991285  0.001320231615
15  34  -6.641025164e-17  0.007377994869  0.9999727827  0.007377927932
15  35  -1.927211524e-16  0.330273181  0.9459537858  0.3243014571
15  36  -1.927211524e-16  0.330273181  0.9459537858  0.3243014571

16  0  -1.593020713e-16  0.008455078246  0.999964256  0.008454977507
16  1  -1.34985976e-16  0.2583471759  0.9668135669  0.2554829288
16  2  8.739328677e-17  0.4997414229  0.877706501  0.4791985998
16  3  3.699983957e-17  0.4252005458  0.9109560254  0.4125034785
16  4  5.337025398e-17  0.3347006637  0.9445086799  0.3284864588
16  5  2.749499542e-17  0.23944326  0.9714701629  0.2371618069
16  6  8.398690263e-17  0.2153362734  0.9769045959  0.2136759474
16  7  1.298305603e-16  0.723281229  0.7496380938  0.6618479647
16  8  1.108910493e-17  2.338770129  -0.6946791816  0.7193197026
16  9  -4.182305219e-16  0.2758637758  0.962190283  0.2723781551
16  10  5.483489025e-17  0.1874805986  0.9824769294  0.1863842354
16  11  1.579044965e-16  0.2613494141  0.9660421903  0.2583843777
16  12  2.045772675e-16  0.4244633535  0.9112598723  0.4118318166
16  13  1.594049333e-16  0.6342839628  0.8054962272  0.592600901
16  14  1.444670262e-16  0.3902282875  0.9248222435  0.3803995504
16  15  -8.899606269e-17  0.01222417016  0.9999252858  0.01222386572
16  16  -2.757819273e-16  0.003726481851  0.9999930567  0.003726473226
16  17  2.909865224e-16  -0.0002011301537  0.9999999798  -0.0002011301524
16  18  1.530628586e-16  -0.06941563553  0.997591702  -0.06935990206
16  19  -2.368411619e-16  -0.2591783773  0.9666008751  -0.2562864572
16  20  7.747425903e-17  -0.02023250913  0.9997953298  -0.02023112878
16  21  3.777502121e-16  0.001037469459  0.9999994618  0.001037469273
16  22  4.484889223e-17  -0.0004937590689  0.9999998781  -0.0004937590489
16  23  2.478502834e-17  -0.004480218788  0.9999899638  -0.0044802038
16  24  -1.012287511e-16  0.003648637992  0.9999933437  0.003648629897
16  25  -2.511979577e-16  0.1818881324  0.9835039077  0.1808868804
16  26  5.667687293e-19  0.4519618632  0.8995920271  0.43673125
16  27  -2.943767046e-16  0.07340819576  0.9973068281  0.07334228362
16  28  -1.601094041e-16  0.0008628824483  0.9999996277  0.0008628823412
16  29  -1.211171333e-16  8.081759984e-06  1  8.081759984e-06
16  30  -1.374333941e-17  0.0020665483  0.9999978647  0.002066546829
16  31  -1.37565181e-16  -0.004110145063  0.9999915534  -0.004110133491
16  32  1.521865114e-16  -0.1047996025  0.9945135459  -0.1046078729
16  33  1.542958669e-16  -0.2054905666  0.9789610035  -0.20404743
16  34  3.430981655e-17  -0.03393189916  0.9994243683  -0.03392538815
16  35  1.497686781e-16  0.00190007237  0.9999981949  0.001900071226
16  36  1.497686781e-16  0.00190007237  0.9999981949  0.001900071226

17  0  -2.933610742e-16  -0.05405529756  0.9985393681  -0.0540289767
17  1  -1.258609582e-16  0.001507700432  0.9999988634  0.001507699861
17  2  -5.284494697e-17  0.004884310142  0.9999880718  0.004884290722
17  3  1.166009956e-16  0.01115747556  0.999937756  0.01115724407
17  4  2.922147664e-16  0.03389705136  0.99942555  0.03389056039
17  5  -1.794133382e-16  0.08982758112  0.995968215  0.0897068268
17  6  1.54887379e-16  0.1234688773  0.9923873964  0.1231554115
17  7  2.57796025e-16  0.1009863511  0.9949052105  0.1008147914
17  8  -2.398277448e-16  0.08247976828  0.9966004718  0.08238628298
17  9  -1.600591248e-17  0.1078081663  0.994194326  0.1075994524
17  10  1.659212267e-16  0.126395712  0.9920226909  0.1260594337
17  11  2.416318897e-16  0.1014257686  0.9948608146  0.1012519604
17  12  4.359609293e-16  0.0418871812  0.9991228603  0.04187493352
17  13  -2.268643936e-16  0.01415440018  0.9998998282  0.01415392755
17  14  -1.642397417e-17  0.00620662348  0.999980739  0.006206583631
17  15  -2.471694552e-16  0.003270817708  0.9999946509  0.003270811876
17  16  1.695947597e-16  -0.0002011301537  0.9999999798  -0.0002011301523
17  17  1.76799215e-16  -0.108184258  0.9941537884  -0.107973353
17  18  -1.514921873e-16  -0.9052662334  0.6174761854  -0.7865895756
17  19  -7.963583049e-17  -0.06941563553  0.997591702  -0.06935990206
17  20  -7.145447229e-17  -0.0005992063756  0.9999998205  -0.0005992063398
17  21  3.967833654e-16  0.002855620468  0.9999959227  0.002855616586
17  22  1.293735843e-16  0.004499693323  0.9999898764  0.004499678139
17  23  -1.173896012e-16  0.007032914607  0.9999752692  0.007032856631
17  24  4.653111287e-17  0.01361102232  0.9999073715  0.01361060206
17  25  6.907602382e-17  0.04589304667  0.998947099  0.0458769386
17  26  2.990421507e-16  0.1612097823  0.9870338206  0.1605124199
17  27  -2.831701272e-17  0.08529705536  0.9963644112  0.08519366195
17  28  2.126369886e-16  0.0227360635  0.9997415468  0.02273410473
17  29  -1.995072997e-16  0.01016474082  0.9999483395  0.01016456578
17  30  1.925015489e-17  0.005944548491  0.9999823312  0.00594451348
17  31  -1.644848327e-16  0.003803067328  0.9999927683  0.00380305816
17  32  9.706645253e-17  0.0011469523  0.9999993423  0.001146952049
17  33  2.418025783e-16  -0.03592662164  0.9993547083  -0.03591889359
17  34  4.215465967e-16  -0.4031949255  0.9198121326  -0.3923590711
17  35  2.399499896e-16  -0.5898573745  0.8310200219  -0.5562425039
17  36  2.399499896e-16  -0.5898573745  0.8310200219  -0.5562425039

18  0  3.962445986e-16  -0.5898573745  0.8310200219  -0.5562425039
18  1  2.196816333e-16  -0.4031949255  0.9198121326  -0.3923590711
18  2  3.14462821e-16  -0.03592662164  0.9993547083  -0.03591889359
18  3  -7.959819129e-17  0.0011469523  0.9999993423  0.001146952049
18  4  1.771033186e-16  0.003803067328  0.9999927683  0.00380305816
18  5  -1.447128523e-16  0.005944548491  0.9999823312  0.00594451348
18  6  7.246269079e-17  0.01016474082  0.9999483395  0.01016456578
18  7  3.717307897e-17  0.0227360635  0.9997415468  0.02273410473
18  8  1.487838809e-16  0.08529705536  0.9963644112  0.08519366195
18  9  -1.318502156e-16  0.1612097823  0.9870338206  0.1605124199
18  10  -1.797029035e-16  0.04589304667  0.998947099  0.0458769386
18  11  -1.067159668e-16  0.01361102232  0.9999073715  0.01361060206
18  12  2.063960196e-16  0.007032914607  0.9999752692  0.007032856631
18  13  -9.606110376e-18  0.004499693323  0.9999898764  0.004499678139
18  14  -2.07521743e-17  0.002855620468  0.9999959227  0.002855616586
18  15  -4.424822274e-16  -0.0005992063758  0.9999998205  -0.0005992063399
18  16  -7.915241805e-17  -0.06941563553  0.997591702  -0.06935990206
18  17  -3.787561139e-17  -0.9052662334  0.6174761854  -0.7865895756
18  18  2.408226108e-16  -0.108184258  0.9941537884  -0.107973353
18  19  1.75051637e-16  -0.0002011301537  0.9999999798  -0.0002011301523
18  20  -1.597111259e-16  0.003270817708  0.9999946509  0.003270811876
18  21  1.810313083e-16  0.00620662348  0.999980739  0.006206583631
18  22  6.510301762e-18  0.01415440018  0.9998998282  0.01415392755
18  23  -4.994268854e-17  0.0418871812  0.9991228603  0.04187493352
18  24  -9.085932419e-18  0.1014257686  0.9948608146  0.1012519604
18  25  -1.983913337e-16  0.126395712  0.9920226909  0.1260594337
18  26  1.790104363e-17  0.1078081663  0.994194326  0.1075994524
18  27  -1.550978746e-17  0.08247976828  0.9966004718  0.08238628298
18  28  2.027797829e-16  0.1009863511  0.9949052105  0.1008147914
18  29  -1.234871751e-16  0.1234688773  0.9923873964  0.1231554115
18  30  -1.241596168e-16  0.08982758112  0.995968215  0.0897068268
18  31  -1.735279073e-16  0.03389705136  0.99942555  0.03389056039
18  32  -3.700611315e-16  0.01115747556  0.999937756  0.01115724407
18  33  -1.353370408e-16  0.004884310142  0.9999880718  0.004884290722
18  34  -4.068050723e-16  0.001507700432  0.9999988634  0.001507699861
18  35  1.768880987e-16  -0.05405529756  0.9985393681  -0.0540289767
18  36  1.768880987e-16  -0.05405529756  0.9985393681  -0.0540289767

19  0  3.983699174e-16  0.00190007237  0.9999981949  0.001900071226
19  1  -1.274576638e-17  -0.03393189916  0.9994243683  -0.03392538815
19  2  5.365565443e-17  -0.2054905666  0.9789610035  -0.20404743
19  3  2.044094741e-18  -0.1047996025  0.9945135459  -0.1046078729
19  4  9.357555479e-17  -0.004110145062  0.9999915534  -0.004110133489
19  5  2.91768256e-17  0.0020665483  0.9999978647  0.00206654683
19  6  2.112913006e-16  8.081759902e-06  1  8.081759902e-06
19  7  8.521110079e-18  0.0008628824485  0.9999996277  0.0008628823414
19  8  7.515566342e-17  0.07340819576  0.9973068281  0.07334228362
19  9  1.206786781e-16  0.4519618632  0.8995920272  0.43673125
19  10  1.716597943e-17  0.1818881324  0.9835039077  0.1808868804
19  11  -3.213378212e-17  0.003648637993  0.9999933437  0.003648629897
19  12  -2.674379072e-17  -0.004480218788  0.9999899638  -0.0044802038
19  13  -3.739038066e-17  -0.000493759069  0.9999998781  -0.0004937590489
19  14  -5.373119423e-19  0.001037469459  0.9999994618  0.001037469273
19  15  2.115999468e-16  -0.02023250913  0.9997953298  -0.02023112878
19  16  -3.008725993e-16  -0.2591783773  0.9666008751  -0.2562864572
19  17  1.18337286e-16  -0.06941563553  0.997591702  -0.06935990206
19  18  2.815688733e-16  -0.0002011301537  0.9999999798  -0.0002011301523
19  19  4.808837394e-17  0.003726481851  0.9999930567  0.003726473226
19  20  -4.402489059e-17  0.01222417016  0.9999252858  0.01222386572
19  21  6.571400001e-17  0.3902282875  0.9248222435  0.3803995504
19  22  -1.317888323e-16  0.6342839627  0.8054962272  0.592600901
19  23  -1.313251447e-17  0.4244633535  0.9112598723  0.4118318166
19  24  -2.697125527e-17  0.2613494141  0.9660421903  0.2583843777
19  25  -2.471907478e-16  0.1874805986  0.9824769294  0.1863842354
19  26  -2.915524128e-16  0.2758637758  0.962190283  0.2723781551
19  27  -1.745845019e-17  2.338770129  -0.6946791817  0.7193197026
19  28  -2.966407507e-17  0.723281229  0.7496380938  0.6618479647
19  29  -1.654574321e-16  0.2153362734  0.9769045959  0.2136759474
19  30  -3.211076172e-16  0.2394432599  0.9714701629  0.2371618069
19  31  -2.041478555e-17  0.3347006637  0.9445086799  0.3284864588
19  32  -2.691470774e-16  0.4252005458  0.9109560254  0.4125034785
19  33  1.278122031e-16  0.4997414229  0.877706501  0.4791985998
19  34  5.306019818e-17  0.2583471759  0.9668135669  0.2554829288
19  35  -7.119109316e-17  0.008455078246  0.999964256  0.008454977506
19  36  -7.119109316e-17  0.008455078246  0.999964256  0.008454977506

20  0  -5.754001933e-17  0.330273181  0.9459537858  0.3243014571
20  1  4.592540153e-17  0.007377994869  0.9999727827  0.007377927932
20  2  -8.403214665e-17  0.001320231999  0.9999991285  0.001320231615
20  3  2.344905379e-16  -0.01578437662  0.9998754293  -0.01578372119
20  4  2.021157588e-16  -0.02202125159  0.999757542  -0.02201947182
20  5  2.180001702e-17  0.02903094214  0.9995786318  0.02902686445
20  6  -3.927459416e-17  -0.005959890278  0.9999822399  -0.005959854995
20  7  -1.090581119e-16  -0.03731803143  0.9993037631  -0.0373093703
20  8  -2.573206543e-16  -0.03652390397  0.9993330764  -0.03651578405
20  9  1.643682871e-17  0.04131533806  0.9991466428  0.04130358515
20  10  -1.915987163e-16  0.06250314577  0.9980473142  0.06246245747
20  11  -1.116619775e-16  -0.01546449234  0.9998804271  -0.01546387596
20  12  -6.108029276e-16  -0.04560246138  0.9989603879  -0.04558665732
20  13  1.562532504e-16  -0.02898345807  0.999580009  -0.02897940036
20  14  5.357374417e-17  0.001689785534  0.9999985723  0.00168978473
20  15  1.86957345e-16  0.01010174109  0.9999489778  0.01010156928
20  16  1.469016964e-17  -0.02023250913  0.9997953298  -0.02023112878
20  17  -7.23525634e-17  -0.0005992063756  0.9999998205  -0.0005992063398
20  18  -7.755849604e-17  0.003270817708  0.9999946509  0.003270811876
20  19  -1.032653513e-17  0.01222417016  0.9999252858  0.01222386572
20  20  -3.994901641e-17  0.6473626874  0.7976770939  0.6030847817
20  21  1.547037348e-16  0.4532155307  0.8990438046  0.4378586957
20  22  1.825345235e-16  0.01273846308  0.9999188669  0.01273811857
20  23  2.338944705e-17  0.0002248589935  0.9999999747  0.0002248589916
20  24  -7.313488233e-17  -0.008819258729  0.9999611106  -0.008819144404
20  25  -1.726878695e-16  -0.03759991078  0.9992932066  -0.03759105191
20  26  -7.307987376e-17  -0.0837572507  0.9964944116  -0.08365935499
20  27  7.689220699e-18  -0.06437013399  0.9979289582  -0.0643256901
20  28  -1.962902972e-16  -0.0519617956  0.9986502896  -0.0519384157
20  29  1.930401866e-16  -0.06826585288  0.9976707914  -0.06821284284
20  30  -1.070436162e-16  -0.06871853076  0.9976398108  -0.06866445934
20  31  3.22820339e-17  -0.02393196464  0.9997136442  -0.02392968024
20  32  -9.88023621e-17  -0.003931912479  0.99999227  -0.003931902348
20  33  1.043708626e-16  0.0078015725  0.9999695679  0.00780149336
20  34  1.405208426e-16  0.2657257439  0.9649021677  0.2626096091
20  35  -2.008873173e-16  0.5159902158  0.8698045799  0.4933963851
20  36  -2.008873173e-16  0.5159902158  0.8698045799  0.4933963851

21  0  -4.489789052e-17  0.1945615299  0.9811325361  0.1933363563
21  1  1.011570777e-16  0.5136215016  0.8709708537  0.4913346843
21  2  -8.288609266e-17  0.1408725989  0.9900938541  0.1404071228
21  3  7.052326892e-17  0.004388704012  0.9999903697  0.004388689924
21  4  -2.188767558e-16  0.002046655616  0.9999979056  0.002046654187
21  5  2.180795607e-16  0.002055563977  0.9999978873  0.00205556253
21  6  6.23247566e-16  -0.003464291356  0.9999939993  -0.003464284427
21  7  2.043012322e-16  -0.02599527884  0.9996621418  -0.0259923512
21  8  -1.047998549e-16  -0.02795626081  0.9996092492  -0.02795261941
21  9  1.618201596e-16  -0.005531739577  0.9999847  -0.005531711365
21  10  -1.405398175e-16  0.01986332277  0.9998027307  0.01986201661
21  11  5.8272365e-17  0.008614648647  0.9999628941  0.008614542095
21  12  -2.818348366e-16  -0.01998876751  0.9998002312  -0.01998743645
21  13  3.358494764e-17  -0.02937167183  0.9995686835  -0.02936744888
21  14  -1.422713608e-17  -0.01545342424  0.9998805982  -0.01545280918
21  15  -2.577382483e-16  0.001689785534  0.9999985723  0.00168978473
21  16  3.626073486e-16  0.001037469459  0.9999994618  0.001037469273
21  17  -1.727510729e-16  0.002855620468  0.9999959227  0.002855616586
21  18  -1.149978257e-16  0.00620662348  0.999980739  0.006206583631
21  19  8.47044345e-17  0.3902282875  0.9248222435  0.3803995504
21  20  9.383310381e-17  0.4532155307  0.8990438046  0.4378586957
21  21  -7.579617677e-17  0.004505315526  0.9999898511  0.004505300285
21  22  -8.58281233e-17  -0.0009300457621  0.9999995675  -0.000930045628
21  23  -2.183249678e-16  -0.007130512854  0.999974578  -0.00713045243
21  24  -2.3400994e-16  -0.03594601292  0.9993540116  -0.03593827235
21  25  -1.119913341e-16  -0.2501776626  0.968868452  -0.2475760948
21  26  -1.061876081e-16  -0.2014797472  0.9797715246  -0.2001193636
21  27  -8.685335114e-17  -0.04691270006  0.9988998011  -0.04689549436
21  28  1.677634595e-16  -0.02175078926  0.9997634609  -0.02174907427
21  29  6.006136451e-17  -0.03107420301  0.9995172358  -0.03106920235
21  30  -9.368031993e-17  -0.1001230673  0.9949918715  -0.09995586839
21  31  7.31755103e-17  -0.2395742044  0.9714390995  -0.2372890134
21  32  -1.829773885e-16  -0.1554654883  0.9879395616  -0.1548399904
21  33  -4.051019332e-18  -0.01995953933  0.999800815  -0.0199582141
21  34  -1.331666726e-18  -0.00363436717  0.9999933957  -0.003634359169
21  35  7.993817078e-17  0.001915810535  0.9999981648  0.001915809363
21  36  7.993817078e-17  0.001915810535  0.9999981648  0.001915809363

22  0  -8.768177462e-17  -0.002664647409  0.9999964498  -0.002664644255
22  1  5.726478374e-17  0.004225886848  0.999991071  0.004225874271
22  2  -9.732589076e-17  0.3701473561  0.9322740492  0.3617528122
22  3  -6.508585277e-17  0.2803659909  0.9609542303  0.2767073676
22  4  -9.165654663e-17  0.008333075486  0.9999652801  0.008332979045
22  5  1.846902624e-16  0.003772360453  0.9999928847  0.003772351506
22  6  1.57332796e-16  -0.008154419204  0.9999667529  -0.008154328834
22  7  6.320422182e-17  -0.03702971375  0.9993144785  -0.03702125181
22  8  -8.531466288e-17  -0.02212070288  0.9997553472  -0.02211889888
22  9  -1.540189991e-16  -0.004535335602  0.9999897154  -0.004535320054
22  10  5.61667445e-17  0.03165919515  0.9994988895  0.03165390673
22  11  -4.657429104e-17  0.06586153877  0.9978319127  0.06581393404
22  12  4.281046877e-17  0.009316037851  0.999956606  0.009315903097
22  13  -6.060257601e-17  -0.01146377444  0.9999342917  -0.01146352336
22  14  1.220324793e-16  -0.02937167183  0.9995686835  -0.02936744888
22  15  1.65712296e-16  -0.02898345807  0.999580009  -0.02897940036
22  16  1.892726361e-16  -0.000493759069  0.9999998781  -0.0004937590489
22  17  1.176992443e-16  0.004499693323  0.9999898764  0.004499678139
22  18  1.213679399e-16  0.01415440018  0.9998998282  0.01415392755
22  19  1.627742629e-16  0.6342839627  0.8054962273  0.592600901
22  20  2.563960408e-16  0.01273846308  0.9999188669  0.01273811857
22  21  1.269749909e-16  -0.0009300457621  0.9999995675  -0.000930045628
22  22  9.766798936e-17  -0.004655600362  0.9999891627  -0.004655583544
22  23  1.219889489e-16  -0.01707642865  0.9998542013  -0.01707559873
22  24  2.772523713e-17  -0.1654726634  0.9863406091  -0.1647185565
22  25  -6.912260445e-17  -0.6275353023  0.8094771163  -0.5871514269
22  26  5.086402382e-17  -0.0842477912  0.9964532534  -0.08414816577
22  27  -2.053681232e-16  -0.01173645075  0.9999311287  -0.01173618131
22  28  9.655552888e-17  -0.0005528355125  0.9999998472  -0.0005528354843
22  29  -1.812734771e-16  0.001729108984  0.9999985051  0.001729108122
22  30  -6.254058601e-17  -0.005901672124  0.9999825852  -0.005901637865
22  31  -4.927007732e-17  -0.04258987792  0.9990931882  -0.04257700347
22  32  -3.267854954e-16  -0.3224987712  0.9484464256  -0.3169374983
22  33  -5.069063789e-17  -0.4515849972  0.8997565524  -0.4363921933
22  34  5.831744312e-17  -0.07605246595  0.9971094049  -0.07597917285
22  35  1.290416186e-16  -0.009910366472  0.9999508927  -0.009910204248
22  36  1.290416186e-16  -0.009910366472  0.9999508927  -0.009910204248

23  0  -1.079144604e-16  -0.03999263159  0.9992004013  -0.03998197167
23  1  -2.958070746e-16  -0.01253503099  0.9999214375  -0.01253470273
23  2  4.809983588e-17  -0.004207149413  0.99999115  -0.004207137002
23  3  -1.14769049e-16  0.1534872257  0.9882439424  0.1528852848
23  4  -1.754301657e-16  0.2993714497  0.9555220497  0.2949196713
23  5  1.04147107e-16  0.0177680605  0.9998421522  0.0177671256
23  6  5.710835452e-17  0.005362567398  0.9999856215  0.005362541696
23  7  8.576288987e-17  -0.02097729311  0.9997799847  -0.02097575464
23  8  -4.936973109e-17  -0.04389873267  0.9990366054  -0.0438846345
23  9  6.099196735e-17  -0.007224770737  0.9999739015  -0.007224707885
23  10  -9.59679333e-17  0.04645492803  0.9989211639  0.04643822107
23  11  -2.204744983e-16  0.5002373657  0.877468738  0.4796338331
23  12  -3.016343828e-16  0.2405091119  0.9712168317  0.2381971153
23  13  -2.090770798e-16  0.00931603785  0.999956606  0.009315903097
23  14  -8.614666927e-17  -0.01998876751  0.9998002312  -0.01998743645
23  15  -2.827435195e-17  -0.04560246138  0.9989603879  -0.04558665732
23  16  -1.99366604e-16  -0.004480218788  0.9999899638  -0.0044802038
23  17  -1.92920809e-17  0.007032914608  0.9999752692  0.007032856631
23  18  1.201514994e-16  0.0418871812  0.9991228603  0.04187493352
23  19  1.147968774e-16  0.4244633535  0.9112598723  0.4118318166
23  20  3.538794401e-17  0.0002248589936  0.9999999747  0.0002248589917
23  21  -1.426580938e-16  -0.007130512854  0.999974578  -0.00713045243
23  22  -2.139332522e-16  -0.01707642865  0.9998542013  -0.01707559873
23  23  6.665372016e-17  -0.06482013059  0.9978999108  -0.06477474822
23  24  -1.077480069e-16  -0.380082813  0.9286339153  -0.3709973737
23  25  -1.387934761e-16  -0.2106121705  0.9779031185  -0.2090585824
23  26  7.541855963e-17  -0.01657162486  0.9998626938  -0.0165708664
23  27  -1.251332752e-16  -0.001131853908  0.9999993595  -0.001131853666
23  28  -2.456294602e-16  0.004394601479  0.9999903438  0.004394587334
23  29  -1.676766448e-16  0.009355660623  0.9999562361  0.009355524142
23  30  -9.504247082e-17  0.007166067429  0.9999743238  0.007166006097
23  31  -2.357065851e-17  0.001379627011  0.9999990483  0.001379626574
23  32  -2.744620498e-16  -0.008234213938  0.9999660991  -0.008234120889
23  33  -1.414564257e-17  -0.1044231391  0.9945528564  -0.1042334676
23  34  -2.137598461e-17  -0.3398784375  0.9427951981  -0.333372486
23  35  -2.20627666e-16  -0.1878884715  0.9824008266  -0.1867849456
23  36  -2.20627666e-16  -0.1878884715  0.9824008266  -0.1867849456

24  0  -8.818451097e-17  -0.2566761964  0.9672391237  -0.2538670472
24  1  -3.992803687e-17  -0.2911630104  0.9579106621  -0.2870664791
24  2  1.55130639e-16  -0.1147842549  0.9934195172  -0.1145323657
24  3  6.291795933e-18  -0.02435039447  0.9997035438  -0.02434798815
24  4  -1.464265715e-16  0.05883718964  0.9982695918  0.05880324828
24  5  2.857763302e-17  0.2739606  0.9627069236  0.2705464457
24  6  4.882263025e-17  0.0324980742  0.9994719841  0.03249235417
24  7  -1.956872651e-16  0.01415195014  0.9998998628  0.01415147776
24  8  1.855333435e-17  -0.009112980159  0.9999584771  -0.009112854026
24  9  -1.788942157e-16  -0.008382293112  0.9999648688  -0.008382194952
24  10  -3.388058098e-17  0.02926477479  0.999571817  0.02926059778
24  11  1.629943096e-16  0.3403855255  0.9426260277  0.3338505233
24  12  1.656743122e-17  0.5002373657  0.877468738  0.4796338331
24  13  -3.538150846e-17  0.06586153877  0.9978319127  0.06581393403
24  14  9.756007553e-17  0.008614648647  0.9999628941  0.008614542095
24  15  -1.478336036e-16  -0.01546449234  0.9998804271  -0.01546387596
24  16  -2.665544544e-16  0.003648637992  0.9999933437  0.003648629896
24  17  2.328993484e-16  0.01361102232  0.9999073715  0.01361060206
24  18  2.819977745e-16  0.1014257686  0.9948608146  0.1012519604
24  19  1.23601601e-17  0.2613494141  0.9660421903  0.2583843777
24  20  -1.87242803e-16  -0.008819258729  0.9999611106  -0.008819144404
24  21  -2.6744706e-16  -0.03594601292  0.9993540116  -0.03593827235
24  22  -4.047420723e-16  -0.1654726634  0.9863406091  -0.1647185565
24  23  -1.171190817e-16  -0.380082813  0.9286339153  -0.3709973737
24  24  -3.609953444e-16  -0.2023955803  0.9795878378  -0.2010165867
24  25  -8.985058601e-17  -0.02555113448  0.9996735875  -0.02554835435
24  26  -1.46423509e-16  -0.0008162288659  0.9999996669  -0.0008162287753
24  27  1.210915695e-16  0.002860727474  0.9999959081  0.002860723572
24  28  1.233725267e-18  0.005931567472  0.9999824083  0.00593153269
24  29  -1.532918911e-17  0.01159965125  0.9999327248  0.01159939113
24  30  3.689708435e-17  0.0139983337  0.9999020249  0.01399787654
24  31  -1.10534937e-16  0.008388583234  0.999964816  0.008388484852
24  32  1.490406892e-16  0.00402134808  0.9999919144  0.004021337242
24  33  2.058757665e-16  0.0008536538228  0.9999996356  0.0008536537191
24  34  2.196788474e-16  -0.0125268956  0.9999215395  -0.01252656798
24  35  6.668579812e-17  -0.1145107599  0.9934508041  -0.1142606661
24  36  6.668579812e-17  -0.1145107599  0.9934508041  -0.1142606661

25  0  1.739497846e-16  -0.01168269103  0.9999317581  -0.01168242528
25  1  3.65713457e-16  -0.1275121954  0.9918813293  -0.1271669317
25  2  -6.299327026e-17  -0.4480090772  0.9013113  -0.4331719526
25  3  -1.060180947e-16  -0.4102540354  0.9170195324  -0.3988422963
25  4  -1.644035951e-16  -0.1341752746  0.9910119942  -0.1337730439
25  5  -3.631067811e-16  0.02326308938  0.9997294265  0.02326099121
25  6  -6.142912772e-17  0.2440410473  0.9703694789  0.2416258976
25  7  -1.253712487e-16  0.0445499501  0.9990078151  0.04453521519
25  8  4.522076101e-17  0.1070684911  0.9942736427  0.1068640421
25  9  -1.906042495e-16  0.1561467869  0.9878338401  0.1555130362
25  10  -1.308395457e-16  0.02405418872  0.999710712  0.02405186915
25  11  2.036927605e-16  0.02926477479  0.999571817  0.02926059778
25  12  3.337572844e-16  0.04645492803  0.9989211639  0.04643822107
25  13  1.624307432e-17  0.03165919515  0.9994988895  0.03165390672
25  14  -1.689604283e-16  0.01986332277  0.9998027307  0.01986201661
25  15  -2.044773409e-16  0.06250314578  0.9980473142  0.06246245748
25  16  -6.154150451e-17  0.1818881324  0.9835039077  0.1808868804
25  17  2.032629278e-16  0.04589304667  0.998947099  0.0458769386
25  18  -7.219213288e-17  0.126395712  0.9920226909  0.1260594337
25  19  -1.766967327e-16  0.1874805986  0.9824769294  0.1863842354
25  20  -8.25857082e-17  -0.03759991078  0.9992932066  -0.03759105191
25  21  -6.325349255e-17  -0.2501776626  0.968868452  -0.2475760948
25  22  -8.605006616e-17  -0.6275353023  0.8094771163  -0.5871514269
25  23  1.45001543e-16  -0.2106121705  0.9779031185  -0.2090585824
25  24  -3.728346743e-17  -0.02555113448  0.9996735875  -0.02554835435
25  25  3.194526306e-16  0.00326055745  0.9999946844  0.003260551672
25  26  8.91079837e-17  0.006920092828  0.9999760563  0.006920037597
25  27  -6.333200725e-17  0.006086103985  0.9999814797  0.006086066413
25  28  1.336716789e-16  0.00731427286  0.9999732508  0.007314207643
25  29  -2.733322112e-16  0.01228612299  0.9999245265  0.0122858139
25  30  1.160992653e-17  0.01874125826  0.9998243878  0.01874016118
25  31  3.797522572e-16  0.01584543733  0.9998744637  0.01584477427
25  32  3.018605082e-16  0.009175536095  0.9999579051  0.009175407347
25  33  1.556159552e-16  0.006211806248  0.9999807068  0.006211766299
25  34  1.123409006e-16  0.006180551659  0.9999809005  0.00618051231
25  35  3.173633704e-16  0.005600631762  0.9999843165  0.005600602483
25  36  3.173633704e-16  0.005600631762  0.9999843165  0.005600602483

26  0  5.602149733e-17  0.009229678631  0.9999574068  0.00922954759
26  1  3.789424246e-16  0.002661008915  0.9999964595  0.002661005775
26  2  -1.682444451e-17  -0.009612497277  0.9999538003  -0.009612349245
26  3  2.055011232e-16  -0.05512103193  0.9984812205  -0.05509312354
26  4  -6.574465168e-17  -0.1613995971  0.9870033352  -0.1606997706
26  5  -1.088092244e-17  -0.1271994375  0.9919210533  -0.1268567068
26  6  8.361876256e-17  0.03608004424  0.9993491858  0.03607221677
26  7  -2.571772697e-17  0.2791591888  0.9612874615  0.2755474848
26  8  1.9639685e-17  0.09077577395  0.9958827079  0.09065115626
26  9  1.191054856e-16  0.4530549488  0.8991141052  0.43771432
26  10  2.401252699e-16  0.1561467869  0.9878338401  0.1555130362
26  11  1.037134974e-16  -0.008382293113  0.9999648688  -0.008382194952
26  12  -1.312129803e-16  -0.007224770737  0.9999739015  -0.007224707885
26  13  6.421081276e-17  -0.004535335602  0.9999897154  -0.004535320054
26  14  1.582320495e-16  -0.005531739577  0.9999847  -0.005531711365
26  15  6.476640496e-17  0.04131533806  0.9991466428  0.04130358515
26  16  -1.2620617e-16  0.4519618632  0.8995920271  0.43673125
26  17  -8.447090366e-17  0.1612097823  0.9870338206  0.1605124199
26  18  -1.005413805e-16  0.1078081663  0.994194326  0.1075994524
26  19  -1.633031137e-16  0.2758637758  0.962190283  0.2723781551
26  20  3.785087133e-16  -0.0837572507  0.9964944116  -0.083659355
26  21  -7.989771611e-17  -0.2014797472  0.9797715246  -0.2001193636
26  22  1.140942965e-16  -0.0842477912  0.9964532534  -0.08414816577
26  23  1.249374194e-16  -0.01657162486  0.9998626938  -0.0165708664
26  24  -1.414960684e-16  -0.0008162288659  0.9999996669  -0.0008162287753
26  25  -9.557376223e-17  0.006920092828  0.9999760563  0.006920037597
26  26  -4.578243852e-16  0.01051865119  0.9999446795  0.01051845722
26  27  -2.072542261e-16  0.009652887793  0.9999534112  0.009652737887
26  28  4.142241117e-17  0.009515903745  0.9999547241  0.009515760131
26  29  1.180646252e-16  0.0134182179  0.9999099771  0.01341781525
26  30  2.625819277e-16  0.02131773812  0.9997727856  0.02131612353
26  31  2.011718652e-16  0.02411210226  0.9997093173  0.02410976589
26  32  -3.705899937e-17  0.01690221446  0.999857161  0.01690140969
26  33  1.246495001e-16  0.01077487739  0.9999419516  0.0107746689
26  34  1.265421604e-16  0.009132209558  0.9999583017  0.009132082625
26  35  2.408688818e-16  0.0103826341  0.9999461009  0.01038244756
26  36  2.408688818e-16  0.0103826341  0.9999461009  0.01038244756

27  0  5.59379775e-17  0.01099646995  0.9999395394  0.01099624834
27  1  -1.293590544e-16  0.007760391151  0.9999698883  0.007760313258
27  2  -2.070036562e-16  0.00423644393  0.9999910263  0.004236431258
27  3  1.294417272e-16  0.0007319873009  0.9999997321  0.0007319872355
27  4  -2.845520205e-16  -0.006360758618  0.9999797704  -0.006360715726
27  5  -6.699098143e-17  -0.02918949005  0.9995740171  -0.02918534519
27  6  -3.779209319e-16  -0.05849767241  0.998289499  -0.05846431517
27  7  -8.183354655e-17  0.4873932164  0.8835566792  0.4683242409
27  8  7.417142332e-18  1.869319691  -0.2941092008  0.9557718232
27  9  1.024980142e-16  0.09077577395  0.9958827079  0.09065115626
27  10  2.119174511e-16  0.1070684911  0.9942736427  0.1068640421
27  11  2.797822612e-16  -0.009112980159  0.9999584771  -0.009112854027
27  12  -1.335018551e-16  -0.04389873267  0.9990366054  -0.0438846345
27  13  -3.492547364e-16  -0.02212070288  0.9997553472  -0.02211889888
27  14  -3.139235118e-18  -0.02795626081  0.9996092492  -0.02795261941
27  15  5.620587844e-17  -0.03652390397  0.9993330764  -0.03651578406
27  16  1.579979874e-17  0.07340819576  0.9973068281  0.07334228362
27  17  1.706895505e-16  0.08529705536  0.9963644112  0.08519366195
27  18  4.035329553e-16  0.08247976828  0.9966004718  0.08238628298
27  19  1.720804615e-16  2.338770129  -0.6946791816  0.7193197026
27  20  2.404685801e-16  -0.06437013399  0.9979289582  -0.0643256901
27  21  -1.024204608e-16  -0.04691270006  0.9988998011  -0.04689549436
27  22  -1.112843664e-16  -0.01173645075  0.9999311287  -0.01173618131
27  23  7.253295348e-17  -0.001131853908  0.9999993595  -0.001131853666
27  24  1.826851881e-17  0.002860727474  0.9999959081  0.002860723572
27  25  1.500512187e-16  0.006086103985  0.9999814797  0.006086066413
27  26  -6.414740228e-17  0.009652887793  0.9999534112  0.009652737887
27  27  1.978565617e-16  0.01174632289  0.9999310127  0.01174605277
27  28  -1.243439217e-16  0.01249524275  0.9999219355  0.0124949176
27  29  2.880307889e-16  0.01590105443  0.9998735809  0.01590038436
27  30  -8.340812997e-17  0.0235985688  0.9997215667  0.02359637855
27  31  1.001173845e-16  0.03036899523  0.9995388975  0.03036432735
27  32  2.158870435e-16  0.02731540287  0.9996269576  0.02731200618
27  33  3.54436858e-16  0.01899760075  0.999819551  0.01899645804
27  34  1.809099807e-16  0.01353775386  0.999908366  0.01353734035
27  35  1.389066542e-17  0.01202977745  0.9999276431  0.0120294873
27  36  1.389066542e-17  0.01202977745  0.9999276431  0.0120294873

28  0  -2.199533252e-16  0.0139379737  0.999902868  0.01393752243
28  1  -1.476902847e-17  0.01094125702  0.999940145  0.01094103872
28  2  4.920203169e-17  0.0082697876  0.9999658055  0.00826969334
28  3  -9.664390587e-17  0.006499531148  0.9999788781  0.006499485387
28  4  -1.196949681e-16  0.005153687612  0.9999867198  0.005153664798
28  5  -4.088867996e-17  0.002488994471  0.9999969025  0.002488991901
28  6  1.173975568e-16  -0.008002156395  0.9999679829  -0.008002070993
28  7  2.131975412e-16  -0.03676592027  0.9993242097  -0.03675763788
28  8  1.429617482e-16  0.4873932164  0.8835566792  0.4683242409
28  9  2.305581107e-17  0.2791591888  0.9612874615  0.2755474848
28  10  1.59060174e-16  0.0445499501  0.9990078151  0.04453521519
28  11  2.523275427e-16  0.01415195014  0.9998998628  0.01415147776
28  12  -1.28561e-16  -0.02097729311  0.9997799847  -0.02097575464
28  13  -1.832100849e-16  -0.03702971375  0.9993144785  -0.03702125181
28  14  -5.155094491e-17  -0.02599527884  0.9996621418  -0.0259923512
28  15  2.093562389e-16  -0.03731803143  0.9993037631  -0.0373093703
28  16  8.72949708e-17  0.0008628824484  0.9999996277  0.0008628823414
28  17  1.099343881e-16  0.0227360635  0.9997415468  0.02273410473
28  18  2.763004371e-17  0.1009863511  0.9949052105  0.1008147914
28  19  1.547373077e-16  0.723281229  0.7496380938  0.6618479647
28  20  1.781666255e-16  -0.0519617956  0.9986502896  -0.0519384157
28  21  5.60549703e-17  -0.02175078926  0.9997634609  -0.02174907427
28  22  -1.320362491e-16  -0.0005528355124  0.9999998472  -0.0005528354843
28  23  -3.031019441e-17  0.004394601479  0.9999903438  0.004394587334
28  24  1.420320874e-16  0.005931567472  0.9999824083  0.00593153269
28  25  -1.189035454e-16  0.00731427286  0.9999732508  0.007314207643
28  26  6.147240252e-17  0.009515903745  0.9999547241  0.009515760131
28  27  8.755724555e-18  0.01249524275  0.9999219355  0.0124949176
28  28  -8.830344711e-17  0.0155627154  0.9998789034  0.0155620872
28  29  2.842235874e-16  0.02005967108  0.9997988115  0.02005832581
28  30  -1.869917328e-16  0.02765509795  0.9996176221  0.02765157296
28  31  1.93009238e-16  0.03456542667  0.9994026751  0.03455854413
28  32  1.431742169e-16  0.03557399601  0.9993673121  0.03556649328
28  33  3.215134957e-16  0.03074239904  0.9995274897  0.03073755685
28  34  1.665700911e-16  0.02304097939  0.9997345684  0.02303894075
28  35  -3.959241039e-17  0.01722959105  0.9998515743  0.0172287386
28  36  -3.959241039e-17  0.01722959105  0.9998515743  0.0172287386

29  0  -9.418744234e-17  0.022627674  0.9997440051  0.02262574311
29  1  2.256333003e-16  0.01781056485  0.9998413961  0.01780962324
29  2  6.3663414e-17  0.01456353123  0.9998939537  0.01456301643
29  3  1.833787557e-16  0.01277439135  0.9999184086  0.01277404392
29  4  2.230545529e-16  0.01206713381  0.999927193  0.01206684095
29  5  -2.175716367e-16  0.01113622158  0.9999379929  0.0111359914
29  6  -4.996382216e-17  0.006960532161  0.9999757756  0.006960475956
29  7  -1.636739065e-17  -0.008002156395  0.9999679829  -0.008002070993
29  8  -1.395286425e-19  -0.05849767241  0.998289499  -0.05846431517
29  9  -3.634383241e-17  0.03608004424  0.9993491858  0.03607221676
29  10  -2.33170795e-16  0.2440410473  0.9703694789  0.2416258976
29  11  4.836029269e-17  0.0324980742  0.9994719841  0.03249235417
29  12  1.258441223e-16  0.005362567398  0.9999856215  0.005362541696
29  13  -3.524009846e-16  -0.008154419204  0.9999667529  -0.008154328833
29  14  6.686777923e-17  -0.003464291357  0.9999939993  -0.003464284427
29  15  -1.535975386e-16  -0.005959890278  0.9999822399  -0.005959854995
29  16  -1.017238742e-17  8.081759974e-06  1  8.081759974e-06
29  17  -1.465376169e-16  0.01016474082  0.9999483395  0.01016456578
29  18  2.238306819e-17  0.1234688773  0.9923873964  0.1231554115
29  19  -3.471359152e-17  0.2153362734  0.9769045959  0.2136759474
29  20  1.501773843e-16  -0.06826585288  0.9976707914  -0.06821284284
29  21  1.428377117e-16  -0.03107420301  0.9995172358  -0.03106920235
29  22  -1.737154611e-16  0.001729108984  0.9999985051  0.001729108122
29  23  -2.008953599e-16  0.009355660623  0.9999562361  0.009355524142
29  24  -6.996053213e-17  0.01159965125  0.9999327248  0.01159939113
29  25  -1.467395065e-17  0.01228612299  0.9999245265  0.0122858139
29  26  -3.857009986e-17  0.0134182179  0.9999099771  0.01341781525
29  27  9.825333761e-18  0.01590105443  0.9998735809  0.01590038436
29  28  1.159776859e-16  0.02005967108  0.9997988115  0.02005832581
29  29  3.374159503e-16  0.02635888131  0.9996526248  0.0263558291
29  30  3.000734397e-16  0.0345313018  0.9994038538  0.03452443962
29  31  8.471391687e-17  0.03928774352  0.9992283359  0.03927763735
29  32  2.930534997e-16  0.03811761127  0.9992736118  0.03810838143
29  33  2.807304748e-16  0.03800877202  0.9992777536  0.03799962101
29  34  5.897124235e-17  0.03632689885  0.9993402508  0.03631890961
29  35  1.203989235e-16  0.02952807945  0.9995640779  0.02952378868
29  36  1.203989235e-16  0.02952807945  0.9995640779  0.02952378868

30  0  -8.204526886e-17  0.03768765551  0.9992899044  0.03767873447
30  1  -1.452612022e-16  0.03061220465  0.9995314831  0.03060742372
30  2  -4.339652101e-16  0.02552122974  0.9996743511  0.02551845936
30  3  2.008685244e-16  0.02264849585  0.9997435338  0.02264655962
30  4  3.105427954e-16  0.02074922934  0.9997847425  0.02074774051
30  5  1.63625883e-16  0.01736163719  0.9998492906  0.01736076499
30  6  -1.45208048e-16  0.01113622158  0.9999379929  0.0111359914
30  7  -6.501605844e-17  0.002488994471  0.9999969025  0.002488991901
30  8  2.103784373e-16  -0.02918949005  0.9995740171  -0.02918534519
30  9  4.072090117e-17  -0.1271994375  0.9919210533  -0.1268567068
30  10  -3.924635208e-17  0.02326308938  0.9997294265  0.02326099121
30  11  -1.783191078e-16  0.2739606  0.9627069236  0.2705464457
30  12  3.694942395e-16  0.0177680605  0.9998421522  0.0177671256
30  13  3.426462806e-17  0.003772360453  0.9999928847  0.003772351506
30  14  -1.825746693e-17  0.002055563977  0.9999978873  0.002055562529
30  15  -1.335670174e-17  0.02903094214  0.9995786318  0.02902686445
30  16  8.118975179e-17  0.0020665483  0.9999978647  0.002066546829
30  17  5.348669527e-17  0.005944548491  0.9999823312  0.00594451348
30  18  -9.1162232e-17  0.08982758112  0.995968215  0.0897068268
30  19  -1.417803484e-16  0.2394432599  0.9714701629  0.2371618069
30  20  3.607687102e-17  -0.06871853076  0.9976398108  -0.06866445934
30  21  3.439048319e-16  -0.1001230673  0.9949918715  -0.09995586838
30  22  -4.215764612e-17  -0.005901672124  0.9999825852  -0.005901637865
30  23  -9.929717302e-17  0.00716606743  0.9999743238  0.007166006097
30  24  8.093123654e-17  0.0139983337  0.9999020249  0.01399787654
30  25  -8.887410972e-18  0.01874125826  0.9998243878  0.01874016118
30  26  -1.270553181e-16  0.02131773812  0.9997727856  0.02131612353
30  27  -9.40035835e-17  0.0235985688  0.9997215667  0.02359637855
30  28  -3.743239681e-17  0.02765509795  0.9996176221  0.02765157296
30  29  4.814216686e-17  0.0345313018  0.9994038538  0.03452443962
30  30  1.394256661e-16  0.04267803342  0.999089431  0.04266507887
30  31  1.527892255e-16  0.04458913426  0.9990060692  0.04457436044
30  32  2.156884802e-16  0.0373586278  0.9993022476  0.03734993837
30  33  -2.036198106e-16  0.03416630992  0.9994163884  0.03415966305
30  34  -3.655277841e-17  0.03999340623  0.9992003703  0.03998274569
30  35  -2.275437599e-16  0.04294352906  0.9990780684  0.04293033125
30  36  -2.275437599e-16  0.04294352906  0.9990780684  0.04293033125

31  0  -7.605707258e-17  0.04376104751  0.9990426382  0.04374708157
31  1  -2.963727776e-17  0.04112885775  0.9991543278  0.04111726325
31  2  -3.591474244e-18  0.03666035041  0.9993280846  0.03665213916
31  3  4.31594254e-16  0.03306109143  0.9994535319  0.03305506894
31  4  1.811132122e-16  0.02849645235  0.9995940036  0.02849259576
31  5  2.625970041e-16  0.02074922934  0.9997847425  0.02074774051
31  6  1.61286347e-16  0.01206713381  0.999927193  0.01206684095
31  7  2.034130469e-16  0.005153687612  0.9999867198  0.005153664798
31  8  3.781159137e-16  -0.006360758618  0.9999797704  -0.006360715726
31  9  -5.794079928e-17  -0.1613995971  0.9870033352  -0.1606997706
31  10  -1.945638589e-16  -0.1341752746  0.9910119942  -0.1337730439
31  11  -2.451666156e-16  0.05883718964  0.9982695918  0.05880324828
31  12  -5.904020747e-17  0.2993714497  0.9555220497  0.2949196713
31  13  -1.096934422e-16  0.008333075486  0.9999652801  0.008332979045
31  14  1.622028294e-16  0.002046655616  0.9999979056  0.002046654187
31  15  2.262773436e-16  -0.0220212516  0.999757542  -0.02201947183
31  16  7.386403656e-18  -0.004110145063  0.9999915534  -0.004110133491
31  17  -4.850219792e-17  0.003803067328  0.9999927683  0.00380305816
31  18  1.316620475e-16  0.03389705136  0.99942555  0.03389056039
31  19  -2.462139558e-16  0.3347006637  0.9445086799  0.3284864588
31  20  -6.064262505e-17  -0.02393196464  0.9997136442  -0.02392968024
31  21  -3.16956514e-17  -0.2395742044  0.9714390995  -0.2372890134
31  22  -1.971395694e-16  -0.04258987792  0.9990931882  -0.04257700347
31  23  1.744261521e-16  0.001379627011  0.9999990483  0.001379626574
31  24  3.355495549e-16  0.008388583234  0.999964816  0.008388484852
31  25  9.931938892e-17  0.01584543733  0.9998744637  0.01584477427
31  26  2.674179323e-17  0.02411210226  0.9997093173  0.02410976589
31  27  -5.824185117e-17  0.03036899523  0.9995388975  0.03036432735
31  28  -3.394273216e-16  0.03456542667  0.9994026751  0.03455854413
31  29  2.891903377e-16  0.03928774352  0.9992283359  0.03927763735
31  30  1.55810283e-16  0.04458913426  0.9990060692  0.04457436044
31  31  4.021474862e-16  0.04431307033  0.9990183366  0.0442985692
31  32  1.735037508e-17  0.03448290299  0.9994055236  0.03447606963
31  33  -4.026652933e-16  0.02589624873  0.9996647109  0.02589335442
31  34  -1.614930863e-16  0.02870119529  0.999588149  0.02869725497
31  35  -4.353038184e-16  0.03870844544  0.9992509217  0.03869877973
31  36  -4.353038184e-16  0.03870844544  0.9992509217  0.03869877973

32  0  -3.426293523e-16  0.03028779829  0.9995413597  0.03028316775
32  1  -9.824514548e-17  0.03493977704  0.9993896681  0.03493266846
32  2  -2.350450712e-16  0.03721510783  0.9993075978  0.03720651816
32  3  1.345137979e-16  0.037777759  0.9992865053  0.03776877383
32  4  8.59913688e-18  0.03306109143  0.9994535319  0.03305506894
32  5  -2.093032634e-16  0.02264849585  0.9997435338  0.02264655962
32  6  4.833900448e-17  0.01277439135  0.9999184086  0.01277404392
32  7  1.146911306e-16  0.006499531148  0.9999788781  0.006499485387
32  8  1.327279578e-16  0.0007319873009  0.9999997321  0.0007319872355
32  9  3.430753513e-16  -0.05512103193  0.9984812205  -0.05509312354
32  10  1.517654192e-17  -0.4102540354  0.9170195324  -0.3988422963
32  11  1.638013689e-16  -0.02435039447  0.9997035438  -0.02434798815
32  12  -1.602184363e-16  0.1534872257  0.9882439424  0.1528852847
32  13  -2.512576255e-16  0.2803659909  0.9609542303  0.2767073676
32  14  3.443687421e-17  0.004388704012  0.9999903697  0.004388689924
32  15  1.700766954e-16  -0.01578437662  0.9998754293  -0.01578372119
32  16  -2.971425201e-16  -0.1047996025  0.9945135459  -0.1046078729
32  17  2.280408385e-16  0.0011469523  0.9999993423  0.001146952049
32  18  1.395237151e-16  0.01115747556  0.999937756  0.01115724407
32  19  -3.519197445e-17  0.4252005458  0.9109560254  0.4125034785
32  20  1.613616525e-16  -0.003931912479  0.99999227  -0.003931902348
32  21  -4.751359627e-17  -0.1554654883  0.9879395616  -0.1548399904
32  22  -6.585671674e-17  -0.3224987712  0.9484464256  -0.3169374983
32  23  1.566306313e-16  -0.008234213938  0.9999660991  -0.008234120889
32  24  7.688035912e-18  0.00402134808  0.9999919144  0.004021337242
32  25  1.810739931e-16  0.009175536095  0.9999579051  0.009175407347
32  26  8.229963902e-17  0.01690221446  0.999857161  0.01690140969
32  27  -6.920611467e-17  0.02731540287  0.9996269576  0.02731200618
32  28  5.889406296e-17  0.03557399601  0.9993673121  0.03556649328
32  29  -1.608255914e-16  0.03811761127  0.9992736118  0.03810838143
32  30  -4.711547394e-17  0.0373586278  0.9993022476  0.03734993837
32  31  -9.04239702e-17  0.03448290299  0.9994055236  0.03447606963
32  32  1.922870523e-16  0.02747177604  0.9996226745  0.02746832068
32  33  -2.764327078e-16  0.01947609073  0.9998103469  0.01947485948
32  34  -2.560889412e-16  0.01735251674  0.9998494489  0.01735164592
32  35  -2.124123915e-16  0.02266732688  0.9997431071  0.02266538582
32  36  -2.124123915e-16  0.02266732688  0.9997431071  0.02266538582

33  0  1.274254895e-16  0.01631880703  0.9998668512  0.01631808275
33  1  -1.752747933e-16  0.02131485444  0.9997728471  0.02131324051
33  2  -4.47199334e-17  0.0289425126  0.9995811947  0.02893847206
33  3  -1.181862001e-16  0.03721510783  0.9993075978  0.03720651816
33  4  -1.494231048e-16  0.03666035041  0.9993280846  0.03665213916
33  5  -6.598891707e-17  0.02552122974  0.9996743511  0.02551845936
33  6  -9.298901531e-17  0.01456353123  0.9998939537  0.01456301643
33  7  1.97093477e-16  0.0082697876  0.9999658055  0.00826969334
33  8  2.008521874e-18  0.00423644393  0.9999910263  0.004236431258
33  9  1.961756092e-16  -0.009612497277  0.9999538003  -0.009612349245
33  10  -4.852716116e-17  -0.4480090772  0.9013113  -0.4331719526
33  11  4.386942459e-17  -0.1147842549  0.9934195172  -0.1145323657
33  12  -1.119947108e-16  -0.004207149413  0.99999115  -0.004207137002
33  13  -8.772782971e-17  0.3701473561  0.9322740492  0.3617528122
33  14  4.402353934e-16  0.1408725989  0.9900938541  0.1404071228
33  15  1.621886919e-16  0.001320231998  0.9999991285  0.001320231615
33  16  -2.352036857e-17  -0.2054905666  0.9789610035  -0.20404743
33  17  2.298860751e-16  -0.03592662164  0.9993547083  -0.03591889359
33  18  -2.95891858e-16  0.004884310142  0.9999880718  0.004884290722
33  19  2.652033437e-17  0.4997414229  0.877706501  0.4791985998
33  20  1.801320557e-16  0.0078015725  0.9999695679  0.00780149336
33  21  8.664590016e-17  -0.01995953933  0.999800815  -0.0199582141
33  22  2.219431267e-16  -0.4515849972  0.8997565524  -0.4363921933
33  23  3.503690501e-16  -0.1044231391  0.9945528564  -0.1042334676
33  24  1.953083985e-16  0.0008536538228  0.9999996356  0.0008536537191
33  25  2.597522893e-16  0.006211806248  0.9999807068  0.006211766299
33  26  4.047749933e-16  0.01077487739  0.9999419516  0.0107746689
33  27  -1.044371959e-16  0.01899760075  0.999819551  0.01899645804
33  28  1.952240945e-16  0.03074239904  0.9995274897  0.03073755685
33  29  -3.091477269e-16  0.03800877202  0.9992777536  0.03799962101
33  30  -2.015223196e-16  0.03416630993  0.9994163884  0.03415966305
33  31  -1.8469676e-16  0.02589624873  0.9996647109  0.02589335442
33  32  -2.59958041e-16  0.01947609073  0.9998103469  0.01947485948
33  33  -3.665968362e-16  0.01477473634  0.9998908556  0.01477419881
33  34  1.142091435e-16  0.01215587623  0.9999261182  0.01215557686
33  35  -6.247056114e-17  0.01290800909  0.9999166928  0.01290765065
33  36  -6.247056114e-17  0.01290800909  0.9999166928  0.01290765065

34  0  -2.319988321e-16  0.01061230367  0.99994369  0.01061210448
34  1  -3.311715824e-16  0.01344310017  0.9999096429  0.01344269528
34  2  -1.258723389e-16  0.02131485444  0.9997728471  0.02131324051
34  3  -2.055072224e-16  0.03493977704  0.9993896681  0.03493266846
34  4  -1.272960669e-16  0.04112885775  0.9991543278  0.04111726325
34  5  -5.589183115e-17  0.03061220465  0.9995314831  0.03060742372
34  6  -5.593944536e-17  0.01781056485  0.9998413961  0.01780962324
34  7  1.730313447e-16  0.01094125702  0.999940145  0.01094103872
34  8  1.792352394e-16  0.007760391151  0.9999698883  0.007760313258
34  9  8.075245592e-18  0.002661008915  0.9999964595  0.002661005775
34  10  1.295651529e-16  -0.1275121954  0.9918813293  -0.1271669317
34  11  1.154873395e-16  -0.2911630104  0.9579106621  -0.2870664791
34  12  -8.820640602e-18  -0.01253503099  0.9999214375  -0.01253470273
34  13  5.557358161e-17  0.004225886848  0.999991071  0.004225874271
34  14  2.332419868e-16  0.5136215016  0.8709708537  0.4913346843
34  15  -1.525197076e-16  0.007377994869  0.9999727827  0.007377927932
34  16  2.105324432e-16  -0.03393189916  0.9994243683  -0.03392538815
34  17  -1.693476056e-17  -0.4031949255  0.9198121326  -0.3923590711
34  18  -4.013440287e-16  0.001507700432  0.9999988634  0.001507699861
34  19  3.861746339e-17  0.2583471759  0.9668135669  0.2554829288
34  20  1.059602298e-16  0.2657257439  0.9649021677  0.2626096091
34  21  -4.369863364e-17  -0.00363436717  0.9999933957  -0.003634359169
34  22  -1.094008688e-16  -0.07605246595  0.9971094049  -0.07597917285
34  23  3.32990442e-16  -0.3398784375  0.9427951981  -0.333372486
34  24  8.703812443e-17  -0.0125268956  0.9999215395  -0.01252656798
34  25  -3.493315517e-16  0.006180551659  0.9999809005  0.00618051231
34  26  -2.585992186e-16  0.009132209558  0.9999583017  0.009132082625
34  27  -6.702204986e-17  0.01353775386  0.999908366  0.01353734035
34  28  2.800273883e-16  0.02304097939  0.9997345684  0.02303894075
34  29  4.247233491e-17  0.03632689885  0.9993402508  0.03631890961
34  30  -4.334821333e-19  0.03999340623  0.9992003703  0.03998274569
34  31  1.403935848e-16  0.02870119529  0.999588149  0.02869725497
34  32  1.695889617e-16  0.01735251674  0.9998494489  0.01735164592
34  33  -7.983052286e-17  0.01215587623  0.9999261182  0.01215557686
34  34  1.126543271e-16  0.0101833255  0.9999481504  0.0101831495
34  35  -8.370545321e-17  0.009730250706  0.9999526615  0.009730097167
34  36  -8.370545321e-17  0.009730250706  0.9999526615  0.009730097167

35  0  2.036243259e-17  0.009103267359  0.9999585655  0.009103141629
35  1  9.414487838e-17  0.01061230367  0.99994369  0.01061210448
35  2  -2.503210776e-16  0.01631880703  0.9998668512  0.01631808275
35  3  -1.167680263e-16  0.03028779829  0.9995413597  0.03028316775
35  4  3.138484557e-16  0.04376104751  0.9990426382  0.04374708157
35  5  -2.729827843e-16  0.03768765551  0.9992899044  0.03767873447
35  6  -2.082937263e-16  0.022627674  0.9997440051  0.02262574311
35  7  3.39191524e-16  0.0139379737  0.999902868  0.01393752243
35  8  1.559003958e-16  0.01099646995  0.9999395394  0.01099624834
35  9  -3.041256064e-16  0.009229678631  0.9999574068  0.00922954759
35  10  -5.813800445e-17  -0.01168269103  0.9999317581  -0.01168242528
35  11  -3.006783132e-16  -0.2566761964  0.9672391237  -0.2538670472
35  12  5.158112794e-16  -0.03999263159  0.9992004013  -0.03998197167
35  13  4.601944e-17  -0.002664647409  0.9999964498  -0.002664644255
35  14  -5.705762908e-17  0.1945615299  0.9811325361  0.1933363563
35  15  -1.933038499e-16  0.330273181  0.9459537858  0.3243014571
35  16  5.244516e-17  0.00190007237  0.9999981949  0.001900071226
35  17  -1.792570481e-16  -0.5898573744  0.8310200219  -0.5562425039
35  18  2.500694952e-16  -0.05405529756  0.9985393681  -0.0540289767
35  19  1.129010469e-16  0.008455078246  0.999964256  0.008454977506
35  20  -2.261202975e-16  0.5159902158  0.8698045799  0.4933963851
35  21  5.026686024e-17  0.001915810535  0.9999981648  0.001915809363
35  22  4.04872714e-16  -0.009910366473  0.9999508927  -0.009910204248
35  23  2.169859935e-16  -0.1878884715  0.9824008266  -0.1867849456
35  24  -1.480454243e-16  -0.1145107599  0.9934508041  -0.1142606661
35  25  -2.00198757e-16  0.005600631762  0.9999843165  0.005600602483
35  26  -8.252635149e-17  0.0103826341  0.9999461009  0.01038244756
35  27  -1.352047874e-16  0.01202977745  0.9999276431  0.0120294873
35  28  2.636883793e-16  0.01722959105  0.9998515743  0.0172287386
35  29  -3.597188288e-17  0.02952807945  0.9995640779  0.02952378868
35  30  -1.509710087e-17  0.04294352906  0.9990780684  0.04293033125
35  31  1.901272007e-16  0.03870844544  0.9992509217  0.03869877973
35  32  5.347143731e-17  0.02266732688  0.9997431071  0.02266538582
35  33  -5.296653486e-17  0.01290800909  0.9999166928  0.01290765065
35  34  7.85416033e-17  0.009730250706  0.9999526615  0.009730097167
35  35  -1.130794984e-16  0.008929358809  0.9999601335  0.008929240148
35  36  -1.130794984e-16  0.008929358809  0.9999601335  0.008929240148

36  0  2.036243259e-17  0.009103267359  0.9999601335  0.008929240148
36  1  -3.311715824e-16  0.01344310017  0.9999601335  0.008929240148
36  2  -4.47199334e-17  0.0289425126  0.9999601335  0.008929240148
36  3  1.345137979e-16  0.037777759  0.9999601335  0.008929240148
36  4  1.811132122e-16  0.02849645235  0.9999601335  0.008929240148
36  5  1.63625883e-16  0.01736163719  0.9999601335  0.008929240148
36  6  -4.996382216e-17  0.006960532161  0.9999601335  0.008929240148
36  7  2.131975412e-16  -0.03676592027  0.9999601335  0.008929240148
36  8  7.417142332e-18  1.869319691  0.9999601335  0.008929240148
36  9  1.191054856e-16  0.4530549488  0.9999601335  0.008929240148
36  10  -1.308395457e-16  0.02405418872  0.9999601335  0.008929240148
36  11  1.629943096e-16  0.3403855255  0.9999601335  0.008929240148
36  12  -3.016343828e-16  0.2405091119  0.9999601335  0.008929240148
36  13  -6.060257601e-17  -0.01146377444  0.9999601335  0.008929240148
36  14  -1.422713608e-17  -0.01545342424  0.9999601335  0.008929240148
36  15  1.86957345e-16  0.01010174109  0.9999601335  0.008929240148
36  16  -3.008725993e-16  -0.2591783773  0.9999601335  0.008929240148
36  17  -3.787561139e-17  -0.9052662334  0.9999601335  0.008929240148
36  18  -1.514921873e-16  -0.9052662334  0.9999601335  0.008929240148
36  19  -2.368411619e-16  -0.2591783773  0.9999601335  0.008929240148
36  20  -3.728966103e-17  0.01010174109  0.9999601335  0.008929240148
36  21  -1.27809592e-16  -0.01545342424  0.9999601335  0.008929240148
36  22  1.360019608e-16  -0.01146377444  0.9999601335  0.008929240148
36  23  -2.936361008e-16  0.2405091119  0.9999601335  0.008929240148
36  24  5.850273816e-17  0.3403855255  0.9999601335  0.008929240148
36  25  -9.630103722e-17  0.02405418872  0.9999601335  0.008929240148
36  26  1.136054226e-17  0.4530549488  0.9999601335  0.008929240148
36  27  -7.895386504e-17  1.869319691  0.9999601335  0.008929240148
36  28  -5.990504551e-17  -0.03676592027  0.9999601335  0.008929240148
36  29  -1.3610086e-16  0.006960532161  0.9999601335  0.008929240148
36  30  -2.517820319e-16  0.01736163719  0.9999601335  0.008929240148
36  31  -3.023229762e-16  0.02849645235  0.9999601335  0.008929240148
36  32  2.043891418e-16  0.037777759  0.9999601335  0.008929240148
36  33  -5.073962408e-17  0.0289425126  0.9999601335  0.008929240148
36  34  1.003466903e-16  0.01344310017  0.9999601335  0.008929240148
36  35  -2.046339118e-16  0.009103267359  0.9999601335  0.008929240148
36  36  -2.046339118e-16  0.009103267359  0.9999601335  0.008929240148

#Chern no*2pi*Iota= -6.373956151e-15  37.69911184
