#nx  ny  tilde_F(nx,ny).real()  tilde_F(nx,ny).imag()  ArgofLog.real()  ArgofLog.imag()
#Extra momentum point for pm3d corners2color c1
0  0  2.083759719e-17  0.04833373384  0.9988321525  0.0483149169
0  1  -5.005132739e-17  0.1786951477  0.9840764623  0.1777456507
0  2  -3.94934101e-16  0.3138986293  0.951137025  0.3087691042
0  3  -3.444767009e-16  0.1043888539  0.9945564295  0.104199369
0  4  -1.987481898e-16  0.4491231268  0.9008281658  0.434175789
0  5  7.889133228e-18  0.1781605642  0.9841713416  0.1772195543
0  6  1.877970347e-16  0.005337728412  0.9999857544  0.005337703066
0  7  2.580612636e-16  0.03902042691  0.9992387997  0.03901052562
0  8  -2.251607751e-16  0.04698617398  0.9988963528  0.04696888732
0  9  1.561816216e-16  0.00631135519  0.9999800835  0.00631131329
0  10  2.592906563e-16  -0.0004217345351  0.9999999111  -0.0004217345226
0  11  -1.514608239e-16  -0.1397643324  0.9902488545  -0.1393097489
0  12  -2.299477781e-16  -1.003173545  0.5376291437  -0.8431814181
0  13  1.418779031e-16  -0.02715186436  0.9996314108  -0.02714852832
0  14  -1.436005645e-17  0.002534955658  0.999996787  0.002534952943
0  15  -1.905498375e-16  0.02115722463  0.9997761943  0.02115564623
0  16  1.666423068e-16  0.01718420886  0.9998523551  0.01718336313
0  17  2.161989228e-16  -0.1289275582  0.9917003485  -0.1285706758
0  18  -2.000445737e-16  -0.1960944071  0.9808350226  -0.1948400843
0  19  -1.884589833e-16  -0.0160415694  0.9998713368  -0.01604088141
0  20  -3.307354385e-16  0.02382130154  0.9997162862  0.02381904868
0  21  9.925984257e-17  0.01108260259  0.9999385886  0.01108237572
0  22  -4.307850839e-17  -0.008930463949  0.9999601237  -0.008930345244
0  23  1.938869951e-16  -0.3969366865  0.922249581  -0.386595021
0  24  2.860175942e-16  -0.7580515696  0.7261769495  -0.6875078458
0  25  2.658390471e-16  -0.008873057721  0.9999606347  -0.00887294129
0  26  -4.171092168e-16  0.002626667428  0.9999965503  0.002626664408
0  27  -1.097673419e-16  0.01592143481  0.9998732566  0.01592076216
0  28  -1.098353434e-16  0.06714029098  0.9977469372  0.06708985964
0  29  8.694497468e-17  0.009291217604  0.9999568369  0.009291083924
0  30  2.009494435e-16  0.02362352117  0.9997209776  0.02362132397
0  31  -1.713884297e-16  0.5411732017  0.857104906  0.5151419029
0  32  1.210736425e-16  0.1035738931  0.9946410176  0.1033888101
0  33  -3.05267803e-16  0.2114986335  0.9777174116  0.2099253751
0  34  -1.593493645e-17  0.2838543304  0.9599831363  0.2800578118
0  35  4.141004586e-17  0.08802188328  0.9961285746  0.08790826389
0  36  4.141004586e-17  0.08802188328  0.9961285746  0.08790826389

1  0  2.891559929e-16  0.1786951477  0.9840764623  0.1777456507
1  1  6.524087502e-17  0.2296802627  0.9737392382  0.2276661944
1  2  1.418041174e-18  0.3362393374  0.9440021285  0.3299393601
1  3  1.152093927e-16  0.1345034912  0.9909680343  0.1340983032
1  4  4.672603022e-17  0.1331958016  0.9911425459  0.1328023103
1  5  -1.652464348e-16  0.3085756231  0.9527671222  0.3037018455
1  6  -1.745121656e-16  0.009743964406  0.999952528  0.009743810217
1  7  6.407721302e-17  0.01596785926  0.9998725164  0.01596718071
1  8  -2.29329179e-16  0.1335807861  0.9910913457  0.133183875
1  9  -2.114245988e-16  0.03027112909  0.9995418644  0.03026650619
1  10  4.373653349e-17  0.002937882932  0.9999956844  0.002937878706
1  11  9.029724858e-17  -0.008307604186  0.9999654921  -0.008307508627
1  12  -1.945014068e-16  -0.1162702014  0.9932482316  -0.1160084069
1  13  -4.015105859e-16  -0.04193811537  0.9991207261  -0.04192582296
1  14  2.472542044e-17  -0.0066122991  0.9999781388  -0.006612250915
1  15  -2.955915807e-16  0.00373454751  0.9999930266  0.00373453883
1  16  -7.528674977e-17  0.006692795116  0.9999776033  0.006692745151
1  17  -6.250344541e-17  -0.02316695141  0.9997316582  -0.02316487915
1  18  -3.48541049e-16  -0.1403953379  0.9901607522  -0.1399345736
1  19  -1.163008345e-16  -0.102223628  0.9947797132  -0.1020456871
1  20  9.249669783e-17  -0.004212883543  0.9999911258  -0.004212871082
1  21  -1.981547962e-17  0.006314392927  0.9999800643  0.006314350967
1  22  -6.999198669e-17  -0.00130786628  0.9999991447  -0.001307865907
1  23  -1.678561077e-16  -0.01751661931  0.9998465879  -0.01751572355
1  24  6.82316163e-17  -0.1170350607  0.9931592109  -0.1167680681
1  25  -1.704694453e-18  -0.035689173  0.9993632091  -0.03568159716
1  26  -1.132964425e-16  -0.0009665325538  0.9999995329  -0.0009665324033
1  27  5.681783519e-17  0.008172009309  0.9999666093  0.008171918353
1  28  1.749196515e-16  0.09520490551  0.9954714351  0.09506114821
1  29  3.089978074e-16  0.07628499025  0.9970917109  0.07621102297
1  30  6.739166005e-17  0.00562804853  0.9999841626  0.005628018819
1  31  -3.564653622e-16  0.09263399598  0.9957125386  0.09250156987
1  32  -7.510231232e-17  0.3221100246  0.9485695623  0.3165687689
1  33  -2.289883383e-16  0.08650658028  0.9962606386  0.08639872692
1  34  -2.951970235e-16  0.2487533512  0.9692200946  0.2461958738
1  35  -5.093633321e-17  0.2838543304  0.9599831363  0.2800578118
1  36  -5.093633321e-17  0.2838543304  0.9599831363  0.2800578118

2  0  -1.589755045e-16  0.3138986293  0.951137025  0.3087691042
2  1  1.833680238e-17  0.3362393374  0.9440021285  0.3299393601
2  2  2.854681446e-16  0.2897688605  0.9583099448  0.2857307294
2  3  1.961256747e-16  0.1195894816  0.9928576963  0.119304631
2  4  9.461941414e-17  0.08948814433  0.9959986074  0.08936875339
2  5  1.367461191e-16  0.2714346183  0.9633872469  0.2681138051
2  6  -1.837563557e-17  0.01260979902  0.9999204975  0.01260946485
2  7  2.281163692e-16  0.004989731399  0.9999875513  0.004989710694
2  8  9.497421278e-17  0.1265758976  0.9919999607  0.1262381798
2  9  -7.858050465e-17  0.2711050418  0.9634755586  0.2677962808
2  10  6.657832089e-17  0.01646892182  0.9998643904  0.01646817737
2  11  2.432746057e-19  -0.001986982262  0.999998026  -0.001986980955
2  12  -1.573395004e-16  -0.02836206842  0.9995978235  -0.02835826613
2  13  -2.035446035e-16  -0.04359618318  0.9990498369  -0.04358237448
2  14  4.293440483e-17  -0.01098069062  0.9999397128  -0.01098046995
2  15  -1.189590374e-16  0.0001980519599  0.9999999804  0.0001980519586
2  16  -2.716559586e-17  0.01213783135  0.9999263374  0.01213753331
2  17  1.029213655e-16  -0.0169723223  0.9998559736  -0.01697150747
2  18  2.086712684e-16  -0.2084672125  0.9783492904  -0.206960542
2  19  2.222253552e-16  -0.2143012721  0.9771252275  -0.2126647356
2  20  1.233832647e-16  -0.09978855007  0.9950252528  -0.09962302085
2  21  3.207973013e-16  0.009556055601  0.9999543412  0.009555910161
2  22  1.028990446e-17  0.006686385822  0.9999776462  0.006686336
2  23  -6.05808e-16  -0.004843629554  0.9999882696  -0.004843610614
2  24  -5.252333046e-17  -0.02374680892  0.9997180578  -0.02374457714
2  25  -1.065582023e-16  -0.04755143812  0.9988696434  -0.04753352007
2  26  2.882443267e-16  -0.01039720404  0.9999459496  -0.01039701672
2  27  -8.751350309e-17  0.003386714329  0.9999942651  0.003386707854
2  28  2.376285676e-16  0.06673641137  0.9977739521  0.06668688454
2  29  3.285999703e-16  0.3285445137  0.9465129815  0.322665734
2  30  2.132092377e-16  0.01937802424  0.999812252  0.0193768115
2  31  4.547243018e-18  0.005155589111  0.99998671  0.005155566271
2  32  -4.867747726e-17  0.1105110286  0.9938998683  0.1102862265
2  33  1.80224589e-16  0.2253597695  0.9747137771  0.2234570489
2  34  -3.753920731e-16  0.08650658028  0.9962606386  0.08639872692
2  35  -3.335434786e-17  0.2114986335  0.9777174116  0.2099253751
2  36  -3.335434786e-17  0.2114986335  0.9777174116  0.2099253751

3  0  3.697465854e-17  0.1043888539  0.9945564295  0.104199369
3  1  1.504491765e-16  0.1345034912  0.9909680343  0.1340983032
3  2  3.799998177e-16  0.1195894816  0.9928576963  0.119304631
3  3  3.594160377e-16  0.07554930119  0.9971475087  0.07547745294
3  4  -1.69958125e-16  0.1654637422  0.9863420786  0.1647097571
3  5  1.379174894e-16  0.3244772161  0.9478175264  0.3188133257
3  6  -7.786364454e-17  0.01278171603  0.999918315  0.012781368
3  7  -1.062992398e-16  0.001847621116  0.9999982931  0.001847620065
3  8  -4.228300529e-16  0.02229757547  0.9997514194  0.02229572785
3  9  -5.231118357e-16  0.483219473  0.8855036429  0.4646324337
3  10  -2.640527683e-17  0.1605000404  0.9871474944  0.1598118402
3  11  2.497741271e-16  0.006759528745  0.9999771545  0.00675947727
3  12  4.641677334e-17  -0.01441267681  0.9998961392  -0.01441217784
3  13  -2.014015418e-16  -0.04307123607  0.9990725777  -0.04305792017
3  14  -1.609828951e-17  -0.02031922453  0.9997935717  -0.02031782635
3  15  -1.97797055e-16  0.001535275913  0.9999988215  0.00153527531
3  16  -2.942410103e-17  0.04102535893  0.999158578  0.04101385173
3  17  9.885817673e-18  0.0331004496  0.9994522301  0.03309440557
3  18  3.27419872e-16  -0.05055603188  0.998722316  -0.0505344985
3  19  -3.791636282e-17  -0.04848075497  0.9988250384  -0.0484617658
3  20  -1.602511633e-16  -0.05065344822  0.9987173884  -0.05063179014
3  21  1.940177272e-16  -0.01548735177  0.9998800734  -0.01548673265
3  22  2.455288171e-16  0.05199429113  0.9986486013  0.05197086735
3  23  7.244126565e-17  0.02069747057  0.999785815  0.02069599285
3  24  -7.391736366e-17  -0.007577707497  0.9999712893  -0.007577634976
3  25  2.221901508e-16  -0.03605088512  0.9993502372  -0.03604307661
3  26  -1.386709732e-17  -0.03096389482  0.9995206569  -0.03095894722
3  27  -9.914609266e-17  -0.004414677846  0.9999902553  -0.004414663507
3  28  1.408117446e-16  0.0313174401  0.9995096491  0.03131232109
3  29  3.660645919e-16  0.5173967086  0.8691097613  0.4946192705
3  30  -6.730448692e-17  0.1204564392  0.9927538911  0.1201653515
3  31  -1.621012361e-16  0.004243504161  0.9999909963  0.004243491425
3  32  1.319507466e-16  0.004909764333  0.9999879471  0.004909744608
3  33  3.404038728e-17  0.1105110286  0.9938998683  0.1102862265
3  34  -3.929596688e-17  0.3221100246  0.9485695623  0.3165687689
3  35  -4.090161763e-18  0.1035738931  0.9946410176  0.1033888101
3  36  -4.090161763e-18  0.1035738931  0.9946410176  0.1033888101

4  0  -1.788527126e-16  0.4491231268  0.9008281658  0.434175789
4  1  -8.294365237e-17  0.1331958016  0.9911425459  0.1328023103
4  2  7.393149393e-17  0.08948814433  0.9959986074  0.0893687534
4  3  -4.134669632e-17  0.1654637421  0.9863420786  0.1647097571
4  4  -2.322325794e-16  0.7666477685  0.720240238  0.693724729
4  5  1.098130696e-16  0.2439794155  0.9703843689  0.2415660915
4  6  7.809945856e-17  0.01063435946  0.9999434557  0.01063415903
4  7  3.831036576e-17  0.002265362901  0.9999974341  0.002265360964
4  8  -5.325681995e-17  0.009408092659  0.9999557442  0.009407953871
4  9  -3.561527076e-16  0.1408681454  0.9900944794  0.1404027135
4  10  -1.429756829e-16  0.3087905983  0.9527018118  0.3039066598
4  11  1.564227007e-16  0.03939436954  0.9992241422  0.03938418087
4  12  -8.879086254e-17  -0.005808340556  0.9999831316  -0.005808307897
4  13  -4.425644476e-16  -0.03890782661  0.999243186  -0.03889801079
4  14  -8.892799961e-17  -0.04012553419  0.9991950788  -0.04011476765
4  15  -1.145086196e-17  0.003918542022  0.9999923225  0.003918531994
4  16  1.30016471e-16  0.1165297247  0.9932180912  0.1162661741
4  17  1.142679157e-16  0.06070805086  0.9981578322  0.06067076814
4  18  -6.894964295e-17  -0.01508122038  0.9998862806  -0.0150806487
4  19  -9.885293191e-17  -0.02367902738  0.9997196649  -0.02367681465
4  20  3.880305433e-17  -0.02445267175  0.9997010483  -0.02445023498
4  21  5.388911943e-17  -0.01980187428  0.9998039493  -0.01980058021
4  22  1.492669068e-16  0.01393493865  0.9999029103  0.01393448766
4  23  -3.796924267e-16  0.1057103582  0.9944178612  0.1055135883
4  24  -1.67228196e-16  0.05893866615  0.9982636196  0.05890454889
4  25  4.628274401e-16  -0.01699354518  0.9998556132  -0.01699272729
4  26  -9.638454626e-17  -0.04868827337  0.9988149601  -0.04866903934
4  27  1.772871291e-16  -0.02184705561  0.9997613626  -0.02184531774
4  28  9.333223161e-17  0.01100831027  0.9999394092  0.01100808794
4  29  1.96419342e-16  0.1773740153  0.984310429  0.1764454006
4  30  2.43754705e-16  0.274728271  0.9624989493  0.2712854081
4  31  -4.736716945e-18  0.03201860556  0.9994874482  0.03201313498
4  32  3.328400858e-17  0.004243504161  0.9999909963  0.004243491425
4  33  -9.247185568e-17  0.005155589111  0.99998671  0.005155566272
4  34  -4.218092837e-17  0.09263399598  0.9957125386  0.09250156987
4  35  -1.458858513e-16  0.5411732017  0.857104906  0.5151419029
4  36  -1.458858513e-16  0.5411732017  0.857104906  0.5151419029

5  0  2.425749039e-16  0.1781605642  0.9841713416  0.1772195543
5  1  3.682627971e-17  0.3085756231  0.9527671222  0.3037018455
5  2  7.241888975e-17  0.2714346183  0.9633872469  0.2681138051
5  3  8.726176142e-17  0.3244772161  0.9478175264  0.3188133257
5  4  -1.261180284e-17  0.2439794155  0.9703843689  0.2415660916
5  5  3.081986e-16  0.04062249351  0.99917502  0.04061132198
5  6  4.096461864e-16  0.006552340921  0.9999785335  0.006552294035
5  7  3.297018593e-16  0.006352585875  0.9999798224  0.006352543148
5  8  9.894551178e-17  0.03470772705  0.9993977473  0.03470075916
5  9  -2.385411509e-16  0.2164164962  0.9766732083  0.2147310972
5  10  -2.331015255e-17  0.2871284358  0.9590610538  0.2831993911
5  11  8.859762688e-17  0.05890058829  0.9982658618  0.0588665371
5  12  1.826239709e-16  0.005587245839  0.9999843914  0.005587216769
5  13  -1.514350087e-16  -0.0306785318  0.9995294508  -0.03067371973
5  14  -9.717910677e-17  -0.06056281398  0.9981666333  -0.06052579817
5  15  -6.847497369e-18  0.0001238417694  0.9999999923  0.0001238417691
5  16  -3.175800463e-16  0.2296639927  0.9737429421  0.2276503517
5  17  -7.967171941e-17  0.05852190016  0.9982880823  0.05848850145
5  18  -1.856060923e-16  -0.00127126321  0.9999991919  -0.001271262868
5  19  1.64742565e-16  -0.01035364332  0.9999464015  -0.01035345834
5  20  -9.658110073e-17  -0.01032536235  0.9999466939  -0.01032517888
5  21  8.645880959e-17  -0.01030137907  0.9999469413  -0.01030119687
5  22  4.827561605e-18  -0.007276899598  0.9999735235  -0.007276835376
5  23  -3.407039558e-16  0.02236505644  0.9997499125  0.02236319201
5  24  -1.710952211e-16  0.1488238062  0.9889461621  0.148275043
5  25  3.178816214e-16  0.1296795063  0.9916033897  0.1293163467
5  26  2.68352268e-16  -0.03917226449  0.9992328649  -0.03916224718
5  27  -1.618620816e-17  -0.05187748451  0.9986546651  -0.05185421823
5  28  8.47045254e-17  -0.01035610913  0.999946376  -0.01035592401
5  29  1.563022332e-16  0.03303162824  0.9994545054  0.03302562183
5  30  -7.842223129e-17  0.1584469735  0.9874735181  0.157784825
5  31  2.982322592e-16  0.274728271  0.9624989493  0.2712854081
5  32  1.540887933e-16  0.1204564392  0.9927538911  0.1201653515
5  33  4.952876677e-17  0.01937802424  0.999812252  0.0193768115
5  34  1.944630796e-16  0.00562804853  0.9999841626  0.005628018819
5  35  3.889990128e-17  0.02362352117  0.9997209776  0.02362132397
5  36  3.889990128e-17  0.02362352117  0.9997209776  0.02362132397

6  0  -2.179888099e-16  0.005337728412  0.9999857544  0.005337703066
6  1  -5.178307479e-17  0.009743964407  0.999952528  0.009743810218
6  2  -2.485275893e-16  0.01260979902  0.9999204975  0.01260946485
6  3  2.012782531e-16  0.01278171603  0.999918315  0.012781368
6  4  2.644543599e-16  0.01063435946  0.9999434557  0.01063415903
6  5  2.297984927e-16  0.006552340921  0.9999785335  0.006552294035
6  6  4.336972174e-16  0.004050907989  0.9999917951  0.00405089691
6  7  8.570344446e-17  0.02084564084  0.9997827375  0.02084413116
6  8  1.09506446e-16  0.1738675902  0.9849230692  0.1729929122
6  9  1.499692347e-16  0.599439377  0.8256520367  0.5641796826
6  10  -6.075996417e-17  0.2846560592  0.9597582974  0.2808273679
6  11  8.466724101e-18  0.05616546752  0.9984231347  0.05613594262
6  12  2.183833386e-16  0.008175605416  0.9999665799  0.00817551434
6  13  3.318781552e-16  -0.02447129139  0.9997005929  -0.02446884905
6  14  2.857717523e-16  -0.06943218751  0.9975905539  -0.06937641417
6  15  -5.328648436e-17  -0.02614042902  0.9996583584  -0.02613745207
6  16  -1.19450505e-16  0.3621223061  0.9351470828  0.354259698
6  17  -1.823876451e-16  0.09450645453  0.9955375878  0.09436583708
6  18  6.247054286e-17  0.02148058317  0.9997693011  0.0214789313
6  19  8.784911562e-17  0.00416850644  0.9999913118  0.004168494368
6  20  -5.51781202e-17  0.007280517107  0.9999734972  0.007280452789
6  21  -1.567437291e-16  0.008450830933  0.9999642919  0.008450730345
6  22  -1.674262822e-16  0.005906807595  0.9999825549  0.005906773246
6  23  4.885525714e-17  0.006139668895  0.9999811523  0.006139630323
6  24  2.592491931e-16  0.04891162781  0.9988040648  0.04889212787
6  25  3.875326492e-16  0.1875237936  0.9824688776  0.1864266732
6  26  7.81904816e-17  0.2429344055  0.970636278  0.2405518984
6  27  -3.260315468e-16  -0.07150090313  0.9974448993  -0.07143999542
6  28  3.286431549e-16  -0.04582274859  0.9989503215  -0.04580671442
6  29  -3.308409566e-17  -0.004950366594  0.999987747  -0.004950346375
6  30  -2.931861142e-16  0.03303162824  0.9994545054  0.03302562183
6  31  -1.376202593e-17  0.1773740153  0.984310429  0.1764454006
6  32  1.491694373e-16  0.5173967087  0.8691097613  0.4946192705
6  33  -5.508601965e-17  0.3285445137  0.9465129815  0.322665734
6  34  1.423475215e-16  0.07628499025  0.9970917109  0.07621102297
6  35  7.270324665e-17  0.009291217604  0.9999568369  0.009291083924
6  36  7.270324665e-17  0.009291217604  0.9999568369  0.009291083924

7  0  8.638237543e-17  0.03902042691  0.9992387997  0.03901052562
7  1  1.300055384e-16  0.01596785926  0.9998725164  0.01596718071
7  2  -3.09627818e-16  0.004989731399  0.9999875513  0.004989710693
7  3  -4.614863122e-17  0.001847621116  0.9999982931  0.001847620065
7  4  1.869619259e-16  0.002265362901  0.9999974341  0.002265360964
7  5  -6.968165223e-17  0.006352585875  0.9999798224  0.006352543148
7  6  -3.310397863e-16  0.02084564084  0.9997827375  0.02084413116
7  7  -5.472577059e-17  0.0635093266  0.9979839605  0.06346664176
7  8  2.894860115e-17  0.1062613008  0.9943595784  0.1060614394
7  9  1.199158906e-16  0.07805223773  0.9969554702  0.07797301085
7  10  -1.440182779e-16  0.03817407839  0.9992714583  0.03816480747
7  11  -4.006786573e-17  0.01749381316  0.9998469872  0.01749292089
7  12  -1.006387268e-16  0.0003350258485  0.9999999439  0.0003350258423
7  13  4.882992094e-17  -0.02728867434  0.9996276872  -0.02728528762
7  14  3.132609919e-16  -0.07245585656  0.9973762226  -0.07239247613
7  15  3.966434395e-17  -0.1165968873  0.9932102803  -0.1163328809
7  16  7.670547408e-18  -0.6158482725  0.8162837351  -0.5776511611
7  17  4.802694285e-18  0.2134762811  0.9773003414  0.2118585439
7  18  -6.941841868e-18  0.07481158816  0.9972029181  0.07474182376
7  19  -1.995910753e-16  0.01455169425  0.999894126  0.01455118069
7  20  -5.564829528e-17  0.02962068455  0.9995613396  0.02961635328
7  21  -1.476844362e-16  0.03833933052  0.9992651379  0.03832993869
7  22  3.154614848e-16  0.03591440932  0.9993551469  0.03590668915
7  23  4.081151151e-16  0.02338614543  0.9997265566  0.02338401379
7  24  2.183828237e-16  0.01432092207  0.9998974573  0.01432043257
7  25  -2.804108332e-17  0.1559066883  0.9878711501  0.1552758542
7  26  3.147569406e-18  0.233110774  0.9729524986  0.2310052717
7  27  -1.906638407e-17  -0.7999148748  0.6967677719  -0.717296781
7  28  1.975246318e-16  -0.0880983351  0.9961218509  -0.08798441947
7  29  4.871821927e-17  -0.04582274859  0.9989503215  -0.04580671442
7  30  -1.701834122e-16  -0.01035610913  0.999946376  -0.01035592401
7  31  -1.867499186e-16  0.01100831027  0.9999394092  0.01100808794
7  32  1.716547211e-16  0.0313174401  0.9995096491  0.03131232109
7  33  3.688987185e-16  0.06673641138  0.9977739521  0.06668688454
7  34  -1.780745831e-16  0.09520490552  0.9954714351  0.09506114822
7  35  -1.621944416e-16  0.06714029098  0.9977469372  0.06708985964
7  36  -1.621944416e-16  0.06714029098  0.9977469372  0.06708985964

8  0  5.241891076e-17  0.04698617398  0.9988963528  0.04696888732
8  1  2.7274601e-16  0.1335807861  0.9910913457  0.133183875
8  2  -2.045196876e-17  0.1265758976  0.9919999607  0.1262381798
8  3  -9.88476974e-17  0.02229757547  0.9997514194  0.02229572785
8  4  1.26548684e-16  0.009408092659  0.9999557442  0.009407953871
8  5  -3.382625656e-17  0.03470772705  0.9993977473  0.03470075916
8  6  -1.653381532e-16  0.1738675902  0.9849230692  0.1729929122
8  7  -4.65395387e-17  0.1062613008  0.9943595784  0.1060614394
8  8  -2.770406602e-17  0.0232010926  0.9997308667  0.02319901117
8  9  3.233414483e-16  0.01026278517  0.9999473381  0.01026260501
8  10  -2.103970879e-16  0.005685628392  0.9999838369  0.005685597759
8  11  -9.355226241e-20  0.0005339595386  0.9999998574  0.0005339595132
8  12  -2.34806013e-16  -0.01049704427  0.9999449065  -0.01049685149
8  13  -2.113135234e-16  -0.03602611188  0.9993511298  -0.03601831946
8  14  1.494502685e-16  -0.07209706597  0.9974021321  -0.07203462227
8  15  1.608195283e-16  -0.1030231244  0.9946978101  -0.1028409772
8  16  -4.075108205e-17  -0.8191128759  0.6828695558  -0.7305403272
8  17  -1.494576879e-16  0.02535614899  0.9996785501  0.02535343202
8  18  7.113104896e-17  0.3613899603  0.9354062725  0.353574752
8  19  -2.158044891e-16  -0.03214223338  0.9994834829  -0.03213669919
8  20  1.579313464e-16  0.009741210074  0.9999525548  0.009741056016
8  21  9.732029175e-17  0.02630395423  0.9996540709  0.02630092106
8  22  -1.876938214e-16  0.02919224385  0.9995739367  0.02918809782
8  23  3.263081241e-17  0.02162142755  0.999766266  0.02161974297
8  24  -9.825618245e-17  -0.001966281972  0.9999980669  -0.001966280705
8  25  -8.331392105e-17  -0.03927238709  0.9992289389  -0.03926229277
8  26  1.50210864e-16  0.3841099161  0.9271323447  0.3747340597
8  27  4.89734402e-16  -0.08594192128  0.9963092656  -0.08583616564
8  28  3.779817023e-16  -0.799914875  0.6967677718  -0.7172967811
8  29  2.182609136e-16  -0.07150090313  0.9974448993  -0.07143999542
8  30  -1.830226181e-16  -0.05187748451  0.9986546651  -0.05185421823
8  31  -3.138570177e-16  -0.02184705561  0.9997613626  -0.02184531774
8  32  -1.613768007e-16  -0.004414677846  0.9999902553  -0.004414663506
8  33  1.241382869e-17  0.003386714329  0.9999942651  0.003386707855
8  34  -9.515064834e-18  0.00817200931  0.9999666093  0.008171918353
8  35  -2.581915404e-16  0.01592143481  0.9998732566  0.01592076216
8  36  -2.581915404e-16  0.01592143481  0.9998732566  0.01592076216

9  0  3.320231109e-16  0.00631135519  0.9999800835  0.00631131329
9  1  2.937580283e-16  0.03027112909  0.9995418644  0.03026650619
9  2  -1.164144857e-16  0.2711050418  0.9634755586  0.2677962808
9  3  2.077033683e-16  0.483219473  0.8855036429  0.4646324337
9  4  2.951434532e-16  0.1408681454  0.9900944794  0.1404027135
9  5  -7.359878754e-17  0.2164164962  0.9766732083  0.2147310972
9  6  -1.070835171e-16  0.599439377  0.8256520367  0.5641796826
9  7  6.602985076e-17  0.07805223773  0.9969554702  0.07797301085
9  8  1.78932049e-16  0.01026278517  0.9999473381  0.01026260501
9  9  1.036599019e-16  0.003980933354  0.9999920761  0.003980922839
9  10  -5.87425131e-17  0.001343971029  0.9999990969  0.001343970624
9  11  -8.231855388e-17  -0.003592483685  0.999993547  -0.003592475957
9  12  4.020969958e-17  -0.01787426121  0.9998402596  -0.01787330945
9  13  -5.025076783e-19  -0.04410903327  0.9990273543  -0.04409473153
9  14  -7.582683621e-17  -0.05449188811  0.9985156844  -0.05446492439
9  15  -1.162259128e-17  -0.005346042382  0.9999857099  -0.005346016916
9  16  -5.494671826e-17  0.3501183125  0.9393321372  0.3430089446
9  17  2.335662414e-16  0.1411442409  0.9900556771  0.1406760687
9  18  -1.207144363e-16  -2.916173377  -0.9747004781  -0.2235150508
9  19  -1.585350169e-16  -0.1745016827  0.9848131777  -0.1736174097
9  20  2.433001436e-17  -0.06411705839  0.9979452055  -0.06407313657
9  21  7.763396694e-17  -0.01526968114  0.9998834207  -0.01526908776
9  22  1.767765919e-16  -0.003589256723  0.9999935586  -0.003589249016
9  23  1.613178917e-16  -0.00553526748  0.9999846804  -0.005535239214
9  24  3.961071251e-17  -0.02443569287  0.9997014633  -0.02443326117
9  25  4.220291201e-17  -0.08777429381  0.9961503092  -0.08766163025
9  26  7.931867797e-17  2.86183026  -0.9611210751  0.2761272876
9  27  1.643112287e-16  0.384109916  0.9271323447  0.3747340597
9  28  2.430517496e-16  0.233110774  0.9729524986  0.2310052717
9  29  1.004492869e-16  0.2429344055  0.970636278  0.2405518984
9  30  8.903426176e-17  -0.03917226449  0.9992328649  -0.03916224718
9  31  2.900213216e-16  -0.04868827337  0.9988149601  -0.04866903934
9  32  7.679627194e-18  -0.03096389482  0.9995206569  -0.03095894722
9  33  2.197862882e-16  -0.01039720404  0.9999459496  -0.01039701672
9  34  4.755675478e-17  -0.0009665325534  0.9999995329  -0.0009665324029
9  35  2.575140751e-16  0.002626667428  0.9999965503  0.002626664408
9  36  2.575140751e-16  0.002626667428  0.9999965503  0.002626664408

10  0  2.602651379e-16  -0.0004217345351  0.9999999111  -0.0004217345226
10  1  1.965675914e-16  0.002937882932  0.9999956844  0.002937878706
10  2  1.429865454e-16  0.01646892182  0.9998643904  0.01646817737
10  3  6.284245045e-18  0.1605000404  0.9871474944  0.1598118402
10  4  -5.50375448e-17  0.3087905983  0.9527018118  0.3039066598
10  5  2.237623296e-16  0.2871284358  0.9590610538  0.2831993911
10  6  1.95650642e-16  0.2846560592  0.9597582974  0.2808273679
10  7  -2.275455447e-16  0.03817407839  0.9992714583  0.03816480747
10  8  8.580672343e-17  0.005685628392  0.9999838369  0.005685597759
10  9  3.380838023e-16  0.001343971029  0.9999990969  0.001343970624
10  10  1.807720483e-16  -0.002115870572  0.9999977615  -0.002115868993
10  11  -3.651764312e-17  -0.01444842379  0.9998956233  -0.01444792109
10  12  1.191532443e-16  -0.04893891687  0.9988027302  -0.04891938428
10  13  4.104413227e-17  -0.04917097216  0.9987913513  -0.04915116042
10  14  -1.744770028e-16  -0.02852594315  0.9995931629  -0.02852207457
10  15  1.733093023e-16  0.007936207175  0.9999685085  0.007936123867
10  16  -3.674235032e-17  0.2433975228  0.9705247702  0.2410013911
10  17  2.354227337e-17  0.1558853072  0.9878744698  0.1552547324
10  18  -8.778862003e-18  0.06085469231  0.9981489246  0.0608171388
10  19  4.294889186e-17  -0.06998236027  0.9975522339  -0.0699252508
10  20  2.088860485e-16  -0.110241055  0.9939296065  -0.1100178957
10  21  -2.149031862e-17  -0.09492177176  0.9954983102  -0.09477929284
10  22  -4.581739784e-17  -0.04592177057  0.9989457808  -0.04590563223
10  23  -2.350999933e-16  -0.03072943962  0.9995278879  -0.03072460356
10  24  -4.968756023e-17  -0.06573665055  0.9978401243  -0.06568931607
10  25  -2.850500628e-16  -0.1191906056  0.992905205  -0.1189085944
10  26  -1.544064873e-16  -0.08777429381  0.9961503092  -0.08766163025
10  27  4.331341164e-16  -0.03927238709  0.9992289389  -0.03926229276
10  28  1.818585605e-16  0.1559066883  0.9878711501  0.1552758542
10  29  2.983264238e-17  0.1875237936  0.9824688776  0.1864266732
10  30  -2.134453636e-17  0.1296795063  0.9916033897  0.1293163467
10  31  2.768059627e-16  -0.01699354518  0.9998556132  -0.01699272729
10  32  2.03918439e-16  -0.03605088512  0.9993502372  -0.03604307661
10  33  5.875987446e-17  -0.04755143811  0.9988696434  -0.04753352007
10  34  -8.964443899e-17  -0.03568917299  0.9993632091  -0.03568159716
10  35  9.806074107e-17  -0.008873057719  0.9999606347  -0.008872941289
10  36  9.806074107e-17  -0.008873057719  0.9999606347  -0.008872941289

11  0  7.190037028e-17  -0.1397643324  0.9902488545  -0.1393097489
11  1  3.355029013e-17  -0.008307604186  0.9999654921  -0.008307508627
11  2  -2.325099285e-16  -0.001986982262  0.999998026  -0.001986980954
11  3  -2.697488883e-16  0.006759528745  0.9999771545  0.00675947727
11  4  -1.535725386e-16  0.03939436954  0.9992241422  0.03938418087
11  5  -5.863738327e-17  0.05890058829  0.9982658618  0.0588665371
11  6  -1.054340905e-16  0.05616546752  0.9984231347  0.05613594262
11  7  2.435280706e-16  0.01749381316  0.9998469872  0.01749292089
11  8  -8.817393146e-17  0.0005339595386  0.9999998574  0.0005339595132
11  9  4.286202797e-17  -0.003592483685  0.999993547  -0.003592475957
11  10  6.661117821e-17  -0.01444842379  0.9998956233  -0.01444792109
11  11  -1.568441113e-16  -0.2638984199  0.9653804293  -0.2608459827
11  12  5.85873052e-17  -0.7133166894  0.7561957787  -0.654345432
11  13  -3.127494609e-17  -0.04574852132  0.9989537189  -0.04573256493
11  14  4.659469037e-17  -0.01358993731  0.9999076582  -0.013589519
11  15  1.857491656e-16  0.005127661082  0.9999868536  0.005127638612
11  16  1.727416636e-16  0.1629408177  0.9867544893  0.162220769
11  17  1.886728745e-17  0.06953999722  0.9975830686  0.06948396372
11  18  -1.987479145e-16  0.02919538032  0.9995738452  0.02919123295
11  19  1.258719734e-16  0.00749417994  0.9999719188  0.007494109791
11  20  -3.758563515e-19  -0.01614917343  0.9998696049  -0.0161484715
11  21  -8.832664681e-17  -0.04629085566  0.9989287697  -0.04627432508
11  22  -1.066615085e-16  -0.0882665884  0.9961070332  -0.08815201901
11  23  -1.122071882e-16  -0.1133428595  0.9935835716  -0.1131003369
11  24  -1.775813778e-16  -0.1228752197  0.9924603337  -0.1225662515
11  25  -1.425783858e-16  -0.06573665055  0.9978401243  -0.06568931607
11  26  1.767597101e-16  -0.02443569287  0.9997014633  -0.02443326117
11  27  4.410066501e-16  -0.001966281973  0.9999980669  -0.001966280706
11  28  5.798956403e-17  0.01432092207  0.9998974573  0.01432043257
11  29  2.640792536e-17  0.04891162781  0.9988040648  0.04889212788
11  30  -2.325483975e-16  0.1488238062  0.9889461621  0.148275043
11  31  8.294079019e-17  0.05893866616  0.9982636196  0.05890454889
11  32  3.623588623e-16  -0.007577707496  0.9999712893  -0.007577634976
11  33  -7.066988805e-17  -0.02374680892  0.9997180578  -0.02374457713
11  34  7.801365548e-18  -0.1170350607  0.9931592109  -0.1167680681
11  35  -3.518332099e-18  -0.7580515695  0.7261769496  -0.6875078457
11  36  -3.518332099e-18  -0.7580515695  0.7261769496  -0.6875078457

12  0  -4.494084383e-17  -1.003173545  0.5376291436  -0.8431814181
12  1  -1.210602085e-16  -0.1162702014  0.9932482316  -0.1160084069
12  2  7.613427165e-17  -0.02836206842  0.9995978235  -0.02835826613
12  3  1.93212297e-17  -0.01441267681  0.9998961392  -0.01441217784
12  4  -8.948637038e-17  -0.005808340556  0.9999831316  -0.005808307897
12  5  8.039350967e-17  0.005587245839  0.9999843914  0.005587216769
12  6  -2.206397735e-16  0.008175605417  0.9999665799  0.00817551434
12  7  -5.537779238e-17  0.0003350258483  0.9999999439  0.0003350258421
12  8  -1.097653096e-16  -0.01049704427  0.9999449065  -0.01049685149
12  9  1.263407735e-16  -0.01787426121  0.9998402596  -0.01787330945
12  10  2.841974642e-16  -0.04893891687  0.9988027302  -0.04891938428
12  11  -1.452296722e-16  -0.7133166894  0.7561957787  -0.654345432
12  12  -4.006706339e-17  -0.7541423704  0.7288589991  -0.6846638295
12  13  -2.937838093e-16  -0.03198288563  0.9994885911  -0.03197743333
12  14  -6.130870768e-17  -0.008560906948  0.9999633557  -0.008560802378
12  15  5.704717224e-17  0.001660107168  0.999998622  0.001660106405
12  16  1.063775959e-16  0.08188091425  0.9966496304  0.08178945003
12  17  -2.232339909e-16  0.06181954522  0.9980897804  0.06178017723
12  18  2.432640398e-16  0.005952108869  0.9999822863  0.005952073724
12  19  1.257957499e-16  0.01408523821  0.9999008047  0.01408477248
12  20  -1.094169224e-16  0.02803612316  0.9996070136  0.02803245046
12  21  -3.055038329e-17  0.004897055776  0.9999880094  0.004897036203
12  22  -2.927086871e-17  -0.01674156201  0.9998598633  -0.01674077997
12  23  -6.946756278e-17  -0.06354189731  0.9979818928  -0.06349914677
12  24  -3.397547622e-16  -0.1133428595  0.9935835716  -0.1131003369
12  25  1.09367545e-17  -0.03072943962  0.9995278879  -0.03072460356
12  26  5.007036557e-17  -0.00553526748  0.9999846804  -0.005535239214
12  27  2.233810534e-16  0.02162142755  0.999766266  0.02161974297
12  28  2.539355955e-16  0.02338614543  0.9997265566  0.02338401379
12  29  2.479942161e-16  0.006139668896  0.9999811523  0.006139630323
12  30  8.347328596e-17  0.02236505644  0.9997499125  0.02236319201
12  31  -8.15659255e-18  0.1057103582  0.9944178612  0.1055135883
12  32  2.464200899e-17  0.02069747057  0.999785815  0.02069599285
12  33  -1.834841852e-17  -0.004843629553  0.9999882696  -0.004843610614
12  34  8.664036072e-17  -0.01751661931  0.9998465879  -0.01751572355
12  35  1.151651437e-16  -0.3969366865  0.922249581  -0.386595021
12  36  1.151651437e-16  -0.3969366865  0.922249581  -0.386595021

13  0  9.043712199e-17  -0.02715186436  0.9996314108  -0.02714852832
13  1  5.179348563e-17  -0.04193811537  0.9991207261  -0.04192582296
13  2  -1.139628798e-17  -0.04359618318  0.9990498369  -0.04358237448
13  3  1.080190145e-16  -0.04307123607  0.9990725777  -0.04305792017
13  4  -1.558872468e-16  -0.03890782661  0.999243186  -0.03889801079
13  5  -2.357450075e-16  -0.0306785318  0.9995294508  -0.03067371973
13  6  1.461982977e-16  -0.02447129139  0.9997005929  -0.02446884905
13  7  2.71219002e-16  -0.02728867434  0.9996276872  -0.02728528762
13  8  6.190853036e-17  -0.03602611188  0.9993511298  -0.03601831946
13  9  -1.077857894e-16  -0.04410903327  0.9990273543  -0.04409473153
13  10  2.018266163e-17  -0.04917097216  0.9987913513  -0.04915116042
13  11  -2.553137412e-16  -0.04574852132  0.9989537189  -0.04573256493
13  12  -7.576473922e-17  -0.03198288563  0.9994885911  -0.03197743333
13  13  -2.583932965e-16  -0.01457272616  0.9998938197  -0.01457221037
13  14  3.205262736e-16  -0.002857165006  0.9999959183  -0.002857161118
13  15  2.651345935e-16  0.001785207385  0.9999984065  0.001785206437
13  16  1.407155717e-16  0.02847632939  0.9995945767  0.02847248096
13  17  -1.468464738e-16  0.0478475391  0.9988555249  0.04782928427
13  18  -3.972335863e-17  -0.008589886655  0.9999631072  -0.008589781019
13  19  -2.319607906e-16  -0.002024689974  0.9999979503  -0.002024688591
13  20  -3.09385677e-16  0.02205807849  0.9997567305  0.02205628978
13  21  -2.670095585e-16  0.03901237462  0.9992391138  0.03900247946
13  22  1.043390492e-16  0.009731356152  0.9999526507  0.009731202561
13  23  -1.869023905e-16  -0.01674156201  0.9998598633  -0.01674077997
13  24  -4.027210995e-17  -0.0882665884  0.9961070332  -0.08815201901
13  25  1.385755817e-16  -0.04592177057  0.9989457808  -0.04590563223
13  26  -1.178580293e-16  -0.003589256723  0.9999935586  -0.003589249017
13  27  2.86874703e-16  0.02919224385  0.9995739367  0.02918809782
13  28  1.039166327e-16  0.03591440932  0.9993551469  0.03590668915
13  29  1.3051136e-16  0.005906807595  0.9999825549  0.005906773247
13  30  -3.171947346e-17  -0.007276899598  0.9999735235  -0.007276835375
13  31  1.974317884e-16  0.01393493865  0.9999029103  0.01393448766
13  32  1.188219724e-16  0.05199429113  0.9986486013  0.05197086735
13  33  -1.384001422e-16  0.006686385822  0.9999776462  0.006686336
13  34  8.060034917e-18  -0.00130786628  0.9999991447  -0.001307865907
13  35  9.446523872e-17  -0.008930463948  0.9999601237  -0.008930345243
13  36  9.446523872e-17  -0.008930463948  0.9999601237  -0.008930345243

14  0  1.160147512e-16  0.002534955658  0.999996787  0.002534952943
14  1  -1.100109868e-16  -0.0066122991  0.9999781388  -0.006612250915
14  2  5.027610578e-17  -0.01098069062  0.9999397128  -0.01098046995
14  3  1.880624974e-16  -0.02031922453  0.9997935717  -0.02031782635
14  4  2.586850937e-17  -0.04012553419  0.9991950788  -0.04011476765
14  5  -2.037902918e-16  -0.06056281398  0.9981666333  -0.06052579817
14  6  8.603245698e-18  -0.06943218751  0.9975905539  -0.06937641417
14  7  3.707103803e-17  -0.07245585656  0.9973762226  -0.07239247613
14  8  1.651348251e-16  -0.07209706597  0.9974021321  -0.07203462227
14  9  3.534688939e-17  -0.05449188811  0.9985156844  -0.05446492439
14  10  5.921160901e-17  -0.02852594315  0.9995931629  -0.02852207457
14  11  -3.398929151e-16  -0.01358993731  0.9999076582  -0.013589519
14  12  -1.913553682e-16  -0.008560906948  0.9999633557  -0.008560802378
14  13  -4.764175239e-18  -0.002857165006  0.9999959183  -0.002857161118
14  14  4.545730191e-17  0.008358113058  0.9999650712  0.008358015745
14  15  -1.120978843e-16  0.01073289571  0.999942403  0.01073268965
14  16  1.538065259e-16  0.009816498328  0.9999518186  0.009816340669
14  17  1.009875058e-16  0.00700071211  0.9999754951  0.007000654926
14  18  -2.961918386e-16  -0.02975642129  0.9995573104  -0.02975203021
14  19  -3.349749202e-16  -0.01638728428  0.9998657315  -0.01638655084
14  20  -1.376733536e-16  -0.0005987162111  0.9999998208  -0.0005987161754
14  21  -2.113635005e-16  0.02565331352  0.9996709718  0.0256504999
14  22  6.66895359e-17  0.03901237462  0.9992391138  0.03900247946
14  23  1.4725877e-16  0.004897055776  0.9999880094  0.004897036203
14  24  2.309278575e-16  -0.04629085566  0.9989287697  -0.04627432508
14  25  4.979453688e-17  -0.09492177176  0.9954983102  -0.09477929284
14  26  2.6395311e-16  -0.01526968114  0.9998834207  -0.01526908776
14  27  2.170267222e-16  0.02630395423  0.9996540709  0.02630092106
14  28  1.976206779e-16  0.03833933052  0.9992651379  0.03832993869
14  29  1.077510396e-16  0.008450830933  0.9999642919  0.008450730345
14  30  6.300663742e-19  -0.01030137907  0.9999469413  -0.01030119687
14  31  -4.624513812e-17  -0.01980187428  0.9998039493  -0.01980058021
14  32  2.52118087e-16  -0.01548735177  0.9998800734  -0.01548673265
14  33  -1.272130453e-16  0.009556055601  0.9999543412  0.009555910162
14  34  -8.049957758e-17  0.006314392928  0.9999800643  0.006314350967
14  35  1.168349858e-16  0.01108260259  0.9999385886  0.01108237572
14  36  1.168349858e-16  0.01108260259  0.9999385886  0.01108237572

15  0  1.280049634e-16  0.02115722463  0.9997761943  0.02115564623
15  1  4.222170448e-16  0.00373454751  0.9999930266  0.003734538829
15  2  1.013416253e-16  0.0001980519599  0.9999999804  0.0001980519586
15  3  1.054407449e-16  0.001535275913  0.9999988215  0.00153527531
15  4  -3.151875405e-16  0.003918542022  0.9999923225  0.003918531994
15  5  -1.572853133e-16  0.0001238417691  0.9999999923  0.0001238417688
15  6  -1.248066003e-17  -0.02614042902  0.9996583584  -0.02613745207
15  7  -2.192242698e-16  -0.1165968873  0.9932102803  -0.1163328809
15  8  -1.625552931e-16  -0.1030231244  0.9946978101  -0.1028409772
15  9  -2.238487673e-16  -0.005346042381  0.9999857099  -0.005346016916
15  10  9.313791422e-17  0.007936207175  0.9999685085  0.007936123867
15  11  5.476022345e-17  0.005127661082  0.9999868536  0.005127638612
15  12  2.500135875e-17  0.001660107168  0.999998622  0.001660106405
15  13  -1.94772565e-16  0.001785207385  0.9999984065  0.001785206437
15  14  -7.566054096e-18  0.01073289571  0.999942403  0.01073268965
15  15  -4.295384963e-16  0.02850735714  0.9995936928  0.02850349612
15  16  -1.71843066e-16  0.01377537481  0.999905121  0.01377493915
15  17  7.351146481e-17  -0.02761755823  0.9996186595  -0.02761404757
15  18  2.30763125e-16  -0.1108841958  0.9938586439  -0.1106571096
15  19  -1.540461142e-17  -0.03373099072  0.9994311641  -0.03372459468
15  20  -4.827248296e-16  -0.01718491194  0.999852343  -0.01718406611
15  21  3.888853362e-17  -0.000598716211  0.9999998208  -0.0005987161753
15  22  2.291450134e-17  0.02205807849  0.9997567305  0.02205628978
15  23  4.010989668e-17  0.02803612316  0.9996070136  0.02803245046
15  24  -6.605206554e-17  -0.01614917343  0.9998696049  -0.0161484715
15  25  -5.934977443e-17  -0.110241055  0.9939296065  -0.1100178957
15  26  7.876016941e-17  -0.06411705839  0.9979452055  -0.06407313657
15  27  2.260794339e-16  0.009741210074  0.9999525548  0.009741056015
15  28  1.410113711e-16  0.02962068455  0.9995613396  0.02961635328
15  29  -4.564413978e-16  0.007280517107  0.9999734972  0.007280452789
15  30  -3.264296366e-16  -0.01032536235  0.9999466939  -0.01032517888
15  31  1.05663576e-16  -0.02445267175  0.9997010483  -0.02445023498
15  32  1.750573733e-16  -0.05065344822  0.9987173884  -0.05063179013
15  33  -2.306901196e-16  -0.09978855006  0.9950252528  -0.09962302085
15  34  -6.394545369e-17  -0.004212883544  0.9999911258  -0.004212871082
15  35  1.604059611e-16  0.02382130154  0.9997162862  0.02381904868
15  36  1.604059611e-16  0.02382130154  0.9997162862  0.02381904868

16  0  -1.085624393e-16  0.01718420886  0.9998523551  0.01718336313
16  1  3.845821985e-16  0.006692795116  0.9999776033  0.006692745151
16  2  2.263290098e-16  0.01213783135  0.9999263374  0.01213753331
16  3  5.40781173e-17  0.04102535893  0.999158578  0.04101385173
16  4  6.061280153e-18  0.1165297247  0.9932180912  0.1162661741
16  5  -5.115628895e-17  0.2296639927  0.9737429421  0.2276503517
16  6  1.464282042e-16  0.3621223061  0.9351470828  0.354259698
16  7  -1.776745102e-16  -0.6158482725  0.8162837351  -0.577651161
16  8  -5.424483726e-17  -0.8191128759  0.6828695558  -0.7305403273
16  9  -4.992908707e-16  0.3501183125  0.9393321372  0.3430089446
16  10  1.254216799e-16  0.2433975228  0.9705247702  0.2410013911
16  11  -1.622887103e-18  0.1629408177  0.9867544893  0.162220769
16  12  -1.386595971e-16  0.08188091425  0.9966496304  0.08178945003
16  13  -2.835622724e-18  0.02847632939  0.9995945767  0.02847248096
16  14  -3.364470584e-17  0.009816498328  0.9999518186  0.009816340669
16  15  1.044999559e-16  0.01377537481  0.999905121  0.01377493915
16  16  5.165260867e-17  0.01523317178  0.9998839775  0.01523258265
16  17  -4.800016182e-17  -0.03840447132  0.9992626389  -0.03839503153
16  18  -3.730051764e-17  -0.2153528972  0.9769010437  -0.2136921873
16  19  2.982469598e-16  -0.1145455621  0.993446827  -0.1142952403
16  20  -9.447825345e-17  -0.03373099072  0.9994311641  -0.03372459468
16  21  8.034262655e-17  -0.01638728428  0.9998657315  -0.01638655084
16  22  6.149306604e-17  -0.002024689974  0.9999979503  -0.002024688591
16  23  3.778863058e-18  0.01408523821  0.9999008047  0.01408477248
16  24  1.881848077e-16  0.007494179939  0.9999719188  0.007494109791
16  25  1.31286172e-16  -0.06998236027  0.9975522339  -0.06992525079
16  26  1.635482532e-16  -0.1745016827  0.9848131777  -0.1736174097
16  27  -4.09836429e-18  -0.03214223338  0.9994834829  -0.03213669919
16  28  -9.431427867e-18  0.01455169425  0.999894126  0.01455118069
16  29  -4.181938762e-17  0.004168506441  0.9999913118  0.004168494368
16  30  -3.255715786e-16  -0.01035364332  0.9999464015  -0.01035345834
16  31  4.847935837e-17  -0.02367902737  0.9997196649  -0.02367681465
16  32  -1.85045655e-16  -0.04848075497  0.9988250384  -0.0484617658
16  33  9.210586473e-17  -0.2143012721  0.9771252275  -0.2126647356
16  34  3.870711984e-16  -0.102223628  0.9947797132  -0.1020456871
16  35  3.941985902e-16  -0.01604156941  0.9998713368  -0.01604088141
16  36  3.941985902e-16  -0.01604156941  0.9998713368  -0.01604088141

17  0  -4.242803672e-16  -0.1289275582  0.9917003485  -0.1285706758
17  1  -4.830686521e-16  -0.02316695141  0.9997316582  -0.02316487915
17  2  -3.092280645e-17  -0.01697232229  0.9998559736  -0.01697150747
17  3  -1.00161709e-16  0.0331004496  0.9994522301  0.03309440557
17  4  1.705001692e-16  0.06070805086  0.9981578322  0.06067076815
17  5  -2.212538099e-16  0.05852190016  0.9982880823  0.05848850145
17  6  -8.675280893e-17  0.09450645453  0.9955375878  0.09436583708
17  7  -2.17127764e-17  0.2134762811  0.9773003414  0.2118585439
17  8  8.85420057e-17  0.02535614899  0.9996785501  0.02535343202
17  9  4.476736107e-17  0.1411442409  0.9900556771  0.1406760687
17  10  1.597308755e-16  0.1558853072  0.9878744698  0.1552547324
17  11  6.379108218e-17  0.06953999722  0.9975830686  0.06948396372
17  12  -2.695936506e-16  0.06181954522  0.9980897804  0.06178017723
17  13  -8.879320286e-17  0.0478475391  0.9988555249  0.04782928427
17  14  1.66846864e-16  0.007000712109  0.9999754951  0.007000654925
17  15  -5.362295722e-17  -0.02761755823  0.9996186595  -0.02761404757
17  16  -1.187076027e-16  -0.03840447132  0.9992626389  -0.03839503153
17  17  -8.636116136e-18  -0.2105388058  0.9779184534  -0.2089868383
17  18  9.914276562e-17  -0.1437430301  0.9896867468  -0.1432485368
17  19  3.941019607e-17  -0.2153528972  0.9769010437  -0.2136921873
17  20  7.772549538e-17  -0.1108841958  0.9938586439  -0.1106571096
17  21  8.002024824e-17  -0.02975642129  0.9995573104  -0.02975203021
17  22  1.265662466e-16  -0.008589886654  0.9999631072  -0.008589781019
17  23  8.513840082e-17  0.005952108868  0.9999822863  0.005952073724
17  24  2.646243477e-16  0.02919538032  0.9995738452  0.02919123295
17  25  3.243027818e-16  0.06085469231  0.9981489246  0.0608171388
17  26  2.413988275e-16  -2.916173377  -0.9747004781  -0.2235150508
17  27  8.620668149e-17  0.3613899603  0.9354062726  0.353574752
17  28  -1.655065798e-16  0.07481158815  0.9972029181  0.07474182376
17  29  2.486772221e-17  0.02148058317  0.9997693011  0.0214789313
17  30  -1.462646108e-16  -0.00127126321  0.9999991919  -0.001271262868
17  31  -1.716986265e-16  -0.01508122038  0.9998862806  -0.0150806487
17  32  -9.178086427e-17  -0.05055603188  0.998722316  -0.0505344985
17  33  -8.437678816e-17  -0.2084672125  0.9783492904  -0.206960542
17  34  9.760525804e-18  -0.1403953379  0.9901607522  -0.1399345736
17  35  1.924274355e-16  -0.1960944071  0.9808350226  -0.1948400843
17  36  1.924274355e-16  -0.1960944071  0.9808350226  -0.1948400843

18  0  -2.339957577e-17  -0.1960944071  0.9808350226  -0.1948400843
18  1  -2.2895371e-16  -0.1403953379  0.9901607522  -0.1399345736
18  2  -2.447352996e-16  -0.2084672125  0.9783492904  -0.206960542
18  3  -3.534797335e-16  -0.05055603188  0.998722316  -0.0505344985
18  4  1.90729862e-16  -0.01508122038  0.9998862806  -0.0150806487
18  5  1.874918456e-16  -0.00127126321  0.9999991919  -0.001271262868
18  6  5.695270125e-17  0.02148058317  0.9997693011  0.0214789313
18  7  2.913348024e-16  0.07481158816  0.9972029181  0.07474182376
18  8  -1.936545061e-17  0.3613899604  0.9354062725  0.353574752
18  9  -2.056494975e-16  -2.916173377  -0.9747004781  -0.2235150508
18  10  -2.575915746e-16  0.06085469231  0.9981489246  0.0608171388
18  11  2.461801895e-17  0.02919538032  0.9995738452  0.02919123295
18  12  -7.868555125e-17  0.005952108869  0.9999822863  0.005952073724
18  13  3.7886737e-18  -0.008589886654  0.9999631072  -0.008589781019
18  14  -1.450857121e-16  -0.02975642129  0.9995573104  -0.02975203021
18  15  4.821204719e-17  -0.1108841958  0.9938586439  -0.1106571096
18  16  -1.441615224e-16  -0.2153528972  0.9769010437  -0.2136921873
18  17  1.099556185e-16  -0.1437430301  0.9896867468  -0.1432485368
18  18  2.788558256e-17  -0.2105388058  0.9779184534  -0.2089868383
18  19  5.546653307e-17  -0.03840447132  0.9992626389  -0.03839503153
18  20  -3.585239191e-17  -0.02761755823  0.9996186595  -0.02761404757
18  21  1.471732695e-16  0.007000712107  0.9999754951  0.007000654923
18  22  4.132362918e-16  0.0478475391  0.9988555249  0.04782928426
18  23  9.224011111e-18  0.06181954522  0.9980897804  0.06178017723
18  24  5.72921309e-17  0.06953999722  0.9975830686  0.06948396372
18  25  4.156869103e-16  0.1558853072  0.9878744698  0.1552547324
18  26  3.09292491e-16  0.1411442409  0.9900556771  0.1406760687
18  27  -9.853856283e-17  0.02535614899  0.9996785501  0.02535343202
18  28  -4.216822613e-16  0.2134762811  0.9773003414  0.2118585439
18  29  -1.626091787e-16  0.09450645453  0.9955375878  0.09436583708
18  30  -2.288224074e-17  0.05852190015  0.9982880823  0.05848850145
18  31  -2.149905356e-16  0.06070805086  0.9981578322  0.06067076814
18  32  1.587788833e-16  0.03310044959  0.9994522301  0.03309440556
18  33  1.427080019e-16  -0.0169723223  0.9998559736  -0.01697150747
18  34  -5.049169618e-17  -0.02316695141  0.9997316582  -0.02316487915
18  35  -2.523824812e-16  -0.1289275582  0.9917003485  -0.1285706758
18  36  -2.523824812e-16  -0.1289275582  0.9917003485  -0.1285706758

19  0  -3.328477117e-17  -0.0160415694  0.9998713368  -0.01604088141
19  1  -6.033358656e-17  -0.102223628  0.9947797132  -0.1020456871
19  2  -1.119551054e-16  -0.2143012721  0.9771252275  -0.2126647356
19  3  1.052836685e-16  -0.04848075497  0.9988250384  -0.0484617658
19  4  -4.276694165e-16  -0.02367902738  0.9997196649  -0.02367681465
19  5  1.08993523e-16  -0.01035364332  0.9999464015  -0.01035345834
19  6  1.932259032e-17  0.00416850644  0.9999913118  0.004168494368
19  7  3.225343428e-16  0.01455169425  0.999894126  0.01455118069
19  8  1.016200134e-16  -0.03214223338  0.9994834829  -0.03213669919
19  9  -8.450082522e-18  -0.1745016827  0.9848131777  -0.1736174097
19  10  2.555481526e-16  -0.06998236027  0.9975522339  -0.0699252508
19  11  -1.179051983e-16  0.00749417994  0.9999719188  0.007494109791
19  12  -8.696354632e-17  0.01408523821  0.9999008047  0.01408477248
19  13  1.300929531e-16  -0.002024689974  0.9999979503  -0.002024688591
19  14  -2.06219617e-17  -0.01638728428  0.9998657315  -0.01638655084
19  15  4.154076265e-18  -0.03373099072  0.9994311641  -0.03372459468
19  16  -8.368066429e-17  -0.1145455621  0.993446827  -0.1142952403
19  17  -2.667376575e-17  -0.2153528972  0.9769010437  -0.2136921873
19  18  8.049262933e-17  -0.03840447132  0.9992626389  -0.03839503153
19  19  9.948864712e-17  0.01523317178  0.9998839775  0.01523258265
19  20  -2.626458244e-18  0.01377537481  0.999905121  0.01377493915
19  21  -2.263553001e-16  0.009816498328  0.9999518186  0.009816340669
19  22  -7.777639222e-19  0.02847632939  0.9995945767  0.02847248096
19  23  1.236606947e-16  0.08188091425  0.9966496304  0.08178945003
19  24  7.314411591e-18  0.1629408177  0.9867544893  0.162220769
19  25  2.998782518e-16  0.2433975228  0.9705247702  0.2410013911
19  26  -1.480376992e-17  0.3501183125  0.9393321372  0.3430089446
19  27  -1.037293234e-16  -0.8191128758  0.6828695559  -0.7305403272
19  28  -3.14641525e-16  -0.6158482726  0.816283735  -0.5776511611
19  29  -1.748268813e-17  0.3621223061  0.9351470828  0.354259698
19  30  -1.491248533e-16  0.2296639927  0.9737429421  0.2276503517
19  31  1.770460109e-16  0.1165297247  0.9932180912  0.1162661741
19  32  2.668237164e-16  0.04102535893  0.999158578  0.04101385173
19  33  2.807671443e-16  0.01213783135  0.9999263374  0.01213753331
19  34  -9.904412776e-17  0.006692795116  0.9999776033  0.006692745151
19  35  1.032676787e-16  0.01718420886  0.9998523551  0.01718336313
19  36  1.032676787e-16  0.01718420886  0.9998523551  0.01718336313

20  0  2.268582213e-16  0.02382130154  0.9997162862  0.02381904868
20  1  1.684411981e-16  -0.004212883544  0.9999911258  -0.004212871082
20  2  2.869450494e-17  -0.09978855007  0.9950252528  -0.09962302085
20  3  -1.747507464e-16  -0.05065344822  0.9987173884  -0.05063179014
20  4  -4.101021104e-16  -0.02445267175  0.9997010483  -0.02445023498
20  5  -7.844307642e-17  -0.01032536235  0.9999466939  -0.01032517888
20  6  1.958711267e-17  0.007280517107  0.9999734972  0.007280452789
20  7  -5.975629911e-17  0.02962068455  0.9995613396  0.02961635328
20  8  -3.73485437e-17  0.009741210074  0.9999525548  0.009741056016
20  9  -3.246655716e-17  -0.06411705838  0.9979452055  -0.06407313657
20  10  2.476022981e-17  -0.110241055  0.9939296065  -0.1100178957
20  11  2.72919575e-16  -0.01614917343  0.9998696049  -0.0161484715
20  12  1.568860372e-16  0.02803612316  0.9996070136  0.02803245046
20  13  1.503893055e-16  0.02205807849  0.9997567305  0.02205628978
20  14  -1.436889653e-16  -0.0005987162111  0.9999998208  -0.0005987161753
20  15  7.59990994e-17  -0.01718491194  0.999852343  -0.01718406611
20  16  -5.166915977e-17  -0.03373099072  0.9994311641  -0.03372459468
20  17  6.391634774e-17  -0.1108841958  0.9938586439  -0.1106571096
20  18  1.781184569e-16  -0.02761755823  0.9996186595  -0.02761404757
20  19  -3.844439822e-17  0.01377537481  0.999905121  0.01377493915
20  20  -2.167695745e-16  0.02850735714  0.9995936928  0.02850349612
20  21  1.125435401e-16  0.01073289571  0.999942403  0.01073268965
20  22  -1.79641836e-16  0.001785207385  0.9999984065  0.001785206437
20  23  2.909793911e-16  0.001660107168  0.999998622  0.001660106405
20  24  -3.955185684e-16  0.005127661083  0.9999868536  0.005127638612
20  25  -2.15739282e-16  0.007936207175  0.9999685085  0.007936123867
20  26  3.626733709e-17  -0.00534604238  0.9999857099  -0.005346016915
20  27  9.818272661e-17  -0.1030231244  0.9946978101  -0.1028409772
20  28  -4.598911517e-17  -0.1165968873  0.9932102803  -0.1163328809
20  29  3.533727565e-16  -0.02614042902  0.9996583584  -0.02613745207
20  30  1.24636087e-16  0.0001238417705  0.9999999923  0.0001238417701
20  31  8.450246436e-17  0.003918542023  0.9999923225  0.003918531995
20  32  1.16206483e-16  0.001535275914  0.9999988215  0.001535275311
20  33  -5.220016084e-17  0.0001980519602  0.9999999804  0.0001980519589
20  34  -3.539673091e-16  0.003734547511  0.9999930266  0.00373453883
20  35  1.359071258e-16  0.02115722463  0.9997761943  0.02115564623
20  36  1.359071258e-16  0.02115722463  0.9997761943  0.02115564623

21  0  1.289256811e-16  0.01108260259  0.9999385886  0.01108237572
21  1  1.975049931e-16  0.006314392927  0.9999800643  0.006314350967
21  2  4.285294289e-18  0.009556055601  0.9999543412  0.009555910161
21  3  7.140297348e-17  -0.01548735177  0.9998800734  -0.01548673265
21  4  1.800272957e-16  -0.01980187428  0.9998039493  -0.01980058021
21  5  -2.387161251e-16  -0.01030137907  0.9999469413  -0.01030119687
21  6  1.760638076e-16  0.008450830933  0.9999642919  0.008450730345
21  7  -1.621806788e-16  0.03833933052  0.9992651379  0.03832993869
21  8  1.638474969e-16  0.02630395423  0.9996540709  0.02630092106
21  9  -2.929202535e-16  -0.01526968114  0.9998834207  -0.01526908776
21  10  -1.321017067e-16  -0.09492177176  0.9954983102  -0.09477929284
21  11  6.110274875e-17  -0.04629085566  0.9989287697  -0.04627432508
21  12  2.552054765e-16  0.004897055776  0.9999880094  0.004897036203
21  13  -4.456293501e-17  0.03901237462  0.9992391138  0.03900247946
21  14  -2.44966012e-16  0.02565331352  0.9996709718  0.0256504999
21  15  8.038711511e-17  -0.0005987162111  0.9999998208  -0.0005987161753
21  16  -4.274417568e-17  -0.01638728428  0.9998657315  -0.01638655084
21  17  -2.515244387e-16  -0.02975642129  0.9995573104  -0.02975203021
21  18  8.267406631e-17  0.007000712108  0.9999754951  0.007000654924
21  19  7.265264138e-17  0.009816498327  0.9999518186  0.009816340669
21  20  3.288661362e-16  0.01073289571  0.999942403  0.01073268965
21  21  -1.074488607e-16  0.008358113059  0.9999650712  0.008358015746
21  22  -5.083709341e-18  -0.002857165006  0.9999959183  -0.002857161118
21  23  3.783931078e-16  -0.008560906948  0.9999633557  -0.008560802378
21  24  -9.129904206e-17  -0.0135899373  0.9999076582  -0.013589519
21  25  -2.793772094e-16  -0.02852594315  0.9995931629  -0.02852207457
21  26  2.024477252e-16  -0.05449188811  0.9985156844  -0.05446492439
21  27  8.668584086e-17  -0.07209706597  0.9974021321  -0.07203462227
21  28  -2.090641327e-16  -0.07245585656  0.9973762226  -0.07239247613
21  29  -1.600045723e-16  -0.06943218751  0.9975905539  -0.06937641417
21  30  -2.758385845e-17  -0.06056281398  0.9981666333  -0.06052579817
21  31  -9.76483061e-17  -0.04012553419  0.9991950788  -0.04011476765
21  32  -4.66641621e-17  -0.02031922453  0.9997935717  -0.02031782635
21  33  -2.923441683e-16  -0.01098069062  0.9999397128  -0.01098046995
21  34  -3.931411547e-16  -0.006612299099  0.9999781388  -0.006612250915
21  35  2.278469072e-17  0.002534955659  0.999996787  0.002534952944
21  36  2.278469072e-17  0.002534955659  0.999996787  0.002534952944

22  0  1.136792898e-16  -0.008930463949  0.9999601237  -0.008930345244
22  1  1.750669904e-16  -0.00130786628  0.9999991447  -0.001307865907
22  2  -1.425483251e-16  0.006686385822  0.9999776462  0.006686336
22  3  1.161431408e-16  0.05199429113  0.9986486013  0.05197086735
22  4  2.564875794e-16  0.01393493865  0.9999029103  0.01393448766
22  5  1.105605158e-16  -0.007276899598  0.9999735235  -0.007276835376
22  6  3.913213897e-16  0.005906807595  0.9999825549  0.005906773246
22  7  2.674845428e-16  0.03591440932  0.9993551469  0.03590668915
22  8  -6.232582383e-17  0.02919224385  0.9995739367  0.02918809782
22  9  -3.760083742e-16  -0.003589256723  0.9999935586  -0.003589249017
22  10  -1.102843818e-16  -0.04592177057  0.9989457808  -0.04590563223
22  11  -1.209472806e-17  -0.0882665884  0.9961070332  -0.08815201901
22  12  -2.338285433e-17  -0.01674156201  0.9998598633  -0.01674077997
22  13  1.46807567e-16  0.009731356152  0.9999526507  0.00973120256
22  14  -8.747342062e-17  0.03901237462  0.9992391138  0.03900247946
22  15  -5.777763434e-17  0.02205807849  0.9997567305  0.02205628978
22  16  1.326922791e-19  -0.002024689974  0.9999979503  -0.002024688591
22  17  -1.917895504e-16  -0.008589886654  0.9999631072  -0.008589781019
22  18  1.813783533e-16  0.0478475391  0.9988555249  0.04782928426
22  19  -8.886928209e-17  0.02847632939  0.9995945767  0.02847248096
22  20  -2.728913114e-19  0.001785207385  0.9999984065  0.001785206437
22  21  -1.105567335e-16  -0.002857165006  0.9999959183  -0.002857161118
22  22  -1.751661303e-16  -0.01457272616  0.9998938197  -0.01457221037
22  23  -5.282826832e-17  -0.03198288563  0.9994885911  -0.03197743333
22  24  -9.372482727e-17  -0.04574852132  0.9989537189  -0.04573256493
22  25  -1.108730225e-16  -0.04917097216  0.9987913513  -0.04915116042
22  26  -2.289142035e-16  -0.04410903327  0.9990273543  -0.04409473153
22  27  5.493526155e-17  -0.03602611188  0.9993511298  -0.03601831946
22  28  6.932480729e-17  -0.02728867434  0.9996276872  -0.02728528762
22  29  -7.288672993e-17  -0.02447129139  0.9997005929  -0.02446884905
22  30  -3.197337232e-18  -0.0306785318  0.9995294508  -0.03067371973
22  31  -1.437275546e-16  -0.03890782661  0.999243186  -0.03889801079
22  32  -2.26313313e-16  -0.04307123607  0.9990725777  -0.04305792017
22  33  2.246029963e-17  -0.04359618317  0.9990498369  -0.04358237447
22  34  -2.415691604e-16  -0.04193811537  0.9991207261  -0.04192582295
22  35  2.180195502e-16  -0.02715186436  0.9996314108  -0.02714852831
22  36  2.180195502e-16  -0.02715186436  0.9996314108  -0.02714852831

23  0  -3.049864668e-16  -0.3969366865  0.922249581  -0.386595021
23  1  -1.187122498e-16  -0.01751661931  0.9998465879  -0.01751572355
23  2  -1.309663256e-16  -0.004843629554  0.9999882696  -0.004843610615
23  3  2.077098495e-16  0.02069747057  0.999785815  0.02069599285
23  4  -5.538364651e-17  0.1057103582  0.9944178612  0.1055135883
23  5  -7.953476253e-17  0.02236505644  0.9997499125  0.02236319201
23  6  -1.336367598e-18  0.006139668895  0.9999811523  0.006139630322
23  7  -4.956838496e-18  0.02338614543  0.9997265566  0.02338401379
23  8  -8.819816811e-17  0.02162142755  0.999766266  0.02161974297
23  9  -1.835150867e-16  -0.00553526748  0.9999846804  -0.005535239214
23  10  -5.964271496e-17  -0.03072943962  0.9995278879  -0.03072460356
23  11  2.975188657e-16  -0.1133428595  0.9935835716  -0.1131003369
23  12  1.092063513e-16  -0.06354189731  0.9979818928  -0.06349914677
23  13  2.514399676e-16  -0.01674156201  0.9998598633  -0.01674077997
23  14  -4.384483239e-17  0.004897055776  0.9999880094  0.004897036203
23  15  1.641813433e-16  0.02803612316  0.9996070136  0.02803245046
23  16  9.534133699e-17  0.01408523821  0.9999008047  0.01408477248
23  17  7.049763714e-18  0.005952108869  0.9999822863  0.005952073724
23  18  -5.059132548e-17  0.06181954522  0.9980897804  0.06178017723
23  19  1.016187605e-16  0.08188091425  0.9966496304  0.08178945003
23  20  6.559537976e-17  0.001660107168  0.999998622  0.001660106405
23  21  2.130557975e-17  -0.008560906948  0.9999633557  -0.008560802378
23  22  1.197915556e-17  -0.03198288563  0.9994885911  -0.03197743333
23  23  -6.164355358e-17  -0.7541423704  0.7288589991  -0.6846638295
23  24  4.462532649e-17  -0.7133166894  0.7561957787  -0.654345432
23  25  -1.291525476e-16  -0.04893891687  0.9988027302  -0.04891938428
23  26  -1.256324911e-16  -0.01787426121  0.9998402596  -0.01787330945
23  27  1.68349928e-16  -0.01049704427  0.9999449065  -0.01049685149
23  28  1.314882749e-17  0.0003350258482  0.9999999439  0.0003350258419
23  29  -2.07084587e-16  0.008175605416  0.9999665799  0.00817551434
23  30  -2.333899102e-17  0.005587245839  0.9999843914  0.005587216769
23  31  -1.78213382e-16  -0.005808340556  0.9999831316  -0.005808307897
23  32  -4.871989484e-17  -0.01441267681  0.9998961392  -0.01441217784
23  33  2.760786318e-16  -0.02836206841  0.9995978235  -0.02835826613
23  34  4.856855581e-17  -0.1162702013  0.9932482316  -0.1160084069
23  35  -4.10322301e-17  -1.003173545  0.5376291437  -0.8431814181
23  36  -4.10322301e-17  -1.003173545  0.5376291437  -0.8431814181

24  0  -1.495656313e-16  -0.7580515696  0.7261769495  -0.6875078458
24  1  -4.259973764e-16  -0.1170350607  0.9931592109  -0.1167680681
24  2  -4.371239801e-16  -0.02374680892  0.9997180578  -0.02374457714
24  3  3.955504236e-17  -0.007577707497  0.9999712893  -0.007577634976
24  4  6.339508419e-17  0.05893866615  0.9982636196  0.05890454889
24  5  8.778404334e-17  0.1488238062  0.9889461621  0.148275043
24  6  1.484203082e-16  0.04891162781  0.9988040648  0.04889212787
24  7  2.765396913e-16  0.01432092207  0.9998974573  0.01432043257
24  8  8.316147721e-17  -0.001966281972  0.9999980669  -0.001966280705
24  9  1.054833413e-16  -0.02443569287  0.9997014633  -0.02443326117
24  10  -2.100640398e-17  -0.06573665055  0.9978401243  -0.06568931607
24  11  -9.573500643e-17  -0.1228752197  0.9924603337  -0.1225662515
24  12  -4.499670542e-17  -0.1133428595  0.9935835716  -0.1131003369
24  13  -3.063702551e-16  -0.0882665884  0.9961070332  -0.08815201901
24  14  -9.716302521e-17  -0.04629085566  0.9989287697  -0.04627432508
24  15  3.626085915e-16  -0.01614917343  0.9998696049  -0.0161484715
24  16  -2.329234578e-17  0.00749417994  0.9999719188  0.007494109791
24  17  1.764570195e-16  0.02919538032  0.9995738452  0.02919123295
24  18  -3.304070014e-16  0.06953999722  0.9975830686  0.06948396372
24  19  -1.618611447e-16  0.1629408177  0.9867544893  0.162220769
24  20  -1.528404012e-16  0.005127661083  0.9999868536  0.005127638612
24  21  -1.473617773e-16  -0.0135899373  0.9999076582  -0.013589519
24  22  -4.503924911e-16  -0.04574852132  0.9989537189  -0.04573256493
24  23  -2.221709897e-16  -0.7133166894  0.7561957787  -0.654345432
24  24  5.892312416e-18  -0.2638984199  0.9653804293  -0.2608459827
24  25  2.350034558e-17  -0.01444842379  0.9998956233  -0.01444792109
24  26  1.342424369e-16  -0.003592483685  0.999993547  -0.003592475957
24  27  -4.694069013e-17  0.0005339595385  0.9999998574  0.0005339595131
24  28  -3.429749399e-16  0.01749381316  0.9998469872  0.01749292089
24  29  -5.749414987e-17  0.05616546752  0.9984231347  0.05613594262
24  30  -3.216126391e-17  0.05890058829  0.9982658618  0.0588665371
24  31  2.601315026e-16  0.03939436954  0.9992241422  0.03938418087
24  32  -3.681154133e-17  0.006759528745  0.9999771545  0.00675947727
24  33  -3.934315096e-16  -0.001986982262  0.999998026  -0.001986980954
24  34  -3.173531337e-16  -0.008307604185  0.9999654921  -0.008307508626
24  35  1.104871831e-16  -0.1397643324  0.9902488545  -0.1393097489
24  36  1.104871831e-16  -0.1397643324  0.9902488545  -0.1393097489

25  0  -2.775728375e-16  -0.008873057721  0.9999606347  -0.00887294129
25  1  -2.470674375e-16  -0.035689173  0.9993632091  -0.03568159716
25  2  2.715824963e-17  -0.04755143812  0.9988696434  -0.04753352007
25  3  -3.696718583e-16  -0.03605088512  0.9993502372  -0.03604307661
25  4  -3.073941781e-17  -0.01699354518  0.9998556132  -0.01699272729
25  5  1.002440084e-16  0.1296795063  0.9916033897  0.1293163467
25  6  -3.239731357e-18  0.1875237936  0.9824688776  0.1864266732
25  7  1.545520654e-17  0.1559066883  0.9878711501  0.1552758542
25  8  3.009595994e-17  -0.03927238709  0.9992289389  -0.03926229277
25  9  -1.451295756e-17  -0.08777429381  0.9961503092  -0.08766163025
25  10  7.007943583e-17  -0.1191906056  0.992905205  -0.1189085944
25  11  -5.741450863e-17  -0.06573665055  0.9978401243  -0.06568931607
25  12  -4.28970096e-17  -0.03072943962  0.9995278879  -0.03072460356
25  13  -1.813771989e-16  -0.04592177057  0.9989457808  -0.04590563223
25  14  7.882832099e-17  -0.09492177176  0.9954983102  -0.09477929284
25  15  2.823565354e-16  -0.110241055  0.9939296065  -0.1100178957
25  16  1.083136283e-16  -0.06998236027  0.9975522339  -0.0699252508
25  17  1.100644286e-16  0.06085469231  0.9981489246  0.0608171388
25  18  3.162672243e-18  0.1558853072  0.9878744698  0.1552547324
25  19  4.780684563e-18  0.2433975228  0.9705247702  0.241001391
25  20  4.198984921e-17  0.007936207175  0.9999685085  0.007936123867
25  21  3.363483253e-16  -0.02852594315  0.9995931629  -0.02852207457
25  22  -3.816664885e-16  -0.04917097216  0.9987913513  -0.04915116042
25  23  -3.29006838e-17  -0.04893891687  0.9988027302  -0.04891938428
25  24  -1.018260964e-16  -0.01444842379  0.9998956233  -0.01444792109
25  25  2.947891875e-16  -0.002115870572  0.9999977615  -0.002115868993
25  26  4.259042437e-17  0.001343971029  0.9999990969  0.001343970624
25  27  -4.034372191e-17  0.005685628392  0.9999838369  0.005685597759
25  28  -1.001415063e-16  0.03817407839  0.9992714583  0.03816480747
25  29  9.079720676e-17  0.2846560592  0.9597582974  0.2808273679
25  30  7.951575692e-17  0.2871284358  0.9590610538  0.2831993911
25  31  1.569473489e-16  0.3087905983  0.9527018117  0.3039066598
25  32  -1.852588603e-16  0.1605000404  0.9871474944  0.1598118402
25  33  -1.709464316e-16  0.01646892182  0.9998643904  0.01646817737
25  34  -1.11105834e-16  0.002937882932  0.9999956844  0.002937878706
25  35  6.019792448e-17  -0.0004217345346  0.9999999111  -0.0004217345221
25  36  6.019792448e-17  -0.0004217345346  0.9999999111  -0.0004217345221

26  0  -6.620461833e-17  0.002626667428  0.9999965503  0.002626664408
26  1  -2.276451994e-16  -0.0009665325538  0.9999995329  -0.0009665324033
26  2  2.044912374e-16  -0.01039720404  0.9999459496  -0.01039701672
26  3  4.405448088e-17  -0.03096389482  0.9995206569  -0.03095894722
26  4  7.264699573e-17  -0.04868827337  0.9988149601  -0.04866903934
26  5  -1.385183414e-16  -0.03917226449  0.9992328649  -0.03916224718
26  6  -3.060354332e-17  0.2429344055  0.970636278  0.2405518984
26  7  1.52038274e-16  0.233110774  0.9729524986  0.2310052717
26  8  2.359481914e-16  0.3841099161  0.9271323447  0.3747340597
26  9  1.04715643e-16  2.86183026  -0.9611210751  0.2761272876
26  10  2.249731414e-16  -0.08777429381  0.9961503092  -0.08766163025
26  11  9.977122528e-17  -0.02443569287  0.9997014633  -0.02443326117
26  12  7.50242226e-17  -0.00553526748  0.9999846804  -0.005535239214
26  13  5.827963155e-18  -0.003589256723  0.9999935586  -0.003589249017
26  14  -2.396822506e-16  -0.01526968114  0.9998834207  -0.01526908776
26  15  -2.753786072e-16  -0.06411705838  0.9979452055  -0.06407313657
26  16  -2.127207471e-16  -0.1745016827  0.9848131777  -0.1736174097
26  17  -1.982938628e-16  -2.916173377  -0.9747004781  -0.2235150508
26  18  5.014155548e-16  0.1411442409  0.9900556771  0.1406760687
26  19  1.640920852e-16  0.3501183125  0.9393321372  0.3430089446
26  20  1.818785201e-17  -0.00534604238  0.9999857099  -0.005346016915
26  21  4.693633687e-16  -0.05449188811  0.9985156844  -0.05446492439
26  22  -3.061719676e-16  -0.04410903327  0.9990273543  -0.04409473153
26  23  -6.311435913e-17  -0.01787426121  0.9998402596  -0.01787330945
26  24  -9.70912849e-17  -0.003592483685  0.999993547  -0.003592475958
26  25  1.012302346e-16  0.001343971029  0.9999990969  0.001343970624
26  26  1.04297513e-19  0.003980933354  0.9999920761  0.003980922839
26  27  1.081838726e-16  0.01026278517  0.9999473381  0.01026260501
26  28  -3.642019535e-16  0.07805223773  0.9969554702  0.07797301085
26  29  -3.65875523e-17  0.599439377  0.8256520367  0.5641796826
26  30  1.395569787e-16  0.2164164962  0.9766732083  0.2147310972
26  31  2.09345261e-17  0.1408681454  0.9900944794  0.1404027135
26  32  1.666726763e-16  0.483219473  0.8855036429  0.4646324337
26  33  -3.445916806e-17  0.2711050418  0.9634755586  0.2677962808
26  34  -1.795543849e-16  0.03027112909  0.9995418644  0.03026650619
26  35  -8.585082087e-17  0.00631135519  0.9999800835  0.00631131329
26  36  -8.585082087e-17  0.00631135519  0.9999800835  0.00631131329

27  0  3.804840989e-16  0.01592143481  0.9998732566  0.01592076216
27  1  -8.765878012e-17  0.008172009309  0.9999666093  0.008171918353
27  2  -3.162637278e-17  0.003386714329  0.9999942651  0.003386707854
27  3  -3.257515627e-18  -0.004414677846  0.9999902553  -0.004414663507
27  4  -7.141472778e-17  -0.02184705561  0.9997613626  -0.02184531774
27  5  1.11196276e-16  -0.05187748451  0.9986546651  -0.05185421823
27  6  1.44854539e-16  -0.07150090313  0.9974448993  -0.07143999542
27  7  4.081097431e-16  -0.7999148748  0.6967677719  -0.717296781
27  8  1.214318297e-16  -0.08594192129  0.9963092656  -0.08583616565
27  9  -3.149969622e-17  0.384109916  0.9271323447  0.3747340597
27  10  -2.565242511e-16  -0.03927238709  0.9992289389  -0.03926229276
27  11  4.207319437e-16  -0.001966281973  0.9999980669  -0.001966280706
27  12  -7.781095557e-17  0.02162142755  0.999766266  0.02161974297
27  13  -3.171131436e-17  0.02919224385  0.9995739367  0.02918809782
27  14  -3.556455732e-17  0.02630395423  0.9996540709  0.02630092106
27  15  -6.708463694e-17  0.009741210074  0.9999525548  0.009741056015
27  16  -3.227662658e-16  -0.03214223338  0.9994834829  -0.03213669919
27  17  -2.35280029e-16  0.3613899604  0.9354062725  0.353574752
27  18  2.831513296e-16  0.02535614899  0.9996785501  0.02535343203
27  19  -1.550097715e-17  -0.8191128758  0.6828695559  -0.7305403271
27  20  2.052435666e-17  -0.1030231244  0.9946978101  -0.1028409772
27  21  2.361779858e-16  -0.07209706597  0.9974021321  -0.07203462227
27  22  1.497275336e-16  -0.03602611188  0.9993511298  -0.03601831946
27  23  2.312946327e-16  -0.01049704427  0.9999449065  -0.01049685149
27  24  -1.797933577e-16  0.0005339595384  0.9999998574  0.0005339595131
27  25  1.479265878e-16  0.005685628392  0.9999838369  0.005685597759
27  26  1.165037322e-16  0.01026278517  0.9999473381  0.01026260501
27  27  2.935854283e-16  0.0232010926  0.9997308667  0.02319901116
27  28  -5.894243807e-18  0.1062613008  0.9943595784  0.1060614393
27  29  -9.521448033e-17  0.1738675902  0.9849230692  0.1729929122
27  30  6.984474788e-17  0.03470772705  0.9993977473  0.03470075916
27  31  1.794820585e-17  0.009408092659  0.9999557442  0.009407953871
27  32  -3.213052958e-16  0.02229757547  0.9997514194  0.02229572785
27  33  -9.824557716e-17  0.1265758976  0.9919999607  0.1262381798
27  34  1.171249363e-16  0.1335807861  0.9910913457  0.133183875
27  35  1.474013486e-16  0.04698617398  0.9988963528  0.04696888733
27  36  1.474013486e-16  0.04698617398  0.9988963528  0.04696888733

28  0  -6.684247747e-17  0.06714029098  0.9977469372  0.06708985964
28  1  -9.685789633e-17  0.09520490551  0.9954714351  0.09506114821
28  2  -1.311086995e-16  0.06673641137  0.9977739521  0.06668688454
28  3  -5.20260323e-16  0.0313174401  0.9995096491  0.03131232109
28  4  -2.248700987e-16  0.01100831027  0.9999394092  0.01100808794
28  5  1.137459785e-16  -0.01035610913  0.999946376  -0.01035592401
28  6  1.121951523e-16  -0.04582274859  0.9989503215  -0.04580671442
28  7  -6.992557695e-17  -0.0880983351  0.9961218509  -0.08798441947
28  8  -2.274835064e-16  -0.7999148749  0.6967677718  -0.7172967811
28  9  1.61998328e-16  0.233110774  0.9729524986  0.2310052717
28  10  2.372295874e-17  0.1559066883  0.9878711501  0.1552758542
28  11  1.750004813e-16  0.01432092207  0.9998974573  0.01432043257
28  12  1.693440582e-16  0.02338614543  0.9997265566  0.02338401379
28  13  -1.101390009e-16  0.03591440932  0.9993551469  0.03590668915
28  14  1.686722928e-17  0.03833933052  0.9992651379  0.03832993869
28  15  -3.315446722e-16  0.02962068455  0.9995613396  0.02961635328
28  16  -4.002968029e-17  0.01455169425  0.999894126  0.01455118069
28  17  -2.570870323e-16  0.07481158815  0.9972029181  0.07474182376
28  18  -2.141618999e-16  0.2134762811  0.9773003414  0.2118585439
28  19  8.160130656e-17  -0.6158482726  0.816283735  -0.5776511612
28  20  2.721954585e-16  -0.1165968873  0.9932102803  -0.1163328809
28  21  3.216718972e-16  -0.07245585656  0.9973762226  -0.07239247613
28  22  -1.417265903e-16  -0.02728867434  0.9996276872  -0.02728528762
28  23  -2.284977093e-16  0.0003350258481  0.9999999439  0.0003350258419
28  24  -2.919000963e-16  0.01749381316  0.9998469872  0.01749292089
28  25  1.392571748e-16  0.03817407839  0.9992714583  0.03816480747
28  26  2.266545562e-16  0.07805223773  0.9969554702  0.07797301085
28  27  1.608312198e-16  0.1062613008  0.9943595784  0.1060614394
28  28  -9.002282855e-17  0.0635093266  0.9979839605  0.06346664176
28  29  -7.326445091e-17  0.02084564084  0.9997827375  0.02084413116
28  30  6.808365526e-17  0.006352585875  0.9999798224  0.006352543148
28  31  -8.536552683e-17  0.002265362901  0.9999974341  0.002265360964
28  32  -1.436580008e-16  0.001847621116  0.9999982931  0.001847620065
28  33  -2.272707293e-16  0.004989731399  0.9999875513  0.004989710693
28  34  1.567652622e-16  0.01596785926  0.9998725164  0.01596718071
28  35  2.896571733e-17  0.03902042691  0.9992387997  0.03901052562
28  36  2.896571733e-17  0.03902042691  0.9992387997  0.03901052562

29  0  -4.920661372e-17  0.009291217603  0.9999568369  0.009291083924
29  1  1.88171641e-16  0.07628499025  0.9970917109  0.07621102297
29  2  -2.287995299e-16  0.3285445137  0.9465129815  0.322665734
29  3  -2.041894614e-16  0.5173967086  0.8691097613  0.4946192705
29  4  2.859904599e-16  0.1773740153  0.984310429  0.1764454006
29  5  3.62255165e-16  0.03303162824  0.9994545054  0.03302562183
29  6  2.918694818e-16  -0.004950366594  0.999987747  -0.004950346375
29  7  1.989148722e-16  -0.04582274859  0.9989503215  -0.04580671442
29  8  4.28322186e-16  -0.07150090313  0.9974448993  -0.07143999542
29  9  8.342107522e-18  0.2429344055  0.970636278  0.2405518984
29  10  -1.474207169e-16  0.1875237936  0.9824688776  0.1864266732
29  11  6.734530743e-17  0.04891162781  0.9988040648  0.04889212788
29  12  7.597377559e-17  0.006139668896  0.9999811523  0.006139630323
29  13  2.766277723e-17  0.005906807595  0.9999825549  0.005906773247
29  14  8.384225905e-17  0.008450830933  0.9999642919  0.008450730345
29  15  -6.897144429e-18  0.007280517107  0.9999734972  0.007280452789
29  16  -4.707932101e-17  0.004168506441  0.9999913118  0.004168494368
29  17  -3.19754539e-16  0.02148058317  0.9997693011  0.0214789313
29  18  -1.754206835e-16  0.09450645453  0.9955375878  0.09436583708
29  19  1.452578557e-16  0.3621223061  0.9351470828  0.354259698
29  20  -3.179927445e-17  -0.02614042902  0.9996583584  -0.02613745207
29  21  8.357573625e-17  -0.06943218751  0.9975905539  -0.06937641417
29  22  -1.566357234e-16  -0.02447129139  0.9997005929  -0.02446884905
29  23  -8.784107697e-17  0.008175605416  0.9999665799  0.00817551434
29  24  -3.836725123e-17  0.05616546752  0.9984231347  0.05613594262
29  25  5.406928909e-17  0.2846560592  0.9597582974  0.2808273679
29  26  7.118101917e-17  0.599439377  0.8256520367  0.5641796826
29  27  -7.69605353e-17  0.1738675902  0.9849230692  0.1729929122
29  28  6.070114065e-17  0.02084564084  0.9997827375  0.02084413116
29  29  -1.550749892e-17  0.004050907989  0.9999917951  0.00405089691
29  30  2.889584479e-17  0.00655234092  0.9999785335  0.006552294035
29  31  -4.208450741e-17  0.01063435946  0.9999434557  0.01063415903
29  32  -1.150064753e-16  0.01278171603  0.999918315  0.012781368
29  33  -1.626840441e-16  0.01260979902  0.9999204975  0.01260946485
29  34  -1.392031095e-16  0.009743964407  0.999952528  0.009743810218
29  35  1.259799329e-16  0.005337728413  0.9999857544  0.005337703066
29  36  1.259799329e-16  0.005337728413  0.9999857544  0.005337703066

30  0  -2.145841286e-16  0.02362352117  0.9997209776  0.02362132397
30  1  1.895703472e-17  0.00562804853  0.9999841626  0.005628018819
30  2  3.25313107e-16  0.01937802424  0.999812252  0.0193768115
30  3  2.134148592e-16  0.1204564392  0.9927538911  0.1201653515
30  4  -3.015490967e-16  0.274728271  0.9624989493  0.2712854081
30  5  -2.551458475e-16  0.1584469735  0.9874735181  0.157784825
30  6  -8.645801937e-17  0.03303162824  0.9994545054  0.03302562183
30  7  9.364778252e-17  -0.01035610913  0.999946376  -0.01035592401
30  8  6.917406621e-17  -0.05187748451  0.9986546651  -0.05185421823
30  9  -2.600767799e-16  -0.03917226449  0.9992328649  -0.03916224718
30  10  9.951330401e-17  0.1296795063  0.9916033897  0.1293163467
30  11  2.444847759e-16  0.1488238062  0.9889461621  0.148275043
30  12  -7.402661409e-17  0.02236505644  0.9997499125  0.02236319201
30  13  1.96949019e-16  -0.007276899598  0.9999735235  -0.007276835375
30  14  -9.82639137e-17  -0.01030137907  0.9999469413  -0.01030119687
30  15  -5.398850573e-17  -0.01032536235  0.9999466939  -0.01032517888
30  16  -1.74182245e-16  -0.01035364332  0.9999464015  -0.01035345834
30  17  -8.893598594e-18  -0.00127126321  0.9999991919  -0.001271262868
30  18  -9.335338959e-17  0.05852190016  0.9982880823  0.05848850145
30  19  4.919726206e-17  0.2296639927  0.9737429421  0.2276503517
30  20  2.378131762e-17  0.0001238417705  0.9999999923  0.0001238417702
30  21  1.530927137e-16  -0.06056281398  0.9981666333  -0.06052579817
30  22  1.351617922e-16  -0.0306785318  0.9995294508  -0.03067371973
30  23  4.237097387e-17  0.005587245839  0.9999843914  0.005587216769
30  24  8.381469904e-17  0.05890058829  0.9982658618  0.0588665371
30  25  5.065243538e-17  0.2871284358  0.9590610538  0.2831993911
30  26  1.138109843e-16  0.2164164962  0.9766732083  0.2147310972
30  27  -4.508295797e-16  0.03470772705  0.9993977473  0.03470075916
30  28  -8.701056403e-17  0.006352585875  0.9999798224  0.006352543148
30  29  -5.267312829e-19  0.00655234092  0.9999785335  0.006552294035
30  30  -3.188943565e-16  0.04062249351  0.99917502  0.04061132198
30  31  -1.362927836e-16  0.2439794155  0.9703843689  0.2415660915
30  32  -1.764103065e-16  0.3244772161  0.9478175264  0.3188133257
30  33  -9.009076065e-17  0.2714346183  0.9633872469  0.2681138051
30  34  1.098074856e-16  0.3085756231  0.9527671222  0.3037018455
30  35  1.891467235e-16  0.1781605642  0.9841713416  0.1772195543
30  36  1.891467235e-16  0.1781605642  0.9841713416  0.1772195543

31  0  2.008941383e-16  0.5411732017  0.857104906  0.5151419029
31  1  -1.151221622e-16  0.09263399598  0.9957125386  0.09250156987
31  2  1.048232878e-16  0.005155589111  0.99998671  0.005155566271
31  3  3.070648904e-16  0.004243504161  0.9999909963  0.004243491425
31  4  3.071087624e-16  0.03201860556  0.9994874482  0.03201313498
31  5  2.665089269e-16  0.274728271  0.9624989493  0.2712854081
31  6  -3.492517858e-16  0.1773740153  0.984310429  0.1764454006
31  7  2.071154397e-16  0.01100831027  0.9999394092  0.01100808794
31  8  5.135891144e-16  -0.02184705561  0.9997613626  -0.02184531774
31  9  4.919026095e-17  -0.04868827337  0.9988149601  -0.04866903934
31  10  9.430451738e-17  -0.01699354518  0.9998556132  -0.01699272729
31  11  2.456953428e-16  0.05893866616  0.9982636196  0.05890454889
31  12  8.813531362e-18  0.1057103582  0.9944178612  0.1055135883
31  13  -4.958922941e-17  0.01393493865  0.9999029103  0.01393448766
31  14  2.988157655e-17  -0.01980187428  0.9998039493  -0.01980058021
31  15  -2.58677318e-18  -0.02445267175  0.9997010483  -0.02445023498
31  16  2.49665219e-17  -0.02367902737  0.9997196649  -0.02367681465
31  17  4.853656458e-17  -0.01508122038  0.9998862806  -0.0150806487
31  18  2.425341044e-17  0.06070805086  0.9981578322  0.06067076814
31  19  1.03226564e-16  0.1165297247  0.9932180912  0.1162661741
31  20  -2.012276138e-18  0.003918542023  0.9999923225  0.003918531994
31  21  -3.26600683e-17  -0.04012553419  0.9991950788  -0.04011476765
31  22  5.475728268e-17  -0.03890782661  0.999243186  -0.03889801079
31  23  2.477365045e-16  -0.005808340556  0.9999831316  -0.005808307897
31  24  3.173061342e-16  0.03939436954  0.9992241422  0.03938418087
31  25  -1.150284184e-16  0.3087905983  0.9527018117  0.3039066598
31  26  -4.180368643e-17  0.1408681454  0.9900944794  0.1404027135
31  27  -3.208249518e-16  0.009408092659  0.9999557442  0.009407953871
31  28  -3.411741875e-16  0.002265362901  0.9999974341  0.002265360964
31  29  2.112527376e-16  0.01063435946  0.9999434557  0.01063415903
31  30  1.774608581e-16  0.2439794155  0.9703843689  0.2415660915
31  31  -9.437502235e-17  0.7666477685  0.720240238  0.693724729
31  32  -9.553895001e-17  0.1654637422  0.9863420786  0.1647097571
31  33  -2.729989992e-16  0.08948814433  0.9959986074  0.0893687534
31  34  3.779432237e-16  0.1331958016  0.9911425459  0.1328023103
31  35  2.960871377e-16  0.4491231268  0.9008281658  0.434175789
31  36  2.960871377e-16  0.4491231268  0.9008281658  0.434175789

32  0  -1.137203126e-16  0.1035738931  0.9946410176  0.1033888101
32  1  -2.609309908e-17  0.3221100246  0.9485695623  0.3165687689
32  2  -2.81412945e-17  0.1105110286  0.9938998683  0.1102862265
32  3  8.306042888e-17  0.004909764333  0.9999879471  0.004909744608
32  4  8.120075835e-17  0.004243504161  0.9999909963  0.004243491425
32  5  2.711209371e-16  0.1204564392  0.9927538911  0.1201653515
32  6  5.808285769e-17  0.5173967087  0.8691097613  0.4946192705
32  7  1.685788385e-16  0.0313174401  0.9995096491  0.03131232109
32  8  1.903555604e-17  -0.004414677846  0.9999902553  -0.004414663506
32  9  -4.84217004e-17  -0.03096389482  0.9995206569  -0.03095894722
32  10  -1.374691683e-16  -0.03605088512  0.9993502372  -0.03604307661
32  11  -4.112552463e-17  -0.007577707496  0.9999712893  -0.007577634976
32  12  -1.148752818e-16  0.02069747057  0.999785815  0.02069599285
32  13  -1.608907408e-16  0.05199429113  0.9986486013  0.05197086735
32  14  1.168843904e-16  -0.01548735177  0.9998800734  -0.01548673264
32  15  -5.620605309e-17  -0.05065344822  0.9987173884  -0.05063179013
32  16  7.654781661e-17  -0.04848075497  0.9988250384  -0.0484617658
32  17  -8.460088416e-17  -0.05055603188  0.998722316  -0.0505344985
32  18  -1.355130515e-16  0.03310044959  0.9994522301  0.03309440556
32  19  -4.141331384e-17  0.04102535893  0.999158578  0.04101385173
32  20  2.252258695e-16  0.001535275914  0.9999988215  0.001535275311
32  21  -5.874608778e-17  -0.02031922453  0.9997935717  -0.02031782635
32  22  8.237398261e-17  -0.04307123607  0.9990725777  -0.04305792017
32  23  6.845698652e-17  -0.01441267681  0.9998961392  -0.01441217784
32  24  -1.877599197e-16  0.006759528745  0.9999771545  0.00675947727
32  25  -3.350855727e-16  0.1605000404  0.9871474944  0.1598118402
32  26  9.858761429e-17  0.483219473  0.8855036429  0.4646324337
32  27  2.429330541e-16  0.02229757547  0.9997514194  0.02229572785
32  28  -3.166925802e-16  0.001847621116  0.9999982931  0.001847620065
32  29  -3.987815137e-16  0.01278171603  0.999918315  0.012781368
32  30  -2.395507615e-16  0.3244772161  0.9478175264  0.3188133257
32  31  -2.163335258e-16  0.1654637422  0.9863420786  0.1647097571
32  32  -4.626315629e-18  0.07554930118  0.9971475087  0.07547745294
32  33  1.172343098e-16  0.1195894816  0.9928576963  0.119304631
32  34  2.155645743e-16  0.1345034912  0.9909680343  0.1340983032
32  35  -4.637076996e-18  0.1043888539  0.9945564295  0.104199369
32  36  -4.637076996e-18  0.1043888539  0.9945564295  0.104199369

33  0  -1.000733011e-16  0.2114986335  0.9777174116  0.2099253751
33  1  2.169519558e-17  0.08650658028  0.9962606386  0.08639872692
33  2  2.191673273e-16  0.2253597695  0.9747137771  0.2234570489
33  3  1.9941206e-17  0.1105110286  0.9938998683  0.1102862265
33  4  -3.584162482e-17  0.005155589111  0.99998671  0.005155566271
33  5  -2.179693943e-18  0.01937802424  0.999812252  0.0193768115
33  6  -2.620984653e-17  0.3285445137  0.9465129815  0.322665734
33  7  -3.975735374e-17  0.06673641138  0.9977739521  0.06668688454
33  8  1.856613277e-17  0.003386714329  0.9999942651  0.003386707855
33  9  -1.055419458e-16  -0.01039720404  0.9999459496  -0.01039701672
33  10  4.160064836e-16  -0.04755143811  0.9988696434  -0.04753352007
33  11  -5.481320928e-17  -0.02374680892  0.9997180578  -0.02374457713
33  12  -9.904866568e-17  -0.004843629553  0.9999882696  -0.004843610614
33  13  2.443745057e-16  0.006686385822  0.9999776462  0.006686336
33  14  1.01067603e-16  0.009556055601  0.9999543412  0.009555910162
33  15  -1.975465396e-16  -0.09978855006  0.9950252528  -0.09962302085
33  16  2.096747283e-16  -0.2143012721  0.9771252275  -0.2126647356
33  17  -3.198446145e-17  -0.2084672125  0.9783492904  -0.206960542
33  18  3.170221332e-16  -0.0169723223  0.9998559736  -0.01697150747
33  19  1.704698788e-16  0.01213783135  0.9999263374  0.01213753331
33  20  3.836077403e-16  0.0001980519602  0.9999999804  0.0001980519589
33  21  1.58619007e-16  -0.01098069062  0.9999397128  -0.01098046995
33  22  -2.194839063e-16  -0.04359618317  0.9990498369  -0.04358237447
33  23  5.647451883e-17  -0.02836206841  0.9995978235  -0.02835826613
33  24  2.326346604e-16  -0.001986982262  0.999998026  -0.001986980954
33  25  -2.45983405e-16  0.01646892182  0.9998643904  0.01646817737
33  26  2.247353449e-16  0.2711050418  0.9634755586  0.2677962808
33  27  2.394777429e-17  0.1265758976  0.9919999607  0.1262381798
33  28  1.447490985e-16  0.004989731398  0.9999875513  0.004989710693
33  29  -1.928104926e-16  0.01260979902  0.9999204975  0.01260946485
33  30  5.416340033e-17  0.2714346183  0.9633872469  0.2681138051
33  31  -2.279140327e-16  0.08948814433  0.9959986074  0.0893687534
33  32  8.032069332e-17  0.1195894816  0.9928576963  0.119304631
33  33  3.374388261e-16  0.2897688605  0.9583099448  0.2857307294
33  34  -1.368236891e-16  0.3362393374  0.9440021285  0.3299393601
33  35  -1.519755778e-16  0.3138986293  0.951137025  0.3087691042
33  36  -1.519755778e-16  0.3138986293  0.951137025  0.3087691042

34  0  -1.600842623e-17  0.2838543304  0.9599831363  0.2800578118
34  1  1.876345957e-16  0.2487533512  0.9692200946  0.2461958738
34  2  -4.907143187e-17  0.08650658028  0.9962606386  0.08639872692
34  3  -1.941676301e-16  0.3221100246  0.9485695623  0.3165687689
34  4  -2.258829065e-16  0.09263399598  0.9957125386  0.09250156987
34  5  -8.28615721e-17  0.00562804853  0.9999841626  0.005628018819
34  6  1.84405793e-16  0.07628499025  0.9970917109  0.07621102296
34  7  -1.403220151e-16  0.09520490552  0.9954714351  0.09506114822
34  8  2.000933351e-16  0.00817200931  0.9999666093  0.008171918353
34  9  -1.926426907e-16  -0.0009665325534  0.9999995329  -0.0009665324029
34  10  2.175334682e-16  -0.03568917299  0.9993632091  -0.03568159716
34  11  1.239453828e-16  -0.1170350607  0.9931592109  -0.1167680681
34  12  -1.198285762e-16  -0.01751661931  0.9998465879  -0.01751572355
34  13  1.10221814e-16  -0.00130786628  0.9999991447  -0.001307865907
34  14  -2.360799877e-16  0.006314392928  0.9999800643  0.006314350967
34  15  4.104762378e-17  -0.004212883544  0.9999911258  -0.004212871082
34  16  -2.774409933e-16  -0.102223628  0.9947797132  -0.1020456871
34  17  -3.388515767e-16  -0.1403953379  0.9901607522  -0.1399345736
34  18  3.467396159e-16  -0.02316695141  0.9997316582  -0.02316487915
34  19  3.376046962e-16  0.006692795116  0.9999776033  0.006692745151
34  20  2.41350391e-16  0.003734547511  0.9999930266  0.00373453883
34  21  -8.977130427e-17  -0.006612299099  0.9999781388  -0.006612250915
34  22  -4.172457311e-17  -0.04193811537  0.9991207261  -0.04192582295
34  23  1.913166785e-16  -0.1162702013  0.9932482316  -0.1160084069
34  24  2.332542119e-16  -0.008307604185  0.9999654921  -0.008307508626
34  25  1.54889228e-16  0.002937882932  0.9999956844  0.002937878706
34  26  2.537950919e-16  0.03027112909  0.9995418644  0.03026650619
34  27  -4.796261171e-16  0.1335807861  0.9910913457  0.133183875
34  28  9.49979821e-17  0.01596785926  0.9998725164  0.01596718071
34  29  -3.773902751e-16  0.009743964407  0.999952528  0.009743810218
34  30  -4.84949759e-16  0.3085756231  0.9527671222  0.3037018455
34  31  -6.496058072e-17  0.1331958016  0.9911425459  0.1328023103
34  32  1.907256651e-16  0.1345034912  0.9909680343  0.1340983032
34  33  -3.961555132e-17  0.3362393374  0.9440021285  0.3299393601
34  34  -4.150536115e-17  0.2296802627  0.9737392381  0.2276661944
34  35  1.291036924e-16  0.1786951477  0.9840764623  0.1777456507
34  36  1.291036924e-16  0.1786951477  0.9840764623  0.1777456507

35  0  -3.77711691e-17  0.08802188328  0.9961285746  0.08790826389
35  1  9.30455303e-17  0.2838543304  0.9599831363  0.2800578118
35  2  7.174218387e-17  0.2114986335  0.9777174116  0.2099253751
35  3  3.657056376e-17  0.1035738931  0.9946410176  0.1033888101
35  4  -1.244494646e-16  0.5411732017  0.857104906  0.5151419029
35  5  -1.17214492e-16  0.02362352117  0.9997209776  0.02362132397
35  6  6.205656037e-17  0.009291217604  0.9999568369  0.009291083924
35  7  -2.194818096e-16  0.06714029098  0.9977469372  0.06708985964
35  8  1.844815905e-17  0.01592143481  0.9998732566  0.01592076216
35  9  -5.773106936e-17  0.002626667428  0.9999965503  0.002626664408
35  10  -1.569743875e-17  -0.008873057719  0.9999606347  -0.008872941289
35  11  1.446331796e-17  -0.7580515695  0.7261769496  -0.6875078457
35  12  -4.232334497e-17  -0.3969366865  0.922249581  -0.386595021
35  13  1.159766893e-16  -0.008930463948  0.9999601237  -0.008930345243
35  14  1.497951337e-16  0.01108260259  0.9999385886  0.01108237572
35  15  1.660847185e-17  0.02382130154  0.9997162862  0.02381904868
35  16  -2.708666204e-16  -0.01604156941  0.9998713368  -0.01604088141
35  17  3.11095215e-18  -0.1960944071  0.9808350226  -0.1948400843
35  18  6.256351807e-17  -0.1289275582  0.9917003485  -0.1285706758
35  19  4.792058122e-19  0.01718420886  0.9998523551  0.01718336313
35  20  -6.741177266e-18  0.02115722463  0.9997761943  0.02115564623
35  21  -9.894119393e-17  0.002534955659  0.999996787  0.002534952944
35  22  2.72398739e-16  -0.02715186436  0.9996314108  -0.02714852831
35  23  3.32580316e-16  -1.003173545  0.5376291437  -0.8431814181
35  24  -2.047948904e-16  -0.1397643324  0.9902488545  -0.1393097489
35  25  -3.705235827e-16  -0.0004217345347  0.9999999111  -0.0004217345222
35  26  7.571397651e-17  0.00631135519  0.9999800835  0.00631131329
35  27  -3.02898831e-16  0.04698617398  0.9988963528  0.04696888733
35  28  -1.776048876e-16  0.03902042691  0.9992387997  0.03901052562
35  29  -1.824891603e-16  0.005337728413  0.9999857544  0.005337703066
35  30  -6.981548831e-17  0.1781605642  0.9841713416  0.1772195543
35  31  2.343097109e-16  0.4491231268  0.9008281658  0.434175789
35  32  1.363028006e-16  0.1043888539  0.9945564295  0.104199369
35  33  1.871169761e-16  0.3138986293  0.951137025  0.3087691042
35  34  7.016901388e-17  0.1786951477  0.9840764623  0.1777456507
35  35  1.434708146e-17  0.04833373384  0.9988321525  0.0483149169
35  36  1.434708146e-17  0.04833373384  0.9988321525  0.0483149169

36  0  -3.77711691e-17  0.08802188328  0.9988321525  0.0483149169
36  1  1.876345957e-16  0.2487533512  0.9988321525  0.0483149169
36  2  2.191673273e-16  0.2253597695  0.9988321525  0.0483149169
36  3  8.306042888e-17  0.004909764333  0.9988321525  0.0483149169
36  4  3.071087624e-16  0.03201860556  0.9988321525  0.0483149169
36  5  -2.551458475e-16  0.1584469735  0.9988321525  0.0483149169
36  6  2.918694818e-16  -0.004950366594  0.9988321525  0.0483149169
36  7  -6.992557695e-17  -0.0880983351  0.9988321525  0.0483149169
36  8  1.214318297e-16  -0.08594192129  0.9988321525  0.0483149169
36  9  1.04715643e-16  2.86183026  0.9988321525  0.0483149169
36  10  7.007943583e-17  -0.1191906056  0.9988321525  0.0483149169
36  11  -9.573500643e-17  -0.1228752197  0.9988321525  0.0483149169
36  12  1.092063513e-16  -0.06354189731  0.9988321525  0.0483149169
36  13  1.46807567e-16  0.009731356152  0.9988321525  0.0483149169
36  14  -2.44966012e-16  0.02565331352  0.9988321525  0.0483149169
36  15  7.59990994e-17  -0.01718491194  0.9988321525  0.0483149169
36  16  -8.368066429e-17  -0.1145455621  0.9988321525  0.0483149169
36  17  1.099556185e-16  -0.1437430301  0.9988321525  0.0483149169
36  18  9.914276562e-17  -0.1437430301  0.9988321525  0.0483149169
36  19  2.982469598e-16  -0.1145455621  0.9988321525  0.0483149169
36  20  -4.827248296e-16  -0.01718491194  0.9988321525  0.0483149169
36  21  -2.113635005e-16  0.02565331352  0.9988321525  0.0483149169
36  22  1.043390492e-16  0.009731356152  0.9988321525  0.0483149169
36  23  -6.946756278e-17  -0.06354189731  0.9988321525  0.0483149169
36  24  -1.775813778e-16  -0.1228752197  0.9988321525  0.0483149169
36  25  -2.850500628e-16  -0.1191906056  0.9988321525  0.0483149169
36  26  7.931867797e-17  2.86183026  0.9988321525  0.0483149169
36  27  4.89734402e-16  -0.08594192128  0.9988321525  0.0483149169
36  28  1.975246318e-16  -0.0880983351  0.9988321525  0.0483149169
36  29  -3.308409566e-17  -0.004950366594  0.9988321525  0.0483149169
36  30  -7.842223129e-17  0.1584469735  0.9988321525  0.0483149169
36  31  -4.736716945e-18  0.03201860556  0.9988321525  0.0483149169
36  32  1.319507466e-16  0.004909764333  0.9988321525  0.0483149169
36  33  1.80224589e-16  0.2253597695  0.9988321525  0.0483149169
36  34  -2.951970235e-16  0.2487533512  0.9988321525  0.0483149169
36  35  4.141004586e-17  0.08802188328  0.9988321525  0.0483149169
36  36  4.141004586e-17  0.08802188328  0.9988321525  0.0483149169

#Chern no*2pi*Iota= 6.966317299e-15  18.84955592
