#nx  ny  tilde_F(nx,ny).real()  tilde_F(nx,ny).imag()  ArgofLog.real()  ArgofLog.imag()
#Extra momentum point for pm3d corners2color c1
0  0  1.571664404e-16  -0.01176615991  0.9999307795  -0.01176588842
0  1  2.495918278e-16  -0.01103392473  0.9999391269  -0.01103370084
0  2  8.555176912e-17  -0.009560087481  0.9999543027  -0.009559941857
0  3  -1.697044088e-16  -0.007631414685  0.9999708809  -0.007631340612
0  4  -3.760948769e-16  -0.005161343707  0.9999866803  -0.005161320791
0  5  -1.603598045e-16  -0.001026443371  0.9999994732  -0.001026443191
0  6  -5.532669561e-17  0.009569520234  0.9999542125  0.009569374179
0  7  2.182978467e-16  0.04563493964  0.9989589068  0.0456191018
0  8  6.039551194e-17  0.1059585852  0.9943916393  0.1057604264
0  9  1.313667474e-16  0.06519675946  0.997875444  0.06515058153
0  10  2.203614913e-17  1.242482631  0.3224472536  0.9465874332
0  11  -2.121123569e-16  0.02089484476  0.9997817107  0.02089332436
0  12  -2.545598537e-16  0.135596276  0.9908209021  0.1351811378
0  13  4.391766279e-17  -1.332304861  0.2362370595  -0.9716954521
0  14  -8.204524489e-17  0.4102023697  0.9170401376  0.3987949173
0  15  -2.229278058e-16  0.3906941312  0.9246449364  0.3808303317
0  16  -8.599510124e-17  0.1485420738  0.9889878968  0.1479964189
0  17  -9.624628076e-17  0.05336277555  0.9985765449  0.05333745331
0  18  -1.38645409e-16  0.0463395951  0.9989265131  0.04632301226
0  19  -7.365048679e-17  0.07553233394  0.9971487892  0.07546053408
0  20  -2.456893869e-16  0.3155736859  0.9506184851  0.3103618787
0  21  -4.858962626e-16  0.3005843678  0.9551636335  0.2960784241
0  22  -2.729965844e-16  -1.792875289  -0.2202580037  -0.9754416496
0  23  3.336020197e-17  0.8669907005  0.6471237187  0.7623850029
0  24  8.899526902e-17  0.02426335611  0.9997056592  0.0242609755
0  25  4.907586431e-17  1.189607319  0.3720243966  0.9282229518
0  26  -2.794138725e-17  0.08963823489  0.9959851828  0.08951824237
0  27  -1.951413193e-16  0.0978378283  0.9952176963  0.09768181512
0  28  -3.344342582e-18  0.07931943043  0.996855863  0.07923628261
0  29  3.252981188e-16  0.02218547738  0.9997539124  0.02218365749
0  30  1.394994567e-16  0.002838192833  0.9999959723  0.002838189022
0  31  -5.521012285e-17  -0.003448889008  0.9999940526  -0.003448882171
0  32  1.135242262e-17  -0.006499310232  0.9999788796  -0.006499264476
0  33  8.642533441e-18  -0.008649038899  0.9999625973  -0.008648931066
0  34  9.260272483e-17  -0.0103725032  0.9999462061  -0.01037231721
0  35  1.66328848e-16  -0.01151594628  0.9999336922  -0.01151569174
0  36  1.66328848e-16  -0.01151594628  0.9999336922  -0.01151569174

1  0  1.696614344e-16  -0.01103392473  0.9999391269  -0.01103370084
1  1  5.543016059e-17  -0.01080211682  0.9999416577  -0.01080190674
1  2  -9.67958287e-17  -0.009757752726  0.9999523935  -0.009757597882
1  3  -5.789714394e-17  -0.008170904987  0.9999666183  -0.008170814067
1  4  -1.0973899e-16  -0.006132532769  0.9999811961  -0.00613249433
1  5  -6.890672637e-17  -0.003076797333  0.9999952667  -0.003076792478
1  6  -1.360609556e-16  0.003532248068  0.9999937616  0.003532240723
1  7  1.572522749e-16  0.02380341617  0.9997167121  0.02380116839
1  8  1.451149767e-16  0.07816631032  0.9969465691  0.07808673564
1  9  7.114084803e-17  0.08789896787  0.9961393724  0.08778582367
1  10  -1.03045756e-16  -0.1067447643  0.9943081853  -0.1065421636
1  11  7.598324607e-17  -0.01844649025  0.9998298683  -0.01844544413
1  12  -4.090631279e-17  0.1010579045  0.9948979943  0.10088598
1  13  -1.172541384e-16  0.3759876055  0.9301454354  0.3671913247
1  14  1.168615586e-17  -0.07562417203  0.9971418548  -0.07555211001
1  15  8.026734389e-17  0.1843109786  0.9830627604  0.1832692258
1  16  2.311295365e-16  0.1924086594  0.9815464902  0.1912236585
1  17  1.044713403e-16  0.06528508523  0.9978696856  0.06523871939
1  18  7.827195598e-17  0.03428143534  0.9994124491  0.03427472105
1  19  -1.073097645e-17  0.04142728623  0.9991420127  0.04141543752
1  20  1.805276239e-16  0.1265771998  0.9919997963  0.1262394716
1  21  3.503514825e-16  0.1757911646  0.9845884825  0.1748871638
1  22  1.716980386e-16  0.04244793927  0.9990992215  0.04243519311
1  23  1.065859856e-16  0.1494547277  0.9888524154  0.1488989608
1  24  1.057716631e-16  0.3019318531  0.9547638052  0.2973652238
1  25  -6.414323e-17  0.02500359037  0.9996874265  0.02500098516
1  26  1.628033055e-16  -0.1355417425  0.9908282725  -0.1351271046
1  27  -9.966474767e-19  0.04753744387  0.9988703085  0.04751954164
1  28  1.773952872e-16  0.09692387753  0.995306557  0.09677219447
1  29  1.333848387e-16  0.04598928057  0.9989426794  0.04597307096
1  30  1.276125183e-16  0.01070859945  0.9999426635  0.01070839478
1  31  -1.49728739e-16  -0.0005100873927  0.9999998699  -0.0005100873706
1  32  -1.435421851e-16  -0.004808894675  0.9999884373  -0.00480887614
1  33  -5.76469506e-17  -0.007227579421  0.9999738812  -0.007227516496
1  34  8.441475467e-18  -0.009027432596  0.999959253  -0.009027309982
1  35  -1.829751871e-16  -0.0103725032  0.9999462061  -0.01037231721
1  36  -1.829751871e-16  -0.0103725032  0.9999462061  -0.01037231721

2  0  2.477995437e-16  -0.00956008748  0.9999543027  -0.009559941857
2  1  -8.979932113e-18  -0.009757752726  0.9999523935  -0.009757597882
2  2  -1.331886901e-16  -0.009177285374  0.999957889  -0.009177156553
2  3  1.764206189e-16  -0.007990176535  0.9999680787  -0.007990091516
2  4  4.65472609e-17  -0.00634380363  0.9999798781  -0.00634376108
2  5  1.197002297e-18  -0.003940128079  0.9999922377  -0.003940117884
2  6  2.408459938e-16  0.0007683460541  0.9999997048  0.0007683459785
2  7  -2.978972475e-17  0.01346563281  0.9999093397  0.01346522588
2  8  -5.989202369e-17  0.04969277279  0.9987655682  0.04967232367
2  9  -5.741204543e-17  0.08709722227  0.9962094341  0.08698714519
2  10  -1.086353202e-16  -0.06679202539  0.9977702418  -0.06674237465
2  11  -2.052765416e-16  -0.0874820022  0.9961758894  -0.08737046013
2  12  2.160513165e-17  0.1412504026  0.9900407371  0.1407811739
2  13  -2.047895707e-16  0.1925849266  0.9815127685  0.19139667
2  14  -7.601521266e-17  0.007744647194  0.9999700104  0.007744569774
2  15  4.105768696e-16  0.01454863522  0.9998941705  0.01454812199
2  16  9.919650256e-17  0.1153735264  0.9933518541  0.1151177396
2  17  7.034231853e-17  0.08010294494  0.9967934742  0.08001730924
2  18  2.86144089e-16  0.03543944874  0.9993720885  0.03543203082
2  19  3.509070738e-16  0.0264483559  0.9996502626  0.0264452725
2  20  1.397004505e-16  0.05592213588  0.9984367648  0.05589299303
2  21  2.294732785e-16  0.07908068584  0.9968747518  0.07899828641
2  22  -2.129780208e-17  0.08450607328  0.9964314862  0.08440552898
2  23  -3.581997676e-18  0.01071232495  0.9999426236  0.01071212007
2  24  -1.511877606e-16  0.1047489617  0.994518842  0.1045575098
2  25  1.59454962e-16  0.1958417975  0.9808842098  0.1945923097
2  26  -1.805027824e-16  0.02960797172  0.999561716  0.02960364603
2  27  -1.104908993e-16  -0.1550092936  0.988010096  -0.1543892814
2  28  -3.02218095e-16  0.05995574793  0.9982031925  0.05991983398
2  29  1.668711723e-16  0.07248134174  0.9973743773  0.07241789441
2  30  2.681340385e-16  0.02716042688  0.9996311783  0.02715708768
2  31  1.064914662e-17  0.005521248156  0.9999847579  0.005521220104
2  32  6.93479743e-17  -0.002017580785  0.9999979647  -0.002017579416
2  33  1.197044064e-17  -0.005274112857  0.9999860919  -0.005274088406
2  34  -1.131768444e-17  -0.007227579421  0.9999738812  -0.007227516496
2  35  -3.408318704e-16  -0.008649038899  0.9999625973  -0.008648931066
2  36  -3.408318704e-16  -0.008649038899  0.9999625973  -0.008648931066

3  0  3.668015368e-17  -0.007631414685  0.9999708809  -0.007631340612
3  1  -2.642364524e-16  -0.008170904987  0.9999666183  -0.008170814067
3  2  6.274062536e-17  -0.007990176535  0.9999680787  -0.007990091516
3  3  2.039659074e-16  -0.007142036948  0.9999744958  -0.00714197623
3  4  1.219735466e-16  -0.005763025429  0.9999833938  -0.005762993529
3  5  3.038133853e-16  -0.003686180758  0.999993206  -0.00368617241
3  6  -1.262334773e-16  0.000198467646  0.9999999803  0.0001984676447
3  7  1.623470224e-16  0.009686408207  0.9999530871  0.009686256734
3  8  1.237318682e-16  0.03477668508  0.999395352  0.03476967558
3  9  -1.940148962e-16  0.07247348314  0.9973749464  0.07241005644
3  10  2.097442881e-17  -0.08755590744  0.9961694296  -0.08744408251
3  11  3.672438685e-17  -0.1359466614  0.9907734758  -0.1355282986
3  12  -5.602145848e-17  0.1883504373  0.9823144335  0.1872387612
3  13  -2.411392668e-16  0.06008198468  0.9981956205  0.06004584343
3  14  -2.277433656e-16  0.009529331619  0.9999545963  0.009529187396
3  15  1.281085357e-16  0.003478736639  0.9999939492  0.003478729622
3  16  2.244939498e-16  0.1183314497  0.9930069996  0.1180554902
3  17  -8.655768158e-17  0.08887968051  0.9960528007  0.08876270777
3  18  -2.500503218e-16  0.04035360234  0.9991859039  0.04034265117
3  19  -1.673530471e-16  0.02988572573  0.9995534549  0.02988127716
3  20  -2.16741453e-16  0.03566494595  0.9993640732  0.03565738553
3  21  4.097044629e-16  0.03559878338  0.9993664302  0.03559126496
3  22  -5.08516035e-17  0.1492808345  0.988878293  0.1487270039
3  23  -2.372490426e-16  0.04672735723  0.9989084757  0.04671035464
3  24  -6.579691193e-17  0.007281704184  0.9999734885  0.007281639834
3  25  8.874147155e-17  0.03052340496  0.999534197  0.03051866552
3  26  -2.332491181e-16  0.1356935274  0.9908077508  0.1352774958
3  27  7.641587831e-17  0.07155587187  0.9974409708  0.0714948236
3  28  1.112532622e-17  -0.2089137711  0.9782567729  -0.2073974116
3  29  1.700272862e-16  0.04190795046  0.9991219904  0.04189568455
3  30  3.650640641e-16  0.05276177206  0.9986084206  0.05273729572
3  31  2.221924622e-17  0.01943277679  0.9998111895  0.01943155374
3  32  8.604584069e-17  0.003983276095  0.9999920668  0.003983265561
3  33  1.364423707e-17  -0.002017580785  0.9999979647  -0.002017579416
3  34  -1.130244479e-16  -0.004808894675  0.9999884373  -0.00480887614
3  35  1.211838175e-16  -0.006499310232  0.9999788796  -0.006499264476
3  36  1.211838175e-16  -0.006499310232  0.9999788796  -0.006499264476

4  0  1.102555888e-16  -0.005161343707  0.9999866803  -0.005161320791
4  1  1.053443661e-16  -0.006132532768  0.9999811961  -0.00613249433
4  2  -1.735120352e-16  -0.00634380363  0.9999798781  -0.00634376108
4  3  2.737825821e-16  -0.005763025429  0.9999833938  -0.005762993529
4  4  3.544468613e-16  -0.004466103897  0.999990027  -0.00446608905
4  5  2.208488993e-16  -0.002318473389  0.9999973123  -0.002318471312
4  6  -3.218653481e-17  0.001666456021  0.9999986115  0.00166645525
4  7  6.335614766e-17  0.01065450186  0.9999432413  0.01065430028
4  8  4.150814092e-17  0.03171498281  0.9994971221  0.03170966638
4  9  -1.163394373e-16  0.06292093136  0.9980211312  0.06287942179
4  10  2.106881627e-16  -0.3039848635  0.9541512996  -0.2993247358
4  11  4.235053747e-16  -0.2713380123  0.9634131438  -0.2680207349
4  12  1.401328787e-16  0.3128883752  0.9514484748  0.3078080568
4  13  3.471662437e-16  0.01781707437  0.9998412801  0.01781613171
4  14  2.443384719e-16  0.002748471333  0.999996223  0.002748467873
4  15  1.41838097e-16  0.003398620714  0.9999942247  0.003398614171
4  16  3.989057135e-16  0.01397272383  0.9999023831  0.01397226917
4  17  -1.186126803e-17  0.2591938854  0.9665969005  0.2563014474
4  18  1.425987417e-16  0.09018109742  0.9959364399  0.09005891219
4  19  -9.785336654e-18  0.03328089718  0.9994462421  0.03327475376
4  20  -6.066829696e-17  0.04403075092  0.9990308031  0.04401652517
4  21  5.673075209e-17  0.0221867961  0.9997538831  0.02218497589
4  22  -2.915753822e-16  0.2585770387  0.9667548153  0.2557051566
4  23  -6.673465728e-17  0.09830067264  0.9951723782  0.09814243551
4  24  -2.939455728e-16  0.005017828136  0.9999874107  0.005017807079
4  25  -4.452554842e-17  0.003035966288  0.9999953915  0.003035961625
4  26  -4.039566357e-17  0.007614619564  0.9999710089  0.007614545979
4  27  9.422044753e-17  0.1173700359  0.9931200408  0.1171007452
4  28  4.588088475e-17  0.2174998607  0.9764400032  0.2157890641
4  29  -1.880074156e-16  -0.5244419094  0.8656035291  -0.5007299975
4  30  -1.344607864e-16  -0.02606850487  0.9996602358  -0.02606555242
4  31  -6.44829302e-17  0.04598602998  0.9989428288  0.0459698238
4  32  1.379324948e-16  0.01943277679  0.9998111895  0.01943155374
4  33  -1.407233815e-16  0.005521248156  0.9999847579  0.005521220104
4  34  -2.441472827e-16  -0.0005100873928  0.9999998699  -0.0005100873707
4  35  -2.608260585e-17  -0.003448889009  0.9999940526  -0.003448882171
4  36  -2.608260585e-17  -0.003448889009  0.9999940526  -0.003448882171

5  0  4.259118297e-16  -0.001026443371  0.9999994732  -0.001026443191
5  1  -4.808025345e-17  -0.003076797333  0.9999952667  -0.003076792478
5  2  -6.700990447e-17  -0.003940128079  0.9999922377  -0.003940117884
5  3  -3.39320258e-17  -0.003686180758  0.999993206  -0.00368617241
5  4  -6.522386212e-17  -0.002318473389  0.9999973123  -0.002318471312
5  5  -1.73912633e-16  0.0003787873778  0.9999999283  0.0003787873687
5  6  3.729714049e-17  0.005588498276  0.9999843844  0.005588469187
5  7  1.708311642e-16  0.01678719206  0.9998590984  0.0167864036
5  8  -1.010099431e-16  0.03969320422  0.9992123282  0.03968278193
5  9  -1.985781309e-18  0.06663497117  0.9977807117  0.0665856698
5  10  -1.820816693e-16  -0.6835765848  0.7753188186  -0.6315700511
5  11  2.080184942e-16  -0.5060373439  0.8746721289  -0.4847150368
5  12  2.243702967e-18  0.6797314418  0.7777415582  0.6285841778
5  13  2.85940785e-16  0.003226031094  0.9999947964  0.003226025498
5  14  2.920219719e-16  -0.001156568227  0.9999993312  -0.001156567969
5  15  3.455821485e-16  0.001584763778  0.9999987443  0.001584763115
5  16  -9.458887787e-17  0.004761934281  0.999988662  0.004761916284
5  17  -6.590977328e-17  0.02386086044  0.9997153432  0.02385859634
5  18  -1.614293949e-17  0.3720291894  0.9315916404  0.363506555
5  19  -6.1500753e-17  0.09007073999  0.9959463725  0.08994900266
5  20  1.815132574e-16  0.05016681008  0.9987419095  0.05014577019
5  21  -2.679455587e-16  0.0311245143  0.9995156714  0.03111948931
5  22  2.014205379e-16  0.3426004565  0.9418842602  0.3359375543
5  23  -1.72101672e-16  0.1370061011  0.9906293357  0.1365778871
5  24  -1.161950951e-16  0.007147939746  0.9999744536  0.007147878878
5  25  -3.644030578e-16  0.003082102213  0.9999952503  0.003082097333
5  26  -1.380147855e-16  0.0002019534951  0.9999999796  0.0002019534937
5  27  -2.176625127e-16  -0.0006986027451  0.999999756  -0.0006986026883
5  28  -3.742624472e-16  0.1573135006  0.9876517286  0.1566654493
5  29  -2.522291014e-17  0.5931164424  0.8292027797  0.5589478957
5  30  1.303616243e-16  -1.1957085  0.3663542509  -0.9304754499
5  31  -2.326470618e-16  -0.02606850488  0.9996602358  -0.02606555243
5  32  -3.043122017e-17  0.05276177206  0.9986084206  0.05273729572
5  33  2.259838479e-17  0.02716042688  0.9996311783  0.02715708768
5  34  -1.498270859e-16  0.01070859945  0.9999426635  0.01070839478
5  35  1.168773207e-16  0.002838192833  0.9999959723  0.002838189022
5  36  1.168773207e-16  0.002838192833  0.9999959723  0.002838189022

6  0  2.116892941e-16  0.009569520234  0.9999542125  0.009569374179
6  1  -3.731079564e-17  0.003532248068  0.9999937616  0.003532240723
6  2  9.976488929e-17  0.000768346054  0.9999997048  0.0007683459784
6  3  8.613391878e-17  0.0001984676459  0.9999999803  0.0001984676446
6  4  1.799132755e-16  0.001666456021  0.9999986115  0.00166645525
6  5  2.194356696e-16  0.005588498276  0.9999843844  0.005588469187
6  6  4.743272157e-16  0.01384144218  0.9999042088  0.01384100021
6  7  1.92274132e-16  0.03129927214  0.9995102178  0.03129416204
6  8  -3.015508599e-16  0.06150540238  0.9981091389  0.06146663143
6  9  5.954219942e-18  0.08219348424  0.9966240168  0.0821009688
6  10  -4.264123869e-16  -0.2418469202  0.9708973007  -0.2394962037
6  11  -9.584377275e-17  -0.2143624743  0.9771122101  -0.2127245375
6  12  8.072268038e-17  0.7626433609  0.7230124125  0.6908350392
6  13  1.082790524e-16  -0.001363678041  0.9999990702  -0.001363677618
6  14  -2.392371531e-18  -0.003219707451  0.9999948167  -0.003219701888
6  15  1.743491925e-16  0.0001594524227  0.9999999873  0.0001594524221
6  16  1.424675626e-16  0.003441866487  0.9999940768  0.003441859692
6  17  -1.4018907e-16  0.006853559339  0.9999765145  0.006853505686
6  18  -8.53279642e-17  0.02824731979  0.999601071  0.02824356347
6  19  -6.832188201e-17  0.3286922194  0.9464653116  0.3228055358
6  20  1.029470184e-16  0.07172371551  0.9974289568  0.07166223671
6  21  -2.288036718e-16  0.03694936218  0.99931745  0.0369409552
6  22  -8.532859197e-17  0.2804835901  0.9609216831  0.2768203731
6  23  -6.865408082e-17  0.1373774336  0.9905785516  0.1369457306
6  24  -1.521448911e-16  0.00885426682  0.9999608012  0.008854151128
6  25  5.222255985e-19  0.005072556051  0.9999871346  0.005072534298
6  26  2.249230192e-16  0.001761181416  0.9999984491  0.001761180506
6  27  -2.056554503e-17  -0.001545274739  0.9999988061  -0.001545274124
6  28  1.456201754e-16  -0.004027083438  0.9999918913  -0.004027072553
6  29  4.337409793e-16  0.2379801772  0.9718161103  0.2357402123
6  30  -1.128274481e-16  0.5931164424  0.8292027797  0.5589478957
6  31  -7.555761445e-17  -0.5244419094  0.8656035291  -0.5007299975
6  32  1.260815251e-16  0.04190795046  0.9991219904  0.04189568455
6  33  -2.667291303e-17  0.07248134174  0.9973743773  0.07241789441
6  34  1.163375373e-16  0.04598928057  0.9989426794  0.04597307096
6  35  8.426230978e-17  0.02218547738  0.9997539124  0.02218365749
6  36  8.426230978e-17  0.02218547738  0.9997539124  0.02218365749

7  0  2.839374709e-16  0.04563493964  0.9989589068  0.0456191018
7  1  1.490470967e-16  0.02380341617  0.9997167121  0.02380116839
7  2  -9.11726779e-17  0.01346563281  0.9999093397  0.01346522588
7  3  -3.081172591e-16  0.009686408207  0.9999530871  0.009686256734
7  4  -2.719121361e-16  0.01065450186  0.9999432413  0.01065430028
7  5  -4.209258238e-17  0.01678719206  0.9998590984  0.0167864036
7  6  7.217768129e-18  0.03129927214  0.9995102178  0.03129416204
7  7  -2.809049512e-16  0.06074036669  0.998155871  0.06070302441
7  8  1.083405408e-18  0.09716079269  0.9952836023  0.09700799496
7  9  -3.650545004e-16  0.09487885012  0.9955023774  0.09473656434
7  10  -3.80976979e-16  -0.07441184801  0.9972327157  -0.07434319576
7  11  -2.667603949e-16  -0.1101008867  0.9939450177  -0.1098785773
7  12  -2.357061025e-16  0.3610903982  0.9355121482  0.3532945238
7  13  1.966585465e-16  0.0008815644423  0.9999996114  0.0008815643281
7  14  -2.959512345e-16  -0.003585297383  0.9999935728  -0.003585289702
7  15  -1.102796524e-16  -0.0005026254136  0.9999998737  -0.0005026253924
7  16  5.948380134e-17  0.002565578959  0.9999967089  0.002565576144
7  17  -6.412956798e-17  0.005536508232  0.9999846736  0.005536479947
7  18  7.585579499e-17  0.00701784372  0.999975375  0.007017786115
7  19  7.784506604e-19  0.02520908539  0.9996822678  0.02520641542
7  20  1.257901558e-16  0.2160649448  0.976748637  0.214387733
7  21  2.153672781e-17  0.03968786637  0.99921254  0.03967744829
7  22  -1.704287116e-17  0.1671176474  0.9860683153  0.1663408475
7  23  3.140050505e-17  0.114451906  0.9934575271  0.1142021975
7  24  -1.985513162e-17  0.006506456224  0.9999788331  0.006506410317
7  25  5.046189678e-17  0.006453480454  0.9999791764  0.006453435659
7  26  3.99993171e-17  0.004039587292  0.9999918409  0.004039576305
7  27  2.477960579e-17  0.0009907446229  0.9999995092  0.0009907444608
7  28  1.597737306e-17  -0.002153255204  0.9999976817  -0.00215325354
7  29  -8.167599374e-17  -0.004027083438  0.9999918913  -0.004027072553
7  30  -3.407564683e-16  0.1573135006  0.9876517286  0.1566654494
7  31  -1.254272098e-17  0.2174998607  0.9764400032  0.2157890641
7  32  9.444246259e-17  -0.2089137711  0.9782567729  -0.2073974116
7  33  1.249099028e-16  0.05995574792  0.9982031925  0.05991983398
7  34  -3.955546465e-16  0.09692387753  0.995306557  0.09677219447
7  35  9.76758889e-17  0.07931943043  0.996855863  0.07923628261
7  36  9.76758889e-17  0.07931943043  0.996855863  0.07923628261

8  0  -2.825704962e-16  0.1059585852  0.9943916393  0.1057604264
8  1  -2.795715415e-16  0.07816631032  0.9969465691  0.07808673564
8  2  -5.661065452e-17  0.04969277279  0.9987655682  0.04967232367
8  3  1.617738914e-16  0.03477668508  0.999395352  0.03476967558
8  4  -1.895179231e-16  0.03171498281  0.9994971221  0.03170966638
8  5  -7.899281626e-17  0.03969320422  0.9992123282  0.03968278193
8  6  1.927851894e-16  0.06150540238  0.9981091389  0.06146663143
8  7  -1.151549254e-16  0.09716079269  0.9952836023  0.09700799496
8  8  -5.432093657e-17  0.1140186762  0.9935069096  0.1137717914
8  9  -1.580588346e-16  0.08001512613  0.9968004974  0.07992977171
8  10  -2.444869948e-16  -0.0722304472  0.9973925152  -0.07216765635
8  11  3.732004802e-17  -0.08966200647  0.9959830545  -0.0895419185
8  12  -2.64544996e-16  0.192790161  0.9814734666  0.1915981062
8  13  -2.303886872e-16  0.01148458931  0.9999340528  0.01148433685
8  14  -1.02299554e-16  -0.00223569341  0.9999975008  -0.002235691548
8  15  -4.701416107e-17  -0.0002602348809  0.9999999661  -0.000260234878
8  16  -9.949061981e-17  0.002371372676  0.9999971883  0.002371370454
8  17  -1.820521385e-16  0.004926749265  0.9999878636  0.004926729334
8  18  -1.795960342e-16  0.0057932606  0.9999832191  0.005793228195
8  19  -4.113408586e-16  -8.550884385e-05  0.9999999963  -8.550884375e-05
8  20  -2.089913421e-16  0.01392782894  0.9999030094  0.01392737865
8  21  -4.882207281e-17  0.1080686539  0.9941662639  0.1078584241
8  22  1.572979278e-16  0.0870589895  0.9962127591  0.08694905727
8  23  1.561033106e-16  0.08187021139  0.9966505058  0.08177878302
8  24  1.0458106e-16  -0.006602136014  0.999978206  -0.006602088051
8  25  3.166158586e-16  0.003520948107  0.9999938015  0.003520940832
8  26  1.911796566e-16  0.005628149034  0.999984162  0.005628119321
8  27  1.65621958e-16  0.003648529912  0.9999933441  0.003648521817
8  28  1.319107901e-16  0.0009907446229  0.9999995092  0.0009907444608
8  29  4.679047661e-17  -0.001545274739  0.9999988061  -0.001545274124
8  30  -5.40064773e-16  -0.0006986027451  0.999999756  -0.0006986026883
8  31  7.049906266e-17  0.1173700359  0.9931200408  0.1171007452
8  32  4.005576586e-17  0.07155587188  0.9974409708  0.0714948236
8  33  4.298557792e-16  -0.1550092936  0.988010096  -0.1543892814
8  34  -1.95319537e-16  0.04753744387  0.9988703085  0.04751954164
8  35  -2.22894291e-16  0.0978378283  0.9952176963  0.09768181511
8  36  -2.22894291e-16  0.0978378283  0.9952176963  0.09768181511

9  0  -3.788475905e-16  0.06519675946  0.997875444  0.06515058153
9  1  1.256444259e-17  0.08789896787  0.9961393724  0.08778582367
9  2  3.546890954e-16  0.08709722227  0.9962094341  0.08698714519
9  3  1.265814735e-16  0.07247348314  0.9973749464  0.07241005644
9  4  2.378813483e-16  0.06292093136  0.9980211312  0.06287942179
9  5  1.471072737e-16  0.06663497117  0.9977807117  0.0665856698
9  6  2.426709804e-16  0.08219348424  0.9966240168  0.0821009688
9  7  -5.003024714e-17  0.09487885012  0.9955023774  0.09473656434
9  8  1.858823891e-16  0.08001512613  0.9968004974  0.07992977171
9  9  -5.862097095e-17  0.04873653854  0.99881261  0.04871724726
9  10  1.240350058e-18  -0.04982560661  0.9987589612  -0.04980499307
9  11  -2.259291887e-16  -0.03350013404  0.999438923  -0.03349386842
9  12  -1.547835335e-16  0.1442225329  0.9896179449  0.1437230778
9  13  -2.302460222e-16  0.04058028965  0.999176733  0.0405691529
9  14  4.886041769e-17  0.0008241690276  0.9999996604  0.0008241689343
9  15  5.991314177e-17  0.0008275554735  0.9999996576  0.000827555379
9  16  1.492599761e-17  0.002916328448  0.9999957475  0.002916324314
9  17  -6.358164692e-17  0.005123600362  0.9999868744  0.005123577945
9  18  7.954017723e-17  0.005588160931  0.9999843863  0.005588131847
9  19  -3.077384628e-16  -0.00140456982  0.9999990136  -0.001404569358
9  20  -5.027142772e-17  -0.02159020748  0.9997669405  -0.02158853019
9  21  -2.390890123e-16  0.03074907575  0.9995272844  0.03074423041
9  22  -2.209652126e-16  -0.03355051407  0.9994372343  -0.03354422015
9  23  -4.432509854e-17  0.03787319236  0.9992828964  0.03786413893
9  24  -4.098914041e-16  -0.02083607505  0.9997829368  -0.02083456744
9  25  7.145495219e-17  -0.01148867989  0.9999340058  -0.01148842716
9  26  -1.126316714e-16  0.00308325447  0.9999952468  0.003083249585
9  27  2.367084491e-16  0.005628149034  0.999984162  0.005628119321
9  28  4.830407735e-17  0.004039587292  0.9999918409  0.004039576305
9  29  7.188936771e-17  0.001761181416  0.9999984491  0.001761180506
9  30  7.961561322e-17  0.0002019534951  0.9999999796  0.0002019534937
9  31  8.626672414e-17  0.007614619564  0.9999710089  0.007614545978
9  32  1.899694938e-16  0.1356935274  0.9908077508  0.1352774958
9  33  1.22496769e-16  0.02960797173  0.999561716  0.02960364603
9  34  -2.245235751e-16  -0.1355417425  0.9908282725  -0.1351271046
9  35  -2.506712638e-16  0.0896382349  0.9959851828  0.08951824239
9  36  -2.506712638e-16  0.0896382349  0.9959851828  0.08951824239

10  0  9.871948529e-18  1.242482631  0.3224472536  0.9465874332
10  1  6.003269795e-16  -0.1067447643  0.9943081853  -0.1065421636
10  2  3.090146518e-16  -0.06679202539  0.9977702418  -0.06674237465
10  3  2.037905909e-16  -0.08755590744  0.9961694296  -0.08744408251
10  4  4.427417076e-16  -0.3039848635  0.9541512996  -0.2993247358
10  5  4.329841938e-16  -0.6835765848  0.7753188186  -0.6315700511
10  6  2.856082578e-16  -0.2418469202  0.9708973007  -0.2394962037
10  7  -1.022893019e-16  -0.07441184801  0.9972327157  -0.07434319576
10  8  1.225539602e-16  -0.0722304472  0.9973925152  -0.07216765635
10  9  -3.065000329e-16  -0.04982560661  0.9987589612  -0.04980499307
10  10  -1.192677383e-16  2.35442533  -0.7058546901  0.7083566591
10  11  8.472078282e-17  0.01439433391  0.9998964034  0.01439383684
10  12  1.873206474e-16  0.1215923775  0.9926167502  0.121292981
10  13  -2.806042293e-16  0.123202385  0.9924201812  0.1228909435
10  14  -1.408091843e-16  0.006155561696  0.9999810546  0.006155522822
10  15  1.509829779e-17  0.002494474266  0.9999968888  0.002494471679
10  16  -2.516562585e-16  0.00400557898  0.9999919777  0.004005568268
10  17  -1.512406716e-16  0.006043938952  0.9999817355  0.006043902155
10  18  -2.311442893e-17  0.006205684151  0.9999807448  0.00620564432
10  19  -2.387804537e-16  -0.001171975852  0.9999993132  -0.001171975584
10  20  1.351924885e-16  -0.02384390171  0.9997157476  -0.02384164244
10  21  1.252870755e-16  0.03489376958  0.9993912742  0.03488668905
10  22  -2.084461717e-16  0.5436017735  0.8558513206  0.5172219225
10  23  2.003435815e-16  -0.02843949117  0.9995956249  -0.02843565765
10  24  -2.559766988e-17  0.607998219  0.82079313  0.5712255576
10  25  1.874309694e-16  -0.02835605273  0.9995979941  -0.02835225286
10  26  6.114478237e-17  -0.01148867989  0.9999340058  -0.01148842716
10  27  1.388668214e-16  0.003520948107  0.9999938015  0.003520940832
10  28  2.879962038e-17  0.006453480454  0.9999791764  0.006453435659
10  29  6.544452586e-17  0.005072556051  0.9999871346  0.005072534298
10  30  1.235740765e-16  0.003082102213  0.9999952503  0.003082097333
10  31  2.444240694e-17  0.003035966289  0.9999953915  0.003035961625
10  32  -2.064451197e-16  0.03052340496  0.999534197  0.03051866552
10  33  6.177726778e-17  0.1958417975  0.9808842098  0.1945923097
10  34  4.64227621e-18  0.02500359037  0.9996874265  0.02500098516
10  35  1.290183245e-17  1.189607319  0.3720243966  0.9282229518
10  36  1.290183245e-17  1.189607319  0.3720243966  0.9282229518

11  0  -1.412897551e-16  0.02089484476  0.9997817107  0.02089332436
11  1  1.271336772e-16  -0.01844649025  0.9998298683  -0.01844544413
11  2  1.667267453e-17  -0.0874820022  0.9961758894  -0.08737046013
11  3  7.915607054e-17  -0.1359466614  0.9907734758  -0.1355282986
11  4  -4.916575231e-17  -0.2713380123  0.9634131438  -0.2680207349
11  5  2.251229919e-16  -0.5060373439  0.8746721289  -0.4847150368
11  6  1.656634078e-16  -0.2143624743  0.9771122101  -0.2127245375
11  7  7.396198031e-17  -0.1101008867  0.9939450177  -0.1098785773
11  8  7.259620158e-17  -0.08966200647  0.9959830545  -0.08954191849
11  9  -3.631880029e-16  -0.03350013404  0.999438923  -0.03349386842
11  10  -1.868324064e-16  0.01439433391  0.9998964034  0.01439383684
11  11  2.770315541e-16  0.01700038177  0.999855497  0.0169995629
11  12  1.5105875e-16  0.09381715942  0.9956023972  0.09367959553
11  13  3.052608908e-16  0.3192094551  0.9494838004  0.3138160492
11  14  2.185757197e-16  0.01437234678  0.9998967196  0.01437185199
11  15  2.061817681e-16  0.004270588686  0.999990881  0.004270575705
11  16  2.433858212e-16  0.005793513757  0.9999832176  0.005793481348
11  17  -1.070212826e-16  0.008172587732  0.9999666046  0.008172496757
11  18  3.612740301e-16  0.008609009699  0.9999629427  0.008608903356
11  19  1.089672922e-16  0.002087839705  0.9999978205  0.002087838188
11  20  1.839192798e-16  -0.01779013061  0.9998417598  -0.01778919223
11  21  2.804975322e-16  0.04016005304  0.9991936934  0.04014925869
11  22  -1.755033652e-16  1.773679979  -0.2014946724  0.9794896105
11  23  -9.136289073e-17  -0.04511068117  0.9989826858  -0.04509538288
11  24  -2.778977465e-16  1.20745769  0.3553968833  0.9347154943
11  25  -1.944106657e-16  0.607998219  0.8207931301  0.5712255576
11  26  -1.665873118e-19  -0.02083607505  0.9997829368  -0.02083456744
11  27  -2.330204777e-16  -0.006602136014  0.999978206  -0.006602088051
11  28  -1.406748104e-16  0.006506456224  0.9999788331  0.006506410317
11  29  -2.33072007e-17  0.00885426682  0.9999608012  0.008854151128
11  30  -2.049944901e-16  0.007147939746  0.9999744536  0.007147878878
11  31  -3.274687668e-16  0.005017828136  0.9999874107  0.00501780708
11  32  -2.935581142e-16  0.007281704184  0.9999734885  0.007281639834
11  33  4.769590329e-17  0.1047489617  0.994518842  0.1045575098
11  34  -2.411187808e-16  0.3019318531  0.9547638052  0.2973652238
11  35  -1.480438539e-16  0.02426335611  0.9997056592  0.0242609755
11  36  -1.480438539e-16  0.02426335611  0.9997056592  0.0242609755

12  0  2.419809247e-16  0.135596276  0.9908209021  0.1351811378
12  1  3.604638357e-16  0.1010579045  0.9948979943  0.10088598
12  2  -7.796376851e-17  0.1412504026  0.9900407371  0.1407811739
12  3  -3.319820205e-17  0.1883504373  0.9823144335  0.1872387612
12  4  7.989970743e-17  0.3128883752  0.9514484748  0.3078080568
12  5  1.048264986e-16  0.6797314418  0.7777415582  0.6285841778
12  6  -5.926204825e-17  0.7626433609  0.7230124125  0.6908350392
12  7  6.586490441e-17  0.3610903982  0.9355121482  0.3532945238
12  8  -1.33873917e-16  0.192790161  0.9814734666  0.1915981062
12  9  -3.785127968e-17  0.1442225329  0.9896179449  0.1437230778
12  10  -2.801507023e-18  0.1215923775  0.9926167502  0.121292981
12  11  7.379268023e-17  0.09381715942  0.9956023972  0.09367959553
12  12  -2.335657828e-17  0.2396662216  0.9714172607  0.2373784016
12  13  9.065767392e-17  0.8992673363  0.6221837166  0.7828712684
12  14  1.13252779e-16  -0.004327737221  0.9999906354  -0.004327723712
12  15  -7.438143214e-17  0.01353705699  0.9999083754  0.01353664355
12  16  4.039253653e-16  0.05647410497  0.9984057615  0.05644409072
12  17  -3.068466373e-16  0.1068343833  0.9942986331  0.106631272
12  18  2.742456722e-16  0.1407108814  0.9901165474  0.1402470054
12  19  -2.740969267e-17  0.1364417527  0.9907062555  0.1360188053
12  20  8.142880228e-17  0.1118606253  0.9937501213  0.1116274896
12  21  9.028835673e-18  0.1017374026  0.9948292128  0.101561988
12  22  -3.47921106e-16  -0.01711227589  0.9998535886  -0.01711144073
12  23  -4.524801869e-17  -0.05092965688  0.9987033653  -0.05090764259
12  24  -7.644564645e-17  -0.04511068117  0.9989826858  -0.04509538288
12  25  3.677643038e-18  -0.02843949116  0.9995956249  -0.02843565765
12  26  -1.595512891e-16  0.03787319236  0.9992828964  0.03786413893
12  27  -1.589385971e-16  0.08187021138  0.9966505058  0.08177878302
12  28  -1.115364883e-16  0.114451906  0.9934575271  0.1142021975
12  29  -8.152660057e-17  0.1373774336  0.9905785516  0.1369457306
12  30  1.772033851e-16  0.1370061011  0.9906293357  0.1365778871
12  31  -3.220444963e-16  0.09830067264  0.9951723782  0.09814243551
12  32  -2.918575955e-16  0.04672735723  0.9989084757  0.04671035464
12  33  -1.118001861e-16  0.01071232495  0.9999426236  0.01071212007
12  34  -1.881978845e-16  0.1494547277  0.9888524154  0.1488989608
12  35  -1.160343096e-18  0.8669907004  0.6471237188  0.7623850028
12  36  -1.160343096e-18  0.8669907004  0.6471237188  0.7623850028

13  0  -6.317828298e-17  -1.332304861  0.2362370595  -0.9716954521
13  1  1.382260217e-16  0.3759876055  0.9301454354  0.3671913247
13  2  -1.195013665e-16  0.1925849266  0.9815127685  0.19139667
13  3  7.464712754e-17  0.06008198468  0.9981956205  0.06004584343
13  4  2.199519021e-16  0.01781707437  0.9998412801  0.01781613171
13  5  2.704299111e-16  0.003226031094  0.9999947964  0.003226025498
13  6  1.215264324e-16  -0.001363678041  0.9999990702  -0.001363677618
13  7  -2.980649231e-16  0.0008815644424  0.9999996114  0.0008815643282
13  8  -3.953814789e-16  0.01148458931  0.9999340528  0.01148433685
13  9  1.419651065e-16  0.04058028965  0.999176733  0.0405691529
13  10  1.128078206e-16  0.123202385  0.9924201812  0.1228909435
13  11  -2.122749835e-17  0.3192094551  0.9494838004  0.3138160492
13  12  1.404574099e-16  0.8992673363  0.6221837166  0.7828712684
13  13  -1.077902555e-16  2.124260405  -0.5256372985  0.8507087812
13  14  1.144322355e-16  0.2136180094  0.9772703053  0.2119970528
13  15  -1.062070954e-16  0.1175806844  0.9930953517  0.1173099418
13  16  -4.883109217e-17  0.1550985875  0.987996306  0.1544775041
13  17  -3.94851795e-16  0.2483167026  0.9693275033  0.2457726417
13  18  4.635792875e-17  0.341240625  0.9423402077  0.3346564402
13  19  4.263077537e-17  0.3025969342  0.954565822  0.2980001534
13  20  2.316017031e-16  0.1898461621  0.9820332772  0.1887078233
13  21  2.096122181e-16  0.08911177053  0.9960321729  0.08899387929
13  22  -2.02007245e-16  0.009304031749  0.9999567178  0.009303897516
13  23  -2.452492614e-16  -0.01711227588  0.9998535886  -0.01711144073
13  24  1.078790719e-16  1.773679979  -0.2014946724  0.9794896105
13  25  2.285567529e-16  0.5436017735  0.8558513206  0.5172219225
13  26  -8.943127629e-18  -0.03355051407  0.9994372343  -0.03354422015
13  27  2.988492274e-17  0.0870589895  0.9962127591  0.08694905727
13  28  3.893710241e-16  0.1671176474  0.9860683153  0.1663408475
13  29  1.844173595e-16  0.2804835901  0.9609216831  0.2768203731
13  30  7.213524511e-17  0.3426004565  0.9418842602  0.3359375543
13  31  1.935180305e-17  0.2585770387  0.9667548153  0.2557051566
13  32  -1.05995435e-16  0.1492808345  0.988878293  0.1487270039
13  33  -1.856744782e-16  0.08450607328  0.9964314862  0.08440552898
13  34  -2.819594593e-17  0.04244793926  0.9990992215  0.04243519309
13  35  -1.673680682e-17  -1.792875288  -0.2202580032  -0.9754416497
13  36  -1.673680682e-17  -1.792875288  -0.2202580032  -0.9754416497

14  0  4.035904478e-17  0.4102023697  0.9170401376  0.3987949173
14  1  1.367564112e-16  -0.07562417204  0.9971418548  -0.07555211001
14  2  -5.266748929e-18  0.007744647194  0.9999700104  0.007744569774
14  3  6.926905526e-18  0.009529331619  0.9999545963  0.009529187396
14  4  -2.576581095e-17  0.002748471333  0.999996223  0.002748467873
14  5  -1.639925403e-16  -0.001156568227  0.9999993312  -0.001156567969
14  6  -2.177781569e-16  -0.003219707451  0.9999948167  -0.003219701888
14  7  1.263363448e-17  -0.003585297383  0.9999935728  -0.003585289702
14  8  -3.183847943e-17  -0.00223569341  0.9999975008  -0.002235691548
14  9  5.902848107e-17  0.0008241690276  0.9999996604  0.0008241689343
14  10  -1.427416079e-16  0.006155561696  0.9999810546  0.006155522822
14  11  7.788127127e-17  0.01437234678  0.9998967196  0.01437185199
14  12  1.810476775e-17  -0.004327737221  0.9999906354  -0.004327723712
14  13  -2.176158018e-16  0.2136180094  0.9772703053  0.2119970528
14  14  1.386021252e-16  0.2472304145  0.9695939112  0.244719528
14  15  -2.082074663e-16  0.2458630468  0.9699276262  0.2433935083
14  16  -1.509091552e-16  0.1399283235  0.9902259956  0.139472139
14  17  -3.817824536e-17  0.05840459287  0.9982949365  0.05837139458
14  18  2.17130598e-16  0.02663986412  0.9996451798  0.02663671326
14  19  3.413364808e-16  0.02071660711  0.9997854188  0.02071512529
14  20  1.093206427e-16  0.03489083397  0.9993913766  0.03488375523
14  21  3.550230089e-17  0.0276420277  0.9996179835  0.02763850771
14  22  5.935379532e-17  0.08911177053  0.9960321729  0.08899387929
14  23  -9.868936995e-18  0.1017374026  0.9948292128  0.101561988
14  24  -3.021974027e-16  0.04016005304  0.9991936934  0.04014925869
14  25  -1.429880709e-16  0.03489376959  0.9993912742  0.03488668905
14  26  3.747429959e-16  0.03074907575  0.9995272844  0.03074423041
14  27  6.935942966e-17  0.1080686539  0.9941662639  0.1078584241
14  28  -9.89280665e-17  0.03968786637  0.99921254  0.03967744829
14  29  2.213830992e-16  0.03694936218  0.99931745  0.0369409552
14  30  -4.389584365e-17  0.0311245143  0.9995156714  0.03111948931
14  31  1.142026717e-16  0.0221867961  0.9997538831  0.02218497589
14  32  5.171153319e-16  0.03559878338  0.9993664302  0.03559126496
14  33  -3.129640411e-17  0.07908068584  0.9968747518  0.07899828641
14  34  -1.755274516e-16  0.1757911646  0.9845884825  0.1748871638
14  35  -9.003780269e-17  0.3005843678  0.9551636335  0.296078424
14  36  -9.003780269e-17  0.3005843678  0.9551636335  0.296078424

15  0  -6.695405232e-17  0.3906941312  0.9246449364  0.3808303317
15  1  -2.704888908e-17  0.1843109786  0.9830627604  0.1832692258
15  2  1.506719152e-16  0.01454863522  0.9998941705  0.01454812199
15  3  -7.900147674e-17  0.003478736639  0.9999939492  0.003478729622
15  4  7.054782721e-17  0.003398620714  0.9999942247  0.003398614171
15  5  -2.088768647e-17  0.001584763778  0.9999987443  0.001584763115
15  6  2.88782597e-16  0.0001594524228  0.9999999873  0.0001594524221
15  7  1.207491476e-16  -0.0005026254136  0.9999998737  -0.0005026253925
15  8  6.404064099e-17  -0.0002602348809  0.9999999661  -0.000260234878
15  9  2.058831595e-16  0.0008275554735  0.9999996576  0.0008275553791
15  10  -4.748608845e-16  0.002494474266  0.9999968888  0.002494471679
15  11  -3.226567776e-17  0.004270588686  0.999990881  0.004270575705
15  12  -6.021940617e-17  0.01353705699  0.9999083754  0.01353664355
15  13  -6.920866493e-17  0.1175806844  0.9930953517  0.1173099418
15  14  -7.038887016e-17  0.2458630468  0.9699276262  0.2433935083
15  15  6.744070744e-17  0.4274499413  0.9100258381  0.4145515335
15  16  2.385761338e-16  0.1873600963  0.982499382  0.1862658432
15  17  1.288245376e-16  0.07511912302  0.9971798852  0.07504849489
15  18  4.005090138e-17  0.03897860278  0.9992404304  0.03896873329
15  19  -1.91648377e-16  0.03304530881  0.9994540535  0.03303929494
15  20  -8.104006341e-17  0.05050875663  0.9987247039  0.0504872836
15  21  2.098123483e-16  0.03489083397  0.9993913766  0.03488375523
15  22  7.302363669e-17  0.1898461621  0.9820332772  0.1887078233
15  23  3.710452944e-17  0.1118606253  0.9937501213  0.1116274896
15  24  1.535435677e-16  -0.01779013061  0.9998417598  -0.01778919223
15  25  -3.287036297e-17  -0.02384390171  0.9997157476  -0.02384164244
15  26  3.661221056e-16  -0.02159020748  0.9997669405  -0.02158853019
15  27  1.654014616e-16  0.01392782894  0.9999030094  0.01392737865
15  28  -1.232078007e-16  0.2160649448  0.976748637  0.214387733
15  29  -1.10296229e-16  0.07172371551  0.9974289568  0.07166223671
15  30  -3.932329969e-17  0.05016681008  0.9987419095  0.05014577019
15  31  1.686015156e-16  0.04403075092  0.9990308031  0.04401652517
15  32  -4.804182481e-16  0.03566494595  0.9993640732  0.03565738553
15  33  -4.72943401e-16  0.05592213588  0.9984367648  0.05589299303
15  34  -2.142520604e-16  0.1265771998  0.9919997963  0.1262394716
15  35  -1.035019012e-16  0.3155736859  0.9506184851  0.3103618787
15  36  -1.035019012e-16  0.3155736859  0.9506184851  0.3103618787

16  0  -2.932756411e-16  0.1485420738  0.9889878968  0.1479964189
16  1  2.654064523e-16  0.1924086594  0.9815464902  0.1912236585
16  2  3.505912128e-17  0.1153735264  0.9933518541  0.1151177396
16  3  -2.421528679e-16  0.1183314497  0.9930069996  0.1180554902
16  4  5.884653309e-17  0.01397272383  0.9999023831  0.01397226917
16  5  2.28760636e-17  0.004761934281  0.999988662  0.004761916284
16  6  5.8663171e-17  0.003441866487  0.9999940768  0.003441859692
16  7  3.667910543e-17  0.002565578959  0.9999967089  0.002565576144
16  8  -5.040215111e-16  0.002371372676  0.9999971883  0.002371370454
16  9  2.086864171e-16  0.002916328448  0.9999957475  0.002916324314
16  10  2.645944905e-16  0.00400557898  0.9999919777  0.004005568268
16  11  1.115961319e-16  0.005793513757  0.9999832176  0.005793481348
16  12  1.013727339e-16  0.05647410497  0.9984057615  0.05644409071
16  13  -7.469213674e-17  0.1550985875  0.987996306  0.1544775041
16  14  3.431534633e-18  0.1399283235  0.9902259956  0.139472139
16  15  1.620523668e-16  0.1873600963  0.982499382  0.1862658432
16  16  -2.732261502e-16  0.09338671705  0.9956426287  0.09325103741
16  17  -2.273245357e-16  0.05305824187  0.9985927417  0.05303335065
16  18  -3.125256033e-16  0.03077863688  0.9995263751  0.03077377755
16  19  -4.247935395e-17  0.02420828971  0.9997069937  0.02420592527
16  20  2.695501284e-16  0.03304530881  0.9994540535  0.03303929494
16  21  2.699451144e-16  0.02071660711  0.9997854188  0.02071512529
16  22  1.848619578e-16  0.3025969342  0.954565822  0.2980001534
16  23  4.059055372e-16  0.1364417527  0.9907062555  0.1360188053
16  24  3.231857407e-16  0.002087839705  0.9999978205  0.002087838188
16  25  -3.017165666e-17  -0.001171975853  0.9999993132  -0.001171975584
16  26  1.100746677e-16  -0.00140456982  0.9999990136  -0.001404569358
16  27  2.320274724e-17  -8.550884374e-05  0.9999999963  -8.550884363e-05
16  28  2.526984931e-16  0.02520908539  0.9996822678  0.02520641542
16  29  -1.336938144e-16  0.3286922194  0.9464653116  0.3228055358
16  30  -3.977454665e-16  0.09007073999  0.9959463725  0.08994900266
16  31  -1.072041071e-16  0.03328089718  0.9994462421  0.03327475376
16  32  -1.086963864e-16  0.02988572573  0.9995534549  0.02988127716
16  33  1.058024483e-16  0.0264483559  0.9996502626  0.0264452725
16  34  2.17573407e-16  0.04142728623  0.9991420127  0.04141543752
16  35  2.092874573e-16  0.07553233393  0.9971487892  0.07546053408
16  36  2.092874573e-16  0.07553233393  0.9971487892  0.07546053408

17  0  -1.135495732e-16  0.05336277555  0.9985765449  0.05333745331
17  1  3.804081628e-18  0.06528508523  0.9978696856  0.06523871939
17  2  4.741829428e-17  0.08010294494  0.9967934742  0.08001730924
17  3  1.994588192e-17  0.08887968051  0.9960528007  0.08876270777
17  4  3.06525288e-18  0.2591938854  0.9665969005  0.2563014474
17  5  1.408987173e-16  0.02386086044  0.9997153432  0.02385859634
17  6  -2.280325322e-16  0.006853559339  0.9999765145  0.006853505686
17  7  4.142648264e-17  0.005536508232  0.9999846736  0.005536479947
17  8  1.629074728e-16  0.004926749265  0.9999878636  0.004926729334
17  9  9.62164926e-17  0.005123600362  0.9999868744  0.005123577945
17  10  5.680332591e-17  0.006043938952  0.9999817355  0.006043902155
17  11  8.29099452e-17  0.008172587732  0.9999666046  0.008172496757
17  12  1.031663556e-16  0.1068343833  0.9942986331  0.106631272
17  13  -2.59855421e-16  0.2483167026  0.9693275033  0.2457726417
17  14  -6.919185364e-17  0.05840459287  0.9982949365  0.05837139458
17  15  -5.212492766e-17  0.07511912302  0.9971798852  0.07504849489
17  16  2.421354327e-16  0.05305824187  0.9985927417  0.05303335065
17  17  -3.297158184e-17  0.04904760028  0.9987974076  0.04902793728
17  18  3.971008332e-17  0.03888921054  0.9992439099  0.03887940879
17  19  -3.761987434e-16  0.03077863688  0.9995263751  0.03077377755
17  20  -1.079575067e-16  0.03897860278  0.9992404304  0.03896873329
17  21  1.524683597e-16  0.02663986412  0.9996451798  0.02663671326
17  22  -1.810013927e-16  0.341240625  0.9423402077  0.3346564402
17  23  -1.15374337e-16  0.1407108814  0.9901165474  0.1402470054
17  24  -6.371964161e-17  0.008609009699  0.9999629427  0.008608903356
17  25  8.674477032e-18  0.006205684151  0.9999807448  0.00620564432
17  26  -5.105555186e-17  0.005588160931  0.9999843863  0.005588131847
17  27  5.068232741e-18  0.0057932606  0.9999832191  0.005793228195
17  28  1.517750794e-16  0.00701784372  0.999975375  0.007017786115
17  29  -2.716420926e-16  0.02824731979  0.999601071  0.02824356347
17  30  -2.979932424e-17  0.3720291894  0.9315916404  0.363506555
17  31  1.544927635e-16  0.09018109742  0.9959364399  0.0900589122
17  32  4.40637609e-17  0.04035360234  0.9991859039  0.04034265117
17  33  1.613894815e-16  0.03543944874  0.9993720885  0.03543203082
17  34  -1.735148677e-16  0.03428143534  0.9994124491  0.03427472105
17  35  5.97655296e-17  0.0463395951  0.9989265131  0.04632301226
17  36  5.97655296e-17  0.0463395951  0.9989265131  0.04632301226

18  0  -1.184048998e-16  0.0463395951  0.9989265131  0.04632301226
18  1  1.629432561e-16  0.03428143534  0.9994124491  0.03427472105
18  2  -6.460603901e-18  0.03543944874  0.9993720885  0.03543203082
18  3  -8.961522008e-17  0.04035360234  0.9991859039  0.04034265117
18  4  -4.383431707e-16  0.09018109742  0.9959364399  0.09005891219
18  5  1.364019294e-16  0.3720291894  0.9315916404  0.363506555
18  6  -3.149444952e-17  0.02824731979  0.999601071  0.02824356347
18  7  2.835587044e-16  0.00701784372  0.999975375  0.007017786115
18  8  1.113694845e-16  0.0057932606  0.9999832191  0.005793228195
18  9  -9.343067892e-17  0.005588160931  0.9999843863  0.005588131847
18  10  -2.696670581e-16  0.006205684151  0.9999807448  0.00620564432
18  11  -2.1992166e-16  0.008609009699  0.9999629427  0.008608903356
18  12  2.135990088e-17  0.1407108814  0.9901165474  0.1402470054
18  13  1.07704651e-16  0.341240625  0.9423402077  0.3346564402
18  14  -7.953458035e-17  0.02663986412  0.9996451798  0.02663671326
18  15  1.176443314e-17  0.03897860278  0.9992404304  0.03896873329
18  16  1.730223604e-16  0.03077863688  0.9995263751  0.03077377755
18  17  1.605629471e-16  0.03888921054  0.9992439099  0.03887940879
18  18  -2.383786e-16  0.04904760028  0.9987974076  0.04902793728
18  19  -1.995617477e-16  0.05305824187  0.9985927417  0.05303335065
18  20  -3.603779823e-16  0.07511912302  0.9971798852  0.07504849489
18  21  1.033902882e-16  0.05840459287  0.9982949365  0.05837139458
18  22  8.398300777e-17  0.2483167026  0.9693275033  0.2457726417
18  23  2.861992876e-16  0.1068343833  0.9942986331  0.106631272
18  24  3.064282024e-16  0.008172587733  0.9999666046  0.008172496757
18  25  3.093956205e-16  0.006043938952  0.9999817355  0.006043902155
18  26  1.012924858e-16  0.005123600362  0.9999868744  0.005123577945
18  27  -6.335816545e-17  0.004926749265  0.9999878636  0.004926729334
18  28  8.614859009e-17  0.005536508232  0.9999846736  0.005536479947
18  29  4.156580437e-17  0.006853559339  0.9999765145  0.006853505686
18  30  -6.792059443e-17  0.02386086044  0.9997153432  0.02385859634
18  31  4.317839048e-18  0.2591938854  0.9665969005  0.2563014474
18  32  1.387335376e-16  0.08887968051  0.9960528007  0.08876270777
18  33  -2.473971116e-17  0.08010294494  0.9967934742  0.08001730924
18  34  1.94189713e-17  0.06528508523  0.9978696856  0.06523871939
18  35  2.741048224e-17  0.05336277555  0.9985765449  0.05333745331
18  36  2.741048224e-17  0.05336277555  0.9985765449  0.05333745331

19  0  -8.316453232e-17  0.07553233394  0.9971487892  0.07546053408
19  1  5.793355921e-17  0.04142728623  0.9991420127  0.04141543752
19  2  -2.135448347e-16  0.0264483559  0.9996502626  0.0264452725
19  3  1.122886827e-16  0.02988572573  0.9995534549  0.02988127716
19  4  -1.80723557e-16  0.03328089718  0.9994462421  0.03327475376
19  5  3.447444564e-17  0.09007073999  0.9959463725  0.08994900266
19  6  2.757482092e-17  0.3286922194  0.9464653116  0.3228055358
19  7  2.072572686e-16  0.02520908539  0.9996822678  0.02520641542
19  8  3.018750798e-17  -8.550884382e-05  0.9999999963  -8.550884372e-05
19  9  -1.499407489e-16  -0.00140456982  0.9999990136  -0.001404569358
19  10  -2.93397642e-16  -0.001171975852  0.9999993132  -0.001171975584
19  11  -2.351492519e-16  0.002087839705  0.9999978205  0.002087838188
19  12  -9.228505845e-19  0.1364417527  0.9907062555  0.1360188053
19  13  -1.518911417e-16  0.3025969342  0.954565822  0.2980001534
19  14  -3.099093548e-16  0.02071660711  0.9997854188  0.02071512529
19  15  6.503143154e-17  0.03304530881  0.9994540535  0.03303929494
19  16  -1.592401968e-16  0.02420828971  0.9997069937  0.02420592527
19  17  -2.049724593e-16  0.03077863688  0.9995263751  0.03077377755
19  18  -2.488881643e-16  0.05305824187  0.9985927417  0.05303335065
19  19  2.412389283e-18  0.09338671705  0.9956426287  0.09325103741
19  20  3.600400922e-16  0.1873600963  0.982499382  0.1862658432
19  21  8.567538327e-17  0.1399283235  0.9902259956  0.139472139
19  22  8.630120405e-17  0.1550985875  0.987996306  0.1544775041
19  23  1.398869365e-16  0.05647410497  0.9984057615  0.05644409072
19  24  1.422517846e-16  0.005793513757  0.9999832176  0.005793481348
19  25  2.961990839e-16  0.00400557898  0.9999919777  0.004005568268
19  26  -3.728982783e-17  0.002916328448  0.9999957475  0.002916324314
19  27  -8.402321311e-17  0.002371372676  0.9999971883  0.002371370454
19  28  2.64010251e-16  0.002565578959  0.9999967089  0.002565576144
19  29  1.79915635e-16  0.003441866488  0.9999940768  0.003441859692
19  30  -3.335548e-16  0.004761934281  0.999988662  0.004761916284
19  31  1.187295683e-17  0.01397272383  0.9999023831  0.01397226917
19  32  -1.50136912e-16  0.1183314497  0.9930069996  0.1180554902
19  33  -1.680699658e-16  0.1153735264  0.9933518541  0.1151177396
19  34  -1.20082464e-16  0.1924086593  0.9815464902  0.1912236585
19  35  -4.360774655e-16  0.1485420738  0.9889878968  0.1479964189
19  36  -4.360774655e-16  0.1485420738  0.9889878968  0.1479964189

20  0  1.36614592e-16  0.3155736859  0.9506184851  0.3103618787
20  1  9.908920986e-17  0.1265771998  0.9919997963  0.1262394716
20  2  4.037957559e-17  0.05592213588  0.9984367648  0.05589299303
20  3  -1.138135619e-16  0.03566494595  0.9993640732  0.03565738553
20  4  1.745568371e-17  0.04403075092  0.9990308031  0.04401652517
20  5  3.169160521e-16  0.05016681008  0.9987419095  0.05014577019
20  6  3.214853373e-16  0.07172371551  0.9974289568  0.07166223671
20  7  -9.490156684e-17  0.2160649448  0.976748637  0.214387733
20  8  9.200613945e-17  0.01392782894  0.9999030094  0.01392737865
20  9  1.124234537e-16  -0.02159020748  0.9997669405  -0.02158853019
20  10  -1.152531205e-16  -0.02384390171  0.9997157476  -0.02384164244
20  11  1.308901409e-16  -0.01779013061  0.9998417598  -0.01778919223
20  12  -1.969928437e-16  0.1118606253  0.9937501213  0.1116274896
20  13  -1.628654453e-16  0.1898461621  0.9820332772  0.1887078233
20  14  1.288718558e-16  0.03489083397  0.9993913766  0.03488375523
20  15  -2.707460971e-16  0.05050875663  0.9987247039  0.0504872836
20  16  1.013324597e-16  0.03304530881  0.9994540535  0.03303929494
20  17  -4.997530472e-16  0.03897860278  0.9992404304  0.03896873329
20  18  1.840935773e-16  0.07511912302  0.9971798852  0.07504849489
20  19  -1.913827474e-16  0.1873600963  0.982499382  0.1862658432
20  20  1.97674343e-16  0.4274499413  0.9100258381  0.4145515335
20  21  1.175883926e-16  0.2458630468  0.9699276262  0.2433935083
20  22  2.458274194e-16  0.1175806844  0.9930953517  0.1173099418
20  23  -4.879289852e-17  0.01353705699  0.9999083754  0.01353664355
20  24  -2.004450971e-17  0.004270588686  0.999990881  0.004270575705
20  25  -6.523218797e-17  0.002494474266  0.9999968888  0.002494471679
20  26  5.860389305e-17  0.0008275554735  0.9999996576  0.000827555379
20  27  -1.546633333e-16  -0.0002602348809  0.9999999661  -0.000260234878
20  28  3.263877518e-16  -0.0005026254136  0.9999998737  -0.0005026253924
20  29  6.32649317e-17  0.0001594524227  0.9999999873  0.0001594524221
20  30  -8.509654624e-18  0.001584763778  0.9999987443  0.001584763115
20  31  2.580532639e-16  0.003398620714  0.9999942247  0.003398614171
20  32  -1.926985643e-17  0.003478736639  0.9999939492  0.003478729622
20  33  1.241739149e-17  0.01454863522  0.9998941705  0.01454812199
20  34  -3.261085345e-16  0.1843109786  0.9830627604  0.1832692258
20  35  2.166366096e-17  0.3906941312  0.9246449364  0.3808303317
20  36  2.166366096e-17  0.3906941312  0.9246449364  0.3808303317

21  0  -9.47241742e-17  0.3005843678  0.9551636335  0.2960784241
21  1  -1.170272667e-16  0.1757911646  0.9845884825  0.1748871638
21  2  -1.473670868e-16  0.07908068584  0.9968747518  0.07899828641
21  3  -3.189309965e-17  0.03559878338  0.9993664302  0.03559126496
21  4  1.500754598e-16  0.0221867961  0.9997538831  0.02218497589
21  5  2.780602468e-16  0.0311245143  0.9995156714  0.03111948931
21  6  1.793085502e-16  0.03694936218  0.99931745  0.0369409552
21  7  6.195406283e-17  0.03968786637  0.99921254  0.03967744829
21  8  -1.026575809e-16  0.1080686539  0.9941662639  0.1078584241
21  9  6.310819211e-17  0.03074907575  0.9995272844  0.03074423041
21  10  -9.156045598e-17  0.03489376958  0.9993912742  0.03488668905
21  11  2.503106799e-16  0.04016005304  0.9991936934  0.04014925869
21  12  -1.812775296e-16  0.1017374026  0.9948292128  0.101561988
21  13  -1.726240348e-16  0.08911177053  0.9960321729  0.08899387929
21  14  1.119048732e-16  0.0276420277  0.9996179835  0.02763850771
21  15  -8.479181819e-17  0.03489083397  0.9993913766  0.03488375523
21  16  7.829642625e-17  0.02071660711  0.9997854188  0.02071512529
21  17  1.029199795e-17  0.02663986412  0.9996451798  0.02663671326
21  18  1.910196692e-16  0.05840459287  0.9982949365  0.05837139458
21  19  6.682353161e-17  0.1399283235  0.9902259956  0.139472139
21  20  -3.34779323e-17  0.2458630468  0.9699276262  0.2433935083
21  21  2.305863572e-16  0.2472304145  0.9695939112  0.244719528
21  22  7.562773523e-17  0.2136180094  0.9772703053  0.2119970528
21  23  -1.47280741e-16  -0.004327737221  0.9999906354  -0.004327723712
21  24  2.173167005e-16  0.01437234678  0.9998967196  0.01437185199
21  25  -3.570403326e-17  0.006155561696  0.9999810546  0.006155522822
21  26  6.549074856e-17  0.0008241690276  0.9999996604  0.0008241689343
21  27  -8.784122692e-17  -0.00223569341  0.9999975008  -0.002235691548
21  28  -6.893246771e-17  -0.003585297383  0.9999935728  -0.003585289702
21  29  1.056550696e-17  -0.003219707451  0.9999948167  -0.003219701888
21  30  -1.173013308e-16  -0.001156568227  0.9999993312  -0.001156567969
21  31  -1.098845357e-17  0.002748471333  0.999996223  0.002748467873
21  32  -5.036786089e-16  0.009529331618  0.9999545963  0.009529187396
21  33  1.938597162e-17  0.007744647194  0.9999700104  0.007744569774
21  34  -1.772441848e-16  -0.07562417204  0.9971418548  -0.07555211002
21  35  -6.159404034e-17  0.4102023697  0.9170401376  0.3987949173
21  36  -6.159404034e-17  0.4102023697  0.9170401376  0.3987949173

22  0  5.370839838e-17  -1.792875289  -0.2202580036  -0.9754416496
22  1  -1.229935883e-16  0.04244793927  0.9990992215  0.0424351931
22  2  -1.937288496e-16  0.08450607328  0.9964314862  0.08440552899
22  3  1.162518592e-17  0.1492808345  0.988878293  0.1487270039
22  4  5.052943362e-17  0.2585770387  0.9667548153  0.2557051566
22  5  1.590168947e-16  0.3426004565  0.9418842602  0.3359375543
22  6  1.204288627e-16  0.2804835901  0.9609216831  0.2768203731
22  7  -2.184645995e-18  0.1671176474  0.9860683153  0.1663408475
22  8  7.466547123e-17  0.0870589895  0.9962127591  0.08694905727
22  9  3.3148102e-16  -0.03355051407  0.9994372343  -0.03354422015
22  10  -9.535619548e-17  0.5436017735  0.8558513206  0.5172219225
22  11  -1.554457766e-16  1.773679979  -0.2014946724  0.9794896105
22  12  8.599469231e-18  -0.01711227588  0.9998535886  -0.01711144073
22  13  5.886024696e-17  0.009304031749  0.9999567178  0.009303897516
22  14  -4.688654486e-17  0.08911177053  0.9960321729  0.08899387929
22  15  1.643098638e-16  0.1898461621  0.9820332772  0.1887078233
22  16  -2.359431e-16  0.3025969342  0.954565822  0.2980001534
22  17  -2.557343614e-16  0.341240625  0.9423402077  0.3346564402
22  18  -2.843870091e-17  0.2483167026  0.9693275033  0.2457726417
22  19  1.135733836e-17  0.1550985875  0.987996306  0.1544775041
22  20  2.131411821e-16  0.1175806844  0.9930953517  0.1173099418
22  21  -2.445561848e-17  0.2136180094  0.9772703053  0.2119970528
22  22  -2.296548098e-16  2.124260405  -0.5256372984  0.8507087812
22  23  1.27245513e-16  0.8992673363  0.6221837165  0.7828712684
22  24  3.339901154e-18  0.3192094551  0.9494838004  0.3138160492
22  25  -2.7090066e-16  0.123202385  0.9924201812  0.1228909435
22  26  8.043026695e-17  0.04058028965  0.999176733  0.0405691529
22  27  5.555042863e-18  0.01148458931  0.9999340528  0.01148433685
22  28  -2.414362164e-17  0.0008815644421  0.9999996114  0.0008815643279
22  29  -2.302479254e-16  -0.001363678041  0.9999990702  -0.001363677618
22  30  -2.597090446e-16  0.003226031094  0.9999947964  0.003226025498
22  31  -4.63648468e-17  0.01781707436  0.9998412801  0.01781613171
22  32  -3.261479856e-16  0.06008198468  0.9981956205  0.06004584343
22  33  -1.101234591e-18  0.1925849266  0.9815127685  0.19139667
22  34  -1.170557381e-16  0.3759876055  0.9301454354  0.3671913247
22  35  -1.045974417e-16  -1.332304861  0.2362370599  -0.9716954521
22  36  -1.045974417e-16  -1.332304861  0.2362370599  -0.9716954521

23  0  -1.351155042e-17  0.8669907005  0.6471237187  0.7623850029
23  1  5.661990681e-17  0.1494547277  0.9888524154  0.1488989608
23  2  -2.092298772e-18  0.01071232495  0.9999426236  0.01071212007
23  3  4.948149493e-17  0.04672735723  0.9989084757  0.04671035464
23  4  8.458386289e-17  0.09830067264  0.9951723782  0.09814243551
23  5  -1.320934638e-16  0.1370061011  0.9906293357  0.1365778871
23  6  7.561761264e-18  0.1373774336  0.9905785516  0.1369457306
23  7  -9.887957121e-17  0.114451906  0.9934575271  0.1142021975
23  8  4.200263663e-17  0.08187021138  0.9966505058  0.08177878302
23  9  -1.961242508e-16  0.03787319236  0.9992828964  0.03786413893
23  10  -2.203907228e-16  -0.02843949116  0.9995956249  -0.02843565765
23  11  -9.036287192e-17  -0.04511068117  0.9989826858  -0.04509538288
23  12  -1.527866875e-18  -0.05092965688  0.9987033653  -0.05090764259
23  13  1.406652147e-16  -0.01711227588  0.9998535886  -0.01711144073
23  14  8.350969308e-17  0.1017374026  0.9948292128  0.101561988
23  15  4.506883997e-16  0.1118606253  0.9937501213  0.1116274896
23  16  -6.63698298e-17  0.1364417527  0.9907062555  0.1360188053
23  17  -1.558765495e-16  0.1407108814  0.9901165474  0.1402470054
23  18  1.746473952e-16  0.1068343833  0.9942986331  0.106631272
23  19  -8.902935239e-17  0.05647410497  0.9984057615  0.05644409072
23  20  -3.388346995e-17  0.01353705699  0.9999083754  0.01353664355
23  21  -2.251757905e-16  -0.004327737221  0.9999906354  -0.004327723712
23  22  -2.707496039e-17  0.8992673363  0.6221837165  0.7828712684
23  23  1.323716914e-16  0.2396662216  0.9714172607  0.2373784016
23  24  8.198376777e-17  0.09381715942  0.9956023972  0.09367959553
23  25  1.568118964e-17  0.1215923775  0.9926167502  0.121292981
23  26  -1.919714679e-16  0.1442225329  0.9896179449  0.1437230778
23  27  2.933837454e-17  0.192790161  0.9814734666  0.1915981062
23  28  4.436812148e-17  0.3610903982  0.9355121482  0.3532945238
23  29  -1.778619741e-16  0.7626433609  0.7230124125  0.6908350392
23  30  1.552516176e-16  0.6797314418  0.7777415582  0.6285841778
23  31  -2.42304402e-17  0.3128883752  0.9514484748  0.3078080568
23  32  -9.175754793e-17  0.1883504373  0.9823144335  0.1872387612
23  33  2.148786734e-16  0.1412504026  0.9900407371  0.1407811739
23  34  1.39856936e-16  0.1010579045  0.9948979943  0.10088598
23  35  1.555210294e-16  0.135596276  0.9908209021  0.1351811378
23  36  1.555210294e-16  0.135596276  0.9908209021  0.1351811378

24  0  -2.112509327e-16  0.02426335611  0.9997056592  0.0242609755
24  1  -6.779020975e-17  0.3019318531  0.9547638052  0.2973652238
24  2  1.449531185e-16  0.1047489617  0.994518842  0.1045575098
24  3  -3.572341182e-16  0.007281704184  0.9999734885  0.007281639834
24  4  2.116339151e-16  0.005017828136  0.9999874107  0.005017807079
24  5  -4.432056022e-17  0.007147939746  0.9999744536  0.007147878878
24  6  -6.146183748e-17  0.00885426682  0.9999608012  0.008854151128
24  7  -6.572477916e-17  0.006506456224  0.9999788331  0.006506410317
24  8  -3.091073516e-18  -0.006602136014  0.999978206  -0.006602088051
24  9  1.408012875e-17  -0.02083607505  0.9997829368  -0.02083456744
24  10  -1.168843185e-16  0.607998219  0.82079313  0.5712255576
24  11  -1.415556636e-17  1.20745769  0.3553968833  0.9347154943
24  12  1.767841287e-17  -0.04511068117  0.9989826858  -0.04509538288
24  13  1.666658439e-16  1.773679979  -0.2014946724  0.9794896105
24  14  -2.800233698e-17  0.04016005304  0.9991936934  0.04014925869
24  15  4.153223907e-17  -0.01779013061  0.9998417598  -0.01778919223
24  16  4.321184671e-17  0.002087839705  0.9999978205  0.002087838188
24  17  1.382602833e-16  0.008609009699  0.9999629427  0.008608903356
24  18  -1.761276075e-16  0.008172587732  0.9999666046  0.008172496757
24  19  9.025123076e-17  0.005793513758  0.9999832176  0.005793481348
24  20  -2.867969736e-16  0.004270588686  0.999990881  0.004270575705
24  21  4.711786902e-17  0.01437234678  0.9998967196  0.01437185199
24  22  -1.409435944e-16  0.3192094551  0.9494838004  0.3138160492
24  23  2.212001185e-16  0.09381715942  0.9956023972  0.09367959553
24  24  2.559175852e-16  0.01700038177  0.999855497  0.0169995629
24  25  5.201385702e-17  0.01439433391  0.9998964034  0.01439383684
24  26  -4.455985266e-17  -0.03350013404  0.999438923  -0.03349386842
24  27  -2.469021471e-16  -0.08966200647  0.9959830545  -0.08954191849
24  28  -2.256191265e-16  -0.1101008867  0.9939450177  -0.1098785773
24  29  -2.468077193e-16  -0.2143624743  0.9771122101  -0.2127245374
24  30  2.472887712e-16  -0.5060373439  0.874672129  -0.4847150367
24  31  3.676871697e-16  -0.2713380123  0.9634131438  -0.2680207348
24  32  -9.924994215e-17  -0.1359466614  0.9907734758  -0.1355282986
24  33  -2.109093429e-16  -0.0874820022  0.9961758894  -0.08737046013
24  34  6.553155292e-18  -0.01844649025  0.9998298683  -0.01844544413
24  35  3.032681258e-16  0.02089484476  0.9997817107  0.02089332436
24  36  3.032681258e-16  0.02089484476  0.9997817107  0.02089332436

25  0  -1.569389005e-16  1.189607319  0.3720243966  0.9282229519
25  1  1.570361972e-16  0.02500359037  0.9996874265  0.02500098516
25  2  1.584069576e-16  0.1958417975  0.9808842098  0.1945923097
25  3  -2.002990306e-16  0.03052340496  0.999534197  0.03051866552
25  4  -6.159201761e-17  0.003035966289  0.9999953915  0.003035961625
25  5  -3.445458352e-16  0.003082102213  0.9999952503  0.003082097333
25  6  2.717951499e-16  0.005072556051  0.9999871346  0.005072534298
25  7  2.605904763e-16  0.006453480454  0.9999791764  0.006453435659
25  8  1.79911632e-16  0.003520948107  0.9999938015  0.003520940832
25  9  1.202619589e-16  -0.01148867989  0.9999340058  -0.01148842716
25  10  6.086397763e-17  -0.02835605273  0.9995979941  -0.02835225286
25  11  -1.246503633e-16  0.607998219  0.82079313  0.5712255576
25  12  2.295460203e-16  -0.02843949116  0.9995956249  -0.02843565765
25  13  1.312090706e-16  0.5436017735  0.8558513206  0.5172219225
25  14  -1.50617774e-16  0.03489376959  0.9993912742  0.03488668905
25  15  -2.660247905e-16  -0.02384390171  0.9997157476  -0.02384164244
25  16  8.554816074e-17  -0.001171975852  0.9999993132  -0.001171975584
25  17  -1.41067596e-16  0.006205684151  0.9999807448  0.00620564432
25  18  -7.795385442e-17  0.006043938952  0.9999817355  0.006043902155
25  19  -9.706484442e-17  0.00400557898  0.9999919777  0.004005568268
25  20  -1.260382635e-16  0.002494474266  0.9999968888  0.002494471679
25  21  5.641685892e-18  0.006155561696  0.9999810546  0.006155522822
25  22  1.40483523e-16  0.123202385  0.9924201812  0.1228909435
25  23  2.549842328e-17  0.1215923775  0.9926167502  0.121292981
25  24  1.872288716e-16  0.01439433391  0.9998964034  0.01439383684
25  25  2.464842605e-16  2.35442533  -0.7058546901  0.7083566591
25  26  -9.968641363e-17  -0.04982560661  0.9987589612  -0.04980499307
25  27  9.652950178e-17  -0.0722304472  0.9973925152  -0.07216765635
25  28  -2.60499934e-16  -0.07441184802  0.9972327157  -0.07434319576
25  29  -1.403612426e-16  -0.2418469202  0.9708973007  -0.2394962037
25  30  7.009381925e-17  -0.6835765849  0.7753188186  -0.6315700512
25  31  -5.61592687e-17  -0.3039848635  0.9541512996  -0.2993247358
25  32  -1.513978146e-16  -0.08755590745  0.9961694296  -0.08744408251
25  33  -4.710285451e-17  -0.0667920254  0.9977702418  -0.06674237466
25  34  -9.717962308e-17  -0.1067447643  0.9943081853  -0.1065421635
25  35  4.38846711e-16  1.242482631  0.3224472536  0.9465874332
25  36  4.38846711e-16  1.242482631  0.3224472536  0.9465874332

26  0  -2.649440748e-16  0.08963823489  0.9959851828  0.08951824238
26  1  -1.919953264e-17  -0.1355417425  0.9908282725  -0.1351271046
26  2  1.901535801e-16  0.02960797172  0.999561716  0.02960364603
26  3  3.062770736e-16  0.1356935274  0.9908077508  0.1352774958
26  4  3.06821777e-16  0.007614619564  0.9999710089  0.007614545979
26  5  -2.708497333e-17  0.0002019534951  0.9999999796  0.0002019534937
26  6  -2.403530446e-16  0.001761181416  0.9999984491  0.001761180506
26  7  -3.65169139e-17  0.004039587292  0.9999918409  0.004039576305
26  8  7.230947504e-17  0.005628149034  0.999984162  0.005628119321
26  9  9.037091397e-17  0.00308325447  0.9999952468  0.003083249585
26  10  -1.219545573e-16  -0.01148867989  0.9999340058  -0.01148842716
26  11  -4.908475723e-16  -0.02083607505  0.9997829368  -0.02083456744
26  12  -6.404592592e-16  0.03787319236  0.9992828964  0.03786413893
26  13  -2.852949454e-16  -0.03355051407  0.9994372343  -0.03354422015
26  14  2.088772889e-16  0.03074907575  0.9995272844  0.03074423041
26  15  -2.969698528e-16  -0.02159020748  0.9997669405  -0.02158853019
26  16  -1.381673903e-16  -0.00140456982  0.9999990136  -0.001404569358
26  17  -2.014719821e-16  0.005588160931  0.9999843863  0.005588131847
26  18  -1.022186939e-16  0.005123600362  0.9999868744  0.005123577945
26  19  -2.597786819e-16  0.002916328448  0.9999957475  0.002916324314
26  20  -1.576064398e-16  0.0008275554735  0.9999996576  0.000827555379
26  21  3.675939289e-17  0.0008241690276  0.9999996604  0.0008241689343
26  22  1.086549e-16  0.04058028965  0.999176733  0.0405691529
26  23  -2.617630623e-16  0.1442225329  0.9896179449  0.1437230778
26  24  -1.706273911e-16  -0.03350013404  0.999438923  -0.03349386842
26  25  1.114088301e-16  -0.04982560661  0.9987589612  -0.04980499307
26  26  -2.056082167e-17  0.04873653854  0.99881261  0.04871724726
26  27  -9.860371578e-17  0.08001512613  0.9968004974  0.07992977171
26  28  7.060797122e-17  0.09487885012  0.9955023774  0.09473656434
26  29  7.888399997e-17  0.08219348424  0.9966240168  0.0821009688
26  30  7.786792744e-17  0.06663497117  0.9977807117  0.0665856698
26  31  -2.005803866e-16  0.06292093136  0.9980211312  0.06287942179
26  32  -5.845382195e-17  0.07247348314  0.9973749464  0.07241005644
26  33  -1.932025613e-16  0.08709722227  0.9962094341  0.08698714518
26  34  -1.886276946e-16  0.08789896787  0.9961393724  0.08778582367
26  35  2.704194579e-17  0.06519675946  0.997875444  0.06515058153
26  36  2.704194579e-17  0.06519675946  0.997875444  0.06515058153

27  0  8.02688639e-18  0.0978378283  0.9952176963  0.09768181512
27  1  4.01428205e-17  0.04753744387  0.9988703085  0.04751954164
27  2  8.465883479e-17  -0.1550092936  0.988010096  -0.1543892814
27  3  2.631776569e-16  0.07155587188  0.9974409708  0.0714948236
27  4  3.157321304e-16  0.1173700359  0.9931200408  0.1171007452
27  5  -3.684251801e-18  -0.0006986027451  0.999999756  -0.0006986026882
27  6  -1.885926447e-16  -0.001545274739  0.9999988061  -0.001545274124
27  7  -1.031405828e-16  0.0009907446229  0.9999995092  0.0009907444608
27  8  6.035045133e-17  0.003648529912  0.9999933441  0.003648521817
27  9  -2.149316881e-16  0.005628149034  0.999984162  0.005628119321
27  10  -2.40588142e-16  0.003520948107  0.9999938015  0.003520940832
27  11  -6.89269942e-17  -0.006602136014  0.999978206  -0.006602088051
27  12  -3.941779768e-16  0.08187021138  0.9966505058  0.08177878302
27  13  -3.360270429e-16  0.0870589895  0.9962127591  0.08694905727
27  14  2.138218946e-17  0.1080686539  0.9941662639  0.1078584241
27  15  -1.260071904e-16  0.01392782894  0.9999030094  0.01392737865
27  16  -1.909291174e-16  -8.550884383e-05  0.9999999963  -8.550884373e-05
27  17  -2.065371756e-16  0.0057932606  0.9999832191  0.005793228195
27  18  5.013952766e-17  0.004926749265  0.9999878636  0.004926729334
27  19  9.135527237e-17  0.002371372676  0.9999971883  0.002371370454
27  20  -4.497728386e-17  -0.0002602348809  0.9999999661  -0.000260234878
27  21  4.545779127e-17  -0.00223569341  0.9999975008  -0.002235691548
27  22  1.828278703e-16  0.01148458931  0.9999340528  0.01148433685
27  23  -1.668871835e-16  0.192790161  0.9814734666  0.1915981062
27  24  -3.507169133e-18  -0.08966200647  0.9959830545  -0.08954191849
27  25  8.491217732e-19  -0.0722304472  0.9973925152  -0.07216765635
27  26  2.043635182e-16  0.08001512613  0.9968004974  0.07992977171
27  27  -1.199267952e-16  0.1140186762  0.9935069096  0.1137717914
27  28  -1.429899126e-16  0.09716079269  0.9952836023  0.09700799496
27  29  -1.395768062e-16  0.06150540238  0.9981091389  0.06146663143
27  30  2.27038582e-16  0.03969320422  0.9992123282  0.03968278193
27  31  -5.888981236e-17  0.03171498281  0.9994971221  0.03170966638
27  32  1.539241222e-16  0.03477668508  0.999395352  0.03476967558
27  33  -1.205614778e-17  0.04969277279  0.9987655682  0.04967232367
27  34  -3.230525436e-16  0.07816631032  0.9969465691  0.07808673564
27  35  4.189847154e-17  0.1059585852  0.9943916393  0.1057604264
27  36  4.189847154e-17  0.1059585852  0.9943916393  0.1057604264

28  0  1.619024917e-18  0.07931943043  0.996855863  0.07923628261
28  1  -8.318120611e-17  0.09692387753  0.995306557  0.09677219447
28  2  -1.327013078e-16  0.05995574793  0.9982031925  0.05991983398
28  3  3.13795719e-17  -0.2089137711  0.9782567729  -0.2073974116
28  4  1.45903507e-16  0.2174998607  0.9764400032  0.2157890641
28  5  -5.142193171e-17  0.1573135006  0.9876517286  0.1566654493
28  6  6.111924552e-17  -0.004027083438  0.9999918913  -0.004027072553
28  7  -1.318784517e-17  -0.002153255204  0.9999976817  -0.00215325354
28  8  -1.791020102e-16  0.0009907446229  0.9999995092  0.0009907444608
28  9  -1.206977702e-16  0.004039587292  0.9999918409  0.004039576305
28  10  -1.054050626e-16  0.006453480454  0.9999791764  0.006453435659
28  11  -1.30788759e-18  0.006506456225  0.9999788331  0.006506410317
28  12  2.029670179e-16  0.114451906  0.9934575271  0.1142021975
28  13  3.212999016e-16  0.1671176474  0.9860683153  0.1663408475
28  14  7.337601522e-17  0.03968786637  0.99921254  0.03967744829
28  15  -1.763298092e-17  0.2160649448  0.976748637  0.214387733
28  16  -1.358652732e-16  0.02520908539  0.9996822678  0.02520641542
28  17  -1.435089169e-16  0.00701784372  0.999975375  0.007017786115
28  18  -3.26115169e-16  0.005536508232  0.9999846736  0.005536479947
28  19  -1.367397553e-16  0.002565578958  0.9999967089  0.002565576144
28  20  -2.300071509e-16  -0.0005026254136  0.9999998737  -0.0005026253924
28  21  4.674129688e-17  -0.003585297383  0.9999935728  -0.003585289702
28  22  2.549584463e-16  0.0008815644423  0.9999996114  0.0008815643281
28  23  -3.219360564e-18  0.3610903982  0.9355121482  0.3532945238
28  24  -5.498925457e-17  -0.1101008867  0.9939450177  -0.1098785773
28  25  -1.743003861e-16  -0.07441184802  0.9972327157  -0.07434319576
28  26  1.137644654e-16  0.09487885012  0.9955023774  0.09473656434
28  27  -1.5789061e-16  0.09716079269  0.9952836023  0.09700799496
28  28  -1.057637553e-16  0.06074036669  0.998155871  0.06070302441
28  29  3.120381785e-16  0.03129927215  0.9995102178  0.03129416204
28  30  -8.028424133e-17  0.01678719206  0.9998590984  0.0167864036
28  31  -7.218502869e-17  0.01065450186  0.9999432413  0.01065430028
28  32  2.371746951e-16  0.009686408207  0.9999530871  0.009686256734
28  33  -1.089448504e-16  0.01346563281  0.9999093397  0.01346522588
28  34  -1.496711219e-16  0.02380341617  0.9997167121  0.02380116839
28  35  4.068551451e-16  0.04563493964  0.9989589068  0.0456191018
28  36  4.068551451e-16  0.04563493964  0.9989589068  0.0456191018

29  0  2.783837096e-16  0.02218547738  0.9997539124  0.02218365749
29  1  -7.184148645e-17  0.04598928057  0.9989426794  0.04597307096
29  2  2.035043424e-16  0.07248134174  0.9973743773  0.07241789441
29  3  -3.382586182e-16  0.04190795046  0.9991219904  0.04189568455
29  4  -8.626708936e-17  -0.5244419094  0.8656035291  -0.5007299975
29  5  -1.058760228e-16  0.5931164424  0.8292027797  0.5589478957
29  6  -1.934810883e-18  0.2379801772  0.9718161103  0.2357402123
29  7  6.656605615e-17  -0.004027083438  0.9999918913  -0.004027072553
29  8  1.453316644e-16  -0.001545274739  0.9999988061  -0.001545274124
29  9  4.440513784e-17  0.001761181416  0.9999984491  0.001761180506
29  10  2.714934414e-17  0.005072556051  0.9999871346  0.005072534298
29  11  -3.706470201e-16  0.00885426682  0.9999608012  0.008854151128
29  12  1.366852008e-16  0.1373774336  0.9905785516  0.1369457306
29  13  2.465776365e-16  0.2804835901  0.9609216831  0.2768203731
29  14  -1.509812163e-16  0.03694936218  0.99931745  0.0369409552
29  15  -1.004521025e-16  0.07172371551  0.9974289568  0.07166223671
29  16  -7.551266902e-17  0.3286922194  0.9464653116  0.3228055358
29  17  -1.989657824e-16  0.02824731979  0.999601071  0.02824356347
29  18  -2.86264809e-17  0.006853559339  0.9999765145  0.006853505686
29  19  -5.878291995e-17  0.003441866487  0.9999940768  0.003441859692
29  20  -4.791005579e-17  0.0001594524227  0.9999999873  0.0001594524221
29  21  -2.811014864e-16  -0.003219707451  0.9999948167  -0.003219701888
29  22  -3.178308495e-16  -0.001363678041  0.9999990702  -0.001363677618
29  23  1.100146818e-17  0.7626433609  0.7230124125  0.6908350392
29  24  1.129217511e-16  -0.2143624743  0.9771122101  -0.2127245374
29  25  2.947103918e-16  -0.2418469202  0.9708973007  -0.2394962037
29  26  -8.790975567e-17  0.08219348424  0.9966240168  0.0821009688
29  27  -2.537716761e-17  0.06150540238  0.9981091389  0.06146663143
29  28  6.561173115e-17  0.03129927215  0.9995102178  0.03129416204
29  29  2.14739357e-16  0.01384144218  0.9999042088  0.01384100022
29  30  -3.521829077e-16  0.005588498276  0.9999843844  0.005588469187
29  31  -2.709411965e-16  0.001666456021  0.9999986115  0.00166645525
29  32  2.299612123e-16  0.0001984676461  0.9999999803  0.0001984676448
29  33  9.295622123e-17  0.0007683460542  0.9999997048  0.0007683459786
29  34  1.406263959e-16  0.003532248068  0.9999937616  0.003532240723
29  35  1.114491732e-16  0.009569520234  0.9999542125  0.009569374179
29  36  1.114491732e-16  0.009569520234  0.9999542125  0.009569374179

30  0  1.836728556e-16  0.002838192833  0.9999959723  0.002838189022
30  1  1.452258197e-16  0.01070859945  0.9999426635  0.01070839478
30  2  9.921298221e-17  0.02716042688  0.9996311783  0.02715708768
30  3  -6.750992063e-17  0.05276177206  0.9986084206  0.05273729572
30  4  -3.954245297e-17  -0.02606850487  0.9996602358  -0.02606555242
30  5  -2.202393497e-16  -1.1957085  0.3663542509  -0.9304754499
30  6  1.492625816e-16  0.5931164424  0.8292027797  0.5589478957
30  7  -2.808147985e-17  0.1573135006  0.9876517286  0.1566654494
30  8  1.358511946e-16  -0.0006986027451  0.999999756  -0.0006986026883
30  9  8.005002672e-17  0.0002019534951  0.9999999796  0.0002019534937
30  10  -9.924463322e-17  0.003082102213  0.9999952503  0.003082097333
30  11  -2.526951409e-16  0.007147939746  0.9999744536  0.007147878878
30  12  -1.309304514e-16  0.1370061011  0.9906293357  0.1365778871
30  13  1.104908493e-16  0.3426004565  0.9418842602  0.3359375543
30  14  -4.297864826e-17  0.0311245143  0.9995156714  0.03111948931
30  15  5.337147326e-17  0.05016681008  0.9987419095  0.05014577019
30  16  1.107125832e-16  0.09007073999  0.9959463725  0.08994900266
30  17  -1.276946777e-16  0.3720291894  0.9315916404  0.363506555
30  18  -3.113677895e-16  0.02386086044  0.9997153432  0.02385859634
30  19  -3.827834413e-16  0.004761934281  0.999988662  0.004761916284
30  20  -1.893830731e-16  0.001584763778  0.9999987443  0.001584763115
30  21  -3.16730485e-16  -0.001156568227  0.9999993312  -0.001156567969
30  22  -1.933147329e-16  0.003226031093  0.9999947964  0.003226025498
30  23  -1.045839254e-16  0.6797314418  0.7777415582  0.6285841778
30  24  -7.031607168e-17  -0.5060373439  0.874672129  -0.4847150367
30  25  -4.361443867e-17  -0.6835765849  0.7753188186  -0.6315700512
30  26  -1.509699304e-17  0.06663497117  0.9977807117  0.0665856698
30  27  -1.886399485e-17  0.03969320422  0.9992123282  0.03968278193
30  28  -1.063881663e-16  0.01678719206  0.9998590984  0.0167864036
30  29  9.856914808e-17  0.005588498276  0.9999843844  0.005588469187
30  30  -1.267016148e-17  0.0003787873779  0.9999999283  0.0003787873689
30  31  -6.770681254e-17  -0.002318473389  0.9999973123  -0.002318471312
30  32  1.682130822e-16  -0.003686180758  0.999993206  -0.00368617241
30  33  -1.6496192e-16  -0.003940128079  0.9999922377  -0.003940117884
30  34  1.633781171e-16  -0.003076797332  0.9999952667  -0.003076792478
30  35  -6.439427264e-17  -0.001026443371  0.9999994732  -0.001026443191
30  36  -6.439427264e-17  -0.001026443371  0.9999994732  -0.001026443191

31  0  -2.873897263e-17  -0.003448889008  0.9999940526  -0.003448882171
31  1  3.767107863e-16  -0.0005100873927  0.9999998699  -0.0005100873706
31  2  1.522803741e-16  0.005521248156  0.9999847579  0.005521220104
31  3  -3.846401489e-16  0.01943277679  0.9998111895  0.01943155374
31  4  4.585980378e-17  0.04598602998  0.9989428288  0.0459698238
31  5  -2.080329018e-16  -0.02606850488  0.9996602358  -0.02606555243
31  6  3.128827623e-16  -0.5244419094  0.8656035291  -0.5007299975
31  7  -2.26258955e-16  0.2174998607  0.9764400032  0.2157890641
31  8  -5.711551087e-17  0.1173700359  0.9931200408  0.1171007452
31  9  1.538475664e-16  0.007614619564  0.9999710089  0.007614545979
31  10  -2.006055424e-16  0.003035966289  0.9999953915  0.003035961625
31  11  6.521686879e-17  0.005017828136  0.9999874107  0.005017807079
31  12  -1.790340066e-16  0.09830067264  0.9951723782  0.09814243551
31  13  1.713361363e-17  0.2585770387  0.9667548153  0.2557051566
31  14  2.799856821e-16  0.0221867961  0.9997538831  0.02218497589
31  15  -1.591055681e-16  0.04403075092  0.9990308031  0.04401652517
31  16  6.135577853e-17  0.03328089718  0.9994462421  0.03327475376
31  17  -2.750655132e-16  0.09018109742  0.9959364399  0.0900589122
31  18  -3.507115782e-16  0.2591938854  0.9665969005  0.2563014474
31  19  -1.976141585e-16  0.01397272383  0.9999023831  0.01397226917
31  20  -1.036935182e-16  0.003398620714  0.9999942247  0.003398614171
31  21  1.375075112e-17  0.002748471333  0.999996223  0.002748467873
31  22  -1.261071261e-16  0.01781707436  0.9998412801  0.01781613171
31  23  -3.994086939e-17  0.3128883752  0.9514484748  0.3078080568
31  24  -4.539494496e-17  -0.2713380123  0.9634131438  -0.2680207348
31  25  2.145232853e-16  -0.3039848635  0.9541512996  -0.2993247358
31  26  -2.709874532e-17  0.06292093136  0.9980211312  0.06287942179
31  27  3.412968505e-16  0.03171498281  0.9994971221  0.03170966638
31  28  -1.385478779e-16  0.01065450186  0.9999432413  0.01065430028
31  29  -1.77882722e-16  0.001666456021  0.9999986115  0.00166645525
31  30  1.273984651e-16  -0.002318473389  0.9999973123  -0.002318471312
31  31  -6.586615482e-17  -0.004466103897  0.999990027  -0.00446608905
31  32  1.548520956e-16  -0.005763025429  0.9999833938  -0.005762993529
31  33  8.272727423e-17  -0.00634380363  0.9999798781  -0.00634376108
31  34  -5.106852466e-17  -0.006132532768  0.9999811961  -0.00613249433
31  35  -8.818217565e-17  -0.005161343707  0.9999866803  -0.005161320791
31  36  -8.818217565e-17  -0.005161343707  0.9999866803  -0.005161320791

32  0  1.063268363e-16  -0.006499310232  0.9999788796  -0.006499264476
32  1  2.370253664e-16  -0.004808894675  0.9999884373  -0.00480887614
32  2  3.087310774e-17  -0.002017580785  0.9999979647  -0.002017579416
32  3  -2.075555572e-16  0.003983276095  0.9999920668  0.003983265561
32  4  -2.760043378e-16  0.01943277679  0.9998111895  0.01943155374
32  5  -2.263047522e-16  0.05276177206  0.9986084206  0.05273729572
32  6  -1.88851879e-16  0.04190795046  0.9991219904  0.04189568455
32  7  1.240396399e-17  -0.2089137711  0.9782567729  -0.2073974116
32  8  6.947504774e-17  0.07155587188  0.9974409708  0.0714948236
32  9  -1.3928771e-16  0.1356935274  0.9908077508  0.1352774958
32  10  -4.138672671e-17  0.03052340496  0.999534197  0.03051866552
32  11  3.239263603e-16  0.007281704184  0.9999734885  0.007281639834
32  12  -6.832575216e-17  0.04672735723  0.9989084757  0.04671035464
32  13  -2.35473849e-16  0.1492808345  0.988878293  0.1487270039
32  14  -6.526636643e-17  0.03559878338  0.9993664302  0.03559126496
32  15  -1.548497467e-16  0.03566494595  0.9993640732  0.03565738553
32  16  -8.698633917e-17  0.02988572573  0.9995534549  0.02988127716
32  17  -1.436442707e-16  0.04035360234  0.9991859039  0.04034265117
32  18  1.469981428e-16  0.08887968051  0.9960528007  0.08876270777
32  19  3.228211988e-16  0.1183314497  0.9930069996  0.1180554902
32  20  -1.648748797e-16  0.003478736639  0.9999939492  0.003478729622
32  21  -5.90192957e-17  0.009529331618  0.9999545963  0.009529187396
32  22  2.102196785e-17  0.06008198468  0.9981956205  0.06004584343
32  23  -4.649675909e-17  0.1883504373  0.9823144335  0.1872387612
32  24  7.599554359e-18  -0.1359466614  0.9907734758  -0.1355282986
32  25  -2.432171507e-16  -0.08755590745  0.9961694296  -0.08744408251
32  26  -3.337712263e-16  0.07247348314  0.9973749464  0.07241005644
32  27  1.168127473e-16  0.03477668508  0.999395352  0.03476967558
32  28  -3.248672078e-16  0.009686408207  0.9999530871  0.009686256734
32  29  -2.059518735e-16  0.0001984676461  0.9999999803  0.0001984676448
32  30  1.241034755e-16  -0.003686180758  0.999993206  -0.00368617241
32  31  2.738624249e-17  -0.005763025429  0.9999833938  -0.005762993529
32  32  -2.631959853e-17  -0.007142036948  0.9999744958  -0.00714197623
32  33  1.881649913e-16  -0.007990176535  0.9999680787  -0.007990091516
32  34  1.308803204e-16  -0.008170904987  0.9999666183  -0.008170814067
32  35  1.436602073e-16  -0.007631414685  0.9999708809  -0.007631340612
32  36  1.436602073e-16  -0.007631414685  0.9999708809  -0.007631340612

33  0  2.527567652e-16  -0.008649038899  0.9999625973  -0.008648931066
33  1  1.439490656e-16  -0.007227579421  0.9999738812  -0.007227516496
33  2  -1.326849701e-17  -0.005274112857  0.9999860919  -0.005274088406
33  3  -5.642195408e-18  -0.002017580785  0.9999979647  -0.002017579416
33  4  3.540566987e-17  0.005521248156  0.9999847579  0.005521220104
33  5  -2.491615264e-16  0.02716042688  0.9996311783  0.02715708768
33  6  -3.486643223e-16  0.07248134174  0.9973743773  0.07241789441
33  7  -4.775201823e-17  0.05995574792  0.9982031925  0.05991983397
33  8  -2.889653001e-16  -0.1550092936  0.988010096  -0.1543892814
33  9  1.184322306e-16  0.02960797172  0.999561716  0.02960364603
33  10  -2.751874943e-16  0.1958417975  0.9808842098  0.1945923097
33  11  -4.466886598e-17  0.1047489617  0.994518842  0.1045575098
33  12  1.098111285e-16  0.01071232495  0.9999426236  0.01071212007
33  13  3.654671868e-17  0.08450607328  0.9964314862  0.08440552898
33  14  -6.096977241e-17  0.07908068584  0.9968747518  0.07899828641
33  15  1.041933581e-16  0.05592213588  0.9984367648  0.05589299303
33  16  7.171337783e-17  0.0264483559  0.9996502626  0.0264452725
33  17  6.164314088e-17  0.03543944874  0.9993720885  0.03543203082
33  18  3.371336949e-16  0.08010294494  0.9967934742  0.08001730924
33  19  2.500129992e-16  0.1153735264  0.9933518541  0.1151177396
33  20  -3.639563879e-17  0.01454863522  0.9998941705  0.01454812199
33  21  4.353144533e-17  0.007744647194  0.9999700104  0.007744569774
33  22  -2.256682055e-17  0.1925849266  0.9815127685  0.19139667
33  23  -9.269981317e-17  0.1412504026  0.9900407371  0.1407811739
33  24  1.60145776e-16  -0.0874820022  0.9961758894  -0.08737046013
33  25  -1.090031871e-16  -0.06679202539  0.9977702418  -0.06674237465
33  26  -1.550492488e-17  0.08709722227  0.9962094341  0.08698714518
33  27  3.780378211e-17  0.04969277279  0.9987655682  0.04967232367
33  28  -8.248714224e-17  0.01346563281  0.9999093397  0.01346522588
33  29  7.7607582e-17  0.0007683460541  0.9999997048  0.0007683459785
33  30  2.203834317e-16  -0.003940128079  0.9999922377  -0.003940117884
33  31  1.268180473e-16  -0.00634380363  0.9999798781  -0.00634376108
33  32  1.595012719e-16  -0.007990176535  0.9999680787  -0.007990091516
33  33  1.028543563e-16  -0.009177285374  0.999957889  -0.009177156552
33  34  1.093621905e-16  -0.009757752726  0.9999523935  -0.009757597882
33  35  3.144656392e-17  -0.00956008748  0.9999543027  -0.009559941857
33  36  3.144656392e-17  -0.00956008748  0.9999543027  -0.009559941857

34  0  1.309111495e-16  -0.0103725032  0.9999462061  -0.01037231721
34  1  9.350597922e-17  -0.009027432596  0.999959253  -0.009027309982
34  2  8.545257386e-17  -0.007227579421  0.9999738812  -0.007227516496
34  3  -1.71364141e-16  -0.004808894675  0.9999884373  -0.00480887614
34  4  8.613846468e-17  -0.0005100873928  0.9999998699  -0.0005100873707
34  5  1.961528477e-16  0.01070859945  0.9999426635  0.01070839478
34  6  4.509032585e-17  0.04598928057  0.9989426794  0.04597307096
34  7  -1.571189411e-16  0.09692387753  0.995306557  0.09677219447
34  8  -1.964647417e-16  0.04753744387  0.9988703085  0.04751954164
34  9  -1.414711752e-16  -0.1355417425  0.9908282725  -0.1351271046
34  10  -3.072188413e-16  0.02500359037  0.9996874265  0.02500098516
34  11  3.500289252e-16  0.3019318531  0.9547638052  0.2973652238
34  12  3.001943681e-16  0.1494547277  0.9888524154  0.1488989608
34  13  -1.050963112e-16  0.04244793925  0.9990992215  0.04243519309
34  14  2.462811014e-16  0.1757911646  0.9845884825  0.1748871638
34  15  3.054308688e-17  0.1265771998  0.9919997963  0.1262394716
34  16  1.669931931e-16  0.04142728623  0.9991420127  0.04141543752
34  17  3.160299647e-16  0.03428143534  0.9994124491  0.03427472105
34  18  -1.205630753e-16  0.06528508523  0.9978696856  0.06523871939
34  19  4.547519129e-17  0.1924086593  0.9815464902  0.1912236585
34  20  1.221089481e-16  0.1843109786  0.9830627604  0.1832692258
34  21  -4.01039402e-17  -0.07562417204  0.9971418548  -0.07555211002
34  22  1.050493184e-16  0.3759876055  0.9301454354  0.3671913247
34  23  -3.738156655e-16  0.1010579045  0.9948979943  0.10088598
34  24  -1.422923023e-16  -0.01844649025  0.9998298683  -0.01844544413
34  25  5.685350817e-17  -0.1067447643  0.9943081853  -0.1065421635
34  26  9.017234237e-17  0.08789896787  0.9961393724  0.08778582367
34  27  1.713670491e-17  0.07816631032  0.9969465691  0.07808673564
34  28  -3.777186914e-17  0.02380341617  0.9997167121  0.02380116839
34  29  -8.256451332e-17  0.003532248068  0.9999937616  0.003532240723
34  30  -1.437753643e-16  -0.003076797332  0.9999952667  -0.003076792478
34  31  4.681323812e-17  -0.006132532768  0.9999811961  -0.00613249433
34  32  -1.1356803e-17  -0.008170904987  0.9999666183  -0.008170814067
34  33  9.202378275e-17  -0.009757752726  0.9999523935  -0.009757597882
34  34  1.200899436e-16  -0.01080211682  0.9999416577  -0.01080190674
34  35  3.453450566e-17  -0.01103392473  0.9999391269  -0.01103370084
34  36  3.453450566e-17  -0.01103392473  0.9999391269  -0.01103370084

35  0  6.555126549e-17  -0.01151594628  0.9999336922  -0.01151569174
35  1  -1.877444693e-16  -0.0103725032  0.9999462061  -0.01037231721
35  2  -2.000100887e-16  -0.008649038899  0.9999625973  -0.008648931066
35  3  -1.736663451e-16  -0.006499310232  0.9999788796  -0.006499264476
35  4  -4.155353669e-17  -0.003448889009  0.9999940526  -0.003448882171
35  5  1.551856323e-16  0.002838192832  0.9999959723  0.002838189022
35  6  -6.727379777e-17  0.02218547738  0.9997539124  0.02218365749
35  7  -3.127748627e-16  0.07931943043  0.996855863  0.07923628261
35  8  -5.341989335e-17  0.0978378283  0.9952176963  0.09768181511
35  9  1.796407755e-17  0.0896382349  0.9959851828  0.08951824239
35  10  1.907018097e-17  1.189607319  0.3720243966  0.9282229519
35  11  1.275093995e-16  0.02426335611  0.9997056592  0.0242609755
35  12  1.001636851e-16  0.8669907004  0.6471237188  0.7623850028
35  13  -1.871284334e-16  -1.792875288  -0.2202580032  -0.9754416497
35  14  -4.307393789e-16  0.3005843678  0.9551636335  0.296078424
35  15  1.108748516e-16  0.3155736859  0.9506184851  0.3103618787
35  16  2.533168413e-16  0.07553233394  0.9971487892  0.07546053408
35  17  2.919963838e-16  0.0463395951  0.9989265131  0.04632301226
35  18  4.82889936e-17  0.05336277555  0.9985765449  0.05333745331
35  19  5.229777724e-16  0.1485420738  0.9889878968  0.1479964189
35  20  1.364763643e-16  0.3906941312  0.9246449364  0.3808303317
35  21  -4.532393821e-17  0.4102023697  0.9170401376  0.3987949173
35  22  5.109667717e-17  -1.332304861  0.2362370598  -0.9716954521
35  23  -1.897651827e-17  0.135596276  0.9908209021  0.1351811378
35  24  1.0539352e-16  0.02089484476  0.9997817107  0.02089332436
35  25  1.138499413e-16  1.242482631  0.3224472536  0.9465874332
35  26  1.778343672e-16  0.06519675946  0.997875444  0.06515058153
35  27  1.23650079e-16  0.1059585852  0.9943916393  0.1057604264
35  28  2.889809258e-17  0.04563493964  0.9989589068  0.0456191018
35  29  6.316269559e-17  0.009569520234  0.9999542125  0.009569374179
35  30  6.712618213e-17  -0.001026443371  0.9999994732  -0.001026443191
35  31  5.315934664e-17  -0.005161343707  0.9999866803  -0.005161320791
35  32  -6.65531873e-17  -0.007631414685  0.9999708809  -0.007631340612
35  33  -3.120861199e-16  -0.00956008748  0.9999543027  -0.009559941857
35  34  2.798737316e-17  -0.01103392473  0.9999391269  -0.01103370084
35  35  1.014707126e-16  -0.01176615991  0.9999307795  -0.01176588842
35  36  1.014707126e-16  -0.01176615991  0.9999307795  -0.01176588842

36  0  6.555126549e-17  -0.01151594628  0.9999307795  -0.01176588842
36  1  9.350597922e-17  -0.009027432596  0.9999307795  -0.01176588842
36  2  -1.326849701e-17  -0.005274112857  0.9999307795  -0.01176588842
36  3  -2.075555572e-16  0.003983276095  0.9999307795  -0.01176588842
36  4  4.585980378e-17  0.04598602998  0.9999307795  -0.01176588842
36  5  -2.202393497e-16  -1.1957085  0.9999307795  -0.01176588842
36  6  -1.934810883e-18  0.2379801772  0.9999307795  -0.01176588842
36  7  -1.318784517e-17  -0.002153255204  0.9999307795  -0.01176588842
36  8  6.035045133e-17  0.003648529912  0.9999307795  -0.01176588842
36  9  9.037091397e-17  0.00308325447  0.9999307795  -0.01176588842
36  10  6.086397763e-17  -0.02835605273  0.9999307795  -0.01176588842
36  11  -1.415556636e-17  1.20745769  0.9999307795  -0.01176588842
36  12  -1.527866875e-18  -0.05092965688  0.9999307795  -0.01176588842
36  13  5.886024696e-17  0.009304031749  0.9999307795  -0.01176588842
36  14  1.119048732e-16  0.0276420277  0.9999307795  -0.01176588842
36  15  -2.707460971e-16  0.05050875663  0.9999307795  -0.01176588842
36  16  -1.592401968e-16  0.02420828971  0.9999307795  -0.01176588842
36  17  1.605629471e-16  0.03888921054  0.9999307795  -0.01176588842
36  18  3.971008332e-17  0.03888921054  0.9999307795  -0.01176588842
36  19  -4.247935395e-17  0.02420828971  0.9999307795  -0.01176588842
36  20  -8.104006341e-17  0.05050875663  0.9999307795  -0.01176588842
36  21  3.550230089e-17  0.0276420277  0.9999307795  -0.01176588842
36  22  -2.02007245e-16  0.009304031749  0.9999307795  -0.01176588842
36  23  -4.524801869e-17  -0.05092965688  0.9999307795  -0.01176588842
36  24  -2.778977465e-16  1.20745769  0.9999307795  -0.01176588842
36  25  1.874309694e-16  -0.02835605273  0.9999307795  -0.01176588842
36  26  -1.126316714e-16  0.00308325447  0.9999307795  -0.01176588842
36  27  1.65621958e-16  0.003648529912  0.9999307795  -0.01176588842
36  28  1.597737306e-17  -0.002153255204  0.9999307795  -0.01176588842
36  29  4.337409793e-16  0.2379801772  0.9999307795  -0.01176588842
36  30  1.303616243e-16  -1.1957085  0.9999307795  -0.01176588842
36  31  -6.44829302e-17  0.04598602998  0.9999307795  -0.01176588842
36  32  8.604584069e-17  0.003983276095  0.9999307795  -0.01176588842
36  33  1.197044064e-17  -0.005274112857  0.9999307795  -0.01176588842
36  34  8.441475467e-18  -0.009027432596  0.9999307795  -0.01176588842
36  35  1.66328848e-16  -0.01151594628  0.9999307795  -0.01176588842
36  36  1.66328848e-16  -0.01151594628  0.9999307795  -0.01176588842

#Chern no*2pi*Iota= -6.505647892e-15  87.9645943
