#nx  ny  tilde_F(nx,ny).real()  tilde_F(nx,ny).imag()  ArgofLog.real()  ArgofLog.imag()
#Extra momentum point for pm3d corners2color c1
0  0  1.7335029e-16  0.0197017703  0.9998059264  0.01970049575
0  1  -1.708180262e-16  0.0251498132  0.9996837601  0.02514716202
0  2  1.666394249e-16  0.06082934071  0.9981504661  0.06079183411
0  3  4.36347903e-16  0.1382442731  0.9904594695  0.1378043516
0  4  2.038260991e-16  0.1296662627  0.9916051022  0.1293032142
0  5  1.732030931e-16  0.06566513174  0.9978448198  0.06561795156
0  6  1.705875923e-17  0.03173730854  0.9994964139  0.03173198087
0  7  1.393133201e-16  0.01783276429  0.9998410005  0.01783181914
0  8  -5.755554944e-17  0.01090860974  0.9999405017  0.01090839339
0  9  -6.188098937e-17  0.003559797473  0.9999936639  0.003559789954
0  10  9.49917485e-17  -0.01343259197  0.9999097841  -0.01343218803
0  11  -9.362148076e-18  -0.06286202505  0.9980248335  -0.06282063194
0  12  1.563182756e-16  -0.1623636009  0.9868479614  -0.1616511707
0  13  -6.23396127e-17  -0.1583191546  0.987493678  -0.1576586059
0  14  -7.979888584e-17  -0.06388245682  0.9979602097  -0.06383901531
0  15  -4.892246714e-17  -0.02008059847  0.9997983916  -0.02007924898
0  16  -5.731500051e-17  -0.004254297629  0.9999909505  -0.004254284796
0  17  5.055765025e-17  0.003508319846  0.9999938459  0.003508312649
0  18  2.626544769e-17  0.005283599092  0.9999860418  0.005283574509
0  19  -9.711638728e-17  0.0002359597752  0.9999999722  0.000235959773
0  20  5.869807819e-17  -0.01064665247  0.9999433249  -0.01064645133
0  21  1.724616944e-16  -0.03715825714  0.9993097114  -0.03714970677
0  22  3.640149827e-16  -0.1143652891  0.9934674152  -0.1141161469
0  23  3.645209414e-17  -0.1873365956  0.9825037591  -0.1862427538
0  24  -5.894944773e-17  -0.1027143657  0.9947295157  -0.1025338507
0  25  4.093056046e-16  -0.02912903708  0.9995757796  -0.02912491792
0  26  2.535449221e-16  -0.002174408213  0.999997636  -0.0021744065
0  27  -1.320621683e-16  0.007951718752  0.9999683853  0.007951634954
0  28  2.906451576e-16  0.01419462084  0.9998992581  0.01419414417
0  29  -7.90763522e-18  0.02367803749  0.9997196884  0.02367582504
0  30  6.79393516e-17  0.04590658275  0.9989464779  0.04589046042
0  31  1.303824333e-16  0.09673890396  0.9953244403  0.0965880874
0  32  2.49634821e-16  0.1478363219  0.9890920992  0.1472984021
0  33  3.842677553e-17  0.09802166321  0.9951997221  0.09786476922
0  34  4.487678729e-17  0.03714814408  0.999310087  0.03713960069
0  35  -5.411727655e-16  0.02118859916  0.99977553  0.02118701374
0  36  -5.411727655e-16  0.02118859916  0.99977553  0.02118701374

1  0  -1.192243538e-16  0.0251498132  0.9996837601  0.02514716202
1  1  -3.874555943e-16  0.02762419837  0.9996184761  0.02762068518
1  2  -2.200183259e-16  0.0522411508  0.9986357414  0.05221739182
1  3  2.712666383e-16  0.1089893198  0.994066541  0.1087736732
1  4  -1.294872413e-17  0.1084486813  0.994125203  0.1082362266
1  5  -7.21107653e-17  0.05443592396  0.9985187309  0.05440904323
1  6  -1.000987345e-16  0.02319471168  0.9997310147  0.02319263197
1  7  8.169750954e-17  0.01059852986  0.9999438361  0.01059833144
1  8  -4.854655914e-16  0.005408919816  0.9999853718  0.005408893442
1  9  -1.019456285e-16  0.002306283434  0.9999973405  0.002306281389
1  10  -1.647828416e-17  -0.002515029384  0.9999968373  -0.002515026732
1  11  1.659059525e-16  -0.01416633895  0.9998996591  -0.01416586512
1  12  7.25382873e-17  -0.03990140549  0.9992040445  -0.03989081835
1  13  -2.085276626e-16  -0.06801012614  0.9976882027  -0.06795770951
1  14  -1.880453324e-16  -0.05645201607  0.9984070081  -0.05642203701
1  15  -2.550629975e-17  -0.02698781269  0.9996358511  -0.02698453675
1  16  -4.312527232e-16  -0.009059670851  0.9999589615  -0.009059546918
1  17  -1.457835095e-16  0.0006313142351  0.9999998007  0.0006313141931
1  18  -1.469413018e-16  0.005456034196  0.9999851159  0.005456007127
1  19  -1.126383145e-16  0.003683534856  0.9999932158  0.003683526526
1  20  1.470794512e-17  -0.003754179987  0.9999929531  -0.003754171168
1  21  7.795708735e-17  -0.01732251407  0.999849969  -0.01732164776
1  22  1.333315537e-16  -0.04422498304  0.9990222348  -0.04421056821
1  23  -2.935045127e-17  -0.0707571401  0.9974977578  -0.07069811308
1  24  1.661645446e-16  -0.05291908952  0.9986001117  -0.05289439361
1  25  1.903072194e-16  -0.02220476278  0.9997534844  -0.02220293815
1  26  7.809851723e-17  -0.006015189367  0.9999819088  -0.006015153093
1  27  -1.447508719e-16  0.0007659801872  0.9999997066  0.0007659801123
1  28  -1.159506879e-16  0.004052508834  0.9999917886  0.004052497741
1  29  -1.413426198e-19  0.007754396942  0.9999699348  0.00775431923
1  30  2.829630547e-16  0.01605812174  0.9998710711  0.01605743161
1  31  6.261024836e-17  0.03687313181  0.9993202631  0.03686477675
1  32  -2.215059259e-16  0.08144590944  0.9966851149  0.08135589492
1  33  4.958017453e-17  0.1163426199  0.9932398278  0.1160803361
1  34  -1.437389956e-16  0.0786167873  0.9969112917  0.07853582918
1  35  -7.148582393e-17  0.03714814408  0.999310087  0.03713960069
1  36  -7.148582393e-17  0.03714814408  0.999310087  0.03713960069

2  0  -2.975246403e-17  0.06082934071  0.9981504661  0.06079183411
2  1  -1.413775078e-16  0.0522411508  0.9986357414  0.05221739182
2  2  -1.563103727e-16  0.07498659164  0.9971898227  0.0749163366
2  3  2.024666348e-16  0.1198060058  0.9928318406  0.1195196059
2  4  -2.671224287e-16  0.1012671358  0.994876864  0.1010941415
2  5  2.504586443e-17  0.04423905137  0.9990216127  0.04422462278
2  6  -2.019138695e-16  0.01500087656  0.999887489  0.01500031397
2  7  4.272994175e-17  0.003815294911  0.9999927218  0.003815285654
2  8  -8.393532816e-17  -0.0004338933718  0.9999999059  -0.0004338933581
2  9  -3.677277947e-16  -0.001818787159  0.999998346  -0.001818786156
2  10  -1.26962011e-16  -0.002363285609  0.9999972074  -0.002363283409
2  11  1.964025487e-16  -0.003985130461  0.9999920594  -0.003985119913
2  12  -2.126670956e-16  -0.008561375011  0.9999633517  -0.008561270424
2  13  -1.890457079e-16  -0.01674158354  0.999859863  -0.0167408015
2  14  -2.054624367e-16  -0.02336574573  0.9997270334  -0.02336361967
2  15  -2.34581535e-16  -0.02006211621  0.9997987625  -0.02006077044
2  16  -1.989008779e-16  -0.01059096513  0.9999439163  -0.01059076713
2  17  1.013640619e-16  -0.001873309185  0.9999982454  -0.001873308089
2  18  -3.399952481e-17  0.004473179974  0.9999899953  0.004473165057
2  19  9.676727511e-17  0.006016664988  0.9999818999  0.006016628688
2  20  1.346013614e-16  0.001527431488  0.9999988335  0.001527430894
2  21  2.618765761e-17  -0.006397879916  0.9999795336  -0.006397836269
2  22  -2.483741907e-16  -0.01646246389  0.9998644967  -0.01646172031
2  23  -5.464533294e-19  -0.02373141122  0.9997184233  -0.02372918377
2  24  2.756538983e-16  -0.02017029066  0.9997965866  -0.02016892301
2  25  3.048433361e-16  -0.01137430225  0.9999353133  -0.01137405699
2  26  1.309760346e-17  -0.0052766455  0.9999860785  -0.005276621013
2  27  -3.002795423e-17  -0.002661781251  0.9999964575  -0.002661778108
2  28  1.012427715e-16  -0.001958696732  0.9999980818  -0.001958695479
2  29  -3.588019428e-16  -0.001276020931  0.9999991859  -0.001276020584
2  30  -1.676543215e-16  0.001296496424  0.9999991595  0.001296496061
2  31  5.916951432e-17  0.008450362393  0.9999642959  0.008450261822
2  32  1.803155778e-16  0.02710433475  0.9996327  0.02710101619
2  33  -2.570291179e-17  0.07019712158  0.9975371936  0.0701394848
2  34  2.488245039e-16  0.1163426199  0.9932398278  0.1160803361
2  35  2.637235728e-16  0.09802166321  0.9951997221  0.09786476922
2  36  2.637235728e-16  0.09802166321  0.9951997221  0.09786476922

3  0  -5.364897692e-17  0.1382442731  0.9904594695  0.1378043516
3  1  -1.007873924e-16  0.1089893198  0.994066541  0.1087736732
3  2  1.322965404e-16  0.1198060058  0.9928318406  0.1195196059
3  3  3.723744991e-17  0.1554318114  0.9879447756  0.1548067195
3  4  -2.144807266e-16  0.1215041161  0.9926274518  0.1212053708
3  5  3.778891764e-17  0.04830629372  0.9988334779  0.0482875088
3  6  2.287999512e-16  0.01346522113  0.9999093453  0.01346481424
3  7  -1.616382455e-16  0.001020458737  0.9999994793  0.00102045856
3  8  -1.585357292e-16  -0.003895040118  0.9999924143  -0.003895030269
3  9  -1.901599473e-16  -0.00577540769  0.9999833224  -0.005775375583
3  10  2.92933164e-17  -0.005711131422  0.9999836915  -0.005711100375
3  11  -1.572413288e-16  -0.004609978879  0.9999893741  -0.00460996255
3  12  2.248357044e-16  -0.003975218439  0.9999920988  -0.003975207969
3  13  3.07987041e-17  -0.004877188611  0.9999881065  -0.004877169275
3  14  5.475071402e-17  -0.007055626918  0.9999751092  -0.007055568378
3  15  -2.546406536e-16  -0.008459234976  0.9999642209  -0.008459134088
3  16  9.361482622e-17  -0.006710955855  0.9999774816  -0.006710905482
3  17  4.124014949e-16  -0.002106407613  0.9999977815  -0.002106406056
3  18  5.289332335e-17  0.003492328687  0.9999939018  0.003492321588
3  19  -5.428596887e-17  0.007233763719  0.9999738364  0.007233700632
3  20  -2.836843248e-18  0.005744682332  0.9999834994  0.005744650735
3  21  -1.661675977e-17  0.0004777925726  0.9999998859  0.0004777925544
3  22  -1.848075825e-16  -0.004956954632  0.9999877143  -0.004956934332
3  23  1.002470611e-16  -0.008189421763  0.9999664669  -0.008189330224
3  24  2.328689304e-16  -0.007846212126  0.9999692186  -0.00784613162
3  25  1.923944501e-16  -0.005580668414  0.9999844281  -0.005580639446
3  26  -2.417098211e-18  -0.003975180484  0.999992099  -0.003975170014
3  27  1.52786914e-16  -0.003994897149  0.9999920204  -0.003994886523
3  28  -1.455878707e-16  -0.005147137839  0.9999867535  -0.005147115111
3  29  -1.98137376e-16  -0.005968660035  0.9999821876  -0.005968624596
3  30  1.25078513e-16  -0.005138353369  0.9999867987  -0.005138330758
3  31  3.55271289e-16  -0.001912240713  0.9999981717  -0.001912239547
3  32  2.909468917e-17  0.005949779331  0.9999823001  0.005949744227
3  33  -9.925529538e-17  0.02710433475  0.9996327  0.02710101619
3  34  -6.640781302e-17  0.08144590944  0.9966851149  0.08135589492
3  35  -1.776903446e-17  0.1478363219  0.9890920992  0.1472984021
3  36  -1.776903446e-17  0.1478363219  0.9890920992  0.1472984021

4  0  -1.137756067e-16  0.1296662627  0.9916051022  0.1293032142
4  1  -5.753581088e-17  0.1084486813  0.994125203  0.1082362266
4  2  -2.644377588e-19  0.1012671358  0.994876864  0.1010941415
4  3  -1.213892362e-16  0.1215041161  0.9926274518  0.1212053708
4  4  -1.442676254e-16  0.1190916928  0.9929169618  0.1188103828
4  5  3.454443278e-17  0.06156677192  0.9981053649  0.06152788482
4  6  2.697453136e-16  0.01864004337  0.9998262794  0.01863896397
4  7  -6.187564594e-17  0.001985386369  0.9999980291  0.001985385065
4  8  -4.484089664e-16  -0.004649834412  0.9999891895  -0.004649817656
4  9  -1.429627969e-16  -0.008163756174  0.9999666767  -0.008163665493
4  10  -6.877370082e-17  -0.01000217694  0.9999499786  -0.01000201016
4  11  -5.554916377e-17  -0.009584210095  0.9999540718  -0.009584063366
4  12  1.103595991e-16  -0.007006413255  0.9999754552  -0.007006355931
4  13  -1.804255367e-16  -0.004288716496  0.9999908035  -0.004288703349
4  14  1.736982902e-16  -0.002981140591  0.9999955564  -0.002981136175
4  15  4.154248352e-17  -0.002768927186  0.9999961665  -0.002768923648
4  16  2.09079504e-17  -0.002356932446  0.9999972224  -0.002356930264
4  17  -4.885674821e-17  -0.0004759633164  0.9999998867  -0.0004759632984
4  18  -4.801178093e-17  0.00328325264  0.9999946101  0.003283246741
4  19  6.125166763e-17  0.007604304207  0.9999710874  0.00760423092
4  20  1.125610306e-16  0.008773382936  0.9999615141  0.008773270385
4  21  -4.387652225e-17  0.005408498695  0.9999853741  0.005408472327
4  22  7.780092438e-17  0.001040034098  0.9999994592  0.00104003391
4  23  -6.133501538e-17  -0.001723330065  0.9999985151  -0.001723329212
4  24  -7.080959847e-17  -0.002632000621  0.9999965363  -0.002631997582
4  25  1.019796596e-16  -0.002695751759  0.9999963665  -0.002695748494
4  26  -2.444284953e-16  -0.003309177277  0.9999945247  -0.003309171237
4  27  -2.490153153e-17  -0.005404447054  0.999985396  -0.005404420745
4  28  -2.370965883e-16  -0.008472567278  0.999964108  -0.008472465912
4  29  -1.502347185e-16  -0.01024645802  0.9999475055  -0.01024627873
4  30  6.348762434e-17  -0.009399581561  0.9999558243  -0.00939944315
4  31  3.225958453e-17  -0.00663873824  0.9999779637  -0.006638689475
4  32  3.697319536e-17  -0.001912240713  0.9999981717  -0.001912239547
4  33  2.004493e-16  0.008450362393  0.9999642959  0.008450261822
4  34  -2.298613257e-16  0.03687313181  0.9993202631  0.03686477675
4  35  -9.531377516e-17  0.09673890396  0.9953244403  0.0965880874
4  36  -9.531377516e-17  0.09673890396  0.9953244403  0.0965880874

5  0  1.266995434e-16  0.06566513174  0.9978448198  0.06561795156
5  1  3.396244223e-16  0.05443592397  0.9985187309  0.05440904323
5  2  2.76784285e-16  0.04423905137  0.9990216127  0.04422462278
5  3  2.018267927e-16  0.04830629372  0.9988334779  0.0482875088
5  4  2.757653691e-17  0.06156677192  0.9981053649  0.06152788482
5  5  -2.235006769e-16  0.05694414839  0.99837912  0.05691337852
5  6  -1.718277968e-16  0.02812980281  0.9996043832  0.02812609317
5  7  -6.706883413e-17  0.006868385945  0.9999764127  0.006868331943
5  8  -1.051141852e-16  -0.002516211522  0.9999968343  -0.002516208867
5  9  -1.08658761e-16  -0.007418165597  0.9999724855  -0.007418097561
5  10  -1.02864739e-16  -0.01148290689  0.9999340721  -0.01148265454
5  11  5.106981506e-17  -0.01522537024  0.9998840963  -0.01522478201
5  12  2.94763348e-16  -0.01629203981  0.9998672877  -0.01629131908
5  13  1.711852971e-16  -0.01221498112  0.999925398  -0.01221467736
5  14  1.649472547e-16  -0.006138136714  0.9999811617  -0.00613809817
5  15  -1.900689056e-16  -0.002336380897  0.9999972707  -0.002336378771
5  16  -6.421531533e-17  -0.0005883988656  0.9999998269  -0.0005883988317
5  17  -3.102240095e-16  0.0008970776988  0.9999995976  0.0008970775785
5  18  -3.319481725e-16  0.00352510384  0.9999937868  0.00352509654
5  19  -1.879015057e-16  0.007580659437  0.9999712669  0.007580586832
5  20  -2.132769633e-16  0.01065444552  0.9999432419  0.01065424394
5  21  -3.67172188e-16  0.009371724042  0.9999560857  0.009371586857
5  22  2.393050633e-17  0.005277992815  0.9999860714  0.00527796831
5  23  1.839287196e-16  0.001912977608  0.9999981703  0.001912976441
5  24  -7.900671549e-17  6.540386209e-05  0.9999999979  6.540386205e-05
5  25  -3.810799515e-16  -0.001267665731  0.9999991965  -0.001267665392
5  26  -2.490603489e-17  -0.003721670854  0.9999930746  -0.003721662262
5  27  1.430724272e-16  -0.008872098452  0.9999606432  -0.00887198206
5  28  -1.772293091e-17  -0.01507729089  0.9998863398  -0.01507671966
5  29  -8.609282083e-17  -0.01672627495  0.9998601191  -0.01672549505
5  30  -3.445444944e-16  -0.01358316992  0.9999077502  -0.01358275223
5  31  -1.049449009e-16  -0.009399581561  0.9999558243  -0.00939944315
5  32  -3.850299042e-16  -0.005138353369  0.9999867987  -0.005138330758
5  33  -1.421302101e-16  0.001296496424  0.9999991595  0.001296496061
5  34  -6.349712334e-17  0.01605812174  0.9998710711  0.01605743161
5  35  1.51503713e-16  0.04590658276  0.9989464779  0.04589046042
5  36  1.51503713e-16  0.04590658276  0.9989464779  0.04589046042

6  0  2.612272574e-16  0.03173730854  0.9994964139  0.03173198087
6  1  7.623796684e-17  0.02319471168  0.9997310147  0.02319263197
6  2  6.732629433e-17  0.01500087656  0.999887489  0.01500031397
6  3  -1.817443326e-16  0.01346522113  0.9999093453  0.01346481424
6  4  1.444280405e-16  0.01864004337  0.9998262794  0.01863896397
6  5  3.743798354e-17  0.02812980281  0.9996043832  0.02812609317
6  6  -9.210203398e-17  0.02860559996  0.9995908877  0.02860169888
6  7  -2.157872282e-16  0.01461093988  0.9998932621  0.01461042003
6  8  -6.267021459e-18  0.002293863235  0.9999973691  0.002293861223
6  9  1.004715115e-16  -0.003995393402  0.9999920184  -0.003995382772
6  10  -3.936245433e-17  -0.008214013319  0.9999662652  -0.008213920952
6  11  2.639869199e-17  -0.0133693883  0.9999106311  -0.01336899003
6  12  1.061426204e-16  -0.0212982569  0.9997732007  -0.02129664673
6  13  1.830116335e-17  -0.02991410724  0.9995526065  -0.02990964598
6  14  1.124818493e-16  -0.02837404834  0.9995974837  -0.02837024123
6  15  2.213559212e-16  -0.01412240227  0.9999002805  -0.01412193284
6  16  2.152503769e-16  -0.003722164849  0.9999930728  -0.003722156254
6  17  2.257219832e-17  0.00046280294  0.9999998929  0.0004628029235
6  18  1.805921084e-17  0.003363306523  0.9999943441  0.003363300182
6  19  1.135654708e-16  0.007301170787  0.9999733466  0.00730110592
6  20  1.704449563e-17  0.01161686861  0.9999325249  0.01161660732
6  21  -2.039778906e-17  0.01272911866  0.9999189859  0.01272877491
6  22  1.014223233e-16  0.009388687734  0.9999559266  0.009388549804
6  23  2.518976468e-16  0.005009275289  0.9999874536  0.00500925434
6  24  2.740217632e-16  0.001827094217  0.9999983309  0.0018270932
6  25  -7.931504871e-17  -0.001061941687  0.9999994361  -0.001061941487
6  26  -1.091157363e-17  -0.007142072076  0.9999744955  -0.007142011358
6  27  1.663381414e-16  -0.02134444504  0.999772216  -0.02134282437
6  28  4.522262483e-17  -0.03304186779  0.9994541671  -0.03303585579
6  29  2.175158642e-16  -0.02681085916  0.9996406104  -0.02680764724
6  30  -7.648554562e-17  -0.01672627495  0.9998601191  -0.01672549505
6  31  -2.442747277e-16  -0.01024645802  0.9999475055  -0.01024627873
6  32  -5.198664832e-16  -0.005968660035  0.9999821876  -0.005968624596
6  33  -2.593698412e-16  -0.001276020931  0.9999991859  -0.001276020584
6  34  -2.036044123e-16  0.007754396942  0.9999699348  0.007754319229
6  35  -6.375155402e-18  0.02367803749  0.9997196884  0.02367582504
6  36  -6.375155402e-18  0.02367803749  0.9997196884  0.02367582504

7  0  -2.064980466e-16  0.01783276429  0.9998410005  0.01783181914
7  1  -1.930663752e-16  0.01059852986  0.9999438361  0.01059833144
7  2  -8.974526555e-17  0.00381529491  0.9999927218  0.003815285654
7  3  -5.642230089e-17  0.001020458737  0.9999994793  0.00102045856
7  4  -2.8628935e-16  0.001985386369  0.9999980291  0.001985385065
7  5  -1.358673228e-16  0.006868385945  0.9999764127  0.006868331943
7  6  -2.261983201e-16  0.01461093988  0.9998932621  0.01461042003
7  7  1.324116649e-16  0.01691505355  0.9998569439  0.01691424694
7  8  1.897319048e-16  0.008627319306  0.9999627849  0.008627212283
7  9  -4.88599775e-17  0.0003946860238  0.9999999221  0.0003946860136
7  10  -1.900587115e-16  -0.003877774361  0.9999924814  -0.003877764643
7  11  -5.529089133e-17  -0.006987771809  0.9999755856  -0.006987714942
7  12  1.56752823e-16  -0.01182351034  0.9999301031  -0.01182323486
7  13  3.726496263e-17  -0.02318675606  0.9997311992  -0.02318467849
7  14  -7.822240464e-18  -0.05153279289  0.9986724795  -0.05150998726
7  15  -1.078573724e-16  -0.09649935978  0.9953475488  -0.09634966045
7  16  -8.105073809e-17  -0.08027591706  0.9967796185  -0.08018972552
7  17  1.659486854e-16  -0.01759068039  0.999845288  -0.01758977322
7  18  1.201534158e-16  -0.001287892098  0.9999991707  -0.001287891742
7  19  1.027956483e-16  0.005098954904  0.9999870004  0.005098932809
7  20  6.550143727e-17  0.01073505618  0.9999423798  0.01073485
7  21  1.605891257e-16  0.01425685064  0.9998983728  0.01425636768
7  22  -1.06492582e-16  0.01283194469  0.9999176717  0.01283159255
7  23  1.84194025e-16  0.007870211614  0.99996903  0.007870130367
7  24  2.058162797e-16  0.002431293253  0.9999970444  0.002431290858
7  25  2.435088484e-16  -0.004790581688  0.9999885252  -0.004790563364
7  26  -4.48174738e-17  -0.03071212747  0.9995284197  -0.03070729958
7  27  -1.69085868e-16  -0.1115889012  0.9937804165  -0.1113574597
7  28  2.521692645e-16  -0.08481412625  0.9964054375  -0.08471247865
7  29  1.265709896e-17  -0.03304186779  0.9994541671  -0.03303585579
7  30  7.713505467e-17  -0.01507729089  0.9998863398  -0.01507671966
7  31  -2.66006329e-17  -0.008472567278  0.999964108  -0.008472465912
7  32  -2.363577344e-16  -0.005147137839  0.9999867535  -0.005147115112
7  33  1.722430965e-16  -0.001958696732  0.9999980818  -0.001958695479
7  34  -1.873793273e-16  0.004052508834  0.9999917886  0.004052497741
7  35  1.134029208e-16  0.01419462084  0.9998992581  0.01419414417
7  36  1.134029208e-16  0.01419462084  0.9998992581  0.01419414417

8  0  -4.695293081e-17  0.01090860974  0.9999405017  0.01090839339
8  1  3.184792666e-19  0.005408919816  0.9999853718  0.005408893442
8  2  4.471785716e-17  -0.0004338933718  0.9999999059  -0.0004338933582
8  3  9.096682839e-17  -0.003895040118  0.9999924143  -0.003895030269
8  4  1.681901427e-16  -0.004649834412  0.9999891895  -0.004649817656
8  5  1.609980157e-16  -0.002516211522  0.9999968343  -0.002516208867
8  6  2.12692957e-16  0.002293863235  0.9999973691  0.002293861223
8  7  -3.286644172e-16  0.008627319306  0.9999627849  0.008627212283
8  8  3.585233703e-17  0.01034303135  0.9999465113  0.01034284694
8  9  2.974123487e-16  0.003924202918  0.9999923003  0.003924192847
8  10  -1.946146134e-17  -0.0015502061  0.9999987984  -0.001550205479
8  11  1.408460932e-16  -0.003639111044  0.9999933784  -0.003639103012
8  12  3.122436528e-16  -0.004906536056  0.999987963  -0.004906516369
8  13  1.82347935e-16  -0.007359234364  0.999972921  -0.007359167937
8  14  1.195675718e-16  -0.01517605395  0.9998848459  -0.01517547141
8  15  8.348750553e-17  -0.05618842312  0.9984218458  -0.05615886201
8  16  -1.125409305e-16  -0.3979025427  0.9218757557  -0.387485601
8  17  1.571550666e-16  -1.303561694  0.2640652397  -0.9645048207
8  18  -2.591456993e-16  -0.1598370973  0.9872532236  -0.1591573825
8  19  -3.332533468e-16  -0.01515505909  0.9998851643  -0.01515447897
8  20  3.22565145e-17  0.002058531745  0.9999978812  0.002058530291
8  21  7.274781079e-17  0.009455160904  0.9999553003  0.009455020022
8  22  2.18924379e-16  0.01102959104  0.9999391747  0.01102936741
8  23  -1.802819942e-16  0.006778287487  0.9999770275  0.006778235583
8  24  -1.195822558e-16  -0.002329140623  0.9999972876  -0.002329138517
8  25  1.532966112e-16  -0.02606609041  0.9996602987  -0.02606313878
8  26  -1.833198576e-16  -0.3368610495  0.9437968188  -0.3305261938
8  27  7.051279392e-17  -1.449025431  0.1214701789  -0.9925950814
8  28  -1.190112479e-16  -0.1115889012  0.9937804165  -0.1113574597
8  29  -4.935580649e-16  -0.02134444504  0.999772216  -0.02134282437
8  30  -2.282124757e-16  -0.008872098452  0.9999606432  -0.008871982059
8  31  4.016243093e-19  -0.005404447053  0.999985396  -0.005404420745
8  32  2.855963243e-16  -0.003994897149  0.9999920204  -0.003994886523
8  33  -7.345041044e-17  -0.002661781251  0.9999964575  -0.002661778108
8  34  -3.165787746e-16  0.0007659801872  0.9999997066  0.0007659801123
8  35  -7.461259547e-17  0.007951718751  0.9999683853  0.007951634954
8  36  -7.461259547e-17  0.007951718751  0.9999683853  0.007951634954

9  0  8.906561316e-17  0.003559797472  0.9999936639  0.003559789954
9  1  2.99732531e-16  0.002306283434  0.9999973405  0.002306281389
9  2  6.988720906e-17  -0.001818787159  0.999998346  -0.001818786156
9  3  9.382298833e-17  -0.00577540769  0.9999833224  -0.005775375583
9  4  -1.148019839e-16  -0.008163756174  0.9999666767  -0.008163665493
9  5  -3.680918364e-16  -0.007418165597  0.9999724855  -0.007418097561
9  6  1.152595068e-16  -0.003995393402  0.9999920184  -0.003995382772
9  7  -3.133239751e-17  0.0003946860239  0.9999999221  0.0003946860136
9  8  1.287535355e-16  0.003924202918  0.9999923003  0.003924192847
9  9  2.230902508e-16  0.001559188792  0.9999987845  0.00155918816
9  10  1.672110501e-16  -0.005091012338  0.9999870408  -0.005090990346
9  11  2.423887094e-16  -0.006373715293  0.9999796879  -0.006373672139
9  12  8.123776457e-17  -0.004910947373  0.9999879413  -0.004910927633
9  13  1.590767239e-16  -0.003790767542  0.999992815  -0.003790758464
9  14  8.506815498e-17  -0.003645733408  0.9999933543  -0.003645725332
9  15  1.167879982e-16  -0.005537545314  0.9999846678  -0.005537517013
9  16  -1.76321987e-17  -0.01789510876  0.9998398868  -0.01789415367
9  17  -1.306890734e-16  -0.2028750159  0.9794913507  -0.2014862128
9  18  -4.665227286e-16  -0.3385559607  0.9432352509  -0.3321253702
9  19  -1.278408501e-16  -0.1064533208  0.9943391941  -0.1062523743
9  20  3.535713152e-19  -0.03016721494  0.9995450041  -0.03016263948
9  21  -4.099434049e-17  -0.007762551159  0.9999698716  -0.007762473201
9  22  2.099502463e-16  -0.0006125610623  0.9999998124  -0.000612561024
9  23  1.155587271e-16  -0.002447727317  0.9999970043  -0.002447724872
9  24  -1.892903735e-16  -0.01391946791  0.9999031258  -0.01391901843
9  25  -3.016570013e-16  -0.05041529854  0.998729418  -0.05039394447
9  26  -2.025141404e-16  -0.2704157079  0.9636599307  -0.2671320608
9  27  -9.102354085e-17  -0.3368610495  0.9437968188  -0.3305261938
9  28  -8.84170582e-17  -0.03071212747  0.9995284197  -0.03070729958
9  29  -1.907027304e-16  -0.007142072076  0.9999744955  -0.007142011358
9  30  -1.335227025e-16  -0.003721670854  0.9999930746  -0.003721662262
9  31  8.817783071e-17  -0.003309177277  0.9999945247  -0.003309171237
9  32  3.550596718e-16  -0.003975180484  0.999992099  -0.003975170014
9  33  -1.679508267e-16  -0.0052766455  0.9999860785  -0.005276621013
9  34  -1.57089366e-16  -0.006015189367  0.9999819088  -0.006015153093
9  35  9.571336736e-17  -0.002174408213  0.999997636  -0.002174406499
9  36  9.571336736e-17  -0.002174408213  0.999997636  -0.002174406499

10  0  -2.155017456e-17  -0.01343259197  0.9999097841  -0.01343218803
10  1  -1.418802745e-16  -0.002515029384  0.9999968373  -0.002515026732
10  2  -8.799534762e-17  -0.002363285609  0.9999972074  -0.002363283409
10  3  7.926386388e-17  -0.005711131422  0.9999836915  -0.005711100376
10  4  1.779939996e-16  -0.01000217694  0.9999499786  -0.01000201016
10  5  -3.296763079e-17  -0.01148290689  0.9999340721  -0.01148265454
10  6  -2.910372422e-16  -0.008214013319  0.9999662652  -0.008213920952
10  7  1.636990262e-16  -0.003877774361  0.9999924814  -0.003877764643
10  8  -1.20211509e-16  -0.0015502061  0.9999987984  -0.001550205479
10  9  6.564638396e-17  -0.005091012338  0.9999870408  -0.005090990346
10  10  3.022718612e-16  -0.02095717873  0.9997804064  -0.02095564468
10  11  2.28431845e-16  -0.02893860703  0.9995813077  -0.02893456813
10  12  -3.740433064e-16  -0.01769686864  0.9998434145  -0.01769594494
10  13  -4.238565045e-17  -0.008625882739  0.9999627973  -0.00862577577
10  14  -2.141731014e-16  -0.00416621066  0.9999913214  -0.004166198607
10  15  -5.23604384e-17  -0.001975054619  0.9999980496  -0.001975053335
10  16  -1.094796733e-16  -0.001048922921  0.9999994499  -0.001048922728
10  17  -1.748196303e-16  -0.002113438513  0.9999977667  -0.00211343694
10  18  -2.499073735e-16  -0.01305096497  0.9999148374  -0.01305059448
10  19  1.323941854e-16  -0.04082256674  0.9991668747  -0.04081122934
10  20  -1.577014259e-16  -0.04294065118  0.9990781919  -0.04292745602
10  21  1.296633411e-16  -0.02628654266  0.9996545287  -0.02628351551
10  22  2.968950316e-16  -0.01520408592  0.9998844201  -0.01520350016
10  23  2.023681976e-16  -0.01290597308  0.9999167191  -0.01290561481
10  24  1.158330616e-16  -0.01933690679  0.9998130478  -0.01933570175
10  25  -1.561920335e-16  -0.03547058668  0.9993709847  -0.03546314918
10  26  9.862885139e-17  -0.05041529854  0.998729418  -0.05039394447
10  27  -5.115699247e-16  -0.02606609041  0.9996602987  -0.02606313878
10  28  6.110877882e-17  -0.004790581688  0.9999885252  -0.004790563365
10  29  -1.712690474e-16  -0.001061941686  0.9999994361  -0.001061941487
10  30  1.062983487e-16  -0.001267665731  0.9999991965  -0.001267665392
10  31  -2.537337329e-16  -0.002695751759  0.9999963665  -0.002695748494
10  32  -2.439253872e-16  -0.005580668414  0.9999844281  -0.005580639446
10  33  2.751249455e-16  -0.01137430225  0.9999353133  -0.01137405699
10  34  9.019149295e-17  -0.02220476278  0.9997534844  -0.02220293815
10  35  1.002501302e-16  -0.02912903708  0.9995757796  -0.02912491792
10  36  1.002501302e-16  -0.02912903708  0.9995757796  -0.02912491792

11  0  3.81167219e-16  -0.06286202505  0.9980248335  -0.06282063194
11  1  4.0377703e-17  -0.01416633895  0.9998996591  -0.01416586512
11  2  4.985587433e-17  -0.003985130461  0.9999920594  -0.003985119913
11  3  3.937979177e-17  -0.004609978879  0.9999893741  -0.00460996255
11  4  -6.796115505e-17  -0.009584210095  0.9999540718  -0.009584063366
11  5  -8.212660243e-17  -0.01522537024  0.9998840963  -0.01522478201
11  6  -2.496585555e-16  -0.0133693883  0.9999106311  -0.01336899003
11  7  3.02433593e-16  -0.006987771809  0.9999755856  -0.006987714942
11  8  6.620941635e-17  -0.003639111044  0.9999933784  -0.003639103012
11  9  4.567576579e-17  -0.006373715293  0.9999796879  -0.006373672139
11  10  1.734328633e-16  -0.02893860703  0.9995813077  -0.02893456813
11  11  -8.861450538e-17  -0.08842315466  0.9960932193  -0.08830797468
11  12  -2.999884722e-16  -0.08648759034  0.9962622791  -0.08637980798
11  13  5.246659711e-17  -0.03608183395  0.9993491212  -0.03607400531
11  14  1.087152173e-16  -0.01352954836  0.9999084771  -0.01352913561
11  15  -1.751033109e-16  -0.005029971294  0.9999873497  -0.005029950084
11  16  -4.004587323e-17  -0.001158861188  0.9999993285  -0.001158860929
11  17  -8.5147709e-17  0.001129624433  0.999999362  0.001129624193
11  18  1.509710423e-16  0.002753542354  0.999996209  0.002753538874
11  19  7.862931839e-17  0.001579251699  0.999998753  0.001579251043
11  20  4.420476891e-17  -0.007748564679  0.99996998  -0.007748487142
11  21  9.433646942e-18  -0.01750886013  0.9998467238  -0.01750796556
11  22  1.593948236e-17  -0.01877563271  0.999823743  -0.01877452959
11  23  -8.826928441e-17  -0.01738776178  0.9998488367  -0.01738688564
11  24  -1.845261224e-16  -0.01806108842  0.999836903  -0.01806010651
11  25  8.931330238e-17  -0.01933690679  0.9998130478  -0.01933570175
11  26  1.252994137e-16  -0.01391946791  0.9999031258  -0.01391901843
11  27  -3.323206184e-16  -0.002329140623  0.9999972876  -0.002329138517
11  28  -1.814284729e-16  0.002431293253  0.9999970444  0.002431290858
11  29  -1.979947128e-16  0.001827094217  0.9999983309  0.0018270932
11  30  1.379749564e-16  6.540386201e-05  0.9999999979  6.540386197e-05
11  31  -5.650955047e-17  -0.002632000621  0.9999965363  -0.002631997582
11  32  1.302243983e-16  -0.007846212126  0.9999692186  -0.00784613162
11  33  2.333949671e-16  -0.02017029066  0.9997965866  -0.02016892301
11  34  -2.262870898e-18  -0.05291908951  0.9986001117  -0.05289439361
11  35  -3.645848127e-19  -0.1027143657  0.9947295157  -0.1025338507
11  36  -3.645848127e-19  -0.1027143657  0.9947295157  -0.1025338507

12  0  8.789822903e-17  -0.1623636009  0.9868479614  -0.1616511707
12  1  -2.017631387e-16  -0.03990140549  0.9992040445  -0.03989081835
12  2  -1.029446806e-16  -0.008561375011  0.9999633517  -0.008561270424
12  3  3.651813595e-17  -0.003975218439  0.9999920988  -0.003975207969
12  4  -4.615745876e-17  -0.007006413255  0.9999754552  -0.007006355931
12  5  2.633440848e-16  -0.01629203981  0.9998672877  -0.01629131908
12  6  -7.259717632e-17  -0.0212982569  0.9997732007  -0.02129664673
12  7  1.413687431e-16  -0.01182351034  0.9999301031  -0.01182323486
12  8  1.671891604e-16  -0.004906536056  0.999987963  -0.004906516369
12  9  6.394408922e-17  -0.004910947373  0.9999879413  -0.004910927633
12  10  1.021224117e-16  -0.01769686864  0.9998434145  -0.01769594494
12  11  -1.904461869e-16  -0.08648759034  0.9962622791  -0.08637980798
12  12  1.388114457e-17  -0.2077216251  0.9785033256  -0.2062310396
12  13  -1.945844488e-17  -0.1265516217  0.9920030249  -0.1262140981
12  14  -1.067760729e-16  -0.04202430299  0.9991171089  -0.04201193463
12  15  -4.430766435e-16  -0.0145082367  0.9998947574  -0.01450772773
12  16  -1.044822036e-16  -0.004485089906  0.999989942  -0.004485074869
12  17  -2.338952359e-16  0.0003064150292  0.9999999531  0.0003064150244
12  18  -1.178624028e-16  0.003681736649  0.9999932224  0.003681728331
12  19  1.523063255e-16  0.007067172771  0.9999750276  0.007067113943
12  20  7.314010046e-17  0.008738180778  0.9999618223  0.008738069577
12  21  -1.163699748e-16  0.003128107812  0.9999951075  0.003128102711
12  22  2.097246301e-16  -0.008061215422  0.9999675086  -0.008061128115
12  23  2.897587316e-16  -0.01580419323  0.9998751163  -0.01580353533
12  24  -7.487538024e-17  -0.01738776178  0.9998488367  -0.01738688564
12  25  2.136201765e-16  -0.01290597308  0.9999167191  -0.01290561481
12  26  -3.712010547e-17  -0.002447727317  0.9999970043  -0.002447724873
12  27  -7.118516479e-17  0.006778287487  0.9999770275  0.006778235583
12  28  1.089521383e-16  0.007870211614  0.99996903  0.007870130367
12  29  -7.543491349e-17  0.005009275289  0.9999874536  0.00500925434
12  30  1.262568665e-16  0.001912977608  0.9999981703  0.001912976441
12  31  2.252452848e-17  -0.001723330065  0.9999985151  -0.001723329212
12  32  8.78815342e-17  -0.008189421763  0.9999664669  -0.008189330223
12  33  -1.81017651e-16  -0.02373141122  0.9997184233  -0.02372918377
12  34  6.790909377e-17  -0.0707571401  0.9974977578  -0.07069811308
12  35  3.500105508e-16  -0.1873365956  0.9825037591  -0.1862427538
12  36  3.500105508e-16  -0.1873365956  0.9825037591  -0.1862427538

13  0  1.200184255e-16  -0.1583191546  0.987493678  -0.1576586059
13  1  2.32363503e-17  -0.06801012614  0.9976882027  -0.06795770951
13  2  3.155467518e-16  -0.01674158354  0.999859863  -0.0167408015
13  3  1.637342605e-16  -0.004877188611  0.9999881065  -0.004877169275
13  4  1.649783953e-17  -0.004288716496  0.9999908035  -0.004288703349
13  5  -1.157689714e-17  -0.01221498112  0.999925398  -0.01221467736
13  6  9.188230681e-17  -0.02991410724  0.9995526065  -0.02990964598
13  7  -9.10999371e-17  -0.02318675606  0.9997311992  -0.02318467849
13  8  3.667630985e-17  -0.007359234365  0.999972921  -0.007359167938
13  9  2.445899576e-16  -0.003790767542  0.999992815  -0.003790758464
13  10  1.945052814e-16  -0.008625882739  0.9999627973  -0.00862577577
13  11  -3.223576138e-17  -0.03608183395  0.9993491212  -0.03607400531
13  12  1.836295051e-16  -0.1265516217  0.9920030249  -0.1262140981
13  13  1.306698438e-16  -0.1496867431  0.9888178419  -0.1491283858
13  14  -1.569713072e-16  -0.0682926322  0.9976689644  -0.06823955976
13  15  -2.39455256e-16  -0.02612797495  0.9996586839  -0.02612500225
13  16  3.847255058e-16  -0.009430118464  0.9999555368  -0.009429978699
13  17  1.927233345e-17  -0.001483721934  0.9999988993  -0.001483721389
13  18  -1.708155553e-16  0.003434538676  0.999994102  0.003434531924
13  19  3.56194446e-16  0.007726521121  0.9999701506  0.007726444243
13  20  -9.755620078e-17  0.01201953429  0.9999277663  0.01201924488
13  21  -3.451840044e-16  0.0135119427  0.9999087151  0.01351153155
13  22  -1.23777786e-16  0.006537704205  0.9999786293  0.006537657633
13  23  2.425130816e-17  -0.008061215423  0.9999675086  -0.008061128116
13  24  2.50912181e-17  -0.01877563271  0.999823743  -0.01877452959
13  25  1.268537912e-16  -0.01520408592  0.9998844201  -0.01520350016
13  26  1.459700459e-16  -0.000612561062  0.9999998124  -0.0006125610237
13  27  -1.949221302e-17  0.01102959104  0.9999391747  0.01102936741
13  28  1.07778133e-16  0.01283194469  0.9999176717  0.01283159255
13  29  8.757309536e-17  0.009388687734  0.9999559266  0.009388549803
13  30  -3.097543574e-16  0.005277992815  0.9999860714  0.00527796831
13  31  6.38461002e-18  0.001040034098  0.9999994592  0.00104003391
13  32  -1.894685988e-16  -0.004956954632  0.9999877143  -0.004956934332
13  33  -6.330931942e-17  -0.01646246389  0.9998644967  -0.01646172031
13  34  1.212881521e-16  -0.04422498304  0.9990222348  -0.04421056821
13  35  -7.110899407e-17  -0.1143652891  0.9934674152  -0.1141161469
13  36  -7.110899407e-17  -0.1143652891  0.9934674152  -0.1141161469

14  0  2.180857613e-17  -0.06388245682  0.9979602097  -0.0638390153
14  1  -6.382812793e-17  -0.05645201607  0.9984070081  -0.05642203701
14  2  -2.73940961e-16  -0.02336574573  0.9997270334  -0.02336361967
14  3  -2.121076957e-16  -0.007055626918  0.9999751092  -0.007055568378
14  4  -1.354853953e-16  -0.002981140591  0.9999955564  -0.002981136175
14  5  1.947637763e-16  -0.006138136715  0.9999811617  -0.006138098171
14  6  6.10917326e-17  -0.02837404834  0.9995974837  -0.02837024123
14  7  -1.676215097e-18  -0.05153279289  0.9986724795  -0.05150998726
14  8  -9.332874361e-17  -0.01517605395  0.9998848459  -0.01517547141
14  9  7.021622554e-18  -0.003645733408  0.9999933543  -0.003645725332
14  10  -2.277543495e-16  -0.00416621066  0.9999913214  -0.004166198607
14  11  -1.037851441e-16  -0.01352954836  0.9999084771  -0.01352913561
14  12  -1.422945538e-16  -0.04202430299  0.9991171089  -0.04201193463
14  13  7.612545213e-17  -0.0682926322  0.9976689644  -0.06823955976
14  14  2.179769272e-16  -0.04872107848  0.998813363  -0.04870180554
14  15  -1.247392635e-16  -0.02433126217  0.9997040094  -0.02432886152
14  16  3.819325481e-16  -0.01059117757  0.999943914  -0.01059097956
14  17  1.002286166e-16  -0.002386486234  0.9999971523  -0.002386483968
14  18  -1.319054772e-16  0.003343696795  0.9999944099  0.003343690564
14  19  2.193565123e-16  0.007862451353  0.9999690911  0.007862370346
14  20  3.333707837e-17  0.0117457666  0.9999310193  0.01174549652
14  21  2.141189881e-16  0.01455669029  0.9998940533  0.01455617621
14  22  -3.6021556e-16  0.0135119427  0.9999087151  0.01351153155
14  23  -1.612496101e-16  0.003128107813  0.9999951075  0.003128102711
14  24  -9.733140644e-17  -0.01750886013  0.9998467238  -0.01750796556
14  25  2.873876923e-16  -0.02628654266  0.9996545287  -0.02628351551
14  26  1.940655406e-17  -0.007762551159  0.9999698716  -0.007762473201
14  27  2.695385899e-17  0.009455160904  0.9999553003  0.009455020022
14  28  1.618936039e-16  0.01425685064  0.9998983728  0.01425636768
14  29  -1.725190182e-16  0.01272911866  0.9999189859  0.01272877491
14  30  -3.854863201e-16  0.009371724042  0.9999560857  0.009371586858
14  31  -1.219801906e-16  0.005408498695  0.9999853741  0.005408472327
14  32  5.801649391e-18  0.0004777925726  0.9999998859  0.0004777925544
14  33  3.527927718e-17  -0.006397879916  0.9999795336  -0.006397836269
14  34  -5.832442698e-17  -0.01732251407  0.999849969  -0.01732164776
14  35  -3.857067261e-16  -0.03715825714  0.9993097114  -0.03714970677
14  36  -3.857067261e-16  -0.03715825714  0.9993097114  -0.03714970677

15  0  -1.786363722e-16  -0.02008059847  0.9997983916  -0.02007924898
15  1  2.052954888e-16  -0.02698781269  0.9996358511  -0.02698453675
15  2  9.694610554e-17  -0.02006211621  0.9997987625  -0.02006077044
15  3  -2.730795422e-16  -0.008459234976  0.9999642209  -0.008459134088
15  4  -1.992265882e-16  -0.002768927186  0.9999961665  -0.002768923648
15  5  1.107750335e-16  -0.002336380897  0.9999972707  -0.002336378771
15  6  3.239862005e-16  -0.01412240227  0.9999002805  -0.01412193284
15  7  6.019278805e-17  -0.09649935978  0.9953475488  -0.09634966045
15  8  -2.061274269e-16  -0.05618842312  0.9984218458  -0.05615886201
15  9  -2.62816091e-16  -0.005537545314  0.9999846678  -0.005537517013
15  10  1.759741841e-16  -0.001975054619  0.9999980496  -0.001975053335
15  11  3.609444852e-18  -0.005029971294  0.9999873497  -0.005029950084
15  12  -6.38148799e-17  -0.0145082367  0.9998947574  -0.01450772773
15  13  -2.145613421e-16  -0.02612797495  0.9996586839  -0.02612500225
15  14  -1.291222998e-16  -0.02433126217  0.9997040094  -0.02432886152
15  15  -3.333995573e-16  -0.01456576114  0.9998939212  -0.01456524609
15  16  3.420369084e-16  -0.006634472949  0.999977992  -0.006634424278
15  17  3.472940785e-16  -0.0007611159739  0.9999997104  -0.0007611159004
15  18  1.398829162e-16  0.004028790553  0.9999918844  0.004028779655
15  19  7.155742492e-17  0.007791855952  0.9999696436  0.007791777108
15  20  1.917824503e-16  0.01031425156  0.9999468086  0.01031406868
15  21  1.327786153e-16  0.0117457666  0.9999310193  0.01174549652
15  22  -3.913194259e-16  0.01201953429  0.9999277663  0.01201924488
15  23  -1.100936818e-16  0.008738180778  0.9999618223  0.008738069576
15  24  8.84201135e-18  -0.00774856468  0.99996998  -0.007748487142
15  25  2.8304873e-16  -0.04294065118  0.9990781919  -0.04292745603
15  26  1.519087709e-16  -0.03016721494  0.9995450041  -0.03016263948
15  27  -2.541081265e-16  0.002058531745  0.9999978812  0.002058530291
15  28  -5.298013982e-17  0.01073505618  0.9999423798  0.01073485
15  29  1.352145696e-16  0.01161686861  0.9999325249  0.01161660732
15  30  -3.063270025e-16  0.01065444552  0.9999432419  0.01065424394
15  31  -1.000996666e-16  0.008773382936  0.9999615141  0.008773270385
15  32  -7.968372573e-17  0.005744682332  0.9999834994  0.005744650735
15  33  5.714620124e-17  0.001527431488  0.9999988335  0.001527430894
15  34  -5.182052437e-17  -0.003754179987  0.9999929531  -0.003754171168
15  35  -3.314555289e-17  -0.01064665247  0.9999433249  -0.01064645133
15  36  -3.314555289e-17  -0.01064665247  0.9999433249  -0.01064645133

16  0  -3.926057058e-17  -0.004254297629  0.9999909505  -0.004254284796
16  1  8.473507608e-17  -0.009059670851  0.9999589615  -0.009059546918
16  2  -1.257089852e-16  -0.01059096513  0.9999439163  -0.01059076713
16  3  -4.706774488e-17  -0.006710955855  0.9999774816  -0.006710905482
16  4  2.75104864e-16  -0.002356932446  0.9999972224  -0.002356930264
16  5  1.381846806e-16  -0.0005883988656  0.9999998269  -0.0005883988316
16  6  2.418210686e-16  -0.003722164849  0.9999930728  -0.003722156254
16  7  2.046220511e-16  -0.08027591706  0.9967796185  -0.08018972552
16  8  7.227950024e-17  -0.3979025427  0.9218757557  -0.387485601
16  9  -2.028900225e-16  -0.01789510876  0.9998398868  -0.01789415367
16  10  1.774805338e-16  -0.001048922921  0.9999994499  -0.001048922728
16  11  4.237778052e-17  -0.001158861188  0.9999993285  -0.001158860929
16  12  -2.50055261e-16  -0.004485089906  0.999989942  -0.004485074869
16  13  -2.165641506e-16  -0.009430118464  0.9999555368  -0.009429978699
16  14  -2.255166609e-16  -0.01059117757  0.999943914  -0.01059097956
16  15  -4.919124322e-16  -0.006634472949  0.999977992  -0.006634424279
16  16  -2.625689008e-17  -0.001781051457  0.9999984139  -0.001781050515
16  17  -3.327019317e-17  0.002241278677  0.9999974883  0.002241276801
16  18  1.314493337e-16  0.005236853133  0.9999862877  0.005236829197
16  19  9.842495037e-17  0.007061356955  0.9999750687  0.007061298272
16  20  1.409286134e-16  0.007791855952  0.9999696436  0.007791777107
16  21  -3.694249401e-17  0.007862451353  0.9999690911  0.007862370346
16  22  -2.355707729e-16  0.007726521121  0.9999701506  0.007726444243
16  23  -1.5321691e-16  0.007067172771  0.9999750276  0.007067113943
16  24  1.628162403e-16  0.0015792517  0.999998753  0.001579251043
16  25  -2.328457861e-16  -0.04082256674  0.9991668747  -0.04081122934
16  26  1.418536544e-16  -0.1064533208  0.9943391941  -0.1062523743
16  27  2.459755195e-16  -0.01515505909  0.9998851643  -0.01515447897
16  28  1.050992283e-16  0.005098954904  0.9999870004  0.005098932809
16  29  -8.408520741e-17  0.007301170787  0.9999733466  0.00730110592
16  30  -1.754022497e-16  0.007580659437  0.9999712669  0.007580586832
16  31  -3.734781641e-17  0.007604304207  0.9999710874  0.00760423092
16  32  -9.72235286e-17  0.007233763719  0.9999738364  0.007233700632
16  33  -1.085110574e-16  0.006016664989  0.9999818999  0.006016628688
16  34  7.384452528e-17  0.003683534856  0.9999932158  0.003683526526
16  35  2.30567069e-16  0.0002359597752  0.9999999722  0.000235959773
16  36  2.30567069e-16  0.0002359597752  0.9999999722  0.000235959773

17  0  3.875733455e-16  0.003508319846  0.9999938459  0.003508312649
17  1  -4.308441138e-17  0.000631314235  0.9999998007  0.0006313141931
17  2  -2.929069044e-16  -0.001873309185  0.9999982454  -0.001873308089
17  3  2.671315876e-17  -0.002106407613  0.9999977815  -0.002106406056
17  4  -1.70721667e-16  -0.0004759633163  0.9999998867  -0.0004759632984
17  5  -8.717108833e-17  0.0008970776988  0.9999995976  0.0008970775785
17  6  2.874600021e-17  0.00046280294  0.9999998929  0.0004628029235
17  7  1.089821383e-16  -0.01759068039  0.999845288  -0.01758977321
17  8  -7.560194763e-17  -1.303561694  0.2640652396  -0.9645048207
17  9  1.453488096e-16  -0.2028750159  0.9794913507  -0.2014862128
17  10  -2.884779904e-16  -0.002113438513  0.9999977667  -0.00211343694
17  11  -1.487989687e-16  0.001129624433  0.999999362  0.001129624193
17  12  -1.264746898e-16  0.0003064150292  0.9999999531  0.0003064150244
17  13  -5.492514643e-17  -0.001483721934  0.9999988993  -0.001483721389
17  14  -8.423816899e-17  -0.002386486234  0.9999971523  -0.002386483968
17  15  7.169586026e-17  -0.0007611159737  0.9999997104  -0.0007611159002
17  16  -2.724693269e-16  0.002241278677  0.9999974883  0.002241276801
17  17  -2.779646486e-16  0.004763668685  0.9999886538  0.004763650668
17  18  7.361401048e-17  0.005789057264  0.9999832435  0.00578902493
17  19  9.908179791e-18  0.005236853133  0.9999862877  0.005236829197
17  20  -7.442728168e-17  0.004028790553  0.9999918844  0.004028779655
17  21  3.889062201e-16  0.003343696795  0.9999944099  0.003343690564
17  22  1.466485535e-16  0.003434538676  0.999994102  0.003434531924
17  23  1.230163169e-16  0.003681736648  0.9999932224  0.003681728331
17  24  3.296838221e-16  0.002753542354  0.999996209  0.002753538875
17  25  -7.714950794e-17  -0.01305096497  0.9999148374  -0.01305059448
17  26  1.972123263e-16  -0.3385559607  0.9432352509  -0.3321253702
17  27  2.670044801e-16  -0.1598370973  0.9872532236  -0.1591573825
17  28  2.973686088e-16  -0.001287892098  0.9999991707  -0.001287891742
17  29  -2.016970551e-16  0.003363306523  0.9999943441  0.003363300182
17  30  5.162712489e-17  0.00352510384  0.9999937868  0.00352509654
17  31  7.257373088e-17  0.00328325264  0.9999946101  0.003283246741
17  32  -1.763275394e-16  0.003492328687  0.9999939018  0.003492321588
17  33  2.021131174e-17  0.004473179974  0.9999899953  0.004473165057
17  34  -2.549893204e-16  0.005456034196  0.9999851159  0.005456007127
17  35  2.06234237e-16  0.005283599092  0.9999860418  0.005283574509
17  36  2.06234237e-16  0.005283599092  0.9999860418  0.005283574509

18  0  -2.174653903e-17  0.005283599092  0.9999860418  0.005283574509
18  1  1.666058203e-16  0.005456034196  0.9999851159  0.005456007127
18  2  2.004320063e-16  0.004473179974  0.9999899953  0.004473165057
18  3  8.374799572e-17  0.003492328687  0.9999939018  0.003492321588
18  4  3.350600425e-16  0.00328325264  0.9999946101  0.003283246741
18  5  3.681950696e-16  0.00352510384  0.9999937868  0.00352509654
18  6  6.45264245e-17  0.003363306523  0.9999943441  0.003363300182
18  7  1.164501642e-16  -0.001287892098  0.9999991707  -0.001287891742
18  8  -2.260174705e-16  -0.1598370973  0.9872532236  -0.1591573825
18  9  5.633575421e-17  -0.3385559607  0.9432352509  -0.3321253701
18  10  -1.615253722e-16  -0.01305096497  0.9999148374  -0.01305059448
18  11  1.380046819e-16  0.002753542354  0.999996209  0.002753538874
18  12  1.512257229e-16  0.003681736649  0.9999932224  0.003681728331
18  13  1.667457254e-16  0.003434538676  0.999994102  0.003434531924
18  14  -3.166484628e-17  0.003343696795  0.9999944099  0.003343690564
18  15  4.338637133e-17  0.004028790553  0.9999918844  0.004028779654
18  16  -2.823655576e-16  0.005236853133  0.9999862877  0.005236829197
18  17  2.267131167e-17  0.005789057264  0.9999832435  0.00578902493
18  18  -1.197355044e-16  0.004763668684  0.9999886538  0.004763650668
18  19  -4.46733713e-17  0.002241278677  0.9999974883  0.002241276801
18  20  2.703843692e-17  -0.0007611159738  0.9999997104  -0.0007611159003
18  21  -4.274661635e-17  -0.002386486234  0.9999971523  -0.002386483968
18  22  -7.994103987e-17  -0.001483721934  0.9999988993  -0.001483721389
18  23  -3.06312012e-17  0.0003064150292  0.9999999531  0.0003064150244
18  24  -8.432860221e-17  0.001129624433  0.999999362  0.001129624193
18  25  -1.256720607e-16  -0.002113438513  0.9999977667  -0.00211343694
18  26  4.291387583e-17  -0.2028750159  0.9794913507  -0.2014862128
18  27  -4.240155619e-17  -1.303561694  0.2640652397  -0.9645048207
18  28  1.794070483e-16  -0.01759068039  0.999845288  -0.01758977321
18  29  -9.180433728e-17  0.00046280294  0.9999998929  0.0004628029234
18  30  -7.259900444e-17  0.0008970776989  0.9999995976  0.0008970775785
18  31  -7.665853023e-17  -0.0004759633163  0.9999998867  -0.0004759632983
18  32  -2.743144568e-16  -0.002106407613  0.9999977815  -0.002106406056
18  33  -6.518533237e-18  -0.001873309185  0.9999982454  -0.001873308089
18  34  3.039831071e-16  0.0006313142352  0.9999998007  0.0006313141933
18  35  3.632782239e-16  0.003508319846  0.9999938459  0.003508312649
18  36  3.632782239e-16  0.003508319846  0.9999938459  0.003508312649

19  0  1.688907238e-17  0.0002359597752  0.9999999722  0.000235959773
19  1  -6.100356414e-17  0.003683534855  0.9999932158  0.003683526526
19  2  7.411871025e-17  0.006016664988  0.9999818999  0.006016628688
19  3  9.131415678e-17  0.007233763719  0.9999738364  0.007233700632
19  4  9.076385161e-17  0.007604304207  0.9999710874  0.00760423092
19  5  2.092080628e-17  0.007580659437  0.9999712669  0.007580586832
19  6  -3.004078092e-16  0.007301170787  0.9999733466  0.00730110592
19  7  1.77373974e-16  0.005098954904  0.9999870004  0.005098932809
19  8  2.893958899e-16  -0.01515505909  0.9998851643  -0.01515447897
19  9  3.033321387e-16  -0.1064533208  0.9943391941  -0.1062523743
19  10  -9.448071624e-17  -0.04082256674  0.9991668747  -0.04081122934
19  11  2.154200693e-16  0.0015792517  0.999998753  0.001579251043
19  12  1.524958279e-16  0.007067172771  0.9999750276  0.007067113943
19  13  1.208206575e-16  0.007726521121  0.9999701506  0.007726444243
19  14  1.976919156e-16  0.007862451353  0.9999690911  0.007862370346
19  15  1.910533053e-16  0.007791855952  0.9999696436  0.007791777108
19  16  -8.884387504e-17  0.007061356955  0.9999750687  0.007061298272
19  17  1.771400593e-16  0.005236853133  0.9999862877  0.005236829197
19  18  -1.759379538e-17  0.002241278677  0.9999974883  0.002241276801
19  19  6.40097441e-17  -0.001781051457  0.9999984139  -0.001781050515
19  20  9.053442787e-17  -0.006634472949  0.999977992  -0.006634424278
19  21  3.326643216e-16  -0.01059117757  0.999943914  -0.01059097956
19  22  2.932323181e-17  -0.009430118464  0.9999555368  -0.009429978699
19  23  2.513272499e-16  -0.004485089906  0.999989942  -0.004485074869
19  24  8.528720101e-17  -0.001158861188  0.9999993285  -0.001158860929
19  25  -8.170033797e-17  -0.001048922921  0.9999994499  -0.001048922728
19  26  -2.39843689e-16  -0.01789510876  0.9998398868  -0.01789415367
19  27  -1.925720855e-16  -0.3979025427  0.9218757557  -0.387485601
19  28  -2.511848871e-16  -0.08027591706  0.9967796185  -0.08018972552
19  29  -4.418193742e-17  -0.003722164849  0.9999930728  -0.003722156254
19  30  -6.469300726e-17  -0.0005883988656  0.9999998269  -0.0005883988317
19  31  -1.904815429e-16  -0.002356932446  0.9999972224  -0.002356930264
19  32  -1.691586457e-16  -0.006710955855  0.9999774816  -0.006710905482
19  33  -1.544179288e-16  -0.01059096513  0.9999439163  -0.01059076713
19  34  2.824798907e-16  -0.009059670851  0.9999589615  -0.009059546919
19  35  1.704827867e-16  -0.004254297629  0.9999909505  -0.004254284796
19  36  1.704827867e-16  -0.004254297629  0.9999909505  -0.004254284796

20  0  1.240946038e-16  -0.01064665247  0.9999433249  -0.01064645133
20  1  -8.282790505e-17  -0.003754179987  0.9999929531  -0.003754171168
20  2  -1.215283423e-16  0.001527431488  0.9999988335  0.001527430894
20  3  -5.167959733e-16  0.005744682332  0.9999834994  0.005744650735
20  4  -1.485575934e-16  0.008773382936  0.9999615141  0.008773270385
20  5  -4.186383115e-17  0.01065444552  0.9999432419  0.01065424394
20  6  -2.984322598e-17  0.01161686861  0.9999325249  0.01161660732
20  7  1.667236141e-16  0.01073505618  0.9999423798  0.01073485
20  8  2.834261155e-16  0.002058531745  0.9999978812  0.002058530291
20  9  1.691729658e-16  -0.03016721494  0.9995450041  -0.03016263948
20  10  4.196108976e-16  -0.04294065118  0.9990781919  -0.04292745603
20  11  -1.440989352e-16  -0.007748564679  0.99996998  -0.007748487142
20  12  5.234099936e-17  0.008738180778  0.9999618223  0.008738069576
20  13  -7.105387799e-17  0.01201953429  0.9999277663  0.01201924488
20  14  2.568015295e-16  0.0117457666  0.9999310193  0.01174549652
20  15  3.576776035e-16  0.01031425156  0.9999468086  0.01031406868
20  16  2.280620571e-17  0.007791855952  0.9999696436  0.007791777107
20  17  8.085682819e-18  0.004028790553  0.9999918844  0.004028779655
20  18  -1.855749679e-16  -0.0007611159736  0.9999997104  -0.0007611159002
20  19  -3.330514374e-16  -0.006634472949  0.999977992  -0.006634424279
20  20  2.900527402e-16  -0.01456576114  0.9998939212  -0.01456524609
20  21  2.691981237e-16  -0.02433126217  0.9997040094  -0.02432886152
20  22  -1.749032186e-16  -0.02612797495  0.9996586839  -0.02612500225
20  23  -1.616078418e-16  -0.0145082367  0.9998947574  -0.01450772773
20  24  -1.034860219e-16  -0.005029971294  0.9999873497  -0.005029950084
20  25  -1.377376315e-16  -0.001975054619  0.9999980496  -0.001975053335
20  26  -2.128570112e-17  -0.005537545314  0.9999846678  -0.005537517013
20  27  5.608550744e-17  -0.05618842312  0.9984218458  -0.05615886201
20  28  -5.655651401e-18  -0.09649935978  0.9953475488  -0.09634966046
20  29  2.722824052e-16  -0.01412240227  0.9999002805  -0.01412193284
20  30  2.520928929e-16  -0.002336380897  0.9999972707  -0.002336378771
20  31  -1.569766132e-16  -0.002768927186  0.9999961665  -0.002768923648
20  32  -3.280502248e-16  -0.008459234976  0.9999642209  -0.008459134088
20  33  -1.825878983e-16  -0.02006211621  0.9997987625  -0.02006077044
20  34  -1.597599771e-16  -0.02698781269  0.9996358511  -0.02698453675
20  35  7.70303577e-17  -0.02008059847  0.9997983916  -0.02007924898
20  36  7.70303577e-17  -0.02008059847  0.9997983916  -0.02007924898

21  0  1.077955486e-16  -0.03715825714  0.9993097114  -0.03714970677
21  1  3.188506251e-17  -0.01732251407  0.999849969  -0.01732164776
21  2  4.039080189e-16  -0.006397879916  0.9999795336  -0.006397836269
21  3  1.331222088e-16  0.0004777925726  0.9999998859  0.0004777925545
21  4  -2.901719364e-16  0.005408498695  0.9999853741  0.005408472327
21  5  -3.539484551e-16  0.009371724042  0.9999560857  0.009371586857
21  6  -1.206984967e-16  0.01272911866  0.9999189859  0.01272877491
21  7  1.235681335e-16  0.01425685064  0.9998983728  0.01425636768
21  8  2.858135822e-16  0.009455160904  0.9999553003  0.009455020022
21  9  1.935278714e-16  -0.007762551159  0.9999698716  -0.007762473201
21  10  2.169903643e-17  -0.02628654266  0.9996545287  -0.02628351551
21  11  1.135556017e-16  -0.01750886013  0.9998467238  -0.01750796556
21  12  1.316962799e-16  0.003128107812  0.9999951075  0.003128102711
21  13  9.011317322e-17  0.0135119427  0.9999087151  0.01351153155
21  14  -4.429840424e-17  0.01455669029  0.9998940533  0.01455617621
21  15  -2.332374544e-17  0.0117457666  0.9999310193  0.01174549652
21  16  4.745297388e-17  0.007862451353  0.9999690911  0.007862370346
21  17  -3.179242005e-16  0.003343696795  0.9999944099  0.003343690564
21  18  6.062485367e-17  -0.002386486234  0.9999971523  -0.002386483968
21  19  -1.659644199e-16  -0.01059117757  0.999943914  -0.01059097956
21  20  3.805810105e-16  -0.02433126217  0.9997040094  -0.02432886152
21  21  9.234828101e-17  -0.04872107848  0.998813363  -0.04870180554
21  22  9.069136116e-18  -0.0682926322  0.9976689644  -0.06823955976
21  23  -1.282471832e-17  -0.04202430299  0.9991171089  -0.04201193463
21  24  3.904407492e-17  -0.01352954836  0.9999084771  -0.01352913561
21  25  -1.584714397e-16  -0.00416621066  0.9999913214  -0.004166198607
21  26  -1.098139634e-16  -0.003645733408  0.9999933543  -0.003645725332
21  27  2.512545485e-16  -0.01517605395  0.9998848459  -0.01517547141
21  28  -9.66650053e-17  -0.05153279289  0.9986724795  -0.05150998726
21  29  -1.348809991e-16  -0.02837404834  0.9995974837  -0.02837024123
21  30  1.854672595e-16  -0.006138136715  0.9999811617  -0.00613809817
21  31  5.658689042e-17  -0.002981140591  0.9999955564  -0.002981136175
21  32  -8.593727629e-17  -0.007055626918  0.9999751092  -0.007055568378
21  33  -1.266234023e-16  -0.02336574573  0.9997270334  -0.02336361967
21  34  2.461723315e-17  -0.05645201607  0.9984070081  -0.05642203701
21  35  -7.32406686e-17  -0.06388245682  0.9979602097  -0.0638390153
21  36  -7.32406686e-17  -0.06388245682  0.9979602097  -0.0638390153

22  0  1.859843906e-16  -0.1143652891  0.9934674152  -0.1141161469
22  1  -2.478314836e-16  -0.04422498304  0.9990222348  -0.04421056821
22  2  9.170455645e-17  -0.01646246389  0.9998644967  -0.01646172031
22  3  3.547310477e-16  -0.004956954632  0.9999877143  -0.004956934332
22  4  -2.148622729e-17  0.001040034098  0.9999994592  0.00104003391
22  5  1.803381365e-16  0.005277992815  0.9999860714  0.00527796831
22  6  1.536605596e-17  0.009388687734  0.9999559266  0.009388549803
22  7  -5.054732505e-17  0.01283194469  0.9999176717  0.01283159255
22  8  3.980859378e-17  0.01102959104  0.9999391747  0.01102936741
22  9  8.500730766e-17  -0.0006125610619  0.9999998124  -0.0006125610236
22  10  -3.174834905e-16  -0.01520408592  0.9998844201  -0.01520350016
22  11  1.553953696e-16  -0.01877563271  0.999823743  -0.01877452959
22  12  3.31408862e-17  -0.008061215423  0.9999675086  -0.008061128116
22  13  1.845970518e-17  0.006537704205  0.9999786293  0.006537657633
22  14  2.409604834e-16  0.0135119427  0.9999087151  0.01351153155
22  15  -1.007292132e-16  0.01201953429  0.9999277663  0.01201924488
22  16  -4.070272138e-18  0.007726521121  0.9999701506  0.007726444243
22  17  6.610784537e-17  0.003434538676  0.999994102  0.003434531924
22  18  1.522063485e-16  -0.001483721934  0.9999988993  -0.001483721389
22  19  -2.062826911e-16  -0.009430118464  0.9999555368  -0.009429978699
22  20  1.491802712e-16  -0.02612797495  0.9996586839  -0.02612500225
22  21  9.354014524e-17  -0.0682926322  0.9976689644  -0.06823955976
22  22  -8.158585577e-17  -0.1496867431  0.9888178419  -0.1491283858
22  23  -1.041624563e-16  -0.1265516217  0.9920030249  -0.1262140981
22  24  7.99589595e-17  -0.03608183395  0.9993491212  -0.03607400531
22  25  1.481983519e-16  -0.008625882739  0.9999627973  -0.00862577577
22  26  -1.237677933e-16  -0.003790767542  0.999992815  -0.003790758464
22  27  -1.957488102e-16  -0.007359234365  0.999972921  -0.007359167937
22  28  1.602942164e-16  -0.02318675606  0.9997311992  -0.02318467849
22  29  2.42799971e-17  -0.02991410724  0.9995526065  -0.02990964598
22  30  -7.089411454e-17  -0.01221498112  0.999925398  -0.01221467736
22  31  -2.380747487e-16  -0.004288716496  0.9999908035  -0.004288703349
22  32  8.951485196e-17  -0.004877188611  0.9999881065  -0.004877169275
22  33  -2.513527601e-16  -0.01674158354  0.999859863  -0.0167408015
22  34  -3.395992504e-17  -0.06801012614  0.9976882027  -0.06795770951
22  35  -6.600223943e-17  -0.1583191546  0.987493678  -0.1576586059
22  36  -6.600223943e-17  -0.1583191546  0.987493678  -0.1576586059

23  0  1.721494633e-17  -0.1873365956  0.9825037591  -0.1862427538
23  1  -1.787298854e-16  -0.0707571401  0.9974977578  -0.07069811308
23  2  -1.494883314e-16  -0.02373141122  0.9997184233  -0.02372918377
23  3  4.545778884e-17  -0.008189421763  0.9999664669  -0.008189330224
23  4  5.341991784e-17  -0.001723330065  0.9999985151  -0.001723329212
23  5  -2.670332998e-16  0.001912977608  0.9999981703  0.001912976441
23  6  -2.242290512e-17  0.005009275289  0.9999874536  0.00500925434
23  7  1.985760457e-16  0.007870211614  0.99996903  0.007870130367
23  8  2.2209368e-16  0.006778287487  0.9999770275  0.006778235583
23  9  3.243324384e-16  -0.002447727317  0.9999970043  -0.002447724873
23  10  3.995143727e-17  -0.01290597308  0.9999167191  -0.01290561481
23  11  1.034833924e-16  -0.01738776178  0.9998488367  -0.01738688564
23  12  1.332360237e-16  -0.01580419323  0.9998751163  -0.01580353533
23  13  -2.259945171e-16  -0.008061215423  0.9999675086  -0.008061128116
23  14  -1.289576952e-17  0.003128107812  0.9999951075  0.003128102711
23  15  2.46727338e-16  0.008738180778  0.9999618223  0.008738069576
23  16  1.958208602e-16  0.007067172771  0.9999750276  0.007067113943
23  17  -2.996781542e-17  0.003681736649  0.9999932224  0.003681728331
23  18  -2.075508885e-17  0.0003064150292  0.9999999531  0.0003064150244
23  19  -2.048396718e-16  -0.004485089906  0.999989942  -0.004485074869
23  20  1.450468677e-16  -0.0145082367  0.9998947574  -0.01450772773
23  21  -1.402397364e-16  -0.04202430299  0.9991171089  -0.04201193463
23  22  -4.74585992e-17  -0.1265516217  0.9920030249  -0.1262140981
23  23  1.580548677e-16  -0.2077216251  0.9785033256  -0.2062310396
23  24  1.76273582e-16  -0.08648759034  0.9962622791  -0.08637980798
23  25  -4.39416333e-17  -0.01769686864  0.9998434145  -0.01769594494
23  26  -1.775299421e-16  -0.004910947373  0.9999879413  -0.004910927633
23  27  -2.428489075e-16  -0.004906536056  0.999987963  -0.004906516369
23  28  2.794975251e-17  -0.01182351034  0.9999301031  -0.01182323486
23  29  -1.581186156e-17  -0.0212982569  0.9997732007  -0.02129664673
23  30  -1.207716306e-16  -0.01629203981  0.9998672877  -0.01629131908
23  31  -1.833161648e-16  -0.007006413255  0.9999754552  -0.007006355931
23  32  4.875367022e-16  -0.003975218439  0.9999920988  -0.003975207969
23  33  1.326768894e-17  -0.008561375011  0.9999633517  -0.008561270424
23  34  2.277488323e-16  -0.03990140549  0.9992040445  -0.03989081835
23  35  -2.200796762e-16  -0.1623636009  0.9868479614  -0.1616511707
23  36  -2.200796762e-16  -0.1623636009  0.9868479614  -0.1616511707

24  0  1.502052925e-16  -0.1027143657  0.9947295157  -0.1025338507
24  1  -5.255080516e-16  -0.05291908952  0.9986001117  -0.05289439361
24  2  -3.9406946e-16  -0.02017029066  0.9997965866  -0.02016892301
24  3  -2.798017194e-16  -0.007846212126  0.9999692186  -0.00784613162
24  4  6.027254309e-17  -0.002632000621  0.9999965363  -0.002631997582
24  5  -3.029502033e-16  6.540386206e-05  0.9999999979  6.540386202e-05
24  6  -2.454311113e-16  0.001827094217  0.9999983309  0.0018270932
24  7  -4.821529788e-17  0.002431293253  0.9999970444  0.002431290858
24  8  -2.664094139e-17  -0.002329140623  0.9999972876  -0.002329138517
24  9  1.63977861e-16  -0.01391946791  0.9999031258  -0.01391901843
24  10  1.059806924e-16  -0.01933690679  0.9998130478  -0.01933570175
24  11  3.692109608e-18  -0.01806108842  0.999836903  -0.01806010651
24  12  -4.571866717e-16  -0.01738776178  0.9998488367  -0.01738688564
24  13  -2.305115296e-17  -0.01877563271  0.999823743  -0.01877452959
24  14  8.064279811e-17  -0.01750886013  0.9998467238  -0.01750796556
24  15  3.677221433e-16  -0.007748564679  0.99996998  -0.007748487141
24  16  -5.245028207e-17  0.0015792517  0.999998753  0.001579251043
24  17  -2.379017031e-17  0.002753542354  0.999996209  0.002753538874
24  18  -4.329101095e-17  0.001129624433  0.999999362  0.001129624193
24  19  3.805562852e-17  -0.001158861188  0.9999993285  -0.001158860929
24  20  2.501330445e-16  -0.005029971294  0.9999873497  -0.005029950084
24  21  1.954670204e-16  -0.01352954836  0.9999084771  -0.01352913561
24  22  -7.958204077e-17  -0.03608183395  0.9993491212  -0.03607400531
24  23  -1.686059591e-17  -0.08648759034  0.9962622791  -0.08637980798
24  24  6.569260387e-17  -0.08842315466  0.9960932193  -0.08830797468
24  25  2.735551667e-16  -0.02893860703  0.9995813077  -0.02893456813
24  26  -7.569436211e-17  -0.006373715293  0.9999796879  -0.006373672139
24  27  -1.382413589e-17  -0.003639111044  0.9999933784  -0.003639103012
24  28  1.194906083e-16  -0.006987771809  0.9999755856  -0.006987714942
24  29  3.306927512e-16  -0.0133693883  0.9999106311  -0.01336899003
24  30  1.849062171e-17  -0.01522537024  0.9998840963  -0.01522478201
24  31  -3.887539984e-17  -0.009584210095  0.9999540718  -0.009584063366
24  32  -1.009837323e-16  -0.004609978879  0.9999893741  -0.00460996255
24  33  -1.975468099e-16  -0.003985130461  0.9999920594  -0.003985119913
24  34  -9.018927221e-17  -0.01416633895  0.9998996591  -0.01416586512
24  35  -2.593600057e-16  -0.06286202505  0.9980248335  -0.06282063194
24  36  -2.593600057e-16  -0.06286202505  0.9980248335  -0.06282063194

25  0  5.427246093e-17  -0.02912903708  0.9995757796  -0.02912491792
25  1  1.789619227e-16  -0.02220476278  0.9997534844  -0.02220293815
25  2  4.216004703e-17  -0.01137430225  0.9999353133  -0.01137405699
25  3  2.263886272e-17  -0.005580668414  0.9999844281  -0.005580639446
25  4  3.318306797e-16  -0.002695751759  0.9999963665  -0.002695748494
25  5  2.040471027e-16  -0.001267665731  0.9999991965  -0.001267665392
25  6  2.065347681e-16  -0.001061941687  0.9999994361  -0.001061941487
25  7  -1.747736416e-16  -0.004790581689  0.9999885252  -0.004790563365
25  8  1.282654819e-16  -0.02606609041  0.9996602987  -0.02606313878
25  9  -1.726788694e-16  -0.05041529854  0.998729418  -0.05039394447
25  10  2.688097831e-16  -0.03547058668  0.9993709847  -0.03546314919
25  11  4.896025771e-18  -0.01933690679  0.9998130478  -0.01933570174
25  12  -3.351464635e-16  -0.01290597308  0.9999167191  -0.01290561481
25  13  -1.578064328e-16  -0.01520408592  0.9998844201  -0.01520350016
25  14  -3.742043088e-17  -0.02628654266  0.9996545287  -0.02628351551
25  15  1.408619268e-16  -0.04294065118  0.9990781919  -0.04292745602
25  16  -2.016658755e-16  -0.04082256674  0.9991668747  -0.04081122934
25  17  -2.118314056e-17  -0.01305096497  0.9999148374  -0.01305059448
25  18  4.96535834e-17  -0.002113438513  0.9999977667  -0.00211343694
25  19  -2.918425181e-16  -0.001048922921  0.9999994499  -0.001048922728
25  20  -2.081835697e-16  -0.001975054619  0.9999980496  -0.001975053335
25  21  5.231392576e-17  -0.00416621066  0.9999913214  -0.004166198607
25  22  -1.416627884e-16  -0.008625882739  0.9999627973  -0.00862577577
25  23  2.470313737e-17  -0.01769686864  0.9998434145  -0.01769594494
25  24  -2.209235883e-16  -0.02893860703  0.9995813077  -0.02893456813
25  25  -2.394049844e-16  -0.02095717873  0.9997804064  -0.02095564468
25  26  -5.037460893e-16  -0.005091012338  0.9999870408  -0.005090990346
25  27  -1.172534134e-16  -0.0015502061  0.9999987984  -0.001550205479
25  28  -8.924705525e-17  -0.003877774361  0.9999924814  -0.003877764643
25  29  2.011412104e-16  -0.008214013319  0.9999662652  -0.008213920952
25  30  3.394468839e-16  -0.01148290689  0.9999340721  -0.01148265454
25  31  9.271260859e-17  -0.01000217694  0.9999499786  -0.01000201016
25  32  2.865925689e-17  -0.005711131422  0.9999836915  -0.005711100375
25  33  -4.903599287e-17  -0.002363285609  0.9999972074  -0.002363283409
25  34  -1.311999543e-16  -0.002515029384  0.9999968373  -0.002515026732
25  35  -2.943790081e-16  -0.01343259197  0.9999097841  -0.01343218803
25  36  -2.943790081e-16  -0.01343259197  0.9999097841  -0.01343218803

26  0  9.021286927e-17  -0.002174408213  0.999997636  -0.0021744065
26  1  3.623479258e-17  -0.006015189367  0.9999819088  -0.006015153093
26  2  -2.512439157e-16  -0.0052766455  0.9999860785  -0.005276621013
26  3  9.179705272e-17  -0.003975180484  0.999992099  -0.003975170014
26  4  1.810930445e-16  -0.003309177277  0.9999945247  -0.003309171237
26  5  2.873248767e-16  -0.003721670854  0.9999930746  -0.003721662262
26  6  1.646317905e-16  -0.007142072076  0.9999744955  -0.007142011358
26  7  -3.118098042e-16  -0.03071212747  0.9995284197  -0.03070729958
26  8  2.100746647e-17  -0.3368610495  0.9437968188  -0.3305261938
26  9  -3.372787665e-17  -0.2704157079  0.9636599307  -0.2671320608
26  10  3.512799863e-16  -0.05041529854  0.998729418  -0.05039394447
26  11  2.613412961e-16  -0.01391946791  0.9999031258  -0.01391901843
26  12  6.924830862e-17  -0.002447727317  0.9999970043  -0.002447724873
26  13  2.459134098e-16  -0.000612561062  0.9999998124  -0.0006125610237
26  14  1.819229079e-16  -0.007762551159  0.9999698716  -0.007762473201
26  15  1.351515201e-16  -0.03016721494  0.9995450041  -0.03016263948
26  16  -2.107849732e-16  -0.1064533208  0.9943391941  -0.1062523743
26  17  5.887198811e-17  -0.3385559607  0.9432352509  -0.3321253702
26  18  -1.714311489e-16  -0.2028750159  0.9794913507  -0.2014862128
26  19  -9.364225279e-17  -0.01789510876  0.9998398868  -0.01789415367
26  20  5.982070183e-17  -0.005537545314  0.9999846678  -0.005537517013
26  21  -1.918531115e-16  -0.003645733408  0.9999933543  -0.003645725332
26  22  -5.877113647e-17  -0.003790767542  0.999992815  -0.003790758464
26  23  1.404764494e-17  -0.004910947373  0.9999879413  -0.004910927633
26  24  -2.5321961e-16  -0.006373715293  0.9999796879  -0.006373672139
26  25  -1.859271731e-16  -0.005091012338  0.9999870408  -0.005090990346
26  26  3.059803351e-16  0.001559188792  0.9999987845  0.001559188161
26  27  2.615176065e-17  0.003924202918  0.9999923003  0.003924192847
26  28  -1.423656461e-16  0.0003946860239  0.9999999221  0.0003946860136
26  29  6.284815979e-17  -0.003995393402  0.9999920184  -0.003995382772
26  30  2.286712738e-16  -0.007418165597  0.9999724855  -0.007418097561
26  31  -2.530659085e-16  -0.008163756174  0.9999666767  -0.008163665493
26  32  -1.712446802e-16  -0.00577540769  0.9999833224  -0.005775375583
26  33  -1.951553845e-16  -0.001818787159  0.999998346  -0.001818786156
26  34  -5.316835684e-17  0.002306283434  0.9999973405  0.002306281389
26  35  7.784780516e-17  0.003559797472  0.9999936639  0.003559789954
26  36  7.784780516e-17  0.003559797472  0.9999936639  0.003559789954

27  0  -2.546734098e-16  0.007951718752  0.9999683853  0.007951634954
27  1  3.401950334e-16  0.0007659801872  0.9999997066  0.0007659801123
27  2  1.470973544e-16  -0.002661781251  0.9999964575  -0.002661778108
27  3  5.730954006e-17  -0.003994897149  0.9999920204  -0.003994886523
27  4  -1.944518765e-16  -0.005404447053  0.999985396  -0.005404420745
27  5  2.681522527e-16  -0.008872098452  0.9999606432  -0.008871982059
27  6  -5.233959179e-17  -0.02134444504  0.999772216  -0.02134282437
27  7  1.663485743e-16  -0.1115889012  0.9937804165  -0.1113574597
27  8  -1.933413614e-17  -1.449025431  0.1214701789  -0.9925950814
27  9  4.232886905e-17  -0.3368610495  0.9437968188  -0.3305261938
27  10  2.506625539e-16  -0.02606609041  0.9996602987  -0.02606313878
27  11  6.959660442e-17  -0.002329140623  0.9999972876  -0.002329138517
27  12  -1.315376621e-17  0.006778287487  0.9999770275  0.006778235582
27  13  -1.597623971e-16  0.01102959104  0.9999391747  0.01102936741
27  14  -1.284198725e-16  0.009455160904  0.9999553003  0.009455020023
27  15  1.820909643e-17  0.002058531745  0.9999978812  0.002058530291
27  16  -5.661649687e-17  -0.01515505909  0.9998851643  -0.01515447897
27  17  -6.452913603e-17  -0.1598370973  0.9872532236  -0.1591573825
27  18  -8.4576271e-17  -1.303561694  0.2640652397  -0.9645048207
27  19  4.695789149e-17  -0.3979025427  0.9218757557  -0.387485601
27  20  1.619313822e-16  -0.05618842312  0.9984218458  -0.05615886201
27  21  2.329260856e-16  -0.01517605395  0.9998848459  -0.01517547141
27  22  6.267832278e-17  -0.007359234364  0.999972921  -0.007359167937
27  23  2.572426685e-16  -0.004906536056  0.999987963  -0.004906516369
27  24  -1.817369941e-16  -0.003639111044  0.9999933784  -0.003639103012
27  25  -3.195215377e-16  -0.0015502061  0.9999987984  -0.001550205479
27  26  -7.95599232e-17  0.003924202918  0.9999923003  0.003924192847
27  27  9.996196168e-17  0.01034303135  0.9999465113  0.01034284694
27  28  -1.30601654e-16  0.008627319306  0.9999627849  0.008627212283
27  29  -1.925003236e-16  0.002293863235  0.9999973691  0.002293861223
27  30  2.036440265e-17  -0.002516211522  0.9999968343  -0.002516208867
27  31  8.924275768e-17  -0.004649834412  0.9999891895  -0.004649817656
27  32  -2.058889127e-17  -0.003895040118  0.9999924143  -0.003895030269
27  33  1.554752041e-16  -0.0004338933718  0.9999999059  -0.0004338933582
27  34  -2.944598696e-17  0.005408919816  0.9999853718  0.005408893442
27  35  3.249329213e-16  0.01090860974  0.9999405017  0.01090839339
27  36  3.249329213e-16  0.01090860974  0.9999405017  0.01090839339

28  0  1.484180202e-16  0.01419462084  0.9998992581  0.01419414417
28  1  2.658884125e-17  0.004052508834  0.9999917886  0.004052497741
28  2  1.609760081e-16  -0.001958696732  0.9999980818  -0.001958695479
28  3  1.569379218e-16  -0.005147137839  0.9999867535  -0.005147115111
28  4  -4.029286366e-17  -0.008472567278  0.999964108  -0.008472465912
28  5  -2.191230116e-17  -0.01507729089  0.9998863398  -0.01507671966
28  6  8.279145001e-17  -0.03304186779  0.9994541671  -0.03303585579
28  7  8.881912025e-17  -0.08481412625  0.9964054375  -0.08471247865
28  8  -2.095046767e-16  -0.1115889012  0.9937804165  -0.1113574597
28  9  -2.173401874e-16  -0.03071212747  0.9995284197  -0.03070729958
28  10  3.701534523e-17  -0.004790581689  0.9999885252  -0.004790563365
28  11  -1.293713731e-16  0.002431293253  0.9999970444  0.002431290858
28  12  1.293249333e-16  0.007870211614  0.99996903  0.007870130367
28  13  -1.407211443e-17  0.01283194469  0.9999176717  0.01283159255
28  14  -1.997546192e-16  0.01425685064  0.9998983728  0.01425636768
28  15  1.018128885e-16  0.01073505618  0.9999423798  0.01073485
28  16  -1.653300589e-17  0.005098954904  0.9999870004  0.005098932809
28  17  7.304889156e-17  -0.001287892098  0.9999991707  -0.001287891742
28  18  3.605371813e-16  -0.01759068039  0.999845288  -0.01758977321
28  19  -6.218017184e-17  -0.08027591706  0.9967796185  -0.08018972552
28  20  2.698721822e-16  -0.09649935978  0.9953475488  -0.09634966045
28  21  1.305037607e-16  -0.05153279289  0.9986724795  -0.05150998726
28  22  3.631877906e-16  -0.02318675606  0.9997311992  -0.02318467849
28  23  3.014716869e-16  -0.01182351034  0.9999301031  -0.01182323486
28  24  -2.15685929e-16  -0.006987771809  0.9999755856  -0.006987714942
28  25  -1.385548611e-16  -0.003877774361  0.9999924814  -0.003877764643
28  26  8.744174243e-17  0.0003946860239  0.9999999221  0.0003946860136
28  27  3.184762596e-16  0.008627319306  0.9999627849  0.008627212283
28  28  7.262818472e-19  0.01691505355  0.9998569439  0.01691424694
28  29  -1.226523811e-16  0.01461093988  0.9998932621  0.01461042003
28  30  2.302040237e-16  0.006868385945  0.9999764127  0.006868331943
28  31  -2.848170109e-16  0.001985386369  0.9999980291  0.001985385065
28  32  4.392201642e-17  0.001020458737  0.9999994793  0.00102045856
28  33  -2.991866959e-16  0.00381529491  0.9999927218  0.003815285654
28  34  -1.810889394e-16  0.01059852986  0.9999438361  0.01059833144
28  35  1.92592252e-16  0.01783276429  0.9998410005  0.01783181914
28  36  1.92592252e-16  0.01783276429  0.9998410005  0.01783181914

29  0  -3.859815374e-17  0.02367803749  0.9997196884  0.02367582504
29  1  6.021778444e-17  0.007754396942  0.9999699348  0.00775431923
29  2  1.523658646e-16  -0.001276020931  0.9999991859  -0.001276020584
29  3  -1.943918794e-17  -0.005968660035  0.9999821876  -0.005968624596
29  4  -8.555626193e-17  -0.01024645802  0.9999475055  -0.01024627873
29  5  -2.046759194e-16  -0.01672627495  0.9998601191  -0.01672549505
29  6  -1.99204385e-16  -0.02681085916  0.9996406104  -0.02680764724
29  7  9.644268693e-17  -0.03304186779  0.9994541671  -0.03303585579
29  8  -5.191560236e-17  -0.02134444504  0.999772216  -0.02134282437
29  9  -1.923361179e-16  -0.007142072076  0.9999744955  -0.007142011358
29  10  -1.679880236e-16  -0.001061941687  0.9999994361  -0.001061941487
29  11  -3.6426206e-17  0.001827094217  0.9999983309  0.0018270932
29  12  6.112303219e-18  0.005009275289  0.9999874536  0.00500925434
29  13  -1.759448835e-16  0.009388687734  0.9999559266  0.009388549804
29  14  1.501361575e-16  0.01272911866  0.9999189859  0.01272877491
29  15  4.682747935e-17  0.01161686861  0.9999325249  0.01161660732
29  16  1.18226338e-16  0.007301170787  0.9999733466  0.00730110592
29  17  3.222466812e-16  0.003363306523  0.9999943441  0.003363300182
29  18  2.315594695e-16  0.0004628029399  0.9999998929  0.0004628029234
29  19  8.535479065e-17  -0.003722164849  0.9999930728  -0.003722156254
29  20  1.101487086e-16  -0.01412240227  0.9999002805  -0.01412193284
29  21  -2.535936767e-17  -0.02837404834  0.9995974837  -0.02837024123
29  22  9.934013596e-17  -0.02991410724  0.9995526065  -0.02990964598
29  23  1.567895395e-16  -0.0212982569  0.9997732007  -0.02129664673
29  24  -3.878009351e-17  -0.0133693883  0.9999106311  -0.01336899003
29  25  1.524844863e-16  -0.008214013319  0.9999662652  -0.008213920952
29  26  7.496334552e-17  -0.003995393402  0.9999920184  -0.003995382772
29  27  3.159832775e-16  0.002293863235  0.9999973691  0.002293861223
29  28  1.126296974e-16  0.01461093988  0.9998932621  0.01461042003
29  29  1.115429862e-16  0.02860559996  0.9995908877  0.02860169888
29  30  -7.130872468e-18  0.02812980281  0.9996043832  0.02812609317
29  31  -2.553178653e-16  0.01864004337  0.9998262794  0.01863896397
29  32  4.201965573e-17  0.01346522113  0.9999093453  0.01346481424
29  33  8.246201064e-18  0.01500087656  0.999887489  0.01500031397
29  34  -1.995034818e-17  0.02319471168  0.9997310147  0.02319263197
29  35  1.511447599e-17  0.03173730854  0.9994964139  0.03173198087
29  36  1.511447599e-17  0.03173730854  0.9994964139  0.03173198087

30  0  3.884429124e-17  0.04590658275  0.9989464779  0.04589046042
30  1  6.573817272e-17  0.01605812174  0.9998710711  0.01605743161
30  2  1.622456265e-16  0.001296496424  0.9999991595  0.001296496061
30  3  5.436080774e-18  -0.005138353369  0.9999867987  -0.005138330758
30  4  -1.897683873e-16  -0.009399581561  0.9999558243  -0.00939944315
30  5  -2.008585786e-17  -0.01358316992  0.9999077502  -0.01358275223
30  6  6.524960372e-17  -0.01672627495  0.9998601191  -0.01672549505
30  7  -7.465004605e-17  -0.01507729089  0.9998863398  -0.01507671966
30  8  -3.905256605e-16  -0.008872098452  0.9999606432  -0.008871982059
30  9  -1.393266092e-16  -0.003721670854  0.9999930746  -0.003721662263
30  10  1.622421531e-16  -0.001267665731  0.9999991965  -0.001267665392
30  11  3.626935299e-16  6.540386206e-05  0.9999999979  6.540386201e-05
30  12  1.41336063e-16  0.001912977608  0.9999981703  0.001912976441
30  13  2.566503625e-16  0.005277992815  0.9999860714  0.00527796831
30  14  3.812770339e-16  0.009371724042  0.9999560857  0.009371586857
30  15  -6.287989759e-17  0.01065444552  0.9999432419  0.01065424394
30  16  -1.892362832e-16  0.007580659437  0.9999712669  0.007580586832
30  17  -2.111388946e-16  0.003525103841  0.9999937868  0.00352509654
30  18  -2.178448065e-16  0.0008970776988  0.9999995976  0.0008970775785
30  19  2.575177717e-17  -0.0005883988656  0.9999998269  -0.0005883988316
30  20  -1.794431381e-17  -0.002336380897  0.9999972707  -0.002336378771
30  21  -2.024398243e-16  -0.006138136715  0.9999811617  -0.006138098171
30  22  2.259730209e-16  -0.01221498112  0.999925398  -0.01221467736
30  23  -2.627462873e-16  -0.01629203981  0.9998672877  -0.01629131908
30  24  -2.008245517e-16  -0.01522537024  0.9998840963  -0.01522478201
30  25  1.882155035e-16  -0.01148290689  0.9999340721  -0.01148265454
30  26  -1.57601098e-16  -0.007418165597  0.9999724855  -0.007418097561
30  27  -2.138663744e-16  -0.002516211522  0.9999968343  -0.002516208867
30  28  -1.13531647e-16  0.006868385945  0.9999764127  0.006868331943
30  29  -1.247056589e-16  0.02812980281  0.9996043832  0.02812609317
30  30  1.560259984e-16  0.05694414839  0.99837912  0.05691337852
30  31  3.106863398e-16  0.06156677192  0.9981053649  0.06152788482
30  32  2.506583139e-17  0.04830629372  0.9988334779  0.0482875088
30  33  -5.427034441e-17  0.04423905137  0.9990216127  0.04422462278
30  34  -7.275190277e-17  0.05443592396  0.9985187309  0.05440904323
30  35  -7.302632525e-17  0.06566513174  0.9978448198  0.06561795156
30  36  -7.302632525e-17  0.06566513174  0.9978448198  0.06561795156

31  0  -7.626451976e-18  0.09673890396  0.9953244403  0.0965880874
31  1  2.717614695e-16  0.03687313181  0.9993202631  0.03686477675
31  2  -3.89807183e-17  0.008450362393  0.9999642959  0.008450261822
31  3  9.788685352e-18  -0.001912240713  0.9999981717  -0.001912239547
31  4  -2.809717468e-16  -0.00663873824  0.9999779637  -0.006638689475
31  5  3.531521331e-16  -0.009399581561  0.9999558243  -0.00939944315
31  6  2.361493027e-16  -0.01024645802  0.9999475055  -0.01024627873
31  7  -8.00345941e-17  -0.008472567278  0.999964108  -0.008472465912
31  8  -1.128409734e-16  -0.005404447053  0.999985396  -0.005404420745
31  9  -1.571030904e-16  -0.003309177277  0.9999945247  -0.003309171237
31  10  2.43926452e-16  -0.002695751759  0.9999963665  -0.002695748494
31  11  8.917532398e-19  -0.002632000621  0.9999965363  -0.002631997582
31  12  -5.984624456e-17  -0.001723330065  0.9999985151  -0.001723329212
31  13  1.142603778e-16  0.001040034098  0.9999994592  0.00104003391
31  14  -4.626792451e-17  0.005408498695  0.9999853741  0.005408472327
31  15  -4.074665914e-16  0.008773382936  0.9999615141  0.008773270385
31  16  -2.061940271e-16  0.007604304207  0.9999710874  0.00760423092
31  17  -2.041738804e-16  0.00328325264  0.9999946101  0.003283246741
31  18  2.972952557e-16  -0.0004759633164  0.9999998867  -0.0004759632984
31  19  2.335481074e-16  -0.002356932446  0.9999972224  -0.002356930264
31  20  1.675583267e-16  -0.002768927186  0.9999961665  -0.002768923648
31  21  -9.214629645e-17  -0.002981140591  0.9999955564  -0.002981136175
31  22  2.652692784e-16  -0.004288716496  0.9999908035  -0.004288703349
31  23  6.024808461e-17  -0.007006413255  0.9999754552  -0.007006355931
31  24  -1.669597905e-16  -0.009584210095  0.9999540718  -0.009584063366
31  25  -1.407587044e-16  -0.01000217694  0.9999499786  -0.01000201016
31  26  -1.680865532e-16  -0.008163756174  0.9999666767  -0.008163665493
31  27  9.740434259e-17  -0.004649834412  0.9999891895  -0.004649817656
31  28  4.344472885e-17  0.001985386369  0.9999980291  0.001985385065
31  29  -5.932882341e-17  0.01864004337  0.9998262794  0.01863896397
31  30  9.500529273e-17  0.06156677192  0.9981053649  0.06152788482
31  31  6.991327383e-18  0.1190916928  0.9929169618  0.1188103828
31  32  3.521666099e-16  0.1215041161  0.9926274518  0.1212053708
31  33  2.102143602e-16  0.1012671358  0.994876864  0.1010941415
31  34  2.216941229e-16  0.1084486813  0.994125203  0.1082362266
31  35  8.348043566e-17  0.1296662627  0.9916051022  0.1293032142
31  36  8.348043566e-17  0.1296662627  0.9916051022  0.1293032142

32  0  1.478293831e-16  0.1478363219  0.9890920992  0.1472984021
32  1  1.26005038e-16  0.08144590944  0.9966851149  0.08135589492
32  2  -1.02389669e-16  0.02710433475  0.9996327  0.02710101619
32  3  -2.768640878e-17  0.005949779331  0.9999823001  0.005949744227
32  4  -1.956993343e-16  -0.001912240713  0.9999981717  -0.001912239547
32  5  7.730846109e-17  -0.005138353369  0.9999867987  -0.005138330758
32  6  1.816668304e-16  -0.005968660035  0.9999821876  -0.005968624596
32  7  7.152508352e-17  -0.005147137839  0.9999867535  -0.005147115111
32  8  -1.323541758e-16  -0.003994897149  0.9999920204  -0.003994886523
32  9  -3.712223789e-18  -0.003975180484  0.999992099  -0.003975170014
32  10  1.889276686e-17  -0.005580668414  0.9999844281  -0.005580639446
32  11  -3.397168615e-18  -0.007846212126  0.9999692186  -0.00784613162
32  12  7.255607543e-17  -0.008189421763  0.9999664669  -0.008189330224
32  13  -1.945591537e-16  -0.004956954632  0.9999877143  -0.004956934332
32  14  -2.108057532e-16  0.0004777925726  0.9999998859  0.0004777925544
32  15  -1.137377292e-16  0.005744682332  0.9999834994  0.005744650735
32  16  -1.587015656e-16  0.007233763719  0.9999738364  0.007233700632
32  17  -3.596334091e-16  0.003492328687  0.9999939018  0.003492321588
32  18  -5.893119259e-17  -0.002106407613  0.9999977815  -0.002106406056
32  19  -2.253494068e-18  -0.006710955855  0.9999774816  -0.006710905482
32  20  -6.956890556e-17  -0.008459234976  0.9999642209  -0.008459134088
32  21  -2.325812801e-16  -0.007055626918  0.9999751092  -0.007055568378
32  22  1.558828793e-16  -0.004877188611  0.9999881065  -0.004877169275
32  23  3.90387452e-16  -0.003975218439  0.9999920988  -0.003975207969
32  24  6.537670144e-17  -0.004609978879  0.9999893741  -0.00460996255
32  25  7.120413839e-18  -0.005711131422  0.9999836915  -0.005711100375
32  26  9.720274551e-17  -0.00577540769  0.9999833224  -0.005775375583
32  27  -4.610256976e-17  -0.003895040118  0.9999924143  -0.003895030269
32  28  -1.48354564e-16  0.001020458737  0.9999994793  0.00102045856
32  29  5.61920412e-16  0.01346522113  0.9999093453  0.01346481424
32  30  2.651175595e-16  0.04830629372  0.9988334779  0.0482875088
32  31  -2.366125132e-16  0.1215041161  0.9926274518  0.1212053708
32  32  -8.323420295e-17  0.1554318114  0.9879447756  0.1548067195
32  33  -9.079823885e-17  0.1198060058  0.9928318406  0.1195196059
32  34  -2.627871355e-16  0.1089893198  0.994066541  0.1087736732
32  35  -1.41111866e-16  0.1382442731  0.9904594695  0.1378043516
32  36  -1.41111866e-16  0.1382442731  0.9904594695  0.1378043516

33  0  2.253663218e-16  0.09802166321  0.9951997221  0.09786476922
33  1  -2.635509875e-17  0.1163426199  0.9932398278  0.1160803361
33  2  -9.633949087e-17  0.07019712158  0.9975371936  0.0701394848
33  3  -1.467366326e-16  0.02710433475  0.9996327  0.02710101619
33  4  -1.225735055e-16  0.008450362393  0.9999642959  0.008450261822
33  5  -5.96283581e-17  0.001296496424  0.9999991595  0.001296496061
33  6  4.446056469e-17  -0.001276020931  0.9999991859  -0.001276020584
33  7  1.750700619e-16  -0.001958696732  0.9999980818  -0.001958695479
33  8  8.993333614e-17  -0.002661781251  0.9999964575  -0.002661778108
33  9  5.862344079e-17  -0.0052766455  0.9999860785  -0.005276621013
33  10  -2.95531179e-17  -0.01137430225  0.9999353133  -0.01137405699
33  11  -7.448168834e-17  -0.02017029066  0.9997965866  -0.02016892301
33  12  1.016977158e-16  -0.02373141122  0.9997184233  -0.02372918377
33  13  5.953136114e-17  -0.01646246389  0.9998644967  -0.01646172031
33  14  4.138737361e-17  -0.006397879916  0.9999795336  -0.006397836269
33  15  2.547595973e-16  0.001527431488  0.9999988335  0.001527430894
33  16  6.965979887e-18  0.006016664989  0.9999818999  0.006016628688
33  17  8.602758341e-17  0.004473179974  0.9999899953  0.004473165057
33  18  -1.520524823e-16  -0.001873309185  0.9999982454  -0.001873308089
33  19  1.921531426e-16  -0.01059096513  0.9999439163  -0.01059076713
33  20  9.490485894e-17  -0.02006211621  0.9997987625  -0.02006077044
33  21  7.575433853e-17  -0.02336574573  0.9997270334  -0.02336361967
33  22  -1.802440197e-16  -0.01674158354  0.999859863  -0.0167408015
33  23  -8.648953528e-17  -0.008561375011  0.9999633517  -0.008561270424
33  24  5.216802527e-17  -0.003985130461  0.9999920594  -0.003985119913
33  25  7.75974409e-17  -0.002363285609  0.9999972074  -0.002363283409
33  26  3.100408941e-16  -0.001818787159  0.999998346  -0.001818786156
33  27  2.705258662e-16  -0.0004338933718  0.9999999059  -0.0004338933582
33  28  5.929269523e-17  0.003815294911  0.9999927218  0.003815285654
33  29  2.20075566e-16  0.01500087656  0.999887489  0.01500031397
33  30  1.357770775e-16  0.04423905137  0.9990216127  0.04422462278
33  31  -1.54788933e-16  0.1012671358  0.994876864  0.1010941415
33  32  -6.879113059e-17  0.1198060058  0.9928318406  0.1195196059
33  33  9.297729873e-17  0.07498659164  0.9971898227  0.0749163366
33  34  -2.396380621e-16  0.0522411508  0.9986357414  0.05221739182
33  35  1.125108932e-16  0.06082934071  0.9981504661  0.06079183411
33  36  1.125108932e-16  0.06082934071  0.9981504661  0.06079183411

34  0  -1.922185764e-17  0.03714814408  0.999310087  0.03713960069
34  1  4.448322958e-17  0.0786167873  0.9969112917  0.07853582918
34  2  -6.802354041e-17  0.1163426199  0.9932398278  0.1160803361
34  3  5.302981859e-17  0.08144590944  0.9966851149  0.08135589492
34  4  3.136022805e-16  0.03687313181  0.9993202631  0.03686477675
34  5  1.898481113e-16  0.01605812174  0.9998710711  0.01605743161
34  6  -3.989261908e-17  0.007754396942  0.9999699348  0.007754319229
34  7  2.972114695e-16  0.004052508833  0.9999917886  0.004052497741
34  8  7.92283478e-17  0.0007659801872  0.9999997066  0.0007659801123
34  9  1.055665966e-16  -0.006015189367  0.9999819088  -0.006015153093
34  10  2.01756287e-16  -0.02220476278  0.9997534844  -0.02220293815
34  11  -2.594670732e-17  -0.05291908951  0.9986001117  -0.05289439361
34  12  -3.382544553e-17  -0.0707571401  0.9974977578  -0.07069811308
34  13  2.304439869e-16  -0.04422498304  0.9990222348  -0.04421056821
34  14  6.331096598e-17  -0.01732251407  0.999849969  -0.01732164776
34  15  7.754005171e-17  -0.003754179987  0.9999929531  -0.003754171168
34  16  2.257520821e-16  0.003683534856  0.9999932158  0.003683526526
34  17  8.486811263e-17  0.005456034196  0.9999851159  0.005456007127
34  18  -1.331147501e-16  0.0006313142351  0.9999998007  0.0006313141931
34  19  1.157831468e-16  -0.009059670851  0.9999589615  -0.009059546918
34  20  -5.541977555e-17  -0.02698781269  0.9996358511  -0.02698453675
34  21  -6.461616585e-18  -0.05645201607  0.9984070081  -0.05642203701
34  22  -1.659679805e-17  -0.06801012614  0.9976882027  -0.06795770951
34  23  -2.418933246e-16  -0.03990140549  0.9992040445  -0.03989081835
34  24  3.666315625e-17  -0.01416633895  0.9998996591  -0.01416586512
34  25  -1.088226116e-16  -0.002515029384  0.9999968373  -0.002515026732
34  26  -8.292691741e-17  0.002306283434  0.9999973405  0.002306281389
34  27  3.230574884e-16  0.005408919816  0.9999853718  0.005408893442
34  28  2.262785206e-16  0.01059852986  0.9999438361  0.01059833144
34  29  2.4559389e-16  0.02319471168  0.9997310147  0.02319263197
34  30  1.599711488e-16  0.05443592396  0.9985187309  0.05440904323
34  31  -1.672682432e-16  0.1084486813  0.994125203  0.1082362266
34  32  -9.066011455e-17  0.1089893198  0.994066541  0.1087736732
34  33  3.599819973e-17  0.0522411508  0.9986357414  0.05221739182
34  34  2.745134163e-17  0.02762419837  0.9996184761  0.02762068518
34  35  -4.901832664e-17  0.0251498132  0.9996837601  0.02514716202
34  36  -4.901832664e-17  0.0251498132  0.9996837601  0.02514716202

35  0  -1.311361824e-16  0.02118859916  0.99977553  0.02118701374
35  1  -9.33355233e-17  0.03714814408  0.999310087  0.03713960069
35  2  -1.084965076e-16  0.09802166322  0.9951997221  0.09786476923
35  3  7.207741374e-17  0.1478363219  0.9890920992  0.1472984021
35  4  -3.191360502e-16  0.09673890396  0.9953244403  0.0965880874
35  5  8.643774023e-17  0.04590658275  0.9989464779  0.04589046042
35  6  1.950620552e-16  0.02367803749  0.9997196884  0.02367582504
35  7  5.499626831e-16  0.01419462084  0.9998992581  0.01419414417
35  8  2.360914432e-16  0.007951718752  0.9999683853  0.007951634954
35  9  -1.587069002e-17  -0.002174408213  0.999997636  -0.0021744065
35  10  2.862542315e-16  -0.02912903708  0.9995757796  -0.02912491792
35  11  3.655031747e-16  -0.1027143657  0.9947295157  -0.1025338507
35  12  -6.56188317e-17  -0.1873365956  0.9825037591  -0.1862427538
35  13  6.469573051e-17  -0.1143652891  0.9934674152  -0.1141161469
35  14  -1.390015928e-16  -0.03715825714  0.9993097114  -0.03714970677
35  15  1.420149578e-16  -0.01064665247  0.9999433249  -0.01064645133
35  16  -8.678502535e-17  0.0002359597752  0.9999999722  0.000235959773
35  17  -4.570991164e-16  0.005283599092  0.9999860418  0.005283574509
35  18  -1.855353204e-16  0.003508319846  0.9999938459  0.003508312649
35  19  -1.077021549e-16  -0.004254297629  0.9999909505  -0.004254284796
35  20  2.616266712e-16  -0.02008059847  0.9997983916  -0.02007924898
35  21  1.745316172e-16  -0.06388245682  0.9979602097  -0.06383901531
35  22  -1.577419367e-16  -0.1583191546  0.987493678  -0.1576586059
35  23  -1.423747404e-16  -0.1623636009  0.9868479614  -0.1616511707
35  24  9.126491866e-17  -0.06286202505  0.9980248335  -0.06282063194
35  25  9.355741704e-17  -0.01343259197  0.9999097841  -0.01343218803
35  26  -4.816730377e-17  0.003559797472  0.9999936639  0.003559789954
35  27  -2.920588114e-16  0.01090860974  0.9999405017  0.01090839339
35  28  2.306651979e-16  0.01783276429  0.9998410005  0.01783181914
35  29  3.241321338e-16  0.03173730854  0.9994964139  0.03173198087
35  30  3.517342084e-17  0.06566513174  0.9978448198  0.06561795156
35  31  -2.553679288e-17  0.1296662627  0.9916051022  0.1293032142
35  32  1.244196279e-16  0.1382442731  0.9904594695  0.1378043516
35  33  6.558481667e-17  0.06082934071  0.9981504661  0.06079183411
35  34  -1.287151831e-16  0.0251498132  0.9996837601  0.02514716202
35  35  -1.498096031e-16  0.0197017703  0.9998059264  0.01970049575
35  36  -1.498096031e-16  0.0197017703  0.9998059264  0.01970049575

36  0  -1.311361824e-16  0.02118859916  0.9998059264  0.01970049575
36  1  4.448322958e-17  0.0786167873  0.9998059264  0.01970049575
36  2  -9.633949087e-17  0.07019712158  0.9998059264  0.01970049575
36  3  -2.768640878e-17  0.005949779331  0.9998059264  0.01970049575
36  4  -2.809717468e-16  -0.00663873824  0.9998059264  0.01970049575
36  5  -2.008585786e-17  -0.01358316992  0.9998059264  0.01970049575
36  6  -1.99204385e-16  -0.02681085916  0.9998059264  0.01970049575
36  7  8.881912025e-17  -0.08481412625  0.9998059264  0.01970049575
36  8  -1.933413614e-17  -1.449025431  0.9998059264  0.01970049575
36  9  -3.372787665e-17  -0.2704157079  0.9998059264  0.01970049575
36  10  2.688097831e-16  -0.03547058668  0.9998059264  0.01970049575
36  11  3.692109608e-18  -0.01806108842  0.9998059264  0.01970049575
36  12  1.332360237e-16  -0.01580419323  0.9998059264  0.01970049575
36  13  1.845970518e-17  0.006537704205  0.9998059264  0.01970049575
36  14  -4.429840424e-17  0.01455669029  0.9998059264  0.01970049575
36  15  3.576776035e-16  0.01031425156  0.9998059264  0.01970049575
36  16  -8.884387504e-17  0.007061356955  0.9998059264  0.01970049575
36  17  2.267131167e-17  0.005789057264  0.9998059264  0.01970049575
36  18  7.361401048e-17  0.005789057264  0.9998059264  0.01970049575
36  19  9.842495037e-17  0.007061356955  0.9998059264  0.01970049575
36  20  1.917824503e-16  0.01031425156  0.9998059264  0.01970049575
36  21  2.141189881e-16  0.01455669029  0.9998059264  0.01970049575
36  22  -1.23777786e-16  0.006537704205  0.9998059264  0.01970049575
36  23  2.897587316e-16  -0.01580419323  0.9998059264  0.01970049575
36  24  -1.845261224e-16  -0.01806108842  0.9998059264  0.01970049575
36  25  -1.561920335e-16  -0.03547058668  0.9998059264  0.01970049575
36  26  -2.025141404e-16  -0.2704157079  0.9998059264  0.01970049575
36  27  7.051279392e-17  -1.449025431  0.9998059264  0.01970049575
36  28  2.521692645e-16  -0.08481412625  0.9998059264  0.01970049575
36  29  2.175158642e-16  -0.02681085916  0.9998059264  0.01970049575
36  30  -3.445444944e-16  -0.01358316992  0.9998059264  0.01970049575
36  31  3.225958453e-17  -0.00663873824  0.9998059264  0.01970049575
36  32  2.909468917e-17  0.005949779331  0.9998059264  0.01970049575
36  33  -2.570291179e-17  0.07019712158  0.9998059264  0.01970049575
36  34  -1.437389956e-16  0.0786167873  0.9998059264  0.01970049575
36  35  -5.411727655e-16  0.02118859916  0.9998059264  0.01970049575
36  36  -5.411727655e-16  0.02118859916  0.9998059264  0.01970049575

#Chern no*2pi*Iota= 5.671954118e-15  -18.84955592
