#nx  ny  tilde_F(nx,ny).real()  tilde_F(nx,ny).imag()  ArgofLog.real()  ArgofLog.imag()
#Extra momentum point for pm3d corners2color c1
0  0  -1.436787622e-16  -0.01115173429  0.9999378201  -0.01115150315
0  1  4.577452983e-17  -0.1224713019  0.9925097594  -0.1221653691
0  2  3.146496164e-17  -0.5930491745  0.829240377  -0.5588921158
0  3  -9.163104582e-18  -0.7834710525  0.7084681405  -0.7057427958
0  4  -1.484369904e-16  0.01625733737  0.9998678524  0.01625662124
0  5  -1.268817034e-16  -0.001278423303  0.9999991828  -0.001278422954
0  6  -4.206309522e-17  -0.01221607911  0.9999253846  -0.01221577527
0  7  6.235888198e-17  -0.01642669824  0.9998650848  -0.0164259595
0  8  2.038733858e-16  -0.2010203962  0.9798633462  -0.1996692834
0  9  7.772127012e-17  -0.9882480317  0.5501537087  -0.8350634088
0  10  2.515588813e-17  -0.01317323648  0.9999132342  -0.01317285548
0  11  -2.034366709e-17  0.001272722916  0.9999991901  0.001272722572
0  12  4.527484973e-17  0.002264417777  0.9999974362  0.002264415842
0  13  -7.716498964e-17  0.003184218956  0.9999949304  0.003184213575
0  14  2.928127239e-16  0.005612449964  0.9999842502  0.005612420499
0  15  2.988427056e-16  0.01028402616  0.9999471199  0.01028384488
0  16  1.947629836e-16  0.01681384737  0.9998586506  0.01681305515
0  17  -1.104273949e-16  0.02266456147  0.9997431698  0.02266262112
0  18  2.300116133e-16  0.02410890966  0.9997093943  0.02410657422
0  19  2.643784237e-17  0.02005597219  0.9997988857  0.02005462766
0  20  -3.912802712e-16  0.01342182246  0.9999099287  0.01342141948
0  21  -2.23041869e-17  0.007668639879  0.9999705961  0.007668564716
0  22  3.292683842e-16  0.004171510543  0.9999912993  0.004171498444
0  23  2.811635793e-16  0.002626471826  0.9999965508  0.002626468806
0  24  1.367945051e-16  0.001984481546  0.9999980309  0.001984480244
0  25  3.076416937e-16  -0.001441756693  0.9999989607  -0.001441756193
0  26  -9.277555309e-17  -0.3712949497  0.9318582902  -0.3628224455
0  27  3.601047977e-17  -0.8110494669  0.688737938  -0.7250103812
0  28  1.517018393e-16  -0.027328634  0.9996265961  -0.02732523237
0  29  -1.392101399e-16  -0.01372369923  0.9999058315  -0.01372326845
0  30  -1.619614781e-16  -0.009314632819  0.9999566191  -0.009314498127
0  31  -1.015570079e-16  0.01220725431  0.9999254924  0.01220695113
0  32  2.455091772e-17  -0.6679002917  0.7851238265  -0.6193388225
0  33  1.196733533e-16  -0.3685073728  0.9328660639  -0.3602234125
0  34  2.483294398e-17  -0.4328012593  0.9077944217  -0.4194154122
0  35  -1.310500396e-16  -0.02920976066  0.9995734253  -0.02920560716
0  36  -1.310500396e-16  -0.02920976066  0.9995734253  -0.02920560716

1  0  -1.009333697e-16  -0.1224713019  0.9925097594  -0.1221653691
1  1  3.866723155e-18  -0.1976748167  0.9805258707  -0.1963899614
1  2  2.71845703e-16  -0.719204056  0.7523303242  -0.6587860679
1  3  -3.533844017e-17  -0.4278183521  0.9098730511  -0.4148867688
1  4  -3.345432026e-16  -0.2227623997  0.9752908892  -0.2209246058
1  5  1.178545838e-17  -0.02762559007  0.9996184377  -0.02762207635
1  6  -1.105068017e-16  -0.01484187583  0.9998898614  -0.01484133094
1  7  6.450166787e-17  -0.01621163979  0.9998685942  -0.01621092969
1  8  1.985966765e-16  -0.02931502974  0.9995703453  -0.02931083118
1  9  3.081170546e-16  -0.1344049171  0.9909812481  -0.1340006187
1  10  -1.160545401e-16  -0.02886596646  0.9995834069  -0.0288619579
1  11  -3.028675597e-16  -0.0006253179739  0.9999998045  -0.0006253179331
1  12  -2.319580444e-17  0.002053865197  0.9999978908  0.002053863753
1  13  -1.139055565e-16  0.003531408765  0.9999937646  0.003531401425
1  14  3.777837018e-17  0.00645303028  0.9999791793  0.006452985495
1  15  4.259613019e-16  0.0118189126  0.9999301575  0.01181863745
1  16  -2.337956303e-16  0.01947992556  0.9998102722  0.01947869358
1  17  1.336331974e-17  0.02729306427  0.9996275674  0.02728967591
1  18  2.549152112e-17  0.03158405318  0.9995012653  0.03157880232
1  19  3.499522379e-16  0.02989648602  0.9995531333  0.02989203264
1  20  4.967336892e-18  0.0233207167  0.9997280844  0.02331860291
1  21  -1.352107341e-17  0.01532053  0.999882643  0.01531993067
1  22  1.467980061e-16  0.008812713415  0.9999611683  0.008812599344
1  23  1.534848609e-16  0.004793003238  0.9999885136  0.004792984886
1  24  -9.427516412e-17  0.0027694304  0.9999961651  0.002769426859
1  25  9.693211327e-18  0.00121130018  0.9999992664  0.001211299884
1  26  4.079545736e-17  -0.008755093192  0.9999616744  -0.008754981344
1  27  1.884426922e-16  -0.1156501165  0.9933199757  -0.1153924865
1  28  1.413744356e-16  -0.05862516999  0.9982820368  -0.05859159418
1  29  4.335747094e-20  -0.01833352536  0.9998319456  -0.01833249834
1  30  -2.702713841e-16  -0.0150043119  0.9998874374  -0.01500374892
1  31  -3.898669067e-16  -0.0137459401  0.9999055261  -0.01374550722
1  32  -3.64726293e-16  -0.1130302989  0.9936188738  -0.1127897763
1  33  1.070603619e-16  -0.4494289531  0.9006953412  -0.4344512657
1  34  2.183890158e-16  -0.4955357875  0.8797140675  -0.4755030593
1  35  5.02536943e-17  -0.4328012593  0.9077944217  -0.4194154122
1  36  5.02536943e-17  -0.4328012593  0.9077944217  -0.4194154122

2  0  2.307340648e-16  -0.5930491745  0.829240377  -0.5588921158
2  1  1.838798434e-16  -0.719204056  0.7523303242  -0.6587860679
2  2  1.904455339e-16  -0.5181706473  0.8687266961  -0.49529176
2  3  1.907050706e-16  -0.4269448188  0.9102351213  -0.4140918061
2  4  3.538438174e-16  -1.294983382  0.2723292459  -0.9622041269
2  5  -1.328789814e-16  -0.8554416299  0.6558852047  -0.7548606483
2  6  -2.103596246e-17  -0.02914170308  0.9995754106  -0.02913757855
2  7  1.231433382e-17  -0.02119881306  0.9997753136  -0.02119722534
2  8  -4.378037012e-16  -0.02345982169  0.999724831  -0.02345766985
2  9  -2.002581106e-16  -0.04240837531  0.9991008996  -0.04239566475
2  10  -3.217600618e-16  -0.02484636217  0.999691345  -0.0248438058
2  11  -1.701043275e-16  -0.001568899259  0.9999987693  -0.001568898615
2  12  -6.989462237e-17  0.003271828153  0.9999946476  0.003271822316
2  13  -5.184388271e-17  0.006255885555  0.999980432  0.00625584475
2  14  3.112815159e-16  0.01064326814  0.999943361  0.0106430672
2  15  1.92868926e-16  0.01647515383  0.9998642877  0.01647440853
2  16  3.813135207e-17  0.02234187798  0.9997504306  0.02234001934
2  17  -1.12542395e-17  0.02673471064  0.9996426489  0.026731526
2  18  -5.669190021e-17  0.02901015723  0.9995792349  0.0290060883
2  19  -2.760207749e-16  0.0291977647  0.9995737755  0.02919361631
2  20  3.097292125e-17  0.02742489282  0.9996239612  0.02742145512
2  21  5.45756212e-17  0.02378359981  0.9997171835  0.02378135764
2  22  2.569744718e-16  0.01866855415  0.9998257476  0.01866746979
2  23  1.465000463e-16  0.01305872359  0.9999147361  0.01305835244
2  24  4.408196918e-16  0.008215493914  0.999966253  0.008215401498
2  25  2.499158344e-16  0.004782657893  0.9999885631  0.00478263966
2  26  -9.763758052e-17  0.001491898686  0.9999988871  0.001491898132
2  27  2.366187942e-16  -0.01152915583  0.99993354  -0.01152890042
2  28  6.185803014e-17  -0.04109686216  0.9991556428  -0.0410852947
2  29  -6.167530287e-17  -0.02837977166  0.9995973213  -0.02837596225
2  30  2.934502163e-17  -0.02071771469  0.9997853958  -0.02071623264
2  31  -2.747948387e-16  -0.02197683313  0.9997585191  -0.02197506411
2  32  -2.06149231e-16  -0.09215575143  0.9957566631  -0.09202536522
2  33  2.158396944e-16  -1.945389768  -0.3658941925  -0.9306564564
2  34  -1.665793397e-16  -0.4494289531  0.9006953412  -0.4344512657
2  35  -5.578462784e-17  -0.3685073728  0.9328660639  -0.3602234125
2  36  -5.578462784e-17  -0.3685073728  0.9328660639  -0.3602234125

3  0  -2.212267061e-16  -0.7834710525  0.7084681405  -0.7057427958
3  1  -6.538825498e-17  -0.4278183521  0.9098730511  -0.4148867688
3  2  -1.650729099e-16  -0.4269448188  0.9102351213  -0.4140918061
3  3  -2.40786753e-17  -1.348098007  0.2208621092  -0.9753050439
3  4  -2.444531499e-17  -0.08470750457  0.9964144641  -0.08460623975
3  5  -2.054469008e-16  -0.09530314327  0.9954620917  -0.09515894063
3  6  -3.519020698e-16  -0.03394818255  0.9994238158  -0.03394166217
3  7  -1.821339478e-16  -0.02739089957  0.9996248928  -0.02738747464
3  8  -1.358517679e-16  -0.02823766723  0.9996013436  -0.02823391476
3  9  -2.679561553e-17  -0.03308482311  0.9994527472  -0.03307878764
3  10  -5.471670143e-17  -0.02207540742  0.9997563481  -0.02207361449
3  11  6.147459555e-17  -0.001403424497  0.9999990152  -0.001403424037
3  12  -6.529922247e-17  0.007935764645  0.999968512  0.007935681351
3  13  1.007297637e-16  0.01355413962  0.9999081441  0.0135537246
3  14  -8.330264816e-17  0.01645014874  0.9998646994  0.01644940683
3  15  -3.728326418e-17  0.01590509314  0.9998735167  0.01590442256
3  16  9.935616567e-17  0.01336848154  0.9999106432  0.01336808335
3  17  -2.517367781e-16  0.01064557337  0.9999433364  0.0106453723
3  18  -3.895049781e-17  0.008705464345  0.9999621077  0.008705354388
3  19  -5.235150375e-16  0.007864414331  0.9999690757  0.007864333263
3  20  -1.571175945e-16  0.008170202186  0.9999666241  0.00817011129
3  21  -1.14353188e-16  0.009558832404  0.9999543147  0.009558686837
3  22  -2.264075117e-16  0.01178168164  0.9999305968  0.01178140908
3  23  -1.183627866e-16  0.01417444105  0.9998995443  0.01417396641
3  24  5.701493326e-17  0.01554595004  0.9998791642  0.01554532386
3  25  6.733293367e-17  0.01462923343  0.9998929947  0.01462871163
3  26  -1.10685367e-16  0.01092650997  0.9999403063  0.01092629256
3  27  -1.845786009e-16  0.004135938167  0.999991447  0.004135926375
3  28  -1.137821314e-16  -0.01157071799  0.99993306  -0.01157045981
3  29  -4.947308954e-17  -0.03020346621  0.99954391  -0.03019887424
3  30  3.647994187e-16  -0.02940731855  0.999567636  -0.0294030802
3  31  1.946747026e-16  -0.02681639339  0.9996404621  -0.02681317947
3  32  2.124736259e-16  -0.02980150581  0.999555968  -0.02979709474
3  33  -1.674489159e-16  -0.09215575143  0.9957566631  -0.09202536522
3  34  -4.498715642e-16  -0.1130302989  0.9936188738  -0.1127897763
3  35  1.423887168e-16  -0.6679002917  0.7851238265  -0.6193388225
3  36  1.423887168e-16  -0.6679002917  0.7851238265  -0.6193388225

4  0  6.031526039e-17  0.01625733736  0.9998678524  0.01625662123
4  1  1.821213942e-16  -0.2227623997  0.9752908892  -0.2209246058
4  2  -9.541127735e-17  -1.294983382  0.2723292459  -0.9622041269
4  3  1.176059269e-16  -0.08470750457  0.9964144641  -0.08460623975
4  4  -4.223614585e-17  0.02021725153  0.9997956383  0.0202158743
4  5  -7.73381155e-17  -0.003352878806  0.9999943791  -0.003352872524
4  6  -2.373883584e-16  -0.01840944495  0.999830551  -0.01840840512
4  7  -1.187557295e-16  -0.02437270636  0.9997030003  -0.02437029342
4  8  9.142937886e-17  -0.03047823679  0.9995355745  -0.03047351835
4  9  1.205602729e-16  -0.03774694848  0.9992876685  -0.03773798528
4  10  -9.809180926e-17  -0.03116691187  0.9995143511  -0.03116186631
4  11  2.156668339e-16  -0.008296636941  0.9999655831  -0.008296541759
4  12  1.742049364e-16  0.01521430808  0.9998842646  0.01521372113
4  13  -1.335484867e-16  0.02075978198  0.9997845235  0.02075829088
4  14  -2.844610307e-16  0.01324387242  0.9999123012  0.01324348526
4  15  -1.178268298e-16  0.006031051698  0.9999818133  0.006031015136
4  16  -6.118850023e-17  0.001332453171  0.9999991123  0.001332452777
4  17  -1.745834288e-17  -0.001502174341  0.9999988717  -0.001502173776
4  18  1.133552273e-16  -0.003133290124  0.9999950913  -0.003133284997
4  19  -1.405443187e-16  -0.003928950014  0.9999922817  -0.003928939905
4  20  -1.079531809e-16  -0.004050435445  0.999991797  -0.00405042437
4  21  -8.740967905e-17  -0.003520739207  0.9999938022  -0.003520731933
4  22  -5.981672216e-17  -0.002236081489  0.9999975  -0.002236079626
4  23  -5.765802698e-17  7.696875646e-05  0.999999997  7.696875638e-05
4  24  -1.271802721e-16  0.0039289205  0.9999922818  0.003928910392
4  25  9.102933729e-17  0.009905353856  0.9999509424  0.009905191878
4  26  -1.613338452e-16  0.01721376594  0.9998518468  0.01721291584
4  27  -1.571638112e-16  0.01948995066  0.9998100769  0.01948871678
4  28  -1.497852905e-16  0.003788773123  0.9999928226  0.003788764059
4  29  6.046147062e-17  -0.02235406621  0.9997501583  -0.02235220452
4  30  1.302064998e-18  -0.03675377313  0.9993246561  -0.03674549895
4  31  -2.516039967e-16  -0.03345076337  0.9994405754  -0.03344452541
4  32  -1.169407421e-16  -0.02681639339  0.9996404621  -0.02681317947
4  33  -1.151591861e-16  -0.02197683313  0.9997585191  -0.02197506411
4  34  -9.548748833e-17  -0.0137459401  0.9999055261  -0.01374550722
4  35  -1.388584334e-16  0.01220725431  0.9999254924  0.01220695113
4  36  -1.388584334e-16  0.01220725431  0.9999254924  0.01220695113

5  0  1.514643457e-16  -0.001278423302  0.9999991828  -0.001278422954
5  1  3.821690049e-17  -0.02762559007  0.9996184377  -0.02762207635
5  2  3.210403485e-16  -0.8554416299  0.6558852047  -0.7548606483
5  3  -8.760100613e-17  -0.09530314327  0.9954620917  -0.09515894063
5  4  1.181827671e-16  -0.003352878806  0.9999943791  -0.003352872524
5  5  -1.836280552e-16  -0.006754103693  0.9999771911  -0.006754052342
5  6  -2.730204372e-16  -0.01248502405  0.9999220631  -0.0124846997
5  7  -7.241236764e-17  -0.01779386095  0.9998416934  -0.01779292198
5  8  1.612160661e-16  -0.02531288185  0.9996796461  -0.02531017876
5  9  4.471544195e-16  -0.03594407321  0.9993540813  -0.03593633389
5  10  2.148556372e-17  -0.03891890675  0.9992427549  -0.03890908254
5  11  1.435233759e-16  -0.05894526995  0.9982632305  -0.05891114122
5  12  2.681095205e-16  -0.2083084619  0.9783821332  -0.2068052259
5  13  -3.073389898e-16  0.002073466026  0.9999978504  0.00207346454
5  14  -5.819150285e-16  0.005254880271  0.9999861931  0.005254856086
5  15  -2.154882447e-16  0.00117492896  0.9999993098  0.001174928689
5  16  -1.81412795e-17  -0.001984496563  0.9999980309  -0.00198449526
5  17  -3.653835791e-17  -0.004006907313  0.9999919724  -0.004006896591
5  18  -2.379111986e-16  -0.005214536961  0.9999864043  -0.005214513329
5  19  -1.248623085e-16  -0.005869892932  0.9999827722  -0.005869859223
5  20  3.417667702e-18  -0.006117957381  0.9999812854  -0.006117919216
5  21  1.679054857e-17  -0.006012213843  0.9999819267  -0.006012177623
5  22  2.690768734e-16  -0.005531472193  0.9999847014  -0.005531443985
5  23  6.770164361e-17  -0.004569763193  0.9999895587  -0.004569747288
5  24  3.81623555e-17  -0.002897305688  0.9999958028  -0.002897301635
5  25  2.920224235e-17  -0.0001078619916  0.9999999942  -0.0001078619913
5  26  -1.73226633e-17  0.004368202309  0.9999904594  0.004368188417
5  27  -1.36635289e-16  0.01067811064  0.9999429895  0.01067790772
5  28  -1.446809638e-16  -0.0004431091114  0.9999999018  -0.0004431090969
5  29  1.800674096e-16  -0.2490320838  0.9691514341  -0.2464660175
5  30  -1.372975452e-17  -0.04790461436  0.9988527934  -0.04788629413
5  31  -1.188916908e-16  -0.03675377313  0.9993246561  -0.03674549895
5  32  -7.138760449e-17  -0.02940731855  0.999567636  -0.0294030802
5  33  -7.180791581e-17  -0.02071771469  0.9997853958  -0.02071623264
5  34  -2.493306709e-16  -0.0150043119  0.9998874374  -0.01500374892
5  35  -1.598408685e-16  -0.009314632819  0.9999566191  -0.009314498126
5  36  -1.598408685e-16  -0.009314632819  0.9999566191  -0.009314498126

6  0  1.366729111e-16  -0.01221607911  0.9999253846  -0.01221577527
6  1  -1.954140662e-16  -0.01484187583  0.9998898614  -0.01484133094
6  2  9.136924623e-17  -0.02914170308  0.9995754106  -0.02913757855
6  3  -1.418970002e-16  -0.03394818255  0.9994238158  -0.03394166217
6  4  1.769779706e-16  -0.01840944495  0.999830551  -0.01840840512
6  5  -8.940808354e-17  -0.01248502405  0.9999220631  -0.0124846997
6  6  1.010953057e-16  -0.01255699627  0.999921162  -0.01255666627
6  7  -4.183633859e-17  -0.01519997207  0.9998844826  -0.01519938678
6  8  2.104003506e-16  -0.02265785352  0.9997433218  -0.02265591489
6  9  -1.140185583e-16  -0.03391033638  0.9994250996  -0.03390383777
6  10  -3.335621835e-17  -0.02747585505  0.9996225624  -0.02747239815
6  11  -2.720161705e-16  -0.04114671667  0.9991535933  -0.04113510707
6  12  1.803155654e-16  -2.490549476  -0.7954520486  -0.606016533
6  13  -2.288345644e-16  -0.03315447365  0.9994504408  -0.03314839998
6  14  -7.718199423e-17  0.006162391017  0.9999810125  0.006162352015
6  15  -1.971402937e-16  0.005637072332  0.9999841117  0.005637042477
6  16  2.940667524e-16  0.00205444166  0.9999978896  0.002054440214
6  17  -8.65104012e-19  -0.001036019678  0.9999994633  -0.001036019493
6  18  -2.534170091e-16  -0.003015189558  0.9999954543  -0.003015184989
6  19  -1.618257611e-16  -0.004113093786  0.9999915412  -0.004113082189
6  20  -1.097303139e-16  -0.004622188762  0.9999893177  -0.004622172304
6  21  -1.240871136e-16  -0.004707225709  0.999988921  -0.004707208325
6  22  7.577817481e-17  -0.004399715626  0.9999903213  -0.004399701431
6  23  -5.808249407e-17  -0.003601583584  0.9999935143  -0.003601575798
6  24  1.96766661e-16  -0.002069524009  0.9999978585  -0.002069522532
6  25  3.597199095e-17  0.0005456970243  0.9999998511  0.0005456969973
6  26  -1.739555293e-16  0.00431486215  0.999990691  0.00431484876
6  27  -5.5149291e-17  0.007774622799  0.9999697778  0.007774544477
6  28  1.03084776e-16  0.003018851022  0.9999954433  0.003018846437
6  29  1.594618142e-16  -2.310303435  -0.6739238448  -0.7388008198
6  30  -1.898245029e-16  -0.2490320838  0.9691514341  -0.2464660175
6  31  -1.170145731e-16  -0.02235406621  0.9997501583  -0.02235220452
6  32  4.105735105e-17  -0.03020346621  0.99954391  -0.03019887424
6  33  -8.649046519e-17  -0.02837977166  0.9995973213  -0.02837596225
6  34  -1.429715683e-16  -0.01833352536  0.9998319456  -0.01833249834
6  35  1.030798701e-16  -0.01372369923  0.9999058315  -0.01372326845
6  36  1.030798701e-16  -0.01372369923  0.9999058315  -0.01372326845

7  0  -2.867873779e-17  -0.01642669824  0.9998650848  -0.0164259595
7  1  -1.463960455e-16  -0.01621163979  0.9998685942  -0.01621092969
7  2  5.372909251e-17  -0.02119881306  0.9997753136  -0.02119722534
7  3  2.552491801e-16  -0.02739089957  0.9996248928  -0.02738747464
7  4  1.20040279e-16  -0.02437270636  0.9997030003  -0.02437029342
7  5  4.489835622e-17  -0.01779386095  0.9998416934  -0.01779292198
7  6  -6.765656407e-17  -0.01519997207  0.9998844826  -0.01519938678
7  7  6.688812605e-17  -0.01796299428  0.9998386698  -0.01796202828
7  8  2.128952787e-16  -0.0370834122  0.9993124891  -0.0370749134
7  9  -8.728965426e-17  -0.06599659741  0.9978230149  -0.06594869925
7  10  -1.662018695e-17  -0.02447076444  0.9997006058  -0.02446832225
7  11  -2.473815534e-16  -0.00291373635  0.9999957551  -0.002913732227
7  12  -2.579409294e-16  0.01166231528  0.999931996  0.01166205092
7  13  -3.782062949e-16  -0.005535161646  0.999984681  -0.005535133381
7  14  -3.202647819e-16  0.008391484462  0.9999647917  0.008391385978
7  15  9.424641901e-18  0.01306602075  0.9999146408  0.01306564898
7  16  2.214806954e-16  0.01176934355  0.9999307421  0.01176907184
7  17  3.937772355e-16  0.007389232385  0.9999726997  0.007389165142
7  18  -1.440990766e-16  0.003039095203  0.999995382  0.003039090525
7  19  -8.432142525e-17  0.0001532219017  0.9999999883  0.0001532219011
7  20  -4.81318016e-16  -0.001358310373  0.9999990775  -0.001358309956
7  21  -2.112185276e-16  -0.001913149547  0.9999981699  -0.00191314838
7  22  7.080522325e-17  -0.001728310697  0.9999985065  -0.001728309836
7  23  2.086679594e-16  -0.0007320603413  0.999999732  -0.0007320602759
7  24  2.588024954e-16  0.001431775895  0.999998975  0.001431775406
7  25  2.136341935e-16  0.005208287383  0.9999864369  0.005208263836
7  26  9.740085136e-17  0.01020822453  0.9999478965  0.01020804724
7  27  1.755184339e-16  0.01383120687  0.9999043504  0.01383076588
7  28  9.266487708e-17  0.01251896715  0.9999216388  0.01251864015
7  29  -3.141494788e-16  0.003018851022  0.9999954433  0.003018846437
7  30  -1.758616299e-16  -0.0004431091099  0.9999999018  -0.0004431090954
7  31  -8.840171266e-17  0.003788773123  0.9999928226  0.003788764059
7  32  5.846649196e-17  -0.01157071799  0.99993306  -0.01157045981
7  33  2.999188752e-17  -0.04109686216  0.9991556428  -0.0410852947
7  34  2.511839108e-17  -0.05862516999  0.9982820368  -0.05859159418
7  35  -7.102180604e-17  -0.027328634  0.9996265961  -0.02732523237
7  36  -7.102180604e-17  -0.027328634  0.9996265961  -0.02732523237

8  0  -1.023989859e-17  -0.2010203962  0.9798633462  -0.1996692834
8  1  -4.658315846e-17  -0.02931502974  0.9995703453  -0.02931083118
8  2  8.793065872e-17  -0.02345982169  0.999724831  -0.02345766985
8  3  2.087742597e-16  -0.02823766723  0.9996013436  -0.02823391476
8  4  2.196984893e-16  -0.03047823679  0.9995355745  -0.03047351835
8  5  1.524731599e-16  -0.02531288185  0.9996796461  -0.02531017876
8  6  -1.626770437e-16  -0.02265785352  0.9997433218  -0.02265591489
8  7  -5.049910615e-17  -0.0370834122  0.9993124891  -0.0370749134
8  8  2.278160311e-16  -0.3653465186  0.9340000155  -0.3572729643
8  9  9.069443968e-19  -0.72289223  0.7498954952  -0.6615563062
8  10  -1.890189582e-16  -0.03099129691  0.9995198082  -0.03098633616
8  11  -1.676250031e-16  -0.0009862646031  0.9999995136  -0.0009862644432
8  12  -1.802495211e-16  0.01405116127  0.9999012841  0.01405069891
8  13  1.283789633e-16  0.018454533  0.9998297199  0.01845348551
8  14  -7.501179001e-17  0.006213022961  0.9999806992  0.006212982989
8  15  4.155361148e-16  0.01055076984  0.9999443411  0.01055057409
8  16  -1.008147763e-16  0.01614373731  0.9998696927  0.01614303609
8  17  2.728370308e-16  0.01832279654  0.9998321423  0.01832177132
8  18  2.40765577e-17  0.01544571201  0.9998807174  0.01544509787
8  19  1.289552528e-16  0.01000461571  0.9999499542  0.01000444881
8  20  -2.73985487e-16  0.005545679305  0.9999846228  0.005545650879
8  21  1.16649808e-16  0.003232372873  0.9999947759  0.003232367244
8  22  1.338309274e-17  0.00279378727  0.9999960974  0.002793783636
8  23  -3.467804131e-16  0.004103961791  0.9999915788  0.004103950271
8  24  -1.191188541e-16  0.007537475168  0.9999715934  0.007537403796
8  25  -1.743795441e-16  0.01312122446  0.999913918  0.01312084795
8  26  8.073428639e-17  0.01832423308  0.9998321159  0.01832320762
8  27  2.554879753e-16  0.01868540447  0.9998254329  0.01868431717
8  28  1.187040654e-16  0.01383120687  0.9999043504  0.01383076588
8  29  -1.763067828e-16  0.007774622799  0.9999697778  0.007774544477
8  30  -1.257727592e-16  0.01067811064  0.9999429895  0.01067790772
8  31  9.749176008e-17  0.01948995066  0.9998100769  0.01948871678
8  32  5.192738977e-17  0.004135938167  0.999991447  0.004135926375
8  33  1.087646063e-16  -0.01152915583  0.99993354  -0.01152890042
8  34  8.36249741e-17  -0.1156501166  0.9933199757  -0.1153924865
8  35  9.04409599e-17  -0.8110494669  0.688737938  -0.7250103812
8  36  9.04409599e-17  -0.8110494669  0.688737938  -0.7250103812

9  0  8.182118411e-17  -0.9882480317  0.5501537087  -0.8350634088
9  1  4.407518894e-19  -0.1344049171  0.9909812481  -0.1340006187
9  2  3.652294508e-16  -0.04240837531  0.9991008996  -0.04239566475
9  3  8.409882748e-17  -0.03308482311  0.9994527472  -0.03307878764
9  4  2.536890447e-17  -0.03774694848  0.9992876685  -0.03773798528
9  5  -3.161116946e-17  -0.03594407321  0.9993540813  -0.03593633389
9  6  2.225684091e-16  -0.03391033638  0.9994250996  -0.03390383777
9  7  2.438950864e-16  -0.06599659741  0.9978230149  -0.06594869925
9  8  1.474095892e-16  -0.72289223  0.7498954952  -0.6615563062
9  9  5.824468622e-17  -0.7197436482  0.7519747389  -0.6591919236
9  10  -1.133499187e-16  -0.01915499796  0.9998165486  -0.01915382661
9  11  -1.360955214e-16  -0.0009201670645  0.9999995766  -0.0009201669346
9  12  7.035505939e-17  0.00587435982  0.999982746  0.005874326034
9  13  1.061102746e-16  0.01831173792  0.9998323448  0.01831071456
9  14  -2.155078835e-16  0.009485286593  0.999955015  0.00948514436
9  15  3.636806063e-16  0.003188794532  0.9999949158  0.003188789127
9  16  -2.59302281e-16  0.007166696341  0.9999743193  0.007166634993
9  17  -8.719111379e-17  0.01422001037  0.9998988974  0.01421953114
9  18  -2.650780459e-16  0.02153443728  0.999768143  0.02153277295
9  19  2.537304648e-16  0.02493564813  0.9996891228  0.0249330641
9  20  2.700483686e-16  0.02223854517  0.9997527337  0.02223671219
9  21  -2.736502047e-16  0.01712817482  0.9998533164  0.01712733734
9  22  -2.332061131e-16  0.01429784796  0.9998977875  0.01429736081
9  23  1.430447346e-16  0.01531722838  0.9998826936  0.01531662944
9  24  2.739987872e-16  0.02005717432  0.9997988616  0.02005582954
9  25  3.724503223e-16  0.02548936233  0.9996751638  0.02548660232
9  26  -1.44143651e-17  0.02519793276  0.9996825489  0.02519526633
9  27  -1.063648057e-16  0.01832423308  0.9998321159  0.01832320762
9  28  -8.33149023e-17  0.01020822453  0.9999478965  0.01020804724
9  29  2.131777002e-16  0.00431486215  0.999990691  0.004314848761
9  30  -3.614324759e-16  0.004368202309  0.9999904594  0.004368188417
9  31  -1.523852079e-16  0.01721376594  0.9998518468  0.01721291584
9  32  -4.198728029e-16  0.01092650997  0.9999403063  0.01092629256
9  33  -9.102691272e-17  0.001491898686  0.9999988871  0.001491898132
9  34  -1.651908986e-16  -0.008755093193  0.9999616744  -0.008754981345
9  35  1.570258454e-16  -0.3712949497  0.9318582902  -0.3628224455
9  36  1.570258454e-16  -0.3712949497  0.9318582902  -0.3628224455

10  0  -7.590283783e-17  -0.01317323648  0.9999132342  -0.01317285548
10  1  1.845532643e-16  -0.02886596646  0.9995834069  -0.0288619579
10  2  2.495833422e-16  -0.02484636217  0.999691345  -0.0248438058
10  3  -8.577386754e-17  -0.02207540742  0.9997563481  -0.02207361449
10  4  5.954032033e-17  -0.03116691187  0.9995143511  -0.03116186631
10  5  -7.260045049e-17  -0.03891890675  0.9992427549  -0.03890908254
10  6  1.948140037e-16  -0.02747585505  0.9996225624  -0.02747239815
10  7  3.745905794e-16  -0.02447076444  0.9997006058  -0.02446832225
10  8  1.26630984e-16  -0.03099129691  0.9995198082  -0.03098633616
10  9  -2.154220114e-16  -0.01915499796  0.9998165486  -0.01915382661
10  10  -1.629079752e-16  -0.003500221715  0.9999938742  -0.003500214568
10  11  1.457820559e-16  0.0007062570467  0.9999997506  0.000706256988
10  12  1.019221676e-16  0.002696380557  0.9999963648  0.00269637729
10  13  3.737298361e-17  0.0100128192  0.9999498721  0.01001265189
10  14  -1.194116362e-16  0.01541693822  0.9998811614  0.01541632751
10  15  -1.792559369e-16  0.002953494679  0.9999956384  0.002953490385
10  16  -7.521108461e-17  -0.0003544169096  0.9999999372  -0.0003544169022
10  17  -3.36104343e-17  0.002838959558  0.9999959702  0.002838955744
10  18  -1.100592082e-16  0.009160544293  0.9999580425  0.009160416175
10  19  1.251906201e-16  0.0189476651  0.9998204984  0.01894653137
10  20  7.810774166e-17  0.03171576376  0.9994970973  0.03171044694
10  21  4.969213389e-18  0.04374182543  0.9990434789  0.04372787788
10  22  -9.362493691e-17  0.05199319814  0.9986486581  0.05196977583
10  23  -4.072034261e-16  0.05569146143  0.9984496313  0.05566267769
10  24  -2.908886677e-16  0.05243829164  0.9986254278  0.0524142627
10  25  1.370588442e-16  0.04088371253  0.9991643774  0.04087232411
10  26  2.542404778e-16  0.02548936233  0.9996751638  0.02548660232
10  27  7.532606393e-17  0.01312122446  0.999913918  0.01312084795
10  28  8.425450938e-17  0.005208287383  0.9999864369  0.005208263836
10  29  2.684522493e-16  0.0005456970244  0.9999998511  0.0005456969973
10  30  -6.591714442e-17  -0.0001078619917  0.9999999942  -0.0001078619915
10  31  6.090495372e-17  0.009905353856  0.9999509424  0.009905191878
10  32  1.517212668e-16  0.01462923344  0.9998929947  0.01462871163
10  33  2.021276644e-16  0.004782657893  0.9999885631  0.00478263966
10  34  9.386490096e-17  0.00121130018  0.9999992664  0.001211299884
10  35  4.385859269e-16  -0.001441756693  0.9999989607  -0.001441756193
10  36  4.385859269e-16  -0.001441756693  0.9999989607  -0.001441756193

11  0  -4.370131702e-17  0.001272722916  0.9999991901  0.001272722572
11  1  -1.528201799e-16  -0.000625317974  0.9999998045  -0.0006253179332
11  2  -9.703439193e-17  -0.001568899259  0.9999987693  -0.001568898615
11  3  3.921314788e-17  -0.001403424498  0.9999990152  -0.001403424037
11  4  -3.856664687e-17  -0.008296636941  0.9999655831  -0.008296541759
11  5  -1.193278793e-16  -0.05894526995  0.9982632305  -0.05891114122
11  6  -1.994335977e-16  -0.04114671667  0.9991535933  -0.04113510707
11  7  3.545368155e-16  -0.00291373635  0.9999957551  -0.002913732227
11  8  -9.590423928e-17  -0.0009862646031  0.9999995136  -0.0009862644433
11  9  -9.12741434e-17  -0.0009201670647  0.9999995766  -0.0009201669348
11  10  -1.231714418e-16  0.0007062570466  0.9999997506  0.0007062569879
11  11  -9.634249634e-17  0.001928737502  0.99999814  0.001928736306
11  12  -6.979919377e-17  0.002260580694  0.9999974449  0.002260578769
11  13  -1.092809579e-16  0.004885173422  0.9999880676  0.004885153991
11  14  7.296636392e-18  0.01379334287  0.9999048734  0.01379290549
11  15  -2.87154814e-17  0.01063843736  0.9999434124  0.01063823669
11  16  1.295524257e-16  -0.001025271091  0.9999994744  -0.001025270911
11  17  -7.121776335e-17  -0.002848942738  0.9999959418  -0.002848938884
11  18  1.706335301e-17  -0.0003637369524  0.9999999338  -0.0003637369444
11  19  1.213897106e-16  0.004436616239  0.9999901582  0.004436601684
11  20  -1.576241327e-16  0.01322970739  0.9999124887  0.01322932147
11  21  -4.741820649e-17  0.03239250581  0.9994754087  0.03238684134
11  22  -1.444936009e-16  0.07786177906  0.9969703028  0.07778313063
11  23  -1.769538658e-16  0.1513118947  0.98857418  0.1507351671
11  24  9.601952731e-17  0.1284524335  0.9917613237  0.12809948
11  25  1.74595906e-16  0.05243829164  0.9986254278  0.0524142627
11  26  -1.228240716e-16  0.02005717432  0.9997988616  0.02005582954
11  27  1.649096976e-16  0.007537475168  0.9999715934  0.007537403796
11  28  -4.320745556e-17  0.001431775895  0.999998975  0.001431775406
11  29  -1.808626049e-16  -0.002069524009  0.9999978585  -0.002069522532
11  30  -2.746525915e-16  -0.002897305688  0.9999958028  -0.002897301635
11  31  1.851972024e-17  0.0039289205  0.9999922818  0.003928910392
11  32  -2.748163224e-16  0.01554595004  0.9998791642  0.01554532386
11  33  1.836382664e-16  0.008215493914  0.999966253  0.008215401498
11  34  6.774799138e-17  0.0027694304  0.9999961651  0.002769426859
11  35  4.128768823e-17  0.001984481546  0.9999980309  0.001984480244
11  36  4.128768823e-17  0.001984481546  0.9999980309  0.001984480244

12  0  4.423585793e-17  0.002264417777  0.9999974362  0.002264415842
12  1  -5.506213255e-17  0.002053865197  0.9999978908  0.002053863753
12  2  -1.011195243e-16  0.003271828153  0.9999946476  0.003271822316
12  3  3.183309317e-16  0.007935764645  0.999968512  0.007935681351
12  4  2.137510003e-16  0.01521430808  0.9998842646  0.01521372113
12  5  -6.303460614e-17  -0.2083084619  0.9783821332  -0.2068052259
12  6  2.253639799e-17  -2.490549476  -0.7954520486  -0.606016533
12  7  1.00547247e-16  0.01166231528  0.999931996  0.01166205092
12  8  -2.861226717e-16  0.01405116127  0.9999012841  0.01405069891
12  9  3.586559275e-18  0.00587435982  0.999982746  0.005874326034
12  10  -1.405665147e-16  0.002696380557  0.9999963648  0.00269637729
12  11  -3.499723406e-16  0.002260580694  0.9999974449  0.002260578769
12  12  -1.114449212e-16  0.002488609964  0.9999969034  0.002488607395
12  13  -3.211664389e-16  0.003384613108  0.9999942722  0.003384606646
12  14  -3.08226726e-16  0.008574542122  0.9999632388  0.008574437052
12  15  -3.902359547e-17  0.01656794142  0.9998627548  0.01656718346
12  16  1.03933836e-16  0.006311317938  0.9999800837  0.006311276039
12  17  -2.115806486e-16  -0.00339035713  0.9999942527  -0.003390350635
12  18  1.122834418e-16  -0.004357464167  0.9999905063  -0.004357450377
12  19  4.403142381e-17  -0.002228684972  0.9999975165  -0.002228683127
12  20  -3.541309829e-17  0.001559538133  0.9999987839  0.001559537501
12  21  -5.149194858e-17  0.00885899038  0.9999607594  0.008858874502
12  22  -7.106106623e-17  0.03013646587  0.9995459311  0.03013190439
12  23  1.600872882e-16  0.1044195036  0.9945532354  0.1042298519
12  24  5.064244768e-17  0.1513118947  0.98857418  0.1507351671
12  25  -1.580806435e-16  0.05569146143  0.9984496313  0.05566267769
12  26  -3.550110078e-17  0.01531722838  0.9998826936  0.01531662944
12  27  1.069117342e-16  0.004103961791  0.9999915788  0.004103950271
12  28  1.941298906e-16  -0.0007320603413  0.999999732  -0.0007320602759
12  29  6.969479849e-17  -0.003601583584  0.9999935143  -0.003601575798
12  30  -4.330156699e-19  -0.004569763193  0.9999895587  -0.004569747288
12  31  -5.832348821e-17  7.696875645e-05  0.999999997  7.696875638e-05
12  32  -1.343038483e-16  0.01417444105  0.9998995443  0.01417396641
12  33  2.11904966e-16  0.01305872359  0.9999147361  0.01305835244
12  34  -2.981589639e-16  0.004793003238  0.9999885136  0.004792984886
12  35  1.531971628e-16  0.002626471826  0.9999965508  0.002626468806
12  36  1.531971628e-16  0.002626471826  0.9999965508  0.002626468806

13  0  -3.130536982e-16  0.003184218956  0.9999949304  0.003184213575
13  1  1.550689878e-16  0.003531408765  0.9999937646  0.003531401425
13  2  2.332629593e-16  0.006255885555  0.999980432  0.00625584475
13  3  -5.630810622e-17  0.01355413962  0.9999081441  0.0135537246
13  4  2.683537057e-16  0.02075978198  0.9997845235  0.02075829088
13  5  -1.508573867e-17  0.002073466026  0.9999978504  0.00207346454
13  6  3.77936789e-16  -0.03315447365  0.9994504408  -0.03314839998
13  7  1.610309017e-16  -0.005535161646  0.999984681  -0.005535133382
13  8  7.973030454e-17  0.018454533  0.9998297199  0.01845348551
13  9  3.505749334e-17  0.01831173792  0.9998323448  0.01831071456
13  10  -1.456641015e-16  0.0100128192  0.9999498721  0.01001265189
13  11  -1.285977586e-16  0.004885173422  0.9999880676  0.004885153991
13  12  2.321321846e-17  0.003384613108  0.9999942722  0.003384606646
13  13  -5.149397521e-16  0.003604104224  0.9999935052  0.003604096421
13  14  -2.999328103e-16  0.006031931737  0.999981808  0.006031895159
13  15  -6.25560693e-17  0.0143506555  0.9998970311  0.01435016294
13  16  1.13158277e-16  0.01795538223  0.9998388065  0.01795441746
13  17  9.219962641e-17  0.003145374942  0.9999950533  0.003145369755
13  18  -9.019842926e-17  -0.004769038046  0.9999886282  -0.004769019968
13  19  -1.837952331e-16  -0.005185909601  0.9999865532  -0.005185886357
13  20  1.901683275e-17  -0.003141556844  0.9999950653  -0.003141551676
13  21  -1.421860473e-16  0.000317948891  0.9999999495  0.0003179488857
13  22  -1.141926626e-16  0.007401024355  0.9999726125  0.00740095679
13  23  -1.370925164e-16  0.03013646587  0.9995459311  0.03013190439
13  24  -1.368541827e-16  0.07786177906  0.9969703028  0.07778313063
13  25  -1.032349275e-16  0.05199319814  0.9986486581  0.05196977583
13  26  1.816811983e-16  0.01429784796  0.9998977875  0.01429736081
13  27  2.040020753e-16  0.00279378727  0.9999960974  0.002793783636
13  28  -2.587381333e-17  -0.001728310697  0.9999985065  -0.001728309836
13  29  1.145325223e-16  -0.004399715626  0.9999903213  -0.004399701432
13  30  -2.420045447e-18  -0.005531472193  0.9999847014  -0.005531443985
13  31  -1.301335169e-16  -0.002236081489  0.9999975  -0.002236079625
13  32  1.3911299e-16  0.01178168164  0.9999305968  0.01178140908
13  33  7.323157301e-17  0.01866855415  0.9998257476  0.01866746979
13  34  -3.454503358e-17  0.008812713415  0.9999611683  0.008812599344
13  35  -4.456602667e-17  0.004171510543  0.9999912993  0.004171498444
13  36  -4.456602667e-17  0.004171510543  0.9999912993  0.004171498444

14  0  2.679187514e-16  0.005612449964  0.9999842502  0.005612420499
14  1  2.243405617e-16  0.00645303028  0.9999791793  0.006452985495
14  2  -4.412495172e-17  0.01064326814  0.999943361  0.0106430672
14  3  -1.824016142e-16  0.01645014874  0.9998646994  0.01644940683
14  4  -1.663395429e-16  0.01324387242  0.9999123012  0.01324348526
14  5  -3.108047228e-16  0.005254880271  0.9999861931  0.005254856087
14  6  4.458274411e-17  0.006162391017  0.9999810125  0.006162352015
14  7  -1.409171189e-16  0.008391484462  0.9999647917  0.008391385978
14  8  2.465202683e-17  0.006213022961  0.9999806992  0.006212982989
14  9  4.133533745e-17  0.009485286593  0.999955015  0.009485144361
14  10  -1.235500359e-16  0.01541693822  0.9998811614  0.01541632751
14  11  5.570810365e-18  0.01379334287  0.9999048734  0.01379290549
14  12  -2.75541089e-16  0.008574542123  0.9999632388  0.008574437052
14  13  -1.691660293e-16  0.006031931737  0.999981808  0.00603189516
14  14  1.526184509e-16  0.006485983066  0.9999789661  0.00648593759
14  15  1.621266191e-16  0.01109432084  0.9999384587  0.01109409326
14  16  3.462988909e-16  0.02152559673  0.9997683333  0.02152393445
14  17  2.023537844e-16  0.01826099579  0.9998332726  0.01825998091
14  18  5.292212163e-17  0.001161425339  0.9999993255  0.001161425078
14  19  -2.907482653e-16  -0.005494907867  0.999984903  -0.005494880215
14  20  -9.677266954e-17  -0.005550703649  0.9999845949  -0.005550675146
14  21  2.564993389e-16  -0.003411432641  0.9999941811  -0.003411426024
14  22  1.860624728e-16  0.000317948891  0.9999999495  0.0003179488856
14  23  2.939681686e-17  0.00885899038  0.9999607594  0.008858874502
14  24  1.379409336e-16  0.03239250581  0.9994754087  0.03238684134
14  25  -8.509211979e-17  0.04374182543  0.9990434789  0.04372787788
14  26  2.18332199e-16  0.01712817482  0.9998533164  0.01712733734
14  27  2.273596154e-16  0.003232372873  0.9999947759  0.003232367244
14  28  -2.117075509e-16  -0.001913149547  0.9999981699  -0.00191314838
14  29  -2.96743076e-16  -0.004707225709  0.999988921  -0.004707208325
14  30  1.030449618e-16  -0.006012213843  0.9999819267  -0.006012177623
14  31  3.275444749e-16  -0.003520739207  0.9999938022  -0.003520731933
14  32  2.43038291e-16  0.009558832404  0.9999543147  0.009558686837
14  33  1.815352617e-17  0.02378359981  0.9997171835  0.02378135764
14  34  1.290840063e-16  0.01532053  0.999882643  0.01531993067
14  35  2.154795372e-16  0.007668639879  0.9999705961  0.007668564716
14  36  2.154795372e-16  0.007668639879  0.9999705961  0.007668564716

15  0  8.831683383e-17  0.01028402616  0.9999471199  0.01028384488
15  1  -7.001618256e-17  0.0118189126  0.9999301575  0.01181863745
15  2  -2.650848899e-17  0.01647515383  0.9998642877  0.01647440853
15  3  -1.147617492e-16  0.01590509314  0.9998735167  0.01590442256
15  4  2.68112811e-18  0.006031051698  0.9999818133  0.006031015136
15  5  -2.514253707e-16  0.001174928959  0.9999993098  0.001174928689
15  6  1.341599097e-16  0.005637072332  0.9999841117  0.005637042477
15  7  4.351323507e-17  0.01306602075  0.9999146408  0.01306564898
15  8  -2.337072916e-16  0.01055076984  0.9999443411  0.01055057409
15  9  -3.398584787e-16  0.003188794532  0.9999949158  0.003188789128
15  10  6.050891564e-17  0.002953494679  0.9999956384  0.002953490385
15  11  -1.226414677e-16  0.01063843736  0.9999434124  0.01063823669
15  12  -6.785080511e-17  0.01656794142  0.9998627548  0.01656718345
15  13  -1.747610209e-17  0.0143506555  0.9998970311  0.01435016294
15  14  2.372010611e-16  0.01109432084  0.9999384587  0.01109409326
15  15  9.6943376e-17  0.01171675562  0.9999313596  0.01171648754
15  16  -3.023410646e-17  0.0183915127  0.9998308809  0.01839047591
15  17  -3.161004323e-16  0.0283174987  0.9995990864  0.0283137143
15  18  2.763216775e-17  0.01809780991  0.9998362391  0.01809682199
15  19  -1.154646213e-16  0.0002179523739  0.9999999762  0.0002179523722
15  20  1.786314203e-16  -0.005722136837  0.9999836286  -0.00572210561
15  21  -1.570105144e-16  -0.005550703649  0.9999845949  -0.005550675146
15  22  9.182513796e-17  -0.003141556844  0.9999950653  -0.003141551676
15  23  1.729529045e-16  0.001559538133  0.9999987839  0.001559537501
15  24  1.301275913e-16  0.01322970739  0.9999124887  0.01322932147
15  25  -4.109939488e-17  0.03171576376  0.9994970973  0.03171044694
15  26  -4.519195921e-17  0.02223854517  0.9997527337  0.02223671219
15  27  1.152157908e-16  0.005545679305  0.9999846228  0.005545650879
15  28  -5.434532213e-17  -0.001358310373  0.9999990775  -0.001358309956
15  29  1.848777925e-16  -0.004622188762  0.9999893177  -0.004622172304
15  30  1.311772325e-16  -0.006117957381  0.9999812854  -0.006117919216
15  31  -4.659895088e-17  -0.004050435445  0.999991797  -0.00405042437
15  32  1.795053949e-16  0.008170202186  0.9999666241  0.00817011129
15  33  3.253315648e-16  0.02742489282  0.9996239612  0.02742145512
15  34  3.115595262e-16  0.0233207167  0.9997280844  0.02331860291
15  35  2.203141816e-16  0.01342182246  0.9999099287  0.01342141948
15  36  2.203141816e-16  0.01342182246  0.9999099287  0.01342141948

16  0  -6.079032928e-17  0.01681384737  0.9998586506  0.01681305515
16  1  -5.886150363e-17  0.01947992556  0.9998102722  0.01947869358
16  2  1.812731336e-16  0.02234187798  0.9997504306  0.02234001934
16  3  -1.957808227e-16  0.01336848154  0.9999106432  0.01336808335
16  4  1.830449604e-16  0.001332453171  0.9999991123  0.001332452777
16  5  4.597278132e-17  -0.001984496563  0.9999980309  -0.00198449526
16  6  3.614418047e-21  0.002054441659  0.9999978896  0.002054440214
16  7  -2.18086219e-16  0.01176934355  0.9999307421  0.01176907184
16  8  -3.338171318e-16  0.01614373731  0.9998696927  0.01614303609
16  9  -4.29620705e-17  0.007166696342  0.9999743193  0.007166634993
16  10  1.189012167e-16  -0.0003544169095  0.9999999372  -0.0003544169021
16  11  2.026041845e-16  -0.001025271091  0.9999994744  -0.001025270911
16  12  1.786734857e-16  0.006311317937  0.9999800837  0.006311276038
16  13  7.391316814e-17  0.01795538223  0.9998388065  0.01795441746
16  14  1.978938378e-16  0.02152559673  0.9997683333  0.02152393445
16  15  5.551944259e-17  0.0183915127  0.9998308809  0.01839047591
16  16  4.323643932e-18  0.01850080544  0.999828865  0.01849975005
16  17  -2.865791639e-16  0.02560598509  0.9996721847  0.02560318702
16  18  -1.579361163e-16  0.03250618485  0.9994717205  0.03250046053
16  19  -1.278735017e-16  0.01797962952  0.9998383708  0.01797866083
16  20  -3.406065104e-16  0.0002179523739  0.9999999762  0.0002179523722
16  21  -1.839991562e-16  -0.005494907868  0.999984903  -0.005494880215
16  22  3.106394603e-16  -0.005185909601  0.9999865532  -0.005185886357
16  23  1.129588209e-16  -0.002228684972  0.9999975165  -0.002228683127
16  24  -1.380359396e-16  0.004436616239  0.9999901582  0.004436601684
16  25  1.328171278e-17  0.0189476651  0.9998204984  0.01894653137
16  26  -1.459320266e-16  0.02493564813  0.9996891228  0.0249330641
16  27  -1.009342105e-16  0.01000461571  0.9999499542  0.01000444881
16  28  -8.95501962e-17  0.0001532219016  0.9999999883  0.000153221901
16  29  -1.122513626e-16  -0.004113093786  0.9999915412  -0.004113082189
16  30  -1.476503119e-16  -0.005869892932  0.9999827722  -0.005869859223
16  31  -7.921922318e-17  -0.003928950014  0.9999922817  -0.003928939906
16  32  2.334832261e-17  0.00786441433  0.9999690757  0.007864333263
16  33  4.617801026e-16  0.0291977647  0.9995737755  0.02919361631
16  34  -2.358657584e-17  0.02989648602  0.9995531333  0.02989203264
16  35  -4.317342114e-17  0.02005597219  0.9997988857  0.02005462766
16  36  -4.317342114e-17  0.02005597219  0.9997988857  0.02005462766

17  0  -1.926847323e-16  0.02266456147  0.9997431698  0.02266262112
17  1  -1.635149721e-16  0.02729306427  0.9996275674  0.02728967591
17  2  2.429354121e-16  0.02673471064  0.9996426489  0.026731526
17  3  3.187627458e-16  0.01064557337  0.9999433364  0.0106453723
17  4  2.415266278e-16  -0.001502174341  0.9999988717  -0.001502173776
17  5  2.087527601e-16  -0.004006907313  0.9999919724  -0.004006896591
17  6  2.125455977e-16  -0.001036019678  0.9999994633  -0.001036019493
17  7  -1.592401745e-16  0.007389232385  0.9999726997  0.007389165142
17  8  -7.986284873e-17  0.01832279654  0.9998321423  0.01832177132
17  9  -3.222503887e-17  0.01422001037  0.9998988974  0.01421953114
17  10  3.589044471e-16  0.002838959558  0.9999959702  0.002838955744
17  11  -1.784716768e-16  -0.002848942737  0.9999959418  -0.002848938884
17  12  -4.749191345e-17  -0.00339035713  0.9999942527  -0.003390350634
17  13  1.779020579e-16  0.003145374942  0.9999950533  0.003145369755
17  14  2.26427961e-16  0.01826099579  0.9998332726  0.01825998091
17  15  -5.055010926e-18  0.0283174987  0.9995990864  0.0283137143
17  16  -6.699352687e-17  0.02560598509  0.9996721847  0.02560318702
17  17  -2.504507345e-16  0.023717984  0.9997187418  0.02371576033
17  18  5.590659453e-17  0.02873790045  0.999587095  0.028733945
17  19  3.182020349e-16  0.03250618485  0.9994717205  0.03250046053
17  20  -1.305738329e-16  0.01809780991  0.9998362391  0.01809682199
17  21  -1.015421745e-16  0.001161425339  0.9999993255  0.001161425078
17  22  -1.104302645e-17  -0.004769038046  0.9999886282  -0.004769019968
17  23  -3.441008258e-17  -0.004357464167  0.9999905063  -0.004357450377
17  24  -7.123850564e-17  -0.0003637369525  0.9999999338  -0.0003637369445
17  25  -1.055494986e-17  0.009160544293  0.9999580425  0.009160416175
17  26  -3.081969956e-16  0.02153443728  0.999768143  0.02153277295
17  27  -3.626327008e-17  0.01544571201  0.9998807174  0.01544509787
17  28  1.169506135e-18  0.003039095203  0.999995382  0.003039090525
17  29  -1.251554432e-16  -0.003015189558  0.9999954543  -0.003015184989
17  30  -7.613684656e-17  -0.005214536961  0.9999864043  -0.005214513329
17  31  1.868076172e-16  -0.003133290124  0.9999950913  -0.003133284997
17  32  -3.029998603e-16  0.008705464345  0.9999621077  0.008705354388
17  33  3.616351166e-16  0.02901015723  0.9995792349  0.02900608829
17  34  -7.168241048e-18  0.03158405318  0.9995012653  0.03157880232
17  35  -2.52355403e-16  0.02410890966  0.9997093943  0.02410657422
17  36  -2.52355403e-16  0.02410890966  0.9997093943  0.02410657422

18  0  1.794534788e-16  0.02410890966  0.9997093943  0.02410657422
18  1  9.715718063e-19  0.03158405318  0.9995012653  0.03157880232
18  2  1.476212374e-16  0.02901015723  0.9995792349  0.0290060883
18  3  2.408479194e-16  0.008705464345  0.9999621077  0.008705354388
18  4  -1.130895715e-16  -0.003133290124  0.9999950913  -0.003133284997
18  5  1.309973622e-16  -0.005214536961  0.9999864043  -0.005214513329
18  6  -4.793004494e-18  -0.003015189558  0.9999954543  -0.003015184989
18  7  -8.876435691e-17  0.003039095203  0.999995382  0.003039090525
18  8  -4.19875583e-16  0.01544571201  0.9998807174  0.01544509787
18  9  -1.131942295e-17  0.02153443728  0.999768143  0.02153277295
18  10  6.472183124e-17  0.009160544293  0.9999580425  0.009160416175
18  11  -2.76857346e-16  -0.0003637369525  0.9999999338  -0.0003637369445
18  12  -8.34428406e-17  -0.004357464167  0.9999905063  -0.004357450377
18  13  -1.275903842e-16  -0.004769038046  0.9999886282  -0.004769019968
18  14  -1.136777457e-16  0.001161425339  0.9999993255  0.001161425078
18  15  -9.229048615e-17  0.01809780991  0.9998362391  0.01809682199
18  16  8.951474974e-17  0.03250618485  0.9994717205  0.03250046053
18  17  2.891068625e-16  0.02873790045  0.999587095  0.028733945
18  18  8.140857592e-18  0.023717984  0.9997187418  0.02371576033
18  19  -2.910620039e-17  0.02560598509  0.9996721847  0.02560318702
18  20  -1.528775818e-16  0.0283174987  0.9995990864  0.02831371431
18  21  -2.867765721e-17  0.01826099579  0.9998332726  0.01825998091
18  22  -4.456684021e-17  0.003145374942  0.9999950533  0.003145369755
18  23  -3.809626887e-16  -0.00339035713  0.9999942527  -0.003390350634
18  24  -2.725717059e-16  -0.002848942737  0.9999959418  -0.002848938884
18  25  7.472651231e-17  0.002838959558  0.9999959702  0.002838955744
18  26  8.113450124e-17  0.01422001037  0.9998988974  0.01421953114
18  27  6.462687611e-17  0.01832279654  0.9998321423  0.01832177132
18  28  -2.556235153e-16  0.007389232385  0.9999726997  0.007389165142
18  29  -1.252657583e-16  -0.001036019678  0.9999994633  -0.001036019493
18  30  -4.384371833e-17  -0.004006907313  0.9999919724  -0.004006896591
18  31  4.444865828e-17  -0.001502174341  0.9999988717  -0.001502173776
18  32  -5.678271795e-17  0.01064557337  0.9999433364  0.0106453723
18  33  8.934782217e-17  0.02673471064  0.9996426489  0.026731526
18  34  2.796135296e-17  0.02729306427  0.9996275674  0.02728967591
18  35  -2.300484032e-16  0.02266456147  0.9997431698  0.02266262112
18  36  -2.300484032e-16  0.02266456147  0.9997431698  0.02266262112

19  0  1.706727506e-16  0.02005597219  0.9997988857  0.02005462766
19  1  3.217273283e-16  0.02989648602  0.9995531333  0.02989203263
19  2  1.663517474e-16  0.0291977647  0.9995737755  0.02919361631
19  3  6.500270064e-17  0.007864414331  0.9999690757  0.007864333263
19  4  1.40593518e-16  -0.003928950014  0.9999922817  -0.003928939905
19  5  -4.30758051e-17  -0.005869892932  0.9999827722  -0.005869859223
19  6  -2.935386252e-16  -0.004113093786  0.9999915412  -0.004113082189
19  7  -3.017262642e-16  0.0001532219017  0.9999999883  0.0001532219011
19  8  -8.33785536e-19  0.01000461571  0.9999499542  0.01000444881
19  9  -8.568653422e-17  0.02493564813  0.9996891228  0.0249330641
19  10  -2.751999233e-16  0.0189476651  0.9998204984  0.01894653137
19  11  -1.926588309e-16  0.004436616239  0.9999901582  0.004436601684
19  12  8.864933044e-18  -0.002228684972  0.9999975165  -0.002228683127
19  13  3.221961633e-17  -0.005185909601  0.9999865532  -0.005185886357
19  14  2.995076743e-17  -0.005494907867  0.999984903  -0.005494880215
19  15  -1.455059096e-16  0.0002179523738  0.9999999762  0.0002179523721
19  16  2.713450883e-16  0.01797962952  0.9998383708  0.01797866083
19  17  7.138189107e-17  0.03250618485  0.9994717205  0.03250046053
19  18  -1.42070349e-16  0.02560598509  0.9996721847  0.02560318702
19  19  2.439532734e-16  0.01850080544  0.999828865  0.01849975005
19  20  -2.382780369e-16  0.0183915127  0.9998308809  0.01839047591
19  21  -5.795520722e-17  0.02152559673  0.9997683333  0.02152393445
19  22  -2.474022448e-17  0.01795538223  0.9998388065  0.01795441746
19  23  -5.058597372e-16  0.006311317938  0.9999800837  0.006311276038
19  24  4.916412514e-17  -0.001025271091  0.9999994744  -0.001025270911
19  25  2.403606171e-16  -0.0003544169096  0.9999999372  -0.0003544169021
19  26  1.109022159e-16  0.007166696342  0.9999743193  0.007166634993
19  27  1.043917478e-16  0.01614373731  0.9998696927  0.01614303609
19  28  -9.968849944e-17  0.01176934355  0.9999307421  0.01176907184
19  29  -4.197931153e-16  0.00205444166  0.9999978896  0.002054440214
19  30  -5.961712811e-17  -0.001984496563  0.9999980309  -0.00198449526
19  31  -3.211027502e-16  0.001332453171  0.9999991123  0.001332452777
19  32  3.256528957e-17  0.01336848154  0.9999106432  0.01336808335
19  33  -5.286943757e-17  0.02234187798  0.9997504306  0.02234001934
19  34  -2.402881919e-17  0.01947992556  0.9998102722  0.01947869358
19  35  -1.004560913e-16  0.01681384737  0.9998586506  0.01681305515
19  36  -1.004560913e-16  0.01681384737  0.9998586506  0.01681305515

20  0  -8.02377377e-17  0.01342182246  0.9999099287  0.01342141948
20  1  -2.174120826e-17  0.0233207167  0.9997280844  0.02331860291
20  2  -3.8039292e-16  0.02742489282  0.9996239612  0.02742145512
20  3  -3.98768879e-17  0.008170202186  0.9999666241  0.00817011129
20  4  -1.742587779e-16  -0.004050435445  0.999991797  -0.00405042437
20  5  5.812325081e-17  -0.006117957381  0.9999812854  -0.006117919216
20  6  6.949478019e-17  -0.004622188762  0.9999893177  -0.004622172304
20  7  -2.840725795e-17  -0.001358310373  0.9999990775  -0.001358309956
20  8  1.271177956e-16  0.005545679305  0.9999846228  0.005545650879
20  9  7.623158128e-17  0.02223854517  0.9997527337  0.02223671219
20  10  -2.744623366e-16  0.03171576376  0.9994970973  0.03171044694
20  11  1.554031535e-16  0.01322970739  0.9999124887  0.01322932147
20  12  3.348792445e-16  0.001559538133  0.9999987839  0.001559537501
20  13  2.152504517e-16  -0.003141556844  0.9999950653  -0.003141551676
20  14  1.924964622e-16  -0.005550703649  0.9999845949  -0.005550675146
20  15  -3.547845897e-17  -0.005722136837  0.9999836286  -0.00572210561
20  16  1.847480218e-16  0.0002179523738  0.9999999762  0.0002179523721
20  17  7.575828249e-17  0.01809780991  0.9998362391  0.01809682199
20  18  6.457571198e-17  0.0283174987  0.9995990864  0.0283137143
20  19  -3.181884434e-16  0.0183915127  0.9998308809  0.01839047591
20  20  -1.207973282e-17  0.01171675562  0.9999313596  0.01171648754
20  21  5.715270885e-19  0.01109432084  0.9999384587  0.01109409326
20  22  -4.093109868e-16  0.0143506555  0.9998970311  0.01435016294
20  23  -2.133290573e-16  0.01656794142  0.9998627548  0.01656718346
20  24  4.108640577e-17  0.01063843736  0.9999434124  0.01063823669
20  25  1.289177422e-16  0.002953494679  0.9999956384  0.002953490385
20  26  -7.978679895e-17  0.003188794532  0.9999949158  0.003188789127
20  27  1.036028307e-16  0.01055076984  0.9999443411  0.01055057409
20  28  4.114200526e-17  0.01306602075  0.9999146408  0.01306564898
20  29  5.840833311e-17  0.005637072332  0.9999841117  0.005637042477
20  30  1.876088552e-16  0.001174928959  0.9999993098  0.001174928689
20  31  9.420757882e-18  0.006031051698  0.9999818133  0.006031015136
20  32  2.920338778e-16  0.01590509314  0.9998735167  0.01590442256
20  33  -1.176899879e-16  0.01647515383  0.9998642877  0.01647440853
20  34  -4.595505283e-17  0.0118189126  0.9999301575  0.01181863745
20  35  -8.189752726e-17  0.01028402616  0.9999471199  0.01028384488
20  36  -8.189752726e-17  0.01028402616  0.9999471199  0.01028384488

21  0  -2.012524356e-16  0.007668639879  0.9999705961  0.007668564716
21  1  -2.472044397e-16  0.01532053  0.999882643  0.01531993067
21  2  -4.368313212e-16  0.02378359981  0.9997171835  0.02378135764
21  3  -5.843242801e-17  0.009558832404  0.9999543147  0.009558686837
21  4  -8.274264374e-17  -0.003520739207  0.9999938022  -0.003520731934
21  5  -7.872882924e-17  -0.006012213843  0.9999819267  -0.006012177623
21  6  -2.638189543e-16  -0.004707225709  0.999988921  -0.004707208325
21  7  -4.304482134e-17  -0.001913149547  0.9999981699  -0.00191314838
21  8  2.976383867e-17  0.003232372873  0.9999947759  0.003232367244
21  9  1.594201614e-16  0.01712817482  0.9998533164  0.01712733734
21  10  3.781546545e-17  0.04374182543  0.9990434789  0.04372787788
21  11  1.456891653e-16  0.03239250581  0.9994754087  0.03238684134
21  12  2.111146648e-16  0.00885899038  0.9999607594  0.008858874502
21  13  7.364584892e-17  0.000317948891  0.9999999495  0.0003179488856
21  14  -5.620812044e-17  -0.003411432641  0.9999941811  -0.003411426024
21  15  -7.43492273e-18  -0.005550703649  0.9999845949  -0.005550675146
21  16  2.571737858e-17  -0.005494907868  0.999984903  -0.005494880215
21  17  -9.027165548e-17  0.001161425339  0.9999993255  0.001161425078
21  18  -1.520270781e-16  0.01826099579  0.9998332726  0.01825998091
21  19  -3.497088572e-17  0.02152559673  0.9997683333  0.02152393445
21  20  6.621460582e-17  0.01109432084  0.9999384587  0.01109409326
21  21  1.283526883e-16  0.006485983066  0.9999789661  0.00648593759
21  22  -1.229958612e-16  0.006031931737  0.999981808  0.00603189516
21  23  1.961384542e-16  0.008574542123  0.9999632388  0.008574437052
21  24  1.917627364e-17  0.01379334287  0.9999048734  0.01379290549
21  25  -8.225170218e-18  0.01541693822  0.9998811614  0.01541632751
21  26  -6.547011451e-17  0.009485286593  0.999955015  0.00948514436
21  27  4.205955111e-16  0.006213022961  0.9999806992  0.006212982989
21  28  2.229050768e-16  0.008391484462  0.9999647917  0.008391385978
21  29  2.702312417e-16  0.006162391018  0.9999810125  0.006162352015
21  30  1.140885942e-16  0.005254880271  0.9999861931  0.005254856087
21  31  3.798991668e-17  0.01324387242  0.9999123012  0.01324348526
21  32  8.788271472e-17  0.01645014874  0.9998646994  0.01644940683
21  33  2.317666582e-16  0.01064326814  0.999943361  0.0106430672
21  34  4.494406524e-16  0.00645303028  0.9999791793  0.006452985495
21  35  1.979490453e-17  0.005612449964  0.9999842502  0.005612420499
21  36  1.979490453e-17  0.005612449964  0.9999842502  0.005612420499

22  0  -8.49011548e-17  0.004171510543  0.9999912993  0.004171498444
22  1  1.088918748e-17  0.008812713415  0.9999611683  0.008812599344
22  2  -1.359569625e-16  0.01866855415  0.9998257476  0.01866746979
22  3  -1.332961531e-16  0.01178168164  0.9999305968  0.01178140908
22  4  -1.642487524e-16  -0.002236081489  0.9999975  -0.002236079625
22  5  -1.290222984e-16  -0.005531472193  0.9999847014  -0.005531443985
22  6  3.503484635e-17  -0.004399715626  0.9999903213  -0.004399701431
22  7  -6.643264647e-17  -0.001728310697  0.9999985065  -0.001728309836
22  8  -2.161047806e-16  0.00279378727  0.9999960974  0.002793783636
22  9  -1.477960923e-16  0.01429784796  0.9998977875  0.01429736081
22  10  1.54842556e-16  0.05199319814  0.9986486581  0.05196977583
22  11  -2.143261843e-16  0.07786177906  0.9969703028  0.07778313063
22  12  2.036794605e-16  0.03013646587  0.9995459311  0.03013190439
22  13  3.455324092e-16  0.007401024355  0.9999726125  0.00740095679
22  14  4.140638431e-16  0.000317948891  0.9999999495  0.0003179488857
22  15  2.387714695e-16  -0.003141556844  0.9999950653  -0.003141551676
22  16  3.044718779e-17  -0.005185909601  0.9999865532  -0.005185886357
22  17  -1.04593329e-16  -0.004769038046  0.9999886282  -0.004769019968
22  18  -5.97843878e-17  0.003145374942  0.9999950533  0.003145369755
22  19  -1.131864757e-16  0.01795538223  0.9998388065  0.01795441746
22  20  -1.361889758e-16  0.0143506555  0.9998970311  0.01435016294
22  21  6.451310767e-17  0.006031931737  0.999981808  0.00603189516
22  22  1.197632281e-16  0.003604104224  0.9999935052  0.003604096421
22  23  3.016490468e-17  0.003384613108  0.9999942722  0.003384606646
22  24  1.433301655e-18  0.004885173422  0.9999880676  0.004885153991
22  25  -2.169259974e-16  0.0100128192  0.9999498721  0.01001265189
22  26  -2.175256188e-16  0.01831173792  0.9998323448  0.01831071456
22  27  -4.25908184e-17  0.018454533  0.9998297199  0.01845348551
22  28  -4.886017967e-16  -0.005535161648  0.999984681  -0.005535133384
22  29  -1.162894493e-16  -0.03315447365  0.9994504408  -0.03314839998
22  30  -1.193512555e-16  0.002073466026  0.9999978504  0.00207346454
22  31  -1.707844449e-18  0.02075978198  0.9997845235  0.02075829088
22  32  9.405499284e-17  0.01355413962  0.9999081441  0.0135537246
22  33  -2.050618896e-16  0.006255885555  0.999980432  0.00625584475
22  34  2.54426707e-16  0.003531408764  0.9999937646  0.003531401425
22  35  -1.137897921e-16  0.003184218956  0.9999949304  0.003184213575
22  36  -1.137897921e-16  0.003184218956  0.9999949304  0.003184213575

23  0  2.644696732e-16  0.002626471826  0.9999965508  0.002626468806
23  1  -2.047766138e-17  0.004793003238  0.9999885136  0.004792984886
23  2  -1.012070656e-17  0.01305872359  0.9999147361  0.01305835244
23  3  1.817916816e-16  0.01417444105  0.9998995443  0.01417396641
23  4  -5.212391039e-17  7.696875653e-05  0.999999997  7.696875646e-05
23  5  1.50091176e-17  -0.004569763193  0.9999895587  -0.004569747288
23  6  1.025329099e-16  -0.003601583584  0.9999935143  -0.003601575798
23  7  1.779764809e-16  -0.0007320603413  0.999999732  -0.0007320602759
23  8  9.553949071e-17  0.004103961791  0.9999915788  0.004103950271
23  9  -2.63901835e-16  0.01531722838  0.9998826936  0.01531662944
23  10  -1.903435737e-17  0.05569146143  0.9984496313  0.05566267769
23  11  4.617298876e-17  0.1513118947  0.98857418  0.1507351671
23  12  -3.881029734e-17  0.1044195036  0.9945532354  0.1042298519
23  13  7.172979136e-17  0.03013646587  0.9995459311  0.03013190439
23  14  1.554272247e-16  0.008858990379  0.9999607594  0.008858874502
23  15  5.091792747e-16  0.001559538133  0.9999987839  0.001559537501
23  16  -1.469906506e-16  -0.002228684972  0.9999975165  -0.002228683127
23  17  1.861873679e-17  -0.004357464167  0.9999905063  -0.004357450377
23  18  2.784390666e-16  -0.00339035713  0.9999942527  -0.003390350634
23  19  -3.434854944e-16  0.006311317938  0.9999800837  0.006311276038
23  20  2.999885222e-17  0.01656794142  0.9998627548  0.01656718346
23  21  4.547095056e-16  0.008574542123  0.9999632388  0.008574437052
23  22  1.304946463e-16  0.003384613108  0.9999942722  0.003384606646
23  23  9.56102136e-17  0.002488609964  0.9999969034  0.002488607395
23  24  1.071664169e-16  0.002260580694  0.9999974449  0.002260578769
23  25  2.238519241e-16  0.002696380557  0.9999963648  0.00269637729
23  26  -8.136041545e-17  0.00587435982  0.999982746  0.005874326034
23  27  -2.65479363e-16  0.01405116127  0.9999012841  0.01405069891
23  28  -2.916621858e-16  0.01166231528  0.999931996  0.01166205092
23  29  -1.816750607e-16  -2.490549476  -0.7954520486  -0.606016533
23  30  -1.434792845e-17  -0.2083084619  0.9783821332  -0.2068052259
23  31  3.274843317e-16  0.01521430808  0.9998842646  0.01521372113
23  32  4.946647186e-16  0.007935764645  0.999968512  0.007935681351
23  33  1.560856929e-16  0.003271828153  0.9999946476  0.003271822316
23  34  2.336497086e-16  0.002053865197  0.9999978908  0.002053863753
23  35  -9.751134679e-17  0.002264417777  0.9999974362  0.002264415842
23  36  -9.751134679e-17  0.002264417777  0.9999974362  0.002264415842

24  0  1.156436348e-16  0.001984481546  0.9999980309  0.001984480244
24  1  6.544274078e-17  0.002769430399  0.9999961651  0.002769426859
24  2  4.46015987e-17  0.008215493914  0.999966253  0.008215401498
24  3  -3.731917266e-17  0.01554595004  0.9998791642  0.01554532386
24  4  4.725599818e-17  0.003928920499  0.9999922818  0.003928910391
24  5  6.510180749e-17  -0.002897305688  0.9999958028  -0.002897301635
24  6  1.672817964e-16  -0.002069524009  0.9999978585  -0.002069522532
24  7  -2.134220027e-16  0.001431775895  0.999998975  0.001431775406
24  8  -3.119402667e-16  0.007537475168  0.9999715934  0.007537403796
24  9  -2.074591421e-16  0.02005717432  0.9997988616  0.02005582954
24  10  8.325610548e-17  0.05243829164  0.9986254278  0.0524142627
24  11  1.676579806e-16  0.1284524335  0.9917613237  0.12809948
24  12  1.512125554e-17  0.1513118947  0.98857418  0.1507351671
24  13  -1.826065909e-16  0.07786177906  0.9969703028  0.07778313063
24  14  -1.650640436e-16  0.03239250581  0.9994754087  0.03238684134
24  15  3.695991317e-16  0.01322970739  0.9999124887  0.01322932147
24  16  5.336473004e-17  0.004436616239  0.9999901582  0.004436601684
24  17  -7.858819582e-17  -0.0003637369525  0.9999999338  -0.0003637369445
24  18  9.516777193e-17  -0.002848942737  0.9999959418  -0.002848938884
24  19  -4.650557594e-17  -0.001025271091  0.9999994744  -0.001025270911
24  20  -2.192057246e-16  0.01063843736  0.9999434124  0.01063823669
24  21  -2.502582966e-16  0.01379334287  0.9999048734  0.01379290549
24  22  -1.040559214e-16  0.004885173422  0.9999880676  0.004885153991
24  23  1.352755788e-16  0.002260580694  0.9999974449  0.002260578769
24  24  2.709964961e-16  0.001928737502  0.99999814  0.001928736306
24  25  1.797141032e-16  0.0007062570468  0.9999997506  0.000706256988
24  26  1.461462108e-16  -0.0009201670646  0.9999995766  -0.0009201669347
24  27  1.679601813e-16  -0.0009862646031  0.9999995136  -0.0009862644432
24  28  1.051020169e-16  -0.00291373635  0.9999957551  -0.002913732227
24  29  8.109625125e-17  -0.04114671667  0.9991535933  -0.04113510707
24  30  -1.198537891e-16  -0.05894526995  0.9982632305  -0.05891114122
24  31  4.312950063e-17  -0.008296636941  0.9999655831  -0.008296541759
24  32  -2.920640121e-18  -0.001403424497  0.9999990152  -0.001403424037
24  33  9.278613345e-17  -0.001568899259  0.9999987693  -0.001568898615
24  34  -8.129152098e-17  -0.0006253179741  0.9999998045  -0.0006253179333
24  35  3.717520854e-16  0.001272722916  0.9999991901  0.001272722572
24  36  3.717520854e-16  0.001272722916  0.9999991901  0.001272722572

25  0  1.558511143e-16  -0.001441756693  0.9999989607  -0.001441756193
25  1  -1.803031543e-16  0.00121130018  0.9999992664  0.001211299884
25  2  -3.187892859e-17  0.004782657893  0.9999885631  0.00478263966
25  3  3.154308724e-16  0.01462923343  0.9998929947  0.01462871163
25  4  1.057580633e-16  0.009905353856  0.9999509424  0.009905191878
25  5  2.543364183e-16  -0.0001078619916  0.9999999942  -0.0001078619914
25  6  1.404511469e-16  0.0005456970243  0.9999998511  0.0005456969972
25  7  1.243694301e-16  0.005208287383  0.9999864369  0.005208263836
25  8  1.119217877e-16  0.01312122446  0.999913918  0.01312084795
25  9  2.786456162e-16  0.02548936233  0.9996751638  0.02548660232
25  10  -8.351508738e-17  0.04088371253  0.9991643774  0.04087232411
25  11  -7.221335959e-17  0.05243829164  0.9986254278  0.0524142627
25  12  5.263302275e-16  0.05569146143  0.9984496313  0.05566267769
25  13  -5.095137805e-17  0.05199319814  0.9986486581  0.05196977583
25  14  3.163408253e-16  0.04374182543  0.9990434789  0.04372787788
25  15  2.630297914e-16  0.03171576376  0.9994970973  0.03171044694
25  16  7.002247566e-17  0.0189476651  0.9998204984  0.01894653137
25  17  -1.376272484e-16  0.009160544293  0.9999580425  0.009160416175
25  18  -8.033696685e-17  0.002838959558  0.9999959702  0.002838955744
25  19  -2.900008548e-16  -0.0003544169096  0.9999999372  -0.0003544169022
25  20  -6.815214281e-17  0.002953494679  0.9999956384  0.002953490385
25  21  -2.622867345e-17  0.01541693822  0.9998811614  0.01541632751
25  22  -1.542509116e-16  0.0100128192  0.9999498721  0.01001265189
25  23  1.184080732e-16  0.002696380557  0.9999963648  0.00269637729
25  24  5.798882565e-17  0.0007062570467  0.9999997506  0.000706256988
25  25  -1.262745898e-16  -0.003500221715  0.9999938742  -0.003500214568
25  26  -1.227506423e-16  -0.01915499796  0.9998165486  -0.01915382661
25  27  5.714534853e-17  -0.03099129691  0.9995198082  -0.03098633616
25  28  2.007989448e-16  -0.02447076444  0.9997006058  -0.02446832225
25  29  1.697416499e-16  -0.02747585505  0.9996225624  -0.02747239815
25  30  1.841858046e-16  -0.03891890675  0.9992427549  -0.03890908254
25  31  6.479090032e-17  -0.03116691187  0.9995143511  -0.03116186631
25  32  1.03237258e-16  -0.02207540742  0.9997563481  -0.02207361449
25  33  -1.275030496e-16  -0.02484636217  0.999691345  -0.0248438058
25  34  4.525597611e-18  -0.02886596647  0.9995834069  -0.0288619579
25  35  7.755239729e-17  -0.01317323648  0.9999132342  -0.01317285548
25  36  7.755239729e-17  -0.01317323648  0.9999132342  -0.01317285548

26  0  2.157428366e-16  -0.3712949497  0.9318582902  -0.3628224455
26  1  2.061010806e-16  -0.008755093193  0.9999616744  -0.008754981344
26  2  -9.587079289e-17  0.001491898686  0.9999988871  0.001491898132
26  3  -7.852683327e-17  0.01092650997  0.9999403063  0.01092629256
26  4  2.862233508e-16  0.01721376594  0.9998518468  0.01721291584
26  5  6.435811664e-17  0.004368202309  0.9999904594  0.004368188417
26  6  -2.285094344e-16  0.00431486215  0.999990691  0.004314848761
26  7  -1.969689977e-16  0.01020822453  0.9999478965  0.01020804724
26  8  1.600073517e-16  0.01832423308  0.9998321159  0.01832320762
26  9  1.44408358e-16  0.02519793276  0.9996825489  0.02519526633
26  10  3.867683165e-16  0.02548936233  0.9996751638  0.02548660232
26  11  -1.824024748e-16  0.02005717432  0.9997988616  0.02005582954
26  12  1.784768208e-17  0.01531722838  0.9998826936  0.01531662944
26  13  -1.605859524e-16  0.01429784796  0.9998977875  0.01429736081
26  14  3.418774245e-17  0.01712817482  0.9998533164  0.01712733734
26  15  1.761805488e-16  0.02223854517  0.9997527337  0.02223671219
26  16  -1.678936624e-16  0.02493564813  0.9996891228  0.0249330641
26  17  2.608416323e-18  0.02153443728  0.999768143  0.02153277295
26  18  2.631170881e-16  0.01422001037  0.9998988974  0.01421953114
26  19  -7.831586369e-17  0.007166696342  0.9999743193  0.007166634993
26  20  8.817909695e-17  0.003188794532  0.9999949158  0.003188789127
26  21  3.261312215e-16  0.009485286593  0.999955015  0.00948514436
26  22  -1.276646718e-17  0.01831173792  0.9998323448  0.01831071456
26  23  1.990913372e-16  0.00587435982  0.999982746  0.005874326034
26  24  2.059612416e-16  -0.0009201670645  0.9999995766  -0.0009201669347
26  25  -9.188705379e-17  -0.01915499796  0.9998165486  -0.01915382661
26  26  2.610163491e-17  -0.7197436482  0.7519747389  -0.6591919236
26  27  5.761623612e-17  -0.72289223  0.7498954952  -0.6615563062
26  28  -2.58004398e-17  -0.06599659741  0.9978230149  -0.06594869925
26  29  -5.767965536e-17  -0.03391033637  0.9994250996  -0.03390383777
26  30  -1.949548274e-16  -0.03594407321  0.9993540813  -0.03593633389
26  31  -2.262629734e-16  -0.03774694848  0.9992876685  -0.03773798528
26  32  -2.903640116e-16  -0.03308482311  0.9994527472  -0.03307878764
26  33  -7.25514714e-17  -0.04240837531  0.9991008996  -0.04239566475
26  34  -1.72198204e-16  -0.1344049171  0.9909812481  -0.1340006187
26  35  1.664060921e-16  -0.9882480317  0.5501537088  -0.8350634088
26  36  1.664060921e-16  -0.9882480317  0.5501537088  -0.8350634088

27  0  -2.207996921e-17  -0.8110494669  0.688737938  -0.7250103812
27  1  2.797413857e-16  -0.1156501165  0.9933199757  -0.1153924865
27  2  -9.254199061e-17  -0.01152915583  0.99993354  -0.01152890042
27  3  5.208589842e-17  0.004135938167  0.999991447  0.004135926375
27  4  2.030154504e-16  0.01948995066  0.9998100769  0.01948871678
27  5  2.179980365e-16  0.01067811064  0.9999429895  0.01067790772
27  6  3.989797899e-17  0.007774622799  0.9999697778  0.007774544477
27  7  -3.641365098e-17  0.01383120687  0.9999043504  0.01383076588
27  8  8.248926301e-17  0.01868540447  0.9998254329  0.01868431717
27  9  2.889157902e-17  0.01832423308  0.9998321159  0.01832320762
27  10  1.278813122e-16  0.01312122446  0.999913918  0.01312084795
27  11  -7.926305007e-18  0.007537475168  0.9999715934  0.007537403796
27  12  1.425932592e-16  0.004103961791  0.9999915788  0.004103950271
27  13  -7.544207181e-17  0.00279378727  0.9999960974  0.002793783636
27  14  -7.52917556e-17  0.003232372873  0.9999947759  0.003232367244
27  15  1.732100048e-16  0.005545679305  0.9999846228  0.005545650879
27  16  -2.891986443e-17  0.01000461571  0.9999499542  0.01000444881
27  17  -2.426037812e-16  0.01544571201  0.9998807174  0.01544509787
27  18  3.871461508e-16  0.01832279654  0.9998321423  0.01832177132
27  19  1.086745621e-17  0.01614373731  0.9998696927  0.01614303609
27  20  -1.81250602e-16  0.01055076984  0.9999443411  0.01055057409
27  21  -2.179023053e-16  0.006213022961  0.9999806992  0.006212982989
27  22  -2.55028525e-16  0.018454533  0.9998297199  0.01845348551
27  23  -2.295330877e-16  0.01405116127  0.9999012841  0.01405069891
27  24  6.931113336e-17  -0.0009862646031  0.9999995136  -0.0009862644432
27  25  -3.055121354e-17  -0.03099129691  0.9995198082  -0.03098633616
27  26  -7.824629212e-17  -0.72289223  0.7498954952  -0.6615563062
27  27  1.041935962e-16  -0.3653465186  0.9340000155  -0.3572729643
27  28  -3.63288455e-17  -0.0370834122  0.9993124891  -0.0370749134
27  29  3.124024792e-16  -0.02265785352  0.9997433218  -0.02265591489
27  30  2.61778503e-16  -0.02531288185  0.9996796461  -0.02531017876
27  31  1.66900486e-16  -0.03047823679  0.9995355745  -0.03047351835
27  32  -1.978260513e-16  -0.02823766723  0.9996013436  -0.02823391476
27  33  -8.991996932e-17  -0.02345982169  0.999724831  -0.02345766985
27  34  2.614041063e-16  -0.02931502974  0.9995703453  -0.02931083118
27  35  1.649176809e-16  -0.2010203962  0.9798633462  -0.1996692834
27  36  1.649176809e-16  -0.2010203962  0.9798633462  -0.1996692834

28  0  -1.200477736e-16  -0.027328634  0.9996265961  -0.02732523237
28  1  1.076624164e-16  -0.05862516999  0.9982820368  -0.05859159418
28  2  3.854891693e-16  -0.04109686216  0.9991556428  -0.0410852947
28  3  2.975067794e-16  -0.01157071799  0.99993306  -0.01157045981
28  4  1.097220937e-16  0.003788773123  0.9999928226  0.003788764059
28  5  2.926769494e-17  -0.0004431091106  0.9999999018  -0.0004431090961
28  6  7.735987936e-17  0.003018851022  0.9999954433  0.003018846437
28  7  -1.591491127e-17  0.01251896715  0.9999216388  0.01251864015
28  8  -4.195007797e-17  0.01383120687  0.9999043504  0.01383076588
28  9  1.055111791e-16  0.01020822453  0.9999478965  0.01020804724
28  10  8.501344077e-17  0.005208287383  0.9999864369  0.005208263836
28  11  1.303615669e-16  0.001431775895  0.999998975  0.001431775406
28  12  -1.525841459e-16  -0.0007320603413  0.999999732  -0.0007320602759
28  13  1.397334793e-16  -0.001728310697  0.9999985065  -0.001728309836
28  14  8.102839369e-17  -0.001913149547  0.9999981699  -0.00191314838
28  15  -5.728597476e-17  -0.001358310373  0.9999990775  -0.001358309956
28  16  -4.152098514e-16  0.0001532219017  0.9999999883  0.0001532219011
28  17  -1.560212176e-16  0.003039095203  0.999995382  0.003039090525
28  18  -6.804018164e-17  0.007389232385  0.9999726997  0.007389165142
28  19  -1.782173629e-16  0.01176934355  0.9999307421  0.01176907184
28  20  1.369082615e-16  0.01306602075  0.9999146408  0.01306564898
28  21  -3.171554799e-16  0.008391484462  0.9999647917  0.008391385978
28  22  2.787100432e-16  -0.005535161648  0.999984681  -0.005535133384
28  23  2.574214248e-17  0.01166231528  0.999931996  0.01166205092
28  24  9.742628339e-17  -0.00291373635  0.9999957551  -0.002913732227
28  25  1.977959167e-16  -0.02447076444  0.9997006058  -0.02446832225
28  26  -2.476618316e-16  -0.06599659741  0.9978230149  -0.06594869925
28  27  1.693001083e-16  -0.0370834122  0.9993124891  -0.0370749134
28  28  -1.088005462e-16  -0.01796299428  0.9998386698  -0.01796202828
28  29  -8.002347847e-17  -0.01519997207  0.9998844826  -0.01519938678
28  30  1.011749504e-16  -0.01779386095  0.9998416934  -0.01779292198
28  31  -1.25786522e-16  -0.02437270636  0.9997030003  -0.02437029342
28  32  -2.643516012e-16  -0.02739089957  0.9996248928  -0.02738747464
28  33  -8.517525369e-18  -0.02119881306  0.9997753136  -0.02119722534
28  34  1.591157164e-16  -0.01621163979  0.9998685942  -0.01621092969
28  35  2.640891274e-16  -0.01642669824  0.9998650848  -0.0164259595
28  36  2.640891274e-16  -0.01642669824  0.9998650848  -0.0164259595

29  0  -1.490627088e-17  -0.01372369923  0.9999058315  -0.01372326845
29  1  -2.20288946e-16  -0.01833352536  0.9998319456  -0.01833249834
29  2  2.088997432e-16  -0.02837977166  0.9995973213  -0.02837596225
29  3  -9.718892689e-17  -0.03020346621  0.99954391  -0.03019887424
29  4  3.85487234e-16  -0.02235406621  0.9997501583  -0.02235220452
29  5  1.545246007e-16  -0.2490320838  0.9691514341  -0.2464660175
29  6  2.593791221e-16  -2.310303435  -0.6739238448  -0.7388008198
29  7  -3.592691598e-16  0.003018851022  0.9999954433  0.003018846437
29  8  -2.834312378e-16  0.007774622799  0.9999697778  0.007774544477
29  9  2.247142393e-16  0.00431486215  0.999990691  0.004314848761
29  10  2.969581156e-17  0.0005456970243  0.9999998511  0.0005456969972
29  11  7.2260371e-17  -0.002069524009  0.9999978585  -0.002069522532
29  12  -1.753127662e-16  -0.003601583584  0.9999935143  -0.003601575798
29  13  -1.089936333e-16  -0.004399715626  0.9999903213  -0.004399701431
29  14  2.286797992e-16  -0.004707225709  0.999988921  -0.004707208325
29  15  2.651078097e-16  -0.004622188762  0.9999893177  -0.004622172304
29  16  -1.772263784e-18  -0.004113093786  0.9999915412  -0.004113082189
29  17  2.871302339e-16  -0.003015189558  0.9999954543  -0.003015184989
29  18  2.083976432e-16  -0.001036019678  0.9999994633  -0.001036019493
29  19  3.70395143e-17  0.002054441659  0.9999978896  0.002054440214
29  20  -3.481370899e-17  0.005637072332  0.9999841117  0.005637042478
29  21  -6.971815585e-17  0.006162391017  0.9999810125  0.006162352015
29  22  -9.937048168e-17  -0.03315447365  0.9994504408  -0.03314839998
29  23  -5.34381788e-17  -2.490549476  -0.7954520486  -0.606016533
29  24  3.6583572e-17  -0.04114671667  0.9991535933  -0.04113510707
29  25  1.780271738e-16  -0.02747585505  0.9996225624  -0.02747239815
29  26  1.729033051e-16  -0.03391033638  0.9994250996  -0.03390383777
29  27  4.006579082e-17  -0.02265785352  0.9997433218  -0.02265591489
29  28  -4.519947192e-17  -0.01519997207  0.9998844826  -0.01519938678
29  29  3.20111146e-17  -0.01255699627  0.999921162  -0.01255666627
29  30  1.713022177e-16  -0.01248502405  0.9999220631  -0.0124846997
29  31  -1.337217717e-16  -0.01840944495  0.999830551  -0.01840840512
29  32  2.20163769e-17  -0.03394818255  0.9994238158  -0.03394166217
29  33  -2.851275952e-17  -0.02914170308  0.9995754106  -0.02913757855
29  34  -2.622844821e-16  -0.01484187583  0.9998898614  -0.01484133094
29  35  3.06093727e-16  -0.01221607911  0.9999253846  -0.01221577527
29  36  3.06093727e-16  -0.01221607911  0.9999253846  -0.01221577527

30  0  5.627067456e-16  -0.009314632819  0.9999566191  -0.009314498126
30  1  -1.410170076e-17  -0.0150043119  0.9998874374  -0.01500374892
30  2  1.59061019e-16  -0.02071771469  0.9997853958  -0.02071623264
30  3  -8.797701895e-17  -0.02940731855  0.999567636  -0.0294030802
30  4  -3.225137998e-17  -0.03675377313  0.9993246561  -0.03674549895
30  5  -9.558155342e-17  -0.04790461436  0.9988527934  -0.04788629413
30  6  4.53268596e-16  -0.2490320838  0.9691514341  -0.2464660175
30  7  -2.098721479e-16  -0.0004431091105  0.9999999018  -0.000443109096
30  8  2.800190965e-17  0.01067811064  0.9999429895  0.01067790772
30  9  1.970078839e-16  0.004368202309  0.9999904594  0.004368188417
30  10  4.790358546e-17  -0.0001078619917  0.9999999942  -0.0001078619915
30  11  2.763869211e-16  -0.002897305688  0.9999958028  -0.002897301635
30  12  -4.316895473e-17  -0.004569763193  0.9999895587  -0.004569747288
30  13  -5.134614638e-17  -0.005531472193  0.9999847014  -0.005531443985
30  14  1.170204457e-16  -0.006012213843  0.9999819267  -0.006012177623
30  15  4.230954316e-18  -0.006117957381  0.9999812854  -0.006117919216
30  16  1.622143179e-16  -0.005869892932  0.9999827722  -0.005869859223
30  17  4.649867496e-17  -0.005214536961  0.9999864043  -0.005214513329
30  18  -4.860273276e-17  -0.004006907313  0.9999919724  -0.004006896591
30  19  -1.619915251e-16  -0.001984496563  0.9999980309  -0.00198449526
30  20  -1.321363014e-16  0.001174928959  0.9999993098  0.001174928689
30  21  1.025734934e-16  0.005254880271  0.9999861931  0.005254856087
30  22  -1.855845797e-16  0.002073466027  0.9999978504  0.002073464541
30  23  1.680484005e-17  -0.2083084619  0.9783821332  -0.2068052259
30  24  2.662075771e-17  -0.05894526995  0.9982632305  -0.05891114122
30  25  2.411733889e-16  -0.03891890675  0.9992427549  -0.03890908253
30  26  1.968272304e-16  -0.03594407321  0.9993540813  -0.03593633389
30  27  7.769975589e-17  -0.02531288185  0.9996796461  -0.02531017876
30  28  -1.15581177e-16  -0.01779386095  0.9998416934  -0.01779292198
30  29  -2.356963686e-16  -0.01248502405  0.9999220631  -0.0124846997
30  30  3.586638284e-17  -0.006754103693  0.9999771911  -0.006754052342
30  31  2.605253549e-17  -0.003352878806  0.9999943791  -0.003352872524
30  32  9.560594926e-18  -0.09530314327  0.9954620917  -0.09515894063
30  33  1.124245923e-17  -0.8554416299  0.6558852047  -0.7548606483
30  34  -1.284167685e-16  -0.02762559007  0.9996184377  -0.02762207635
30  35  -1.104936261e-16  -0.001278423302  0.9999991828  -0.001278422954
30  36  -1.104936261e-16  -0.001278423302  0.9999991828  -0.001278422954

31  0  3.085404104e-16  0.01220725431  0.9999254924  0.01220695113
31  1  -9.784674349e-17  -0.0137459401  0.9999055261  -0.01374550722
31  2  -5.336991523e-17  -0.02197683313  0.9997585191  -0.02197506411
31  3  7.704485295e-17  -0.02681639339  0.9996404621  -0.02681317947
31  4  5.470757333e-16  -0.03345076337  0.9994405754  -0.03344452541
31  5  2.224003201e-16  -0.03675377313  0.9993246561  -0.03674549895
31  6  8.161904593e-17  -0.02235406621  0.9997501583  -0.02235220452
31  7  -1.173880419e-16  0.003788773124  0.9999928226  0.003788764059
31  8  1.044940838e-16  0.01948995066  0.9998100769  0.01948871678
31  9  8.655241795e-17  0.01721376594  0.9998518468  0.01721291584
31  10  1.12124378e-17  0.009905353856  0.9999509424  0.009905191878
31  11  -4.082018036e-16  0.0039289205  0.9999922818  0.003928910392
31  12  -2.88029976e-16  7.696875635e-05  0.999999997  7.696875628e-05
31  13  1.609253418e-16  -0.002236081489  0.9999975  -0.002236079625
31  14  -1.129245285e-16  -0.003520739207  0.9999938022  -0.003520731934
31  15  6.941596603e-17  -0.004050435445  0.999991797  -0.00405042437
31  16  -4.124373997e-18  -0.003928950014  0.9999922817  -0.003928939905
31  17  -1.622226811e-16  -0.003133290124  0.9999950913  -0.003133284997
31  18  1.280884994e-16  -0.001502174341  0.9999988717  -0.001502173776
31  19  6.8750505e-17  0.001332453171  0.9999991123  0.001332452777
31  20  -2.781985338e-16  0.006031051698  0.9999818133  0.006031015136
31  21  6.49313817e-17  0.01324387242  0.9999123012  0.01324348526
31  22  1.050658562e-16  0.02075978198  0.9997845235  0.02075829088
31  23  -9.151002295e-17  0.01521430808  0.9998842646  0.01521372113
31  24  -5.91643103e-17  -0.008296636941  0.9999655831  -0.008296541759
31  25  4.208769056e-16  -0.03116691187  0.9995143511  -0.03116186631
31  26  6.773576064e-17  -0.03774694848  0.9992876685  -0.03773798528
31  27  -2.961107556e-16  -0.03047823679  0.9995355745  -0.03047351835
31  28  -2.751622047e-16  -0.02437270636  0.9997030003  -0.02437029342
31  29  -3.155595448e-17  -0.01840944495  0.999830551  -0.01840840512
31  30  1.790940868e-17  -0.003352878806  0.9999943791  -0.003352872524
31  31  -1.967910457e-16  0.02021725153  0.9997956383  0.0202158743
31  32  -1.1280046e-16  -0.08470750457  0.9964144641  -0.08460623975
31  33  3.430842013e-16  -1.294983382  0.2723292459  -0.9622041269
31  34  -1.009645008e-16  -0.2227623997  0.9752908892  -0.2209246058
31  35  -4.672304676e-17  0.01625733736  0.9998678524  0.01625662123
31  36  -4.672304676e-17  0.01625733736  0.9998678524  0.01625662123

32  0  3.734525555e-17  -0.6679002917  0.7851238265  -0.6193388225
32  1  -1.082967225e-16  -0.1130302989  0.9936188738  -0.1127897763
32  2  -3.025100466e-17  -0.09215575143  0.9957566631  -0.09202536522
32  3  -3.621768254e-16  -0.02980150581  0.999555968  -0.02979709474
32  4  1.37736633e-17  -0.02681639339  0.9996404621  -0.02681317947
32  5  -1.672328777e-16  -0.02940731855  0.999567636  -0.0294030802
32  6  -5.656031968e-17  -0.03020346621  0.99954391  -0.03019887424
32  7  -2.06721801e-16  -0.01157071799  0.99993306  -0.01157045981
32  8  2.970293228e-16  0.004135938167  0.999991447  0.004135926375
32  9  2.35189098e-16  0.01092650997  0.9999403063  0.01092629256
32  10  -1.173842224e-16  0.01462923344  0.9998929947  0.01462871163
32  11  1.163767823e-16  0.01554595004  0.9998791642  0.01554532386
32  12  7.152305044e-17  0.01417444105  0.9998995443  0.01417396641
32  13  6.680024259e-17  0.01178168164  0.9999305968  0.01178140908
32  14  1.636488847e-16  0.009558832404  0.9999543147  0.009558686837
32  15  1.839582918e-16  0.008170202186  0.9999666241  0.00817011129
32  16  8.455366542e-18  0.007864414331  0.9999690757  0.007864333263
32  17  -1.982745417e-16  0.008705464344  0.9999621077  0.008705354387
32  18  -1.122989321e-16  0.01064557337  0.9999433364  0.0106453723
32  19  2.768562676e-16  0.01336848154  0.9999106432  0.01336808335
32  20  -1.926173021e-16  0.01590509314  0.9998735167  0.01590442256
32  21  3.829486877e-17  0.01645014874  0.9998646994  0.01644940683
32  22  2.204868582e-16  0.01355413962  0.9999081441  0.0135537246
32  23  -2.562832855e-17  0.007935764645  0.999968512  0.007935681351
32  24  6.734369329e-17  -0.001403424497  0.9999990152  -0.001403424037
32  25  3.36802713e-16  -0.02207540742  0.9997563481  -0.02207361449
32  26  8.659919656e-17  -0.03308482311  0.9994527472  -0.03307878763
32  27  -1.658396818e-16  -0.02823766723  0.9996013436  -0.02823391476
32  28  -1.518725329e-16  -0.02739089957  0.9996248928  -0.02738747464
32  29  -3.125637645e-16  -0.03394818255  0.9994238158  -0.03394166217
32  30  -9.675947948e-17  -0.09530314327  0.9954620917  -0.09515894063
32  31  -4.215654774e-16  -0.08470750457  0.9964144641  -0.08460623975
32  32  -3.256440214e-16  -1.348098007  0.2208621092  -0.9753050439
32  33  2.451243903e-16  -0.4269448188  0.9102351213  -0.4140918061
32  34  3.646273329e-16  -0.4278183521  0.9098730511  -0.4148867688
32  35  4.1520962e-17  -0.7834710525  0.7084681405  -0.7057427958
32  36  4.1520962e-17  -0.7834710525  0.7084681405  -0.7057427958

33  0  -2.959703165e-16  -0.3685073728  0.9328660639  -0.3602234125
33  1  -4.238686225e-17  -0.4494289532  0.9006953412  -0.4344512657
33  2  8.482584605e-17  -1.945389768  -0.3658941925  -0.9306564564
33  3  -4.380105715e-16  -0.09215575143  0.9957566631  -0.09202536522
33  4  -5.652780986e-17  -0.02197683313  0.9997585191  -0.02197506411
33  5  -2.783809973e-16  -0.02071771469  0.9997853958  -0.02071623264
33  6  -1.678816276e-16  -0.02837977166  0.9995973213  -0.02837596225
33  7  -1.936963893e-16  -0.04109686216  0.9991556428  -0.0410852947
33  8  1.082348531e-16  -0.01152915583  0.99993354  -0.01152890042
33  9  1.127355961e-16  0.001491898686  0.9999988871  0.001491898132
33  10  -2.579138325e-16  0.004782657893  0.9999885631  0.00478263966
33  11  8.413011245e-17  0.008215493914  0.999966253  0.008215401498
33  12  -4.835927756e-17  0.01305872359  0.9999147361  0.01305835244
33  13  -1.937413079e-16  0.01866855415  0.9998257476  0.01866746979
33  14  -1.870318137e-17  0.02378359981  0.9997171835  0.02378135764
33  15  2.454569896e-16  0.02742489282  0.9996239612  0.02742145512
33  16  8.440581336e-17  0.0291977647  0.9995737755  0.02919361631
33  17  1.639848792e-16  0.02901015723  0.9995792349  0.0290060883
33  18  -2.437922682e-16  0.02673471064  0.9996426489  0.026731526
33  19  1.838915249e-16  0.02234187798  0.9997504306  0.02234001934
33  20  1.347239939e-16  0.01647515383  0.9998642877  0.01647440853
33  21  -6.670089174e-17  0.01064326814  0.999943361  0.0106430672
33  22  6.716306251e-17  0.006255885555  0.999980432  0.00625584475
33  23  2.687022748e-16  0.003271828153  0.9999946476  0.003271822316
33  24  -1.800760116e-16  -0.001568899259  0.9999987693  -0.001568898615
33  25  3.027695506e-16  -0.02484636217  0.999691345  -0.0248438058
33  26  -8.107514475e-17  -0.04240837531  0.9991008996  -0.04239566475
33  27  -4.106344852e-17  -0.02345982169  0.999724831  -0.02345766985
33  28  -3.478470898e-17  -0.02119881306  0.9997753136  -0.02119722534
33  29  -9.736871149e-17  -0.02914170308  0.9995754106  -0.02913757855
33  30  1.737399394e-16  -0.8554416299  0.6558852047  -0.7548606483
33  31  8.057963151e-17  -1.294983382  0.2723292459  -0.9622041269
33  32  -1.15068027e-16  -0.4269448188  0.9102351213  -0.4140918061
33  33  2.478503882e-16  -0.5181706473  0.8687266961  -0.4952917599
33  34  3.163029234e-16  -0.719204056  0.7523303242  -0.6587860679
33  35  -1.716500688e-16  -0.5930491745  0.829240377  -0.5588921158
33  36  -1.716500688e-16  -0.5930491745  0.829240377  -0.5588921158

34  0  1.725225723e-16  -0.4328012593  0.9077944217  -0.4194154122
34  1  -1.989698168e-17  -0.4955357876  0.8797140675  -0.4755030593
34  2  -1.372579661e-17  -0.4494289531  0.9006953412  -0.4344512657
34  3  1.154477141e-16  -0.1130302989  0.9936188738  -0.1127897763
34  4  -7.949451719e-17  -0.0137459401  0.9999055261  -0.01374550722
34  5  -1.25525969e-17  -0.0150043119  0.9998874374  -0.01500374892
34  6  9.016747155e-17  -0.01833352536  0.9998319456  -0.01833249834
34  7  -6.875418509e-17  -0.05862516999  0.9982820368  -0.05859159418
34  8  -2.002525232e-17  -0.1156501165  0.9933199757  -0.1153924865
34  9  -3.625610162e-18  -0.008755093193  0.9999616744  -0.008754981345
34  10  -3.894794168e-16  0.00121130018  0.9999992664  0.001211299884
34  11  -1.903338445e-16  0.0027694304  0.9999961651  0.002769426859
34  12  1.450156231e-16  0.004793003238  0.9999885136  0.004792984886
34  13  -1.12975319e-16  0.008812713415  0.9999611683  0.008812599344
34  14  -2.83327991e-17  0.01532053  0.999882643  0.01531993067
34  15  3.007875956e-16  0.0233207167  0.9997280844  0.02331860291
34  16  9.285639119e-17  0.02989648602  0.9995531333  0.02989203263
34  17  5.365254239e-16  0.03158405318  0.9995012653  0.03157880232
34  18  2.517988607e-16  0.02729306427  0.9996275674  0.02728967591
34  19  3.968437619e-17  0.01947992556  0.9998102722  0.01947869358
34  20  4.27654499e-17  0.0118189126  0.9999301575  0.01181863745
34  21  2.116428573e-16  0.00645303028  0.9999791793  0.006452985495
34  22  2.683571974e-16  0.003531408765  0.9999937646  0.003531401425
34  23  -5.856189831e-17  0.002053865197  0.9999978908  0.002053863753
34  24  -2.937859109e-16  -0.0006253179741  0.9999998045  -0.0006253179333
34  25  4.029619216e-17  -0.02886596647  0.9995834069  -0.0288619579
34  26  1.044439822e-16  -0.1344049171  0.9909812481  -0.1340006187
34  27  3.725459931e-17  -0.02931502974  0.9995703453  -0.02931083118
34  28  1.243407521e-17  -0.01621163979  0.9998685942  -0.01621092969
34  29  -2.408116784e-17  -0.01484187583  0.9998898614  -0.01484133094
34  30  1.748320794e-18  -0.02762559007  0.9996184377  -0.02762207635
34  31  3.029102414e-16  -0.2227623997  0.9752908892  -0.2209246058
34  32  -1.190569969e-16  -0.4278183521  0.9098730511  -0.4148867687
34  33  -2.003943755e-16  -0.719204056  0.7523303242  -0.6587860679
34  34  -2.752780405e-16  -0.1976748167  0.9805258707  -0.1963899614
34  35  1.402889203e-17  -0.1224713019  0.9925097594  -0.1221653691
34  36  1.402889203e-17  -0.1224713019  0.9925097594  -0.1221653691

35  0  -4.31363096e-17  -0.02920976066  0.9995734253  -0.02920560716
35  1  2.053359058e-16  -0.4328012593  0.9077944217  -0.4194154122
35  2  7.535648183e-17  -0.3685073728  0.9328660639  -0.3602234125
35  3  1.836691803e-16  -0.6679002917  0.7851238265  -0.6193388225
35  4  4.374047152e-17  0.01220725431  0.9999254924  0.01220695113
35  5  3.016963445e-16  -0.009314632819  0.9999566191  -0.009314498126
35  6  1.29703294e-16  -0.01372369923  0.9999058315  -0.01372326845
35  7  -6.533363494e-17  -0.027328634  0.9996265961  -0.02732523237
35  8  3.959880805e-17  -0.8110494669  0.688737938  -0.7250103812
35  9  1.859390043e-16  -0.3712949497  0.9318582902  -0.3628224455
35  10  -1.597331192e-16  -0.001441756693  0.9999989607  -0.001441756193
35  11  -8.796858709e-17  0.001984481546  0.9999980309  0.001984480244
35  12  -4.332635145e-17  0.002626471826  0.9999965508  0.002626468806
35  13  2.598657417e-16  0.004171510543  0.9999912993  0.004171498444
35  14  2.852615494e-17  0.007668639879  0.9999705961  0.007668564716
35  15  5.171998211e-17  0.01342182246  0.9999099287  0.01342141948
35  16  4.631758338e-17  0.02005597219  0.9997988857  0.02005462766
35  17  1.549321108e-16  0.02410890966  0.9997093943  0.02410657422
35  18  3.33197608e-16  0.02266456147  0.9997431698  0.02266262112
35  19  1.459172838e-16  0.01681384737  0.9998586506  0.01681305515
35  20  3.761143065e-17  0.01028402616  0.9999471199  0.01028384488
35  21  1.509845507e-16  0.005612449963  0.9999842502  0.005612420499
35  22  6.919452338e-17  0.003184218956  0.9999949304  0.003184213575
35  23  3.223835063e-17  0.002264417777  0.9999974362  0.002264415842
35  24  -2.298844045e-16  0.001272722916  0.9999991901  0.001272722572
35  25  -4.574909591e-17  -0.01317323648  0.9999132342  -0.01317285548
35  26  -1.048776491e-16  -0.9882480317  0.5501537088  -0.8350634088
35  27  -4.195016548e-17  -0.2010203962  0.9798633462  -0.1996692834
35  28  -6.275631691e-17  -0.01642669824  0.9998650848  -0.0164259595
35  29  -8.410602362e-17  -0.01221607911  0.9999253846  -0.01221577527
35  30  2.254826451e-16  -0.001278423302  0.9999991828  -0.001278422954
35  31  1.690486155e-16  0.01625733736  0.9998678524  0.01625662123
35  32  7.121736053e-17  -0.7834710524  0.7084681406  -0.7057427958
35  33  -1.903871961e-16  -0.5930491745  0.829240377  -0.5588921158
35  34  -2.872230194e-16  -0.1224713019  0.9925097594  -0.1221653691
35  35  -1.774082152e-16  -0.01115173429  0.9999378201  -0.01115150315
35  36  -1.774082152e-16  -0.01115173429  0.9999378201  -0.01115150315

36  0  -4.31363096e-17  -0.02920976066  0.9999378201  -0.01115150315
36  1  -1.989698168e-17  -0.4955357876  0.9999378201  -0.01115150315
36  2  8.482584605e-17  -1.945389768  0.9999378201  -0.01115150315
36  3  -3.621768254e-16  -0.02980150581  0.9999378201  -0.01115150315
36  4  5.470757333e-16  -0.03345076337  0.9999378201  -0.01115150315
36  5  -9.558155342e-17  -0.04790461436  0.9999378201  -0.01115150315
36  6  2.593791221e-16  -2.310303435  0.9999378201  -0.01115150315
36  7  -1.591491127e-17  0.01251896715  0.9999378201  -0.01115150315
36  8  8.248926301e-17  0.01868540447  0.9999378201  -0.01115150315
36  9  1.44408358e-16  0.02519793276  0.9999378201  -0.01115150315
36  10  -8.351508738e-17  0.04088371253  0.9999378201  -0.01115150315
36  11  1.676579806e-16  0.1284524335  0.9999378201  -0.01115150315
36  12  -3.881029734e-17  0.1044195036  0.9999378201  -0.01115150315
36  13  3.455324092e-16  0.007401024355  0.9999378201  -0.01115150315
36  14  -5.620812044e-17  -0.003411432641  0.9999378201  -0.01115150315
36  15  -3.547845897e-17  -0.005722136837  0.9999378201  -0.01115150315
36  16  2.713450883e-16  0.01797962952  0.9999378201  -0.01115150315
36  17  2.891068625e-16  0.02873790045  0.9999378201  -0.01115150315
36  18  5.590659453e-17  0.02873790045  0.9999378201  -0.01115150315
36  19  -1.278735017e-16  0.01797962952  0.9999378201  -0.01115150315
36  20  1.786314203e-16  -0.005722136837  0.9999378201  -0.01115150315
36  21  2.564993389e-16  -0.003411432641  0.9999378201  -0.01115150315
36  22  -1.141926626e-16  0.007401024355  0.9999378201  -0.01115150315
36  23  1.600872882e-16  0.1044195036  0.9999378201  -0.01115150315
36  24  9.601952731e-17  0.1284524335  0.9999378201  -0.01115150315
36  25  1.370588442e-16  0.04088371253  0.9999378201  -0.01115150315
36  26  -1.44143651e-17  0.02519793276  0.9999378201  -0.01115150315
36  27  2.554879753e-16  0.01868540447  0.9999378201  -0.01115150315
36  28  9.266487708e-17  0.01251896715  0.9999378201  -0.01115150315
36  29  1.594618142e-16  -2.310303435  0.9999378201  -0.01115150315
36  30  -1.372975452e-17  -0.04790461436  0.9999378201  -0.01115150315
36  31  -2.516039967e-16  -0.03345076337  0.9999378201  -0.01115150315
36  32  2.124736259e-16  -0.02980150581  0.9999378201  -0.01115150315
36  33  2.158396944e-16  -1.945389768  0.9999378201  -0.01115150315
36  34  2.183890158e-16  -0.4955357875  0.9999378201  -0.01115150315
36  35  -1.310500396e-16  -0.02920976066  0.9999378201  -0.01115150315
36  36  -1.310500396e-16  -0.02920976066  0.9999378201  -0.01115150315

#Chern no*2pi*Iota= 5.95101857e-15  -69.11503838
