#nx  ny  tilde_F(nx,ny).real()  tilde_F(nx,ny).imag()  ArgofLog.real()  ArgofLog.imag()
#Extra momentum point for pm3d corners2color c1
0  0  7.226257243e-17  0.03940330285  0.9992237903  0.03939310725
0  1  -1.60306007e-18  0.1997581278  0.9801146018  0.1984322741
0  2  1.074002235e-16  0.3824846122  0.9277401765  0.3732266936
0  3  6.749052069e-17  -0.01631667541  0.999866886  -0.01631595142
0  4  -3.605358802e-17  -0.04647402508  0.9989202769  -0.04645729752
0  5  -1.755159993e-16  -0.04250426986  0.9990968295  -0.04249147289
0  6  -1.73451507e-16  -0.02703711571  0.9996345195  -0.02703382179
0  7  2.6570183e-16  0.02848764162  0.9995942546  0.0284837886
0  8  2.049924383e-16  0.04064273975  0.9991741975  0.04063155151
0  9  1.610663925e-16  0.01089693418  0.999940629  0.01089671852
0  10  -1.870722586e-16  0.01231303096  0.9999241956  0.01231271983
0  11  1.841018848e-16  0.01767620767  0.9998437799  0.0176752872
0  12  1.918480044e-16  0.02443841195  0.9997013969  0.02443597944
0  13  -4.178275046e-17  -0.01007742441  0.9999492232  -0.01007725384
0  14  2.303797809e-16  -1.048294693  0.499049547  -0.8665734531
0  15  -3.810829187e-17  -0.1448860011  0.9895223714  -0.1443796262
0  16  2.03048002e-16  0.04728204142  0.9988824125  0.04726442617
0  17  2.808487754e-16  0.08201253941  0.9966388563  0.08192063349
0  18  6.392530602e-17  0.09217255901  0.9957551163  0.09204210147
0  19  -1.784178918e-16  0.07348633114  0.9973010945  0.07342020835
0  20  1.831453476e-16  -0.06441469826  0.9979260906  -0.06437016202
0  21  8.903695583e-17  -1.075293729  0.4754738617  -0.8797298488
0  22  1.467502164e-16  -0.0598396878  0.9982101401  -0.05980398198
0  23  8.737683218e-17  0.02237427905  0.9997497063  0.0223724123
0  24  -8.540186606e-17  0.02111107551  0.9997771695  0.02110950742
0  25  2.86147608e-16  0.01465282258  0.9998926493  0.01465229824
0  26  3.646089933e-16  0.01092202585  0.9999403553  0.0109218087
0  27  -6.374980221e-17  0.01686975465  0.9998577091  0.01686895451
0  28  1.256157664e-17  0.05874771173  0.9982748494  0.05871392496
0  29  -1.785296392e-16  -0.01111392199  0.999938241  -0.01111369319
0  30  1.643713175e-17  -0.03690802005  0.9993189763  -0.03689964126
0  31  1.215803178e-16  -0.0452514203  0.9989763292  -0.04523597839
0  32  -9.989163798e-17  -0.04563692856  0.9989588161  -0.04562108865
0  33  -1.678028596e-16  0.07934070723  0.9968541768  0.07925749249
0  34  -6.468102779e-17  0.4430291335  0.9034572868  0.4286781203
0  35  1.348242603e-16  0.08540035111  0.9963556058  0.0852965817
0  36  1.348242603e-16  0.08540035111  0.9963556058  0.0852965817

1  0  -5.796428097e-17  0.1997581278  0.9801146018  0.1984322741
1  1  1.378313438e-16  0.2681188562  0.964270951  0.2649179742
1  2  -6.926082755e-17  0.3795335142  0.9288375637  0.3704872202
1  3  -1.41191132e-16  0.006648317915  0.9999779  0.006648268939
1  4  -4.592005203e-17  -0.0490923852  0.9987952109  -0.04907266829
1  5  1.160780923e-16  -0.04232102068  0.9991045993  -0.0423083885
1  6  -1.241569995e-16  -0.03324581538  0.9994474088  -0.03323969138
1  7  3.021453591e-17  -0.00167446631  0.9999985981  -0.001674465527
1  8  9.731378459e-17  0.1236692533  0.9923626991  0.1233542596
1  9  1.778077613e-16  0.02851960358  0.9995933437  0.02851573758
1  10  -1.322521481e-16  0.01113132848  0.9999380474  0.0111310986
1  11  3.175532358e-16  0.01329454179  0.9999116289  0.01329415017
1  12  7.69086958e-17  0.01544621127  0.9998807097  0.01544559707
1  13  1.569112453e-16  0.008459425452  0.9999642193  0.008459324557
1  14  3.388390779e-17  -0.004570161216  0.9999895568  -0.004570145307
1  15  -3.618821637e-17  -0.003629162201  0.9999934146  -0.003629154235
1  16  1.027028783e-16  0.003860574472  0.999992548  0.003860564883
1  17  8.571340492e-17  -0.01147949824  0.9999341113  -0.01147924612
1  18  2.003288655e-17  -0.1089803636  0.9940675152  -0.1087647701
1  19  -2.237910829e-16  -0.05381872007  0.9985521222  -0.05379274326
1  20  -1.226510997e-16  0.007505077359  0.999971837  0.007505006904
1  21  -5.273851759e-17  0.000265577766  0.9999999647  0.0002655777629
1  22  3.94251314e-17  -0.005437725433  0.9999852156  -0.005437698635
1  23  1.791864434e-16  0.003037646451  0.9999953864  0.003037641779
1  24  2.355923358e-17  0.0139385017  0.9999028607  0.01393805037
1  25  -1.763584133e-16  0.0147626578  0.9998910339  0.01476212159
1  26  5.740506339e-17  0.01198910556  0.9999281315  0.01198881834
1  27  2.769605625e-16  0.01342739103  0.9999098539  0.01342698755
1  28  2.306713893e-16  0.09182932129  0.9957866499  0.09170031533
1  29  3.562074114e-16  0.06134101319  0.9981192299  0.06130255225
1  30  -2.415642043e-16  -0.025078098  0.999685561  -0.02507546943
1  31  1.745387969e-16  -0.03915977725  0.9992333539  -0.03914976951
1  32  4.80173294e-17  -0.04584891215  0.9989491227  -0.04583285049
1  33  1.494494913e-16  -0.05706689244  0.9983721267  -0.05703592319
1  34  3.501621345e-17  0.1093108353  0.9940315172  0.1090932754
1  35  1.853292863e-16  0.4430291336  0.9034572868  0.4286781204
1  36  1.853292863e-16  0.4430291336  0.9034572868  0.4286781204

2  0  -2.377967031e-16  0.3824846122  0.9277401765  0.3732266936
2  1  8.011451826e-18  0.3795335142  0.9288375637  0.3704872202
2  2  -3.150026145e-16  0.1470298135  0.9892105749  0.1465006431
2  3  -2.771565213e-17  -0.02627290821  0.999654887  -0.02626988576
2  4  -4.353412437e-17  -0.05088167706  0.9987058067  -0.05085972493
2  5  -1.71852949e-17  -0.04099018114  0.9991600201  -0.04097870352
2  6  -7.261554146e-17  -0.03246031271  0.9994732103  -0.03245461259
2  7  3.380770375e-17  -0.01850516583  0.9998287843  -0.0185041097
2  8  1.537471207e-16  0.1222584441  0.9925357408  0.1219541029
2  9  -1.517004675e-16  0.2524923198  0.9682928033  0.249818028
2  10  -8.814341131e-17  0.02022633608  0.9997954546  0.020224957
2  11  2.084196431e-16  0.01089894372  0.9999406071  0.01089872794
2  12  -2.940993637e-16  0.0102114276  0.9999478638  0.01021125014
2  13  2.734534582e-16  0.006123320823  0.9999812525  0.006123282557
2  14  1.531823986e-16  0.002178835255  0.9999976263  0.002178833531
2  15  2.113551016e-16  0.004489437759  0.9999899225  0.004489422678
2  16  2.736367873e-17  0.01357496697  0.9999078616  0.01357455004
2  17  -1.765953166e-16  -0.0167321119  0.9998600215  -0.01673133118
2  18  -1.03236851e-16  -0.1970005289  0.9806580711  -0.1957287601
2  19  1.257574935e-16  -0.1995638441  0.9801531354  -0.1982418501
2  20  -2.295466431e-16  -0.08253478913  0.9965959373  -0.08244111666
2  21  -1.542543031e-16  0.01968340899  0.999806288  0.019682138
2  22  1.029447433e-16  0.01042315713  0.9999456794  0.0104229684
2  23  2.470836741e-16  0.003086173532  0.9999952378  0.003086168633
2  24  9.297605369e-17  0.004058533568  0.9999917642  0.004058522427
2  25  -1.550446358e-16  0.008753549555  0.9999616879  0.008753437766
2  26  1.589376098e-16  0.01079880633  0.9999416935  0.01079859645
2  27  -1.14597866e-16  0.01259471819  0.9999206876  0.01259438522
2  28  -9.782129066e-17  0.06948142852  0.9975871365  0.06942553646
2  29  2.878826961e-16  0.3132087153  0.9513498227  0.308112828
2  30  1.31035603e-16  -0.0001917532453  0.9999999816  -0.0001917532441
2  31  4.929376253e-17  -0.02828095857  0.9996001203  -0.02827718881
2  32  -2.686910364e-16  -0.03645167671  0.9993357112  -0.03644360487
2  33  -1.624024361e-16  -0.04736567503  0.9988784561  -0.04734796614
2  34  -1.843540004e-16  -0.05706689243  0.9983721267  -0.05703592318
2  35  7.761897462e-17  0.07934070726  0.9968541768  0.07925749253
2  36  7.761897462e-17  0.07934070726  0.9968541768  0.07925749253

3  0  -1.872075645e-16  -0.01631667541  0.999866886  -0.01631595142
3  1  -2.869643984e-16  0.006648317915  0.9999779  0.006648268939
3  2  -1.462365786e-16  -0.02627290821  0.999654887  -0.02626988576
3  3  -1.008788619e-16  -0.04428495182  0.9990195818  -0.04427047828
3  4  -1.805930335e-17  -0.04761865412  0.9988664461  -0.04760065999
3  5  -3.401904838e-17  -0.04126271013  0.9991488152  -0.04125100207
3  6  6.29873776e-17  -0.03152825869  0.9995030256  -0.03152303561
3  7  7.944976811e-17  -0.02100080141  0.9997794913  -0.02099925777
3  8  -1.773748819e-16  0.01097020886  0.9999398279  0.01096998882
3  9  2.407710205e-17  0.4889465831  0.8828281342  0.4696961629
3  10  1.882213684e-16  0.1536002206  0.9882266608  0.1529969503
3  11  -1.603786335e-16  0.01502353222  0.9998871489  0.01502296707
3  12  -1.122104289e-16  0.006924518406  0.9999760256  0.006924463068
3  13  -6.597168414e-18  0.003085596115  0.9999952396  0.003085591219
3  14  -5.493029245e-17  0.002726993475  0.9999962818  0.002726990095
3  15  -1.614171772e-16  0.01007282558  0.9999492695  0.01007265525
3  16  9.127408057e-17  0.0425660101  0.9990942042  0.04255315728
3  17  1.720470768e-16  0.03541998727  0.9993727778  0.03541258155
3  18  -8.930288479e-17  -0.03913770174  0.9992342179  -0.03912771091
3  19  -1.879527833e-16  -0.03376615572  0.9994299775  -0.03375973966
3  20  -1.678572003e-17  -0.0393294632  0.9992266963  -0.0393193248
3  21  -1.667311667e-16  -0.01341290795  0.9999100483  -0.01341250578
3  22  -2.686563556e-16  0.06003103858  0.9981986783  0.05999498918
3  23  -5.182056445e-17  0.02791634026  0.9996103643  0.02791271443
3  24  -1.140126467e-16  0.006301447311  0.9999801459  0.006301405608
3  25  4.572189302e-17  0.002563980194  0.999996713  0.002563977385
3  26  5.643043725e-17  0.004893443733  0.9999880271  0.004893424204
3  27  -1.0098382e-17  0.009821761111  0.9999517669  0.009821603199
3  28  -2.762286406e-17  0.03797913214  0.9992788794  0.03797000253
3  29  1.318098416e-16  0.5235802266  0.8660346781  0.499983936
3  30  -1.147919486e-16  0.1067255608  0.9943102311  0.1065230694
3  31  -1.12604326e-16  -0.01421136216  0.9998990203  -0.01421088381
3  32  -2.616048925e-17  -0.02645178897  0.9996501718  -0.02644870437
3  33  -1.186548431e-16  -0.03645167671  0.9993357112  -0.03644360487
3  34  -1.131374706e-16  -0.04584891215  0.9989491227  -0.0458328505
3  35  3.062833725e-16  -0.04563692856  0.9989588161  -0.04562108864
3  36  3.062833725e-16  -0.04563692856  0.9989588161  -0.04562108864

4  0  2.749627997e-16  -0.04647402508  0.9989202769  -0.04645729752
4  1  1.704866713e-16  -0.0490923852  0.9987952109  -0.04907266829
4  2  -7.852844983e-17  -0.05088167707  0.9987058067  -0.05085972493
4  3  1.655988101e-17  -0.04761865412  0.9988664461  -0.04760065999
4  4  -1.827899774e-16  -0.04595914488  0.9989440644  -0.0459429671
4  5  -1.607582497e-16  -0.04286815786  0.9990813012  -0.04285502942
4  6  -3.267682102e-16  -0.0341101027  0.9994183069  -0.03410348858
4  7  1.653737e-16  -0.02189791701  0.9997602502  -0.02189616698
4  8  5.626498422e-17  -0.003283367026  0.9999946098  -0.003283361126
4  9  9.960544991e-17  0.1474354693  0.9891510647  0.14690191
4  10  1.759750239e-16  0.3134703905  0.9512691647  0.3083617622
4  11  -1.770804838e-16  0.0421816523  0.999110486  0.0421691445
4  12  1.428786517e-16  0.007526449937  0.9999716764  0.007526378878
4  13  -1.806157718e-16  -0.0008979186814  0.9999995969  -0.0008979185608
4  14  -6.346516189e-17  0.0007232629586  0.9999997384  0.0007232628955
4  15  1.889321442e-16  0.01824520964  0.9998335608  0.01824419738
4  16  2.375431828e-16  0.1124547153  0.9936836291  0.1122178469
4  17  1.163237651e-16  0.06215264895  0.9980691458  0.06211264123
4  18  -1.053008781e-16  -0.006841592986  0.9999765964  -0.006841539613
4  19  4.289546168e-18  -0.01592036694  0.9998732736  -0.01591969442
4  20  1.667058625e-17  -0.01986099609  0.9998027769  -0.01985969039
4  21  2.068720156e-16  -0.0121801122  0.9999258234  -0.01217981104
4  22  1.844235263e-16  0.0117780722  0.9999306393  0.01177779989
4  23  -6.86307215e-17  0.1059064312  0.9943971537  0.1057085647
4  24  -3.642694507e-16  0.06721214781  0.9977421138  0.0671615544
4  25  4.476627684e-19  0.008661728594  0.9999624875  0.008661620286
4  26  -5.394638959e-17  -0.001142204171  0.9999993477  -0.001142203923
4  27  3.396120989e-16  0.00221926813  0.9999975374  0.002219266308
4  28  2.955271614e-16  0.02165138846  0.9997656178  0.02164969687
4  29  2.280555394e-16  0.1868661981  0.9825912585  0.1857805659
4  30  1.302875129e-17  0.2790261089  0.9613241228  0.2754195543
4  31  1.610229564e-17  0.02331686957  0.9997281741  0.02331475682
4  32  -1.736881294e-16  -0.01421136216  0.9998990203  -0.01421088381
4  33  -1.286595539e-16  -0.02828095857  0.9996001203  -0.02827718881
4  34  -6.265378647e-17  -0.03915977725  0.9992333539  -0.03914976951
4  35  -1.291655313e-16  -0.0452514203  0.9989763292  -0.04523597839
4  36  -1.291655313e-16  -0.0452514203  0.9989763292  -0.04523597839

5  0  1.494375822e-16  -0.04250426986  0.9990968295  -0.04249147289
5  1  -8.485687016e-17  -0.04232102068  0.9991045993  -0.0423083885
5  2  -3.941742909e-16  -0.04099018114  0.9991600201  -0.04097870352
5  3  -7.248974236e-17  -0.04126271013  0.9991488152  -0.04125100207
5  4  -7.190028689e-17  -0.04286815786  0.9990813012  -0.04285502942
5  5  -9.053450463e-17  -0.04046484401  0.9991814099  -0.04045380203
5  6  -2.282522785e-16  -0.03135794618  0.9995083799  -0.03135280728
5  7  -1.616648463e-16  -0.01616659257  0.9998693235  -0.01616588837
5  8  6.706867288e-17  0.0215970666  0.9997667924  0.02159538771
5  9  2.772445531e-16  0.2165905847  0.9766358113  0.2149011214
5  10  6.647179446e-17  0.2989436384  0.9556481322  0.2945108612
5  11  -3.904445364e-17  0.0698000937  0.9975649623  0.06974342921
5  12  2.101041673e-16  0.03203309074  0.9994869844  0.03202761273
5  13  -6.799559888e-17  0.003032097755  0.9999954032  0.003032093109
5  14  -2.346305573e-16  -0.003807620773  0.999992751  -0.003807611573
5  15  -1.269450189e-16  0.0293761931  0.9995685507  0.0293719682
5  16  -5.344386058e-17  0.2104153192  0.977944253  0.2088660769
5  17  1.818521008e-16  0.0465571104  0.9989164135  0.04654029296
5  18  -9.009154535e-17  -0.008144312471  0.9999668353  -0.008144222436
5  19  -1.303640125e-16  -0.159562395  0.9872969073  -0.1588861758
5  20  -1.95888803e-16  -1.20046588  0.361923497  -0.9322078
5  21  1.453401877e-16  -0.8269164111  0.6771480249  -0.7358468267
5  22  -7.567793388e-17  -0.09752695035  0.9952480153  -0.09737241916
5  23  9.682771901e-17  0.008659940639  0.9999625029  0.008659832398
5  24  -3.117874426e-16  0.1326246139  0.9912182393  0.1322361603
5  25  4.136853447e-17  0.1327587423  0.9912004938  0.1323691096
5  26  1.010084719e-16  0.006756048921  0.999977178  0.006755997525
5  27  -1.286102448e-17  -0.005880059145  0.9999827125  -0.005880025261
5  28  1.488781442e-16  0.01856644915  0.9998276484  0.01856538248
5  29  -2.02689182e-16  0.06636626613  0.9977985676  0.06631755869
5  30  4.275276218e-17  0.1707614729  0.9854556534  0.169932796
5  31  8.240028189e-17  0.2790261089  0.9613241228  0.2754195544
5  32  -2.823345612e-16  0.1067255608  0.9943102311  0.1065230694
5  33  2.017686105e-16  -0.0001917532445  0.9999999816  -0.0001917532433
5  34  -1.67210428e-17  -0.025078098  0.999685561  -0.02507546943
5  35  -6.445384794e-17  -0.03690802005  0.9993189763  -0.03689964126
5  36  -6.445384794e-17  -0.03690802005  0.9993189763  -0.03689964126

6  0  -4.686311824e-17  -0.02703711571  0.9996345195  -0.02703382179
6  1  -2.42753527e-16  -0.03324581538  0.9994474088  -0.03323969138
6  2  -1.701177248e-16  -0.03246031271  0.9994732103  -0.03245461259
6  3  3.622853395e-16  -0.03152825869  0.9995030256  -0.03152303561
6  4  4.08417084e-16  -0.0341101027  0.9994183069  -0.03410348858
6  5  1.624132243e-16  -0.03135794618  0.9995083799  -0.03135280728
6  6  2.65349991e-17  -0.02072303534  0.9997852856  -0.02072155214
6  7  -5.396502428e-16  0.007968879232  0.9999682486  0.007968794891
6  8  -3.290994902e-17  0.1692990843  0.9857031074  0.1684914957
6  9  1.89297375e-16  0.59476836  0.8282783129  0.5603169072
6  10  -7.300848084e-17  0.2856685097  0.9594734818  0.2817989315
6  11  9.017407329e-17  0.07137806682  0.9974536672  0.07131747243
6  12  6.141194223e-17  0.2827412153  0.9602942781  0.2789890669
6  13  -1.683918051e-17  2.179488978  -0.5717954048  0.8203962549
6  14  -1.139130596e-16  0.02898871034  0.9995798568  0.02898465043
6  15  3.594017081e-16  0.03542528786  0.9993725901  0.03541787883
6  16  1.303862514e-16  0.3211242595  0.9488811638  0.3156335486
6  17  2.713197212e-16  0.02126581135  0.9997738912  0.02126420853
6  18  3.829175622e-17  -0.2411068597  0.9710742764  -0.2387776155
6  19  -7.420383763e-17  -0.6182323476  0.8149042528  -0.5795955993
6  20  -1.646124829e-17  -0.1312858347  0.991394386  -0.1309090198
6  21  6.730608812e-17  -0.09205436772  0.9957659879  -0.09192441124
6  22  3.940088905e-17  -0.3868415615  0.9261052463  -0.3772652552
6  23  -2.273052202e-16  -0.3876819128  0.925787884  -0.3780433757
6  24  -2.710003139e-16  -0.1222461257  0.992537243  -0.1219418764
6  25  2.661765189e-16  0.1389786401  0.9903580034  0.1385316751
6  26  -8.776276049e-17  0.2283538842  0.9740403531  0.2263744477
6  27  -2.732401365e-16  -0.007448122541  0.9999722629  -0.007448053677
6  28  -1.304600782e-17  0.09967893124  0.9950361674  0.09951394675
6  29  -8.754757909e-18  2.383263966  -0.7259864007  0.6877090562
6  30  -7.69718289e-17  0.06636626613  0.9977985676  0.06631755869
6  31  7.270321146e-17  0.1868661981  0.9825912585  0.1857805659
6  32  -8.081200521e-17  0.5235802266  0.8660346781  0.499983936
6  33  4.536409332e-17  0.3132087152  0.9513498227  0.308112828
6  34  4.640138903e-17  0.0613410132  0.9981192299  0.06130255226
6  35  8.554718294e-17  -0.01111392199  0.999938241  -0.01111369319
6  36  8.554718294e-17  -0.01111392199  0.999938241  -0.01111369319

7  0  1.171181856e-16  0.02848764161  0.9995942546  0.0284837886
7  1  1.492865527e-16  -0.001674466309  0.9999985981  -0.001674465527
7  2  1.987477083e-16  -0.01850516583  0.9998287843  -0.0185041097
7  3  4.421401747e-17  -0.02100080141  0.9997794913  -0.02099925777
7  4  -2.921776623e-16  -0.02189791701  0.9997602502  -0.02189616698
7  5  6.704445351e-17  -0.01616659257  0.9998693235  -0.01616588837
7  6  1.411717903e-16  0.007968879232  0.9999682486  0.007968794891
7  7  -1.076578336e-17  0.05848009187  0.9982905267  0.05844676469
7  8  -1.752242003e-16  0.1005571894  0.9949483847  0.1003878069
7  9  -1.972541451e-17  0.07674275686  0.9970567196  0.07666745025
7  10  -5.043299222e-17  0.04177746268  0.9991274487  0.04176531098
7  11  8.647758332e-17  0.02536287549  0.9996783795  0.02536015636
7  12  1.800766599e-16  0.0165146276  0.9998636366  0.01651387693
7  13  -2.341835269e-16  0.06549958572  0.9978556689  0.06545276142
7  14  4.473626813e-17  0.01754127051  0.9998461559  0.01754037096
7  15  8.070414225e-17  -0.04325809379  0.9990645146  -0.04324460384
7  16  1.880199818e-17  -0.8171860969  0.6842758772  -0.7292232333
7  17  -3.041766108e-17  -0.01706836393  0.999854339  -0.01706753519
7  18  -9.04455019e-17  -0.3232408001  0.9482109877  -0.3176411856
7  19  5.068270249e-17  -0.00283563216  0.9999959796  -0.00283562836
7  20  -1.246781585e-16  0.03708087588  0.9993125831  0.03707237882
7  21  1.999403383e-16  0.04664895124  0.998912135  0.0466320341
7  22  8.792007215e-17  0.04385645636  0.9990384598  0.04384239888
7  23  -3.039560733e-16  0.02033561739  0.9997932385  0.02033421583
7  24  -3.114563917e-16  -0.2051601945  0.9790283616  -0.2037239975
7  25  -4.35940477e-17  -0.1905704268  0.9818963452  -0.1894190257
7  26  -2.305155821e-16  0.2265660158  0.9744435238  0.2246326309
7  27  5.273657428e-17  -1.062398761  0.4867781054  -0.8735256585
7  28  -1.004567961e-17  -0.001444264362  0.9999989571  -0.00144426386
7  29  -3.195706077e-16  0.09967893124  0.9950361674  0.09951394675
7  30  -2.043012123e-17  0.01856644915  0.9998276484  0.01856538248
7  31  -8.41594928e-17  0.02165138846  0.9997656178  0.02164969687
7  32  -1.785649213e-16  0.03797913214  0.9992788794  0.03797000252
7  33  -2.175828134e-16  0.06948142851  0.9975871365  0.06942553645
7  34  -2.917209509e-17  0.09182932128  0.9957866499  0.09170031533
7  35  -4.368074497e-17  0.05874771173  0.9982748494  0.05871392496
7  36  -4.368074497e-17  0.05874771173  0.9982748494  0.05871392496

8  0  9.851139299e-17  0.04064273975  0.9991741975  0.04063155151
8  1  2.30357082e-16  0.1236692533  0.9923626991  0.1233542596
8  2  1.656690067e-16  0.1222584441  0.9925357408  0.1219541029
8  3  3.597010361e-17  0.01097020886  0.9999398279  0.01096998882
8  4  -3.095531751e-16  -0.003283367026  0.9999946098  -0.003283361126
8  5  -1.515507349e-17  0.0215970666  0.9997667924  0.02159538771
8  6  1.481879617e-16  0.1692990843  0.9857031074  0.1684914957
8  7  2.228269406e-16  0.1005571894  0.9949483847  0.1003878069
8  8  -2.82325388e-16  0.02227014791  0.9997520305  0.02226830711
8  9  -3.652146576e-16  0.01347448661  0.9999092205  0.01347407887
8  10  1.08227501e-16  0.01239545188  0.9999231774  0.01239513446
8  11  2.34495416e-16  0.01119024487  0.9999373899  0.01119001133
8  12  -2.505524588e-16  0.006036165851  0.9999817824  0.006036129196
8  13  -2.264779531e-16  -0.004326905594  0.999990639  -0.004326892092
8  14  3.608075849e-16  -0.01410279207  0.9999005573  -0.0141023246
8  15  9.236245764e-17  -0.06070939179  0.9981577508  -0.0606721066
8  16  4.094484029e-17  -0.4699279671  0.8916009086  -0.452822062
8  17  -1.032284867e-17  0.3606705219  0.9356604057  0.3529016933
8  18  -6.562268408e-17  -0.03086994376  0.9995235611  -0.03086504105
8  19  1.221153168e-16  0.003673958344  0.999993251  0.003673950079
8  20  -1.166343871e-16  0.03313752963  0.9994510023  0.03313146526
8  21  9.941373238e-17  0.04537609124  0.9989706818  0.04536052136
8  22  -3.568507649e-17  0.0474604138  0.9988739659  0.04744259845
8  23  -1.246530819e-17  0.04137416741  0.9991442112  0.04136236422
8  24  1.433677226e-16  0.02179978582  0.9997623941  0.0217980592
8  25  1.980313025e-16  -0.03312076219  0.9994515577  -0.03311470703
8  26  -3.778951549e-17  -0.06615700173  0.9978124236  -0.06610875352
8  27  -2.119810127e-16  0.9451217101  0.585644229  0.8105682186
8  28  8.228507508e-17  -1.06239876  0.4867781055  -0.8735256585
8  29  1.210084505e-16  -0.00744812254  0.9999722629  -0.007448053676
8  30  -1.267324173e-16  -0.005880059144  0.9999827125  -0.00588002526
8  31  9.610362491e-17  0.00221926813  0.9999975374  0.002219266309
8  32  3.625340783e-17  0.009821761111  0.9999517669  0.0098216032
8  33  2.146032075e-16  0.01259471819  0.9999206876  0.01259438522
8  34  1.407070363e-16  0.01342739103  0.9999098539  0.01342698755
8  35  -7.486214633e-17  0.01686975465  0.9998577091  0.0168689545
8  36  -7.486214633e-17  0.01686975465  0.9998577091  0.0168689545

9  0  2.929857341e-17  0.01089693418  0.999940629  0.01089671852
9  1  1.53434279e-16  0.02851960358  0.9995933437  0.02851573758
9  2  2.221047206e-16  0.2524923198  0.9682928033  0.249818028
9  3  1.777133528e-16  0.4889465831  0.8828281342  0.4696961629
9  4  -9.295832454e-17  0.1474354693  0.9891510647  0.14690191
9  5  6.536787735e-17  0.2165905847  0.9766358113  0.2149011214
9  6  1.793593196e-16  0.59476836  0.8282783129  0.5603169072
9  7  1.231616659e-16  0.07674275686  0.9970567196  0.07666745025
9  8  -9.882673557e-17  0.01347448661  0.9999092205  0.01347407887
9  9  -5.856726048e-17  0.01032450697  0.9999467028  0.01032432355
9  10  2.711694425e-16  0.01120351573  0.9999372413  0.01120328136
9  11  4.12601661e-16  0.01155745448  0.9999332134  0.01155719719
9  12  -1.387312854e-16  0.00819286478  0.9999664387  0.008192773126
9  13  1.600348237e-16  0.0008879043672  0.9999996058  0.0008879042505
9  14  2.634175952e-16  -0.002498752712  0.9999968781  -0.002498750111
9  15  1.263839344e-16  0.03933428802  0.9992265066  0.0393241459
9  16  -1.213898409e-16  0.3774318682  0.9296141448  0.3685343157
9  17  -1.657352926e-16  -0.01062704272  0.9999435335  -0.0106268427
9  18  -1.119424195e-16  -0.0322863974  0.9994788395  -0.03228078841
9  19  -1.16069657e-16  -0.02733843512  0.9996263283  -0.02733502983
9  20  -1.249521172e-16  0.01162997592  0.9999323726  0.01162971375
9  21  -9.14131602e-17  0.03016167243  0.9995451712  0.0301570995
9  22  1.731326616e-16  0.03747079747  0.9992980518  0.03746202954
9  23  1.632436695e-16  0.03591380637  0.9993551686  0.03590608659
9  24  8.442540511e-17  0.02449596363  0.9996999889  0.0244935139
9  25  9.686142445e-17  -0.003147175019  0.9999950476  -0.003147169824
9  26  7.632958099e-17  -0.04917877537  0.9987909677  -0.0491589542
9  27  -3.881954438e-19  -0.06615700172  0.9978124236  -0.06610875352
9  28  -2.153271329e-16  0.2265660158  0.9744435238  0.2246326309
9  29  1.035376507e-16  0.2283538842  0.9740403531  0.2263744477
9  30  -4.059639097e-16  0.006756048921  0.999977178  0.006755997525
9  31  1.20956371e-16  -0.001142204171  0.9999993477  -0.001142203922
9  32  -1.542636239e-17  0.004893443733  0.9999880271  0.004893424204
9  33  -1.965015771e-18  0.01079880633  0.9999416935  0.01079859645
9  34  1.152502213e-16  0.01198910556  0.9999281315  0.01198881834
9  35  3.117623222e-16  0.01092202585  0.9999403553  0.0109218087
9  36  3.117623222e-16  0.01092202585  0.9999403553  0.0109218087

10  0  -1.901906966e-16  0.01231303096  0.9999241956  0.01231271983
10  1  -8.224085895e-17  0.01113132848  0.9999380474  0.0111310986
10  2  -2.336495134e-16  0.02022633608  0.9997954546  0.020224957
10  3  -4.058632927e-16  0.1536002206  0.9882266608  0.1529969503
10  4  -2.833433711e-17  0.3134703905  0.9512691647  0.3083617622
10  5  -1.813964722e-16  0.2989436384  0.9556481322  0.2945108612
10  6  -7.258642996e-17  0.2856685097  0.9594734818  0.2817989315
10  7  3.067657222e-16  0.04177746268  0.9991274487  0.04176531098
10  8  2.245609385e-16  0.01239545188  0.9999231774  0.01239513446
10  9  -2.73656482e-17  0.01120351573  0.9999372413  0.01120328136
10  10  2.203513179e-16  0.01310651719  0.9999141108  0.01310614195
10  11  1.457135934e-16  0.01484874358  0.9998897594  0.01484819793
10  12  3.532955159e-16  0.01243819176  0.9999226467  0.01243787105
10  13  4.387983367e-16  0.00492713912  0.9999878617  0.004927119184
10  14  7.845357834e-17  0.002231755575  0.9999975096  0.002231753722
10  15  -1.851021471e-16  0.0280598571  0.999606348  0.02805617507
10  16  -1.872339959e-17  0.2354872126  0.9724007819  0.2333167791
10  17  2.732024686e-17  -0.04834813091  0.9988314568  -0.04832929715
10  18  1.336354183e-16  -0.1488420476  0.9889434572  -0.1482930827
10  19  6.234332634e-17  -0.01269687559  0.9999193958  -0.01269653444
10  20  1.824811097e-16  0.009956558124  0.9999504339  0.00995639362
10  21  -7.600468798e-17  0.03762608438  0.9992922224  0.037617207
10  22  -1.766114463e-16  0.06529703449  0.997868906  0.06525064319
10  23  1.609964521e-16  0.07602160644  0.9971117491  0.07594840251
10  24  1.877930009e-16  0.05510315594  0.9984822052  0.05507527469
10  25  5.786917115e-17  0.02573218112  0.9996689457  0.02572934148
10  26  1.841131001e-18  -0.00314717502  0.9999950476  -0.003147169824
10  27  2.097793343e-16  -0.03312076219  0.9994515577  -0.03311470703
10  28  -1.548446761e-16  -0.1905704268  0.9818963452  -0.1894190257
10  29  1.925715059e-16  0.1389786401  0.9903580034  0.1385316751
10  30  -1.964520599e-16  0.1327587423  0.9912004938  0.1323691096
10  31  -3.869197662e-16  0.008661728594  0.9999624875  0.008661620286
10  32  -1.155930481e-16  0.002563980194  0.999996713  0.002563977385
10  33  2.072777134e-16  0.008753549555  0.9999616879  0.008753437766
10  34  5.615179751e-17  0.0147626578  0.9998910339  0.01476212159
10  35  2.598401109e-17  0.01465282258  0.9998926493  0.01465229824
10  36  2.598401109e-17  0.01465282258  0.9998926493  0.01465229824

11  0  1.71654499e-17  0.01767620767  0.9998437799  0.0176752872
11  1  -6.910263102e-17  0.01329454179  0.9999116289  0.01329415017
11  2  -8.002953289e-17  0.01089894372  0.9999406071  0.01089872794
11  3  2.746684646e-17  0.01502353222  0.9998871489  0.01502296708
11  4  4.31072054e-16  0.0421816523  0.999110486  0.0421691445
11  5  3.160044936e-16  0.0698000937  0.9975649623  0.06974342921
11  6  -9.8422771e-17  0.07137806682  0.9974536672  0.07131747243
11  7  6.789273188e-17  0.02536287549  0.9996783795  0.02536015636
11  8  -4.908094715e-18  0.01119024487  0.9999373899  0.01119001133
11  9  3.179114443e-17  0.01155745448  0.9999332134  0.01155719719
11  10  3.263930281e-16  0.01484874358  0.9998897594  0.01484819794
11  11  -1.996438159e-16  0.01915328737  0.9998165814  0.01915211633
11  12  -1.692781283e-16  0.01896716489  0.9998201287  0.01896602766
11  13  4.177905625e-17  0.008300253469  0.9999655531  0.008300158162
11  14  -5.652371035e-18  0.003025365147  0.9999954236  0.003025360532
11  15  -3.497286037e-17  0.01538969045  0.9998815811  0.01538908297
11  16  6.971301665e-17  0.1546833721  0.9880603623  0.1540672596
11  17  -7.814453949e-18  0.0399836786  0.9992007592  0.03997302584
11  18  3.400536676e-17  -0.3245304413  0.9478005562  -0.318863773
11  19  -9.288179012e-17  0.006033278601  0.9999817998  0.006033241999
11  20  1.397378046e-16  0.02020610282  0.9997958637  0.02020472787
11  21  9.485130347e-17  0.0347164491  0.9993974446  0.03470947596
11  22  5.110594653e-17  0.08053974507  0.9967584275  0.08045270111
11  23  -3.21163239e-16  0.1405078353  0.9901450036  0.1400459633
11  24  -3.582329179e-18  0.1183978393  0.9929991597  0.1181214154
11  25  7.710795692e-17  0.05510315594  0.9984822052  0.05507527469
11  26  2.838444214e-16  0.02449596363  0.9996999889  0.0244935139
11  27  -1.493599839e-16  0.02179978582  0.9997623941  0.0217980592
11  28  -1.319395793e-16  -0.2051601945  0.9790283616  -0.2037239975
11  29  4.254388321e-17  -0.1222461257  0.992537243  -0.1219418764
11  30  8.350421795e-17  0.132624614  0.9912182393  0.1322361603
11  31  -3.549358417e-16  0.06721214781  0.9977421138  0.0671615544
11  32  -2.177699072e-17  0.006301447311  0.9999801459  0.006301405608
11  33  -1.556710863e-17  0.004058533568  0.9999917642  0.004058522427
11  34  3.076961204e-17  0.0139385017  0.9999028607  0.01393805037
11  35  -2.007032628e-16  0.02111107551  0.9997771695  0.02110950742
11  36  -2.007032628e-16  0.02111107551  0.9997771695  0.02110950742

12  0  -1.930298745e-16  0.02443841195  0.9997013969  0.02443597944
12  1  4.023010923e-17  0.01544621127  0.9998807097  0.01544559707
12  2  -2.255459342e-16  0.0102114276  0.9999478638  0.01021125014
12  3  -3.212451554e-16  0.006924518406  0.9999760256  0.006924463068
12  4  2.048268277e-16  0.007526449937  0.9999716764  0.007526378878
12  5  1.744270347e-16  0.03203309074  0.9994869844  0.03202761273
12  6  -4.087509068e-16  0.2827412153  0.9602942781  0.2789890669
12  7  -2.918254921e-16  0.0165146276  0.9998636366  0.01651387693
12  8  1.56042427e-16  0.006036165851  0.9999817824  0.006036129196
12  9  -1.320941399e-16  0.00819286478  0.9999664387  0.008192773126
12  10  2.588901204e-16  0.01243819176  0.9999226467  0.01243787105
12  11  1.579389756e-16  0.01896716489  0.9998201287  0.01896602766
12  12  -6.63935186e-18  0.02580796025  0.9996669931  0.02580509544
12  13  2.777055626e-16  0.01142395574  0.9999347473  0.01142370725
12  14  9.459062336e-17  0.0009987761535  0.9999995012  0.0009987759874
12  15  3.140505937e-17  0.007704081695  0.9999703237  0.007704005485
12  16  -3.850606752e-17  0.07847577266  0.9969223565  0.07839524932
12  17  -1.311997152e-16  0.06206758443  0.9980744258  0.06202774073
12  18  5.105562836e-17  -0.1167742252  0.9931896344  -0.1165090129
12  19  1.556553309e-16  -0.2687809321  0.9640953439  -0.2655563366
12  20  5.589322873e-16  0.04054227196  0.9991782747  0.04053116648
12  21  -1.07149083e-16  0.03410844941  0.9994183632  0.03410183624
12  22  -2.817502096e-17  0.05066246158  0.998716932  0.05064079193
12  23  2.342433576e-16  0.113374313  0.9935800137  0.1131315885
12  24  7.264668526e-17  0.1405078353  0.9901450036  0.1400459633
12  25  1.755922377e-17  0.07602160644  0.9971117491  0.07594840251
12  26  9.707726907e-17  0.03591380637  0.9993551686  0.03590608659
12  27  1.589253693e-16  0.04137416741  0.9991442112  0.04136236422
12  28  4.548180038e-17  0.02033561739  0.9997932385  0.02033421583
12  29  -1.067213877e-16  -0.3876819128  0.925787884  -0.3780433757
12  30  5.540136369e-17  0.008659940639  0.9999625029  0.008659832398
12  31  6.124844285e-17  0.1059064312  0.9943971537  0.1057085647
12  32  3.954945158e-17  0.02791634026  0.9996103643  0.02791271443
12  33  -6.89016105e-17  0.003086173531  0.9999952378  0.003086168632
12  34  2.270301449e-16  0.00303764645  0.9999953864  0.003037641779
12  35  1.841301009e-16  0.02237427905  0.9997497063  0.0223724123
12  36  1.841301009e-16  0.02237427905  0.9997497063  0.0223724123

13  0  -3.069570457e-16  -0.01007742441  0.9999492232  -0.01007725384
13  1  2.111546315e-16  0.008459425452  0.9999642193  0.008459324557
13  2  1.921147038e-16  0.006123320823  0.9999812525  0.006123282557
13  3  -2.228260792e-17  0.003085596115  0.9999952396  0.003085591219
13  4  -2.797002734e-16  -0.0008979186814  0.9999995969  -0.0008979185608
13  5  2.107797401e-18  0.003032097755  0.9999954032  0.003032093109
13  6  1.053098574e-16  2.179488978  -0.5717954048  0.8203962549
13  7  -1.327971282e-16  0.06549958572  0.9978556689  0.06545276143
13  8  -1.714349697e-16  -0.004326905593  0.999990639  -0.004326892092
13  9  -4.915310357e-18  0.0008879043671  0.9999996058  0.0008879042504
13  10  3.364545187e-17  0.00492713912  0.9999878617  0.004927119184
13  11  1.329688366e-16  0.008300253469  0.9999655531  0.008300158162
13  12  2.50079579e-16  0.01142395574  0.9999347473  0.01142370725
13  13  1.528847741e-16  -0.03909544668  0.9992358704  -0.03908548817
13  14  9.437370005e-17  -0.04594611533  0.9989446629  -0.04592995131
13  15  9.69997842e-17  0.001534476163  0.9999988227  0.001534475561
13  16  -8.007981122e-17  0.0282874709  0.9995999362  0.02828369854
13  17  1.360152607e-16  0.05218701891  0.9986385666  0.05216333371
13  18  7.698752202e-17  -0.005111245428  0.9999869376  -0.005111223173
13  19  4.523574643e-16  -0.4367072979  0.9061492478  -0.4229580838
13  20  5.266307905e-16  -0.02064488741  0.9997869019  -0.02064342093
13  21  4.530038638e-17  0.05131977627  0.9986834293  0.05129725225
13  22  -6.102959995e-17  0.03774976307  0.9992875623  0.03774079786
13  23  -3.910105228e-17  0.05066246158  0.998716932  0.05064079193
13  24  -1.075087439e-16  0.08053974507  0.9967584275  0.08045270111
13  25  9.54421094e-17  0.06529703449  0.997868906  0.06525064319
13  26  1.371400651e-16  0.03747079747  0.9992980518  0.03746202954
13  27  8.472449775e-17  0.0474604138  0.9988739659  0.04744259845
13  28  -6.137038774e-17  0.04385645636  0.9990384598  0.04384239888
13  29  -3.014057701e-16  -0.3868415615  0.9261052463  -0.3772652552
13  30  -1.962254246e-16  -0.09752695035  0.9952480153  -0.09737241916
13  31  9.812790946e-17  0.0117780722  0.9999306393  0.01177779989
13  32  1.493020923e-16  0.06003103858  0.9981986783  0.05999498918
13  33  9.386503446e-17  0.01042315713  0.9999456794  0.0104229684
13  34  2.152025234e-16  -0.005437725434  0.9999852156  -0.005437698636
13  35  -9.517803047e-17  -0.05983968781  0.9982101401  -0.059803982
13  36  -9.517803047e-17  -0.05983968781  0.9982101401  -0.059803982

14  0  1.734296986e-17  -1.048294693  0.499049547  -0.8665734531
14  1  1.762538247e-16  -0.004570161216  0.9999895568  -0.004570145307
14  2  -1.344031106e-16  0.002178835255  0.9999976263  0.002178833531
14  3  -1.603512374e-16  0.002726993475  0.9999962818  0.002726990095
14  4  -2.417673834e-16  0.0007232629585  0.9999997384  0.0007232628954
14  5  1.209547126e-16  -0.003807620773  0.999992751  -0.003807611573
14  6  2.165578928e-16  0.02898871034  0.9995798568  0.02898465043
14  7  -6.121918029e-17  0.01754127051  0.9998461559  0.01754037096
14  8  -2.960673591e-16  -0.01410279207  0.9999005573  -0.0141023246
14  9  -1.509235438e-16  -0.002498752712  0.9999968781  -0.002498750112
14  10  -3.58653976e-16  0.002231755575  0.9999975096  0.002231753722
14  11  -4.376687715e-16  0.003025365147  0.9999954236  0.003025360532
14  12  -1.516667861e-16  0.0009987761536  0.9999995012  0.0009987759875
14  13  4.05987327e-17  -0.04594611533  0.9989446629  -0.04592995131
14  14  9.273102257e-17  -2.016005457  -0.4306466337  -0.9025206241
14  15  1.331562158e-16  -0.07113658839  0.9974708597  -0.0710766068
14  16  -1.56933698e-16  0.008581025973  0.9999631832  0.008580920664
14  17  2.32820402e-17  0.009784861606  0.9999521286  0.009784705467
14  18  1.472471205e-16  -0.0152655415  0.9998834839  -0.0152649486
14  19  3.545258407e-16  -0.07248520928  0.9973740973  -0.0724217518
14  20  3.820828642e-17  -0.8485055873  0.6611051315  -0.7502932794
14  21  -1.208556678e-16  0.02137907451  0.9997714763  0.02137744594
14  22  9.795158783e-17  0.05131977627  0.9986834293  0.05129725225
14  23  8.271503314e-17  0.03410844941  0.9994183632  0.03410183624
14  24  -1.692949341e-17  0.0347164491  0.9993974446  0.03470947596
14  25  -1.714849809e-17  0.03762608438  0.9992922224  0.037617207
14  26  -7.756395643e-17  0.03016167243  0.9995451712  0.0301570995
14  27  1.085334097e-16  0.04537609124  0.9989706818  0.04536052136
14  28  -1.566287317e-16  0.04664895124  0.998912135  0.0466320341
14  29  -1.22331761e-16  -0.09205436773  0.9957659879  -0.09192441125
14  30  -1.849529665e-16  -0.8269164111  0.6771480249  -0.7358468267
14  31  1.92234274e-16  -0.0121801122  0.9999258234  -0.01217981104
14  32  2.88936086e-16  -0.01341290795  0.9999100483  -0.01341250578
14  33  2.200186241e-16  0.01968340899  0.999806288  0.019682138
14  34  2.287553425e-16  0.0002655777654  0.9999999647  0.0002655777623
14  35  -3.51605145e-17  -1.075293729  0.4754738615  -0.8797298489
14  36  -3.51605145e-17  -1.075293729  0.4754738615  -0.8797298489

15  0  -1.631170071e-17  -0.1448860011  0.9895223714  -0.1443796262
15  1  -1.297505731e-16  -0.003629162201  0.9999934146  -0.003629154235
15  2  -1.909910225e-16  0.004489437759  0.9999899225  0.004489422678
15  3  -3.684594092e-16  0.01007282558  0.9999492695  0.01007265525
15  4  -1.269032254e-16  0.01824520964  0.9998335608  0.01824419738
15  5  4.986462007e-16  0.0293761931  0.9995685507  0.0293719682
15  6  3.582073785e-17  0.03542528786  0.9993725901  0.03541787883
15  7  2.089319561e-16  -0.04325809379  0.9990645146  -0.04324460384
15  8  -2.1974795e-16  -0.06070939179  0.9981577508  -0.0606721066
15  9  1.132144309e-17  0.03933428802  0.9992265066  0.0393241459
15  10  -2.214057656e-16  0.0280598571  0.999606348  0.02805617507
15  11  -9.616228086e-17  0.01538969045  0.9998815811  0.01538908297
15  12  1.629751733e-16  0.007704081695  0.9999703237  0.007704005485
15  13  1.903044421e-16  0.001534476163  0.9999988227  0.001534475561
15  14  1.516891698e-17  -0.07113658839  0.9974708597  -0.0710766068
15  15  -3.189715213e-16  -0.1551900008  0.9879821806  -0.1545678195
15  16  -8.264487548e-17  0.0129297112  0.9999164124  0.01292935094
15  17  2.347289324e-16  -0.02418999203  0.9997074364  -0.02418763294
15  18  6.280037941e-17  -0.08174260941  0.9966609328  -0.08165160779
15  19  4.827690597e-17  -0.0191975577  0.9998157325  -0.01919637853
15  20  9.381793577e-17  -0.4499753071  0.9004578426  -0.4349432993
15  21  9.098930281e-17  -0.8485055873  0.6611051315  -0.7502932794
15  22  2.095596768e-16  -0.02064488741  0.9997869019  -0.02064342093
15  23  1.064915054e-17  0.04054227196  0.9991782747  0.04053116648
15  24  1.092624857e-16  0.02020610282  0.9997958637  0.02020472787
15  25  -2.203620747e-16  0.009956558123  0.9999504339  0.00995639362
15  26  -1.302708004e-16  0.01162997592  0.9999323726  0.01162971375
15  27  -1.645885143e-16  0.03313752963  0.9994510023  0.03313146526
15  28  -1.113395006e-16  0.03708087588  0.9993125831  0.03707237882
15  29  -2.243906084e-16  -0.1312858348  0.991394386  -0.1309090199
15  30  7.399853069e-17  -1.20046588  0.3619234971  -0.9322077999
15  31  5.811951675e-17  -0.01986099609  0.9998027769  -0.01985969039
15  32  2.536358352e-16  -0.0393294632  0.9992266963  -0.03931932481
15  33  1.867955439e-16  -0.08253478913  0.9965959373  -0.08244111666
15  34  1.862977339e-16  0.007505077358  0.999971837  0.007505006903
15  35  -7.374763855e-17  -0.06441469827  0.9979260906  -0.06437016203
15  36  -7.374763855e-17  -0.06441469827  0.9979260906  -0.06437016203

16  0  -6.371090806e-17  0.04728204142  0.9988824125  0.04726442617
16  1  -1.308846842e-17  0.003860574472  0.999992548  0.003860564883
16  2  -2.013619381e-16  0.01357496697  0.9999078616  0.01357455004
16  3  -4.015100444e-16  0.0425660101  0.9990942042  0.04255315728
16  4  -2.105815046e-16  0.1124547153  0.9936836291  0.1122178469
16  5  -1.323825411e-16  0.2104153192  0.977944253  0.2088660769
16  6  -8.691596508e-17  0.3211242595  0.9488811638  0.3156335486
16  7  1.454041403e-16  -0.8171860969  0.6842758772  -0.7292232333
16  8  1.865260924e-19  -0.4699279671  0.8916009086  -0.452822062
16  9  3.60532213e-18  0.3774318682  0.9296141448  0.3685343157
16  10  -3.421173964e-17  0.2354872126  0.9724007819  0.2333167791
16  11  8.022633456e-18  0.1546833721  0.9880603623  0.1540672596
16  12  9.647220914e-17  0.07847577267  0.9969223565  0.07839524932
16  13  -3.753555974e-16  0.0282874709  0.9995999362  0.02828369854
16  14  2.834556188e-16  0.008581025973  0.9999631832  0.008580920664
16  15  -7.174061469e-18  0.0129297112  0.9999164124  0.01292935094
16  16  -9.212093102e-17  0.06820347861  0.9976750442  0.06815061372
16  17  2.327220821e-16  0.02014942532  0.9997970072  0.02014806191
16  18  -7.282299742e-17  -0.1809949536  0.9836650797  -0.1800083635
16  19  -2.971269223e-16  -0.07874261712  0.9969014017  -0.07866126972
16  20  -1.708890129e-16  -0.0191975577  0.9998157325  -0.01919637853
16  21  2.825382884e-17  -0.07248520928  0.9973740973  -0.07242175179
16  22  -3.749669129e-17  -0.4367072979  0.9061492478  -0.4229580838
16  23  -1.920192084e-16  -0.2687809321  0.9640953439  -0.2655563366
16  24  1.74650756e-16  0.006033278601  0.9999817998  0.006033241998
16  25  -9.874695515e-17  -0.01269687559  0.9999193958  -0.01269653444
16  26  -6.58657085e-17  -0.02733843512  0.9996263283  -0.02733502983
16  27  2.138208621e-16  0.003673958344  0.999993251  0.003673950079
16  28  -2.770866966e-16  -0.002835632162  0.9999959796  -0.002835628362
16  29  1.142549342e-16  -0.6182323476  0.8149042528  -0.5795955994
16  30  5.934229259e-17  -0.159562395  0.9872969073  -0.1588861758
16  31  -5.63384719e-17  -0.01592036694  0.9998732736  -0.01591969442
16  32  1.134286258e-16  -0.03376615572  0.9994299775  -0.03375973966
16  33  1.713618482e-16  -0.1995638441  0.9801531354  -0.1982418501
16  34  3.507560035e-16  -0.05381872007  0.9985521222  -0.05379274326
16  35  1.837141123e-16  0.07348633114  0.9973010945  0.07342020835
16  36  1.837141123e-16  0.07348633114  0.9973010945  0.07342020835

17  0  2.46364259e-17  0.08201253941  0.9966388563  0.08192063349
17  1  1.786986092e-16  -0.01147949824  0.9999341113  -0.01147924612
17  2  -1.455424261e-16  -0.0167321119  0.9998600215  -0.01673133118
17  3  -5.349673196e-17  0.03541998727  0.9993727778  0.03541258156
17  4  1.868058908e-16  0.06215264895  0.9980691458  0.06211264123
17  5  -5.898006207e-17  0.0465571104  0.9989164135  0.04654029296
17  6  -6.142274363e-18  0.02126581135  0.9997738912  0.02126420853
17  7  1.315559875e-16  -0.01706836393  0.999854339  -0.01706753519
17  8  -1.150245433e-16  0.3606705219  0.9356604057  0.3529016933
17  9  -1.968361406e-16  -0.01062704272  0.9999435335  -0.01062684269
17  10  1.640976969e-16  -0.04834813092  0.9988314568  -0.04832929715
17  11  3.583120787e-16  0.0399836786  0.9992007592  0.03997302584
17  12  3.710368263e-17  0.06206758443  0.9980744258  0.06202774073
17  13  -5.806430849e-18  0.05218701891  0.9986385666  0.05216333371
17  14  1.52624848e-16  0.009784861607  0.9999521286  0.009784705468
17  15  9.024547125e-17  -0.02418999203  0.9997074364  -0.02418763294
17  16  -1.259070298e-16  0.02014942532  0.9997970072  0.02014806191
17  17  1.533176161e-16  0.08525589514  0.996367917  0.0851526513
17  18  2.256204687e-16  -0.02485219858  0.9996912  -0.02484964041
17  19  4.928182894e-17  -0.1809949536  0.9836650797  -0.1800083635
17  20  -4.704821411e-17  -0.08174260941  0.9966609328  -0.08165160779
17  21  -1.739014382e-16  -0.0152655415  0.9998834839  -0.0152649486
17  22  5.564666582e-17  -0.005111245428  0.9999869376  -0.005111223173
17  23  1.979021077e-16  -0.1167742252  0.9931896344  -0.1165090129
17  24  2.982632892e-16  -0.3245304413  0.9478005561  -0.3188637731
17  25  3.563572191e-16  -0.1488420476  0.9889434572  -0.1482930827
17  26  -1.001290506e-16  -0.0322863974  0.9994788395  -0.03228078841
17  27  2.536578372e-16  -0.03086994376  0.9995235611  -0.03086504105
17  28  -2.552755727e-16  -0.3232408001  0.9482109877  -0.3176411856
17  29  -5.990922364e-17  -0.2411068597  0.9710742764  -0.2387776155
17  30  3.001531496e-16  -0.00814431247  0.9999668353  -0.008144222435
17  31  -1.271715381e-16  -0.006841592986  0.9999765964  -0.006841539613
17  32  5.549676045e-17  -0.03913770174  0.9992342179  -0.03912771091
17  33  -5.220818096e-17  -0.1970005289  0.9806580711  -0.1957287601
17  34  2.57289152e-16  -0.1089803636  0.9940675152  -0.1087647701
17  35  3.38440472e-17  0.09217255901  0.9957551163  0.09204210146
17  36  3.38440472e-17  0.09217255901  0.9957551163  0.09204210146

18  0  -6.619838121e-18  0.09217255901  0.9957551163  0.09204210147
18  1  -6.254641176e-17  -0.1089803636  0.9940675152  -0.1087647701
18  2  -3.518537937e-17  -0.1970005289  0.9806580711  -0.1957287601
18  3  -4.208935464e-17  -0.03913770173  0.9992342179  -0.03912771091
18  4  -7.17187543e-17  -0.006841592986  0.9999765964  -0.006841539613
18  5  2.278483858e-16  -0.008144312471  0.9999668353  -0.008144222436
18  6  1.36461873e-16  -0.2411068597  0.9710742764  -0.2387776155
18  7  1.535061759e-16  -0.3232408001  0.9482109877  -0.3176411856
18  8  -4.271803074e-17  -0.03086994376  0.9995235611  -0.03086504105
18  9  -8.097454067e-18  -0.0322863974  0.9994788395  -0.03228078841
18  10  -2.579315883e-16  -0.1488420476  0.9889434572  -0.1482930827
18  11  -7.14313731e-17  -0.3245304413  0.9478005561  -0.318863773
18  12  4.221306785e-17  -0.1167742252  0.9931896344  -0.1165090129
18  13  6.955114831e-17  -0.005111245428  0.9999869376  -0.005111223173
18  14  2.254941367e-17  -0.0152655415  0.9998834839  -0.0152649486
18  15  1.68575365e-18  -0.08174260941  0.9966609328  -0.08165160779
18  16  8.325665893e-17  -0.1809949536  0.9836650797  -0.1800083635
18  17  -2.886536707e-16  -0.02485219858  0.9996912  -0.02484964041
18  18  1.268001149e-16  0.08525589514  0.996367917  0.0851526513
18  19  -9.541976733e-18  0.02014942532  0.9997970072  0.02014806191
18  20  1.650883001e-16  -0.02418999202  0.9997074364  -0.02418763294
18  21  -1.760439313e-17  0.009784861607  0.9999521286  0.009784705469
18  22  3.018078755e-16  0.05218701891  0.9986385666  0.05216333371
18  23  -1.771916075e-17  0.06206758443  0.9980744258  0.06202774074
18  24  1.162656543e-16  0.0399836786  0.9992007592  0.03997302584
18  25  3.402836332e-16  -0.04834813092  0.9988314568  -0.04832929715
18  26  1.507846117e-16  -0.01062704272  0.9999435335  -0.01062684269
18  27  2.859886243e-16  0.3606705219  0.9356604057  0.3529016933
18  28  -7.712380794e-17  -0.01706836393  0.999854339  -0.01706753519
18  29  -4.675852294e-17  0.02126581135  0.9997738912  0.02126420853
18  30  9.500090504e-18  0.0465571104  0.9989164135  0.04654029296
18  31  -1.580681991e-16  0.06215264895  0.9980691458  0.06211264123
18  32  1.962249785e-16  0.03541998727  0.9993727778  0.03541258156
18  33  1.432505562e-16  -0.0167321119  0.9998600215  -0.01673133118
18  34  1.864570717e-16  -0.01147949824  0.9999341113  -0.01147924612
18  35  2.129999063e-16  0.08201253941  0.9966388563  0.08192063349
18  36  2.129999063e-16  0.08201253941  0.9966388563  0.08192063349

19  0  1.194346189e-16  0.07348633114  0.9973010945  0.07342020835
19  1  4.037687998e-17  -0.05381872007  0.9985521222  -0.05379274325
19  2  -9.253249313e-18  -0.1995638441  0.9801531354  -0.1982418501
19  3  2.490088595e-16  -0.03376615572  0.9994299775  -0.03375973966
19  4  1.127565725e-16  -0.01592036694  0.9998732736  -0.01591969442
19  5  2.62548485e-16  -0.159562395  0.9872969073  -0.1588861758
19  6  -3.517302429e-17  -0.6182323476  0.8149042528  -0.5795955993
19  7  -3.426007783e-16  -0.00283563216  0.9999959796  -0.00283562836
19  8  8.337464297e-17  0.003673958344  0.999993251  0.003673950079
19  9  -1.161553016e-16  -0.02733843512  0.9996263283  -0.02733502983
19  10  -1.513154625e-16  -0.01269687559  0.9999193958  -0.01269653444
19  11  -9.358276899e-17  0.006033278601  0.9999817998  0.006033241999
19  12  -1.760606711e-16  -0.2687809321  0.9640953439  -0.2655563366
19  13  -1.086622244e-16  -0.4367072979  0.9061492478  -0.4229580838
19  14  4.116965383e-17  -0.07248520928  0.9973740973  -0.0724217518
19  15  -1.725974708e-17  -0.0191975577  0.9998157325  -0.01919637853
19  16  3.388845745e-17  -0.07874261712  0.9969014017  -0.07866126972
19  17  -4.649988657e-17  -0.1809949536  0.9836650797  -0.1800083635
19  18  -2.250890921e-16  0.02014942532  0.9997970072  0.02014806191
19  19  3.100576906e-17  0.06820347861  0.9976750442  0.06815061372
19  20  1.789267126e-16  0.0129297112  0.9999164124  0.01292935094
19  21  2.051776653e-16  0.008581025973  0.9999631832  0.008580920664
19  22  6.382281702e-17  0.0282874709  0.9995999362  0.02828369854
19  23  -1.235474981e-17  0.07847577267  0.9969223565  0.07839524932
19  24  9.113412431e-17  0.1546833721  0.9880603623  0.1540672596
19  25  -8.417492181e-17  0.2354872126  0.9724007819  0.2333167791
19  26  2.416353197e-16  0.3774318682  0.9296141448  0.3685343157
19  27  4.46172088e-16  -0.4699279672  0.8916009086  -0.452822062
19  28  -1.636739333e-16  -0.8171860968  0.6842758772  -0.7292232332
19  29  -2.124438962e-16  0.3211242595  0.9488811638  0.3156335486
19  30  2.493564959e-18  0.2104153192  0.977944253  0.2088660769
19  31  2.56855467e-17  0.1124547153  0.9936836291  0.1122178469
19  32  -2.50945964e-16  0.0425660101  0.9990942042  0.04255315728
19  33  -5.625965717e-18  0.01357496697  0.9999078616  0.01357455004
19  34  2.79739917e-16  0.003860574472  0.999992548  0.003860564882
19  35  -6.065319834e-18  0.04728204142  0.9988824125  0.04726442617
19  36  -6.065319834e-18  0.04728204142  0.9988824125  0.04726442617

20  0  -2.801019238e-16  -0.06441469826  0.9979260906  -0.06437016202
20  1  -1.779926865e-16  0.007505077359  0.999971837  0.007505006903
20  2  5.456967226e-17  -0.08253478913  0.9965959373  -0.08244111666
20  3  9.267251259e-17  -0.0393294632  0.9992266963  -0.0393193248
20  4  2.835266935e-16  -0.01986099609  0.9998027769  -0.01985969039
20  5  1.177674891e-16  -1.20046588  0.361923497  -0.9322078
20  6  5.089925733e-17  -0.1312858347  0.991394386  -0.1309090198
20  7  6.935229048e-17  0.03708087588  0.9993125831  0.03707237882
20  8  1.647511419e-16  0.03313752963  0.9994510023  0.03313146526
20  9  -7.673177971e-17  0.01162997592  0.9999323726  0.01162971375
20  10  5.840761348e-17  0.009956558124  0.9999504339  0.009956393621
20  11  -9.040820742e-17  0.02020610282  0.9997958637  0.02020472787
20  12  -9.191252302e-18  0.04054227196  0.9991782747  0.04053116648
20  13  -6.696813436e-17  -0.02064488741  0.9997869019  -0.02064342093
20  14  1.375298981e-16  -0.8485055873  0.6611051315  -0.7502932794
20  15  -1.934932193e-17  -0.4499753071  0.9004578426  -0.4349432993
20  16  2.038708426e-17  -0.0191975577  0.9998157325  -0.01919637853
20  17  9.478140273e-17  -0.08174260941  0.9966609328  -0.08165160779
20  18  -1.310159475e-17  -0.02418999202  0.9997074364  -0.02418763294
20  19  7.801528924e-17  0.0129297112  0.9999164124  0.01292935094
20  20  -1.681944366e-16  -0.1551900008  0.9879821806  -0.1545678195
20  21  -2.009665411e-16  -0.07113658839  0.9974708597  -0.0710766068
20  22  -7.277567198e-17  0.001534476163  0.9999988227  0.001534475561
20  23  5.875167311e-17  0.007704081695  0.9999703237  0.007704005485
20  24  1.748535163e-16  0.01538969045  0.9998815811  0.01538908297
20  25  3.598224062e-16  0.0280598571  0.999606348  0.02805617507
20  26  -4.1572678e-18  0.03933428802  0.9992265066  0.03932414589
20  27  2.062229272e-17  -0.06070939179  0.9981577508  -0.0606721066
20  28  3.107778515e-16  -0.04325809378  0.9990645146  -0.04324460384
20  29  4.829995519e-17  0.03542528786  0.9993725901  0.03541787883
20  30  -2.176563874e-16  0.0293761931  0.9995685507  0.0293719682
20  31  3.704021216e-16  0.01824520964  0.9998335608  0.01824419738
20  32  -2.775131338e-17  0.01007282558  0.9999492695  0.01007265525
20  33  1.029840021e-16  0.004489437758  0.9999899225  0.004489422678
20  34  5.067041994e-16  -0.003629162202  0.9999934146  -0.003629154235
20  35  3.997793449e-17  -0.1448860012  0.9895223714  -0.1443796262
20  36  3.997793449e-17  -0.1448860012  0.9895223714  -0.1443796262

21  0  -6.484437361e-17  -1.075293729  0.4754738617  -0.8797298488
21  1  1.838790678e-16  0.0002655777661  0.9999999647  0.0002655777629
21  2  2.229018375e-16  0.01968340899  0.999806288  0.019682138
21  3  -1.009207154e-16  -0.01341290795  0.9999100483  -0.01341250578
21  4  3.049636259e-17  -0.0121801122  0.9999258234  -0.01217981104
21  5  2.647776613e-16  -0.8269164111  0.6771480249  -0.7358468267
21  6  1.010530203e-16  -0.09205436772  0.9957659879  -0.09192441124
21  7  -2.104336077e-16  0.04664895125  0.998912135  0.0466320341
21  8  1.732825029e-17  0.04537609124  0.9989706818  0.04536052136
21  9  -8.497751332e-17  0.03016167243  0.9995451712  0.0301570995
21  10  1.913211482e-16  0.03762608438  0.9992922224  0.037617207
21  11  2.186718242e-17  0.0347164491  0.9993974446  0.03470947596
21  12  1.244869448e-16  0.03410844941  0.9994183632  0.03410183624
21  13  9.454469027e-17  0.05131977627  0.9986834293  0.05129725225
21  14  -1.051601346e-16  0.02137907451  0.9997714763  0.02137744594
21  15  -4.022591271e-17  -0.8485055873  0.6611051315  -0.7502932794
21  16  -4.429127434e-17  -0.07248520928  0.9973740973  -0.07242175179
21  17  -8.0031824e-17  -0.0152655415  0.9998834839  -0.0152649486
21  18  2.179457087e-16  0.009784861606  0.9999521286  0.009784705467
21  19  -1.711918829e-16  0.008581025973  0.9999631832  0.008580920664
21  20  -1.533208911e-16  -0.07113658839  0.9974708597  -0.0710766068
21  21  -2.269943939e-16  -2.016005457  -0.4306466337  -0.9025206241
21  22  -1.07053684e-16  -0.04594611533  0.9989446629  -0.04592995131
21  23  -1.078666543e-16  0.0009987761536  0.9999995012  0.0009987759875
21  24  -1.713535373e-17  0.003025365147  0.9999954236  0.003025360532
21  25  4.224598881e-16  0.002231755575  0.9999975096  0.002231753722
21  26  1.184011013e-16  -0.002498752712  0.9999968781  -0.002498750112
21  27  3.405020252e-16  -0.01410279207  0.9999005573  -0.0141023246
21  28  2.724839941e-16  0.01754127051  0.9998461559  0.01754037096
21  29  2.796475172e-16  0.02898871034  0.9995798568  0.02898465043
21  30  -8.064497739e-17  -0.003807620773  0.999992751  -0.003807611573
21  31  -1.319044169e-16  0.0007232629585  0.9999997384  0.0007232628954
21  32  -1.049938997e-16  0.002726993475  0.9999962818  0.002726990095
21  33  4.501360172e-17  0.002178835255  0.9999976263  0.002178833531
21  34  1.124697396e-16  -0.004570161216  0.9999895568  -0.004570145307
21  35  -2.055962395e-16  -1.048294693  0.4990495468  -0.8665734533
21  36  -2.055962395e-16  -1.048294693  0.4990495468  -0.8665734533

22  0  1.075124712e-16  -0.0598396878  0.9982101401  -0.05980398198
22  1  2.28201423e-16  -0.005437725433  0.9999852156  -0.005437698635
22  2  -3.877911362e-17  0.01042315713  0.9999456794  0.0104229684
22  3  1.85636877e-16  0.06003103858  0.9981986783  0.05999498918
22  4  -3.079753762e-17  0.0117780722  0.9999306393  0.01177779989
22  5  -1.219193226e-16  -0.09752695035  0.9952480153  -0.09737241917
22  6  -3.182633273e-16  -0.3868415615  0.9261052463  -0.3772652552
22  7  -9.328099497e-17  0.04385645636  0.9990384598  0.04384239888
22  8  2.038114801e-16  0.0474604138  0.9988739659  0.04744259845
22  9  6.332887931e-17  0.03747079747  0.9992980518  0.03746202954
22  10  -1.732506973e-16  0.06529703449  0.997868906  0.06525064319
22  11  1.56544027e-16  0.08053974507  0.9967584275  0.08045270111
22  12  1.565285888e-16  0.05066246158  0.998716932  0.05064079193
22  13  1.66749994e-16  0.03774976307  0.9992875623  0.03774079786
22  14  1.801398066e-16  0.05131977627  0.9986834293  0.05129725225
22  15  2.51186788e-16  -0.02064488741  0.9997869019  -0.02064342093
22  16  2.079708073e-16  -0.4367072979  0.9061492478  -0.4229580838
22  17  6.705353965e-17  -0.005111245428  0.9999869376  -0.005111223173
22  18  8.429518979e-17  0.05218701891  0.9986385666  0.05216333371
22  19  -7.842926929e-17  0.0282874709  0.9995999362  0.02828369854
22  20  1.554442581e-16  0.001534476163  0.9999988227  0.001534475561
22  21  -1.431635643e-16  -0.04594611533  0.9989446629  -0.04592995131
22  22  6.045805978e-18  -0.03909544667  0.9992358704  -0.03908548817
22  23  4.23976116e-16  0.01142395574  0.9999347473  0.01142370725
22  24  3.989189348e-16  0.008300253469  0.9999655531  0.008300158163
22  25  2.676494178e-16  0.00492713912  0.9999878617  0.004927119184
22  26  1.215029032e-16  0.0008879043669  0.9999996058  0.0008879042502
22  27  1.027355471e-16  -0.004326905594  0.999990639  -0.004326892093
22  28  1.352556715e-16  0.06549958571  0.9978556689  0.06545276142
22  29  2.488383853e-16  2.179488978  -0.5717954049  0.8203962549
22  30  1.688307744e-16  0.003032097754  0.9999954032  0.003032093108
22  31  -2.040051802e-16  -0.0008979186815  0.9999995969  -0.0008979185609
22  32  -3.502043649e-16  0.003085596115  0.9999952396  0.003085591219
22  33  8.18410711e-17  0.006123320823  0.9999812525  0.006123282557
22  34  -1.06933402e-17  0.008459425452  0.9999642193  0.008459324557
22  35  1.817160128e-16  -0.01007742441  0.9999492232  -0.01007725384
22  36  1.817160128e-16  -0.01007742441  0.9999492232  -0.01007725384

23  0  2.035660173e-16  0.02237427905  0.9997497063  0.0223724123
23  1  1.902384439e-16  0.003037646451  0.9999953864  0.003037641779
23  2  -1.181419656e-16  0.003086173532  0.9999952378  0.003086168633
23  3  -1.986173207e-16  0.02791634026  0.9996103643  0.02791271443
23  4  -1.670956158e-16  0.1059064312  0.9943971537  0.1057085647
23  5  -1.353711053e-16  0.008659940639  0.9999625029  0.008659832398
23  6  -1.875161927e-16  -0.3876819128  0.925787884  -0.3780433757
23  7  -8.881284773e-17  0.02033561739  0.9997932385  0.02033421583
23  8  -2.138652455e-17  0.04137416741  0.9991442112  0.04136236422
23  9  6.610389031e-17  0.03591380637  0.9993551686  0.03590608659
23  10  -1.476224322e-16  0.07602160644  0.9971117491  0.07594840251
23  11  2.590070167e-17  0.1405078353  0.9901450036  0.1400459633
23  12  3.981942237e-16  0.113374313  0.9935800137  0.1131315885
23  13  1.745769638e-16  0.05066246158  0.998716932  0.05064079193
23  14  -8.781812951e-17  0.03410844941  0.9994183632  0.03410183624
23  15  8.253679085e-17  0.04054227196  0.9991782747  0.04053116648
23  16  5.673569401e-17  -0.2687809321  0.9640953439  -0.2655563366
23  17  1.834437718e-16  -0.1167742252  0.9931896344  -0.1165090129
23  18  -9.991924701e-17  0.06206758443  0.9980744258  0.06202774073
23  19  -7.000039177e-17  0.07847577267  0.9969223565  0.07839524932
23  20  -1.159884084e-16  0.007704081695  0.9999703237  0.007704005485
23  21  -2.819943586e-16  0.0009987761536  0.9999995012  0.0009987759876
23  22  1.907721777e-17  0.01142395574  0.9999347473  0.01142370725
23  23  3.333696139e-16  0.02580796025  0.9996669931  0.02580509544
23  24  -8.438270856e-17  0.01896716489  0.9998201287  0.01896602766
23  25  9.801500471e-17  0.01243819176  0.9999226467  0.01243787105
23  26  2.513581359e-16  0.00819286478  0.9999664387  0.008192773125
23  27  1.844505649e-16  0.006036165851  0.9999817824  0.006036129196
23  28  -8.041064938e-17  0.0165146276  0.9998636366  0.01651387693
23  29  -1.19807387e-16  0.2827412153  0.9602942781  0.2789890669
23  30  3.542510417e-17  0.03203309074  0.9994869844  0.03202761273
23  31  8.407154956e-17  0.007526449937  0.9999716764  0.007526378878
23  32  2.04743431e-16  0.006924518406  0.9999760256  0.006924463068
23  33  1.168583679e-16  0.0102114276  0.9999478638  0.01021125014
23  34  -1.148931424e-16  0.01544621127  0.9998807097  0.01544559707
23  35  3.015264588e-16  0.02443841195  0.9997013969  0.02443597944
23  36  3.015264588e-16  0.02443841195  0.9997013969  0.02443597944

24  0  -3.322643698e-17  0.02111107551  0.9997771695  0.02110950742
24  1  1.85621968e-16  0.0139385017  0.9999028607  0.01393805037
24  2  5.123234064e-17  0.004058533568  0.9999917642  0.004058522427
24  3  4.588403699e-19  0.006301447311  0.9999801459  0.006301405608
24  4  5.809706014e-17  0.06721214781  0.9977421138  0.0671615544
24  5  -1.375874414e-16  0.1326246139  0.9912182393  0.1322361603
24  6  -2.80742542e-16  -0.1222461257  0.992537243  -0.1219418764
24  7  2.850827704e-16  -0.2051601945  0.9790283616  -0.2037239975
24  8  -2.879788458e-16  0.02179978582  0.9997623941  0.0217980592
24  9  4.15972444e-17  0.02449596363  0.9996999889  0.0244935139
24  10  3.215012223e-17  0.05510315594  0.9984822052  0.05507527469
24  11  9.106239714e-17  0.1183978393  0.9929991597  0.1181214154
24  12  3.965808633e-18  0.1405078353  0.9901450036  0.1400459633
24  13  2.579498586e-16  0.08053974507  0.9967584275  0.08045270111
24  14  6.633863393e-17  0.0347164491  0.9993974446  0.03470947596
24  15  4.963771423e-17  0.02020610282  0.9997958637  0.02020472787
24  16  2.026252718e-16  0.006033278601  0.9999817998  0.006033241998
24  17  3.039151227e-16  -0.3245304413  0.9478005561  -0.3188637731
24  18  -1.203584414e-16  0.0399836786  0.9992007592  0.03997302584
24  19  2.58706716e-16  0.1546833721  0.9880603623  0.1540672596
24  20  6.328106637e-17  0.01538969045  0.9998815811  0.01538908297
24  21  -2.82488305e-17  0.003025365147  0.9999954236  0.003025360532
24  22  2.141904301e-16  0.008300253469  0.9999655531  0.008300158163
24  23  2.02229131e-16  0.01896716489  0.9998201287  0.01896602766
24  24  3.612761786e-17  0.01915328737  0.9998165814  0.01915211633
24  25  3.348651831e-17  0.01484874358  0.9998897594  0.01484819793
24  26  -1.307536084e-16  0.01155745448  0.9999332134  0.01155719719
24  27  -1.928132479e-16  0.01119024487  0.9999373899  0.01119001133
24  28  -1.751970311e-16  0.02536287549  0.9996783795  0.02536015636
24  29  9.645357383e-17  0.07137806682  0.9974536672  0.07131747243
24  30  3.060429066e-16  0.0698000937  0.9975649623  0.06974342921
24  31  -1.352823765e-16  0.0421816523  0.999110486  0.0421691445
24  32  1.081668975e-16  0.01502353222  0.9998871489  0.01502296707
24  33  8.166802109e-17  0.01089894372  0.9999406071  0.01089872794
24  34  -4.083800268e-17  0.01329454179  0.9999116289  0.01329415017
24  35  1.689705367e-16  0.01767620767  0.9998437799  0.0176752872
24  36  1.689705367e-16  0.01767620767  0.9998437799  0.0176752872

25  0  9.112042197e-17  0.01465282258  0.9998926493  0.01465229824
25  1  2.13305302e-16  0.0147626578  0.9998910339  0.01476212159
25  2  -1.185140617e-16  0.008753549555  0.9999616879  0.008753437766
25  3  1.457666805e-16  0.002563980194  0.999996713  0.002563977385
25  4  -2.005721405e-16  0.008661728594  0.9999624875  0.008661620286
25  5  2.857741307e-18  0.1327587423  0.9912004938  0.1323691096
25  6  -1.627939135e-16  0.1389786401  0.9903580034  0.1385316751
25  7  3.813915736e-17  -0.1905704268  0.9818963452  -0.1894190257
25  8  -4.733302057e-17  -0.03312076219  0.9994515577  -0.03311470703
25  9  -1.126904701e-16  -0.00314717502  0.9999950476  -0.003147169824
25  10  2.050385632e-16  0.02573218112  0.9996689457  0.02572934148
25  11  6.646605369e-17  0.05510315594  0.9984822052  0.05507527469
25  12  -2.333332611e-16  0.07602160644  0.9971117491  0.07594840251
25  13  4.15821561e-16  0.06529703449  0.997868906  0.06525064319
25  14  -5.954748896e-17  0.03762608438  0.9992922224  0.037617207
25  15  -3.163423198e-16  0.009956558123  0.9999504339  0.00995639362
25  16  5.865493035e-17  -0.01269687559  0.9999193958  -0.01269653444
25  17  1.042097464e-16  -0.1488420476  0.9889434572  -0.1482930827
25  18  -1.476886405e-16  -0.04834813092  0.9988314568  -0.04832929715
25  19  -2.38591393e-16  0.2354872126  0.9724007819  0.2333167791
25  20  -1.221678652e-17  0.0280598571  0.999606348  0.02805617507
25  21  -1.452247945e-16  0.002231755575  0.9999975096  0.002231753722
25  22  -2.616475341e-17  0.00492713912  0.9999878617  0.004927119184
25  23  2.375093915e-16  0.01243819176  0.9999226467  0.01243787105
25  24  1.967054985e-16  0.01484874358  0.9998897594  0.01484819793
25  25  3.181112121e-16  0.01310651719  0.9999141108  0.01310614195
25  26  7.637676914e-17  0.01120351573  0.9999372413  0.01120328136
25  27  -4.415887089e-17  0.01239545188  0.9999231774  0.01239513446
25  28  -1.118259919e-16  0.04177746268  0.9991274487  0.04176531098
25  29  -1.123865694e-16  0.2856685097  0.9594734818  0.2817989315
25  30  -2.051203081e-16  0.2989436384  0.9556481322  0.2945108612
25  31  -1.125107685e-16  0.3134703905  0.9512691647  0.3083617622
25  32  -3.429896475e-16  0.1536002206  0.9882266608  0.1529969503
25  33  -3.233626196e-16  0.02022633608  0.9997954546  0.020224957
25  34  -1.289883196e-17  0.01113132848  0.9999380474  0.0111310986
25  35  7.058626563e-17  0.01231303096  0.9999241956  0.01231271983
25  36  7.058626563e-17  0.01231303096  0.9999241956  0.01231271983

26  0  -1.825216986e-16  0.01092202585  0.9999403553  0.0109218087
26  1  -1.213652315e-16  0.01198910556  0.9999281315  0.01198881834
26  2  1.869549802e-16  0.01079880633  0.9999416935  0.01079859645
26  3  2.021650885e-16  0.004893443733  0.9999880271  0.004893424204
26  4  5.369159566e-17  -0.001142204171  0.9999993477  -0.001142203923
26  5  -9.55244677e-18  0.006756048921  0.999977178  0.006755997525
26  6  -1.671756167e-16  0.2283538842  0.9740403531  0.2263744477
26  7  -3.494368128e-17  0.2265660158  0.9744435238  0.2246326309
26  8  -8.098957132e-17  -0.06615700172  0.9978124236  -0.06610875352
26  9  1.281854378e-16  -0.04917877537  0.9987909677  -0.04915895419
26  10  -1.743138626e-17  -0.00314717502  0.9999950476  -0.003147169824
26  11  2.353279321e-16  0.02449596363  0.9996999889  0.0244935139
26  12  -2.321556966e-16  0.03591380637  0.9993551686  0.03590608659
26  13  -2.65825164e-16  0.03747079747  0.9992980518  0.03746202954
26  14  2.539936557e-16  0.03016167243  0.9995451712  0.0301570995
26  15  2.363748593e-16  0.01162997592  0.9999323726  0.01162971375
26  16  -2.034015333e-16  -0.02733843512  0.9996263283  -0.02733502983
26  17  6.042545417e-17  -0.0322863974  0.9994788395  -0.03228078841
26  18  -1.180694564e-18  -0.01062704272  0.9999435335  -0.0106268427
26  19  -2.258847373e-16  0.3774318682  0.9296141448  0.3685343157
26  20  3.004928882e-16  0.03933428802  0.9992265066  0.03932414589
26  21  1.364474004e-16  -0.002498752712  0.9999968781  -0.002498750112
26  22  -2.687750329e-16  0.000887904367  0.9999996058  0.0008879042504
26  23  -1.436841606e-16  0.00819286478  0.9999664387  0.008192773126
26  24  4.02254657e-17  0.01155745448  0.9999332134  0.01155719719
26  25  1.226940625e-16  0.01120351573  0.9999372413  0.01120328136
26  26  -5.735173933e-17  0.01032450697  0.9999467028  0.01032432355
26  27  2.850906882e-16  0.01347448661  0.9999092205  0.01347407887
26  28  7.161821795e-17  0.07674275686  0.9970567196  0.07666745026
26  29  -1.579211352e-16  0.59476836  0.8282783129  0.5603169072
26  30  1.902618514e-16  0.2165905847  0.9766358113  0.2149011214
26  31  2.1873544e-16  0.1474354693  0.9891510647  0.14690191
26  32  5.820281264e-17  0.4889465831  0.8828281342  0.4696961629
26  33  -1.106231523e-16  0.2524923198  0.9682928033  0.249818028
26  34  -2.840265834e-16  0.02851960358  0.9995933437  0.02851573758
26  35  -9.14690561e-17  0.01089693418  0.999940629  0.01089671852
26  36  -9.14690561e-17  0.01089693418  0.999940629  0.01089671852

27  0  1.599981991e-16  0.01686975465  0.9998577091  0.01686895451
27  1  -4.236425882e-16  0.01342739103  0.9999098539  0.01342698755
27  2  1.383655784e-16  0.01259471819  0.9999206876  0.01259438522
27  3  2.312574727e-16  0.009821761111  0.9999517669  0.009821603199
27  4  2.53614968e-16  0.00221926813  0.9999975374  0.002219266308
27  5  7.222798092e-17  -0.005880059145  0.9999827125  -0.005880025261
27  6  9.308802343e-17  -0.00744812254  0.9999722629  -0.007448053677
27  7  -7.256660846e-17  -1.062398761  0.4867781054  -0.8735256585
27  8  -1.379255742e-16  0.9451217101  0.585644229  0.8105682186
27  9  -8.017555116e-17  -0.06615700173  0.9978124236  -0.06610875352
27  10  4.772227503e-17  -0.03312076219  0.9994515577  -0.03311470703
27  11  -2.33650519e-17  0.02179978582  0.9997623941  0.0217980592
27  12  4.008310353e-17  0.04137416741  0.9991442112  0.04136236422
27  13  -1.430410349e-16  0.0474604138  0.9988739659  0.04744259845
27  14  8.640765435e-17  0.04537609124  0.9989706818  0.04536052136
27  15  4.555999165e-17  0.03313752963  0.9994510023  0.03313146526
27  16  1.346424815e-16  0.003673958344  0.999993251  0.003673950079
27  17  3.08185586e-16  -0.03086994376  0.9995235611  -0.03086504105
27  18  1.517771641e-16  0.3606705219  0.9356604057  0.3529016933
27  19  -2.434011523e-16  -0.4699279672  0.8916009085  -0.452822062
27  20  1.999760434e-16  -0.06070939179  0.9981577508  -0.0606721066
27  21  2.249198416e-16  -0.01410279207  0.9999005573  -0.0141023246
27  22  -1.048673193e-17  -0.004326905594  0.999990639  -0.004326892093
27  23  1.378156245e-16  0.006036165851  0.9999817824  0.006036129196
27  24  2.344243925e-16  0.01119024487  0.9999373899  0.01119001133
27  25  -1.090764874e-16  0.01239545188  0.9999231774  0.01239513446
27  26  -1.663439659e-16  0.01347448661  0.9999092205  0.01347407887
27  27  1.312535978e-16  0.02227014791  0.9997520305  0.02226830711
27  28  3.129678185e-16  0.1005571894  0.9949483847  0.1003878069
27  29  -1.790385402e-16  0.1692990843  0.9857031074  0.1684914957
27  30  -2.171315731e-16  0.0215970666  0.9997667924  0.02159538771
27  31  -1.354916743e-16  -0.003283367026  0.9999946098  -0.003283361127
27  32  1.477312339e-16  0.01097020886  0.9999398279  0.01096998882
27  33  -2.217896731e-16  0.1222584441  0.9925357408  0.1219541029
27  34  -2.170980325e-16  0.1236692533  0.9923626991  0.1233542596
27  35  1.59458602e-16  0.04064273975  0.9991741975  0.04063155151
27  36  1.59458602e-16  0.04064273975  0.9991741975  0.04063155151

28  0  -3.349807836e-18  0.05874771173  0.9982748494  0.05871392496
28  1  -1.230502669e-16  0.09182932129  0.9957866499  0.09170031533
28  2  6.681650141e-17  0.06948142852  0.9975871365  0.06942553646
28  3  -1.201697327e-17  0.03797913214  0.9992788794  0.03797000253
28  4  -2.077957217e-16  0.02165138846  0.9997656178  0.02164969687
28  5  -6.151386618e-17  0.01856644915  0.9998276484  0.01856538248
28  6  7.064840809e-17  0.09967893124  0.9950361674  0.09951394675
28  7  1.435812736e-16  -0.001444264362  0.9999989571  -0.00144426386
28  8  2.402318655e-16  -1.06239876  0.4867781055  -0.8735256585
28  9  -3.154898705e-17  0.2265660158  0.9744435238  0.2246326309
28  10  -2.44358187e-17  -0.1905704268  0.9818963452  -0.1894190257
28  11  -9.4898008e-17  -0.2051601945  0.9790283616  -0.2037239975
28  12  2.235390132e-16  0.02033561739  0.9997932385  0.02033421583
28  13  1.140844676e-16  0.04385645636  0.9990384598  0.04384239888
28  14  1.157067618e-17  0.04664895124  0.998912135  0.0466320341
28  15  -2.198849386e-16  0.03708087588  0.9993125831  0.03707237882
28  16  1.427208758e-16  -0.002835632162  0.9999959796  -0.002835628362
28  17  3.485057137e-16  -0.3232408001  0.9482109877  -0.3176411856
28  18  -1.442370172e-17  -0.01706836393  0.999854339  -0.01706753519
28  19  -1.040934226e-16  -0.8171860968  0.6842758772  -0.7292232332
28  20  -2.224268684e-17  -0.04325809378  0.9990645146  -0.04324460384
28  21  -5.302202882e-17  0.01754127051  0.9998461559  0.01754037096
28  22  2.468668852e-18  0.06549958571  0.9978556689  0.06545276142
28  23  -4.190905758e-17  0.0165146276  0.9998636366  0.01651387693
28  24  -9.383273096e-17  0.02536287549  0.9996783795  0.02536015636
28  25  9.379578427e-17  0.04177746268  0.9991274487  0.04176531098
28  26  8.195183548e-17  0.07674275686  0.9970567196  0.07666745026
28  27  5.916233913e-17  0.1005571894  0.9949483847  0.1003878069
28  28  -2.029130779e-16  0.05848009187  0.9982905267  0.05844676469
28  29  -2.456817052e-16  0.007968879231  0.9999682486  0.00796879489
28  30  -4.072993951e-16  -0.01616659258  0.9998693235  -0.01616588837
28  31  1.47838904e-16  -0.02189791701  0.9997602502  -0.02189616698
28  32  3.332091715e-16  -0.02100080142  0.9997794913  -0.02099925777
28  33  -8.039376402e-17  -0.01850516583  0.9998287843  -0.0185041097
28  34  -3.36238145e-16  -0.001674466309  0.9999985981  -0.001674465526
28  35  -4.561322001e-17  0.02848764162  0.9995942546  0.0284837886
28  36  -4.561322001e-17  0.02848764162  0.9995942546  0.0284837886

29  0  1.326155447e-16  -0.01111392199  0.999938241  -0.01111369319
29  1  6.481559695e-17  0.06134101319  0.9981192299  0.06130255225
29  2  1.159533683e-16  0.3132087153  0.9513498227  0.308112828
29  3  3.95382954e-17  0.5235802266  0.8660346781  0.499983936
29  4  3.897963655e-16  0.1868661981  0.9825912585  0.1857805659
29  5  4.478149537e-16  0.06636626613  0.9977985676  0.06631755869
29  6  1.307972119e-16  2.383263966  -0.7259864007  0.6877090562
29  7  -1.488001549e-16  0.09967893124  0.9950361674  0.09951394675
29  8  -1.038925902e-16  -0.00744812254  0.9999722629  -0.007448053676
29  9  2.212432795e-17  0.2283538842  0.9740403531  0.2263744477
29  10  -3.313688664e-16  0.1389786401  0.9903580034  0.1385316751
29  11  3.266012636e-18  -0.1222461257  0.992537243  -0.1219418764
29  12  1.357179939e-16  -0.3876819128  0.925787884  -0.3780433757
29  13  2.418855301e-17  -0.3868415615  0.9261052463  -0.3772652552
29  14  -1.262646791e-16  -0.09205436773  0.9957659879  -0.09192441125
29  15  -8.330930882e-17  -0.1312858348  0.991394386  -0.1309090199
29  16  1.724560811e-16  -0.6182323476  0.8149042528  -0.5795955994
29  17  -2.892556579e-18  -0.2411068597  0.9710742764  -0.2387776155
29  18  4.60159158e-17  0.02126581135  0.9997738912  0.02126420853
29  19  -1.027465841e-16  0.3211242595  0.9488811638  0.3156335486
29  20  7.321212335e-17  0.03542528786  0.9993725901  0.03541787883
29  21  4.894475811e-17  0.02898871034  0.9995798568  0.02898465043
29  22  3.319436234e-16  2.179488978  -0.5717954049  0.8203962549
29  23  4.635874241e-17  0.2827412153  0.9602942781  0.2789890669
29  24  -1.002930633e-16  0.07137806682  0.9974536672  0.07131747243
29  25  5.953774564e-17  0.2856685097  0.9594734818  0.2817989315
29  26  -4.330169274e-16  0.59476836  0.8282783129  0.5603169072
29  27  -1.086630644e-16  0.1692990843  0.9857031074  0.1684914957
29  28  -1.245849763e-16  0.007968879231  0.9999682486  0.00796879489
29  29  2.397241287e-16  -0.02072303534  0.9997852856  -0.02072155214
29  30  -1.343335942e-16  -0.03135794618  0.9995083799  -0.03135280728
29  31  -4.925882232e-18  -0.0341101027  0.9994183069  -0.03410348858
29  32  2.654553418e-17  -0.0315282587  0.9995030256  -0.03152303561
29  33  -9.280866595e-17  -0.03246031271  0.9994732103  -0.03245461259
29  34  -2.184366367e-16  -0.03324581539  0.9994474088  -0.03323969138
29  35  6.865670701e-17  -0.02703711571  0.9996345195  -0.02703382179
29  36  6.865670701e-17  -0.02703711571  0.9996345195  -0.02703382179

30  0  2.09761702e-16  -0.03690802005  0.9993189763  -0.03689964126
30  1  1.037504123e-16  -0.025078098  0.999685561  -0.02507546943
30  2  1.47436528e-16  -0.0001917532454  0.9999999816  -0.0001917532442
30  3  2.040690018e-16  0.1067255608  0.9943102311  0.1065230694
30  4  7.304996675e-17  0.2790261089  0.9613241228  0.2754195544
30  5  1.826978596e-16  0.1707614729  0.9854556534  0.169932796
30  6  -1.489940244e-16  0.06636626613  0.9977985676  0.06631755869
30  7  -1.074001062e-16  0.01856644915  0.9998276484  0.01856538248
30  8  -2.112815189e-16  -0.005880059144  0.9999827125  -0.005880025261
30  9  -2.724620318e-16  0.006756048921  0.999977178  0.006755997525
30  10  -3.836756649e-16  0.1327587423  0.9912004938  0.1323691096
30  11  -1.178659568e-17  0.132624614  0.9912182393  0.1322361603
30  12  1.411567463e-16  0.008659940639  0.9999625029  0.008659832398
30  13  7.904887618e-17  -0.09752695035  0.9952480153  -0.09737241916
30  14  2.277132587e-16  -0.8269164111  0.6771480249  -0.7358468267
30  15  4.622584641e-17  -1.20046588  0.3619234971  -0.9322077999
30  16  1.902650236e-16  -0.159562395  0.9872969073  -0.1588861758
30  17  -2.90550462e-16  -0.00814431247  0.9999668353  -0.008144222436
30  18  2.00226841e-16  0.0465571104  0.9989164135  0.04654029296
30  19  3.240706531e-16  0.2104153192  0.977944253  0.2088660769
30  20  -1.141281055e-16  0.0293761931  0.9995685507  0.0293719682
30  21  -1.687903904e-16  -0.003807620773  0.999992751  -0.003807611573
30  22  6.272603573e-17  0.003032097754  0.9999954032  0.003032093108
30  23  5.678543709e-17  0.03203309074  0.9994869844  0.03202761273
30  24  9.570539972e-17  0.06980009369  0.9975649623  0.06974342921
30  25  2.144870865e-16  0.2989436384  0.9556481322  0.2945108612
30  26  7.645636368e-17  0.2165905847  0.9766358113  0.2149011214
30  27  -2.171206002e-16  0.0215970666  0.9997667924  0.02159538771
30  28  -1.405072313e-16  -0.01616659258  0.9998693235  -0.01616588837
30  29  -4.474006098e-17  -0.03135794618  0.9995083799  -0.03135280728
30  30  -4.06705893e-16  -0.04046484401  0.9991814099  -0.04045380203
30  31  1.069564865e-16  -0.04286815787  0.9990813012  -0.04285502942
30  32  2.90053505e-16  -0.04126271013  0.9991488152  -0.04125100207
30  33  2.175718238e-16  -0.04099018114  0.9991600201  -0.04097870353
30  34  1.614944966e-16  -0.04232102068  0.9991045993  -0.0423083885
30  35  -5.962461156e-17  -0.04250426987  0.9990968295  -0.04249147289
30  36  -5.962461156e-17  -0.04250426987  0.9990968295  -0.04249147289

31  0  -2.588636954e-17  -0.0452514203  0.9989763292  -0.04523597839
31  1  -1.448929614e-16  -0.03915977725  0.9992333539  -0.03914976951
31  2  8.791135475e-17  -0.02828095857  0.9996001203  -0.02827718881
31  3  5.526380767e-17  -0.01421136216  0.9998990203  -0.01421088381
31  4  -2.542025992e-17  0.02331686957  0.9997281741  0.02331475682
31  5  -2.203725849e-16  0.2790261089  0.9613241228  0.2754195543
31  6  -1.428280022e-17  0.1868661981  0.9825912585  0.1857805659
31  7  6.896798036e-17  0.02165138846  0.9997656178  0.02164969687
31  8  -1.786785104e-16  0.002219268131  0.9999975374  0.002219266309
31  9  -9.863114326e-17  -0.001142204171  0.9999993477  -0.001142203922
31  10  6.459346447e-17  0.008661728594  0.9999624875  0.008661620286
31  11  3.063458776e-16  0.06721214781  0.9977421138  0.0671615544
31  12  2.476437402e-18  0.1059064312  0.9943971537  0.1057085647
31  13  1.287635308e-16  0.0117780722  0.9999306393  0.01177779989
31  14  4.289874922e-16  -0.0121801122  0.9999258234  -0.01217981104
31  15  5.632239134e-17  -0.01986099609  0.9998027769  -0.01985969039
31  16  1.547053005e-16  -0.01592036694  0.9998732736  -0.01591969442
31  17  -1.921758815e-16  -0.006841592985  0.9999765964  -0.006841539613
31  18  -5.395712386e-18  0.06215264895  0.9980691458  0.06211264123
31  19  1.852830858e-16  0.1124547153  0.9936836291  0.1122178469
31  20  -2.277661435e-16  0.01824520964  0.9998335608  0.01824419738
31  21  6.338984288e-18  0.0007232629585  0.9999997384  0.0007232628955
31  22  2.420215553e-16  -0.0008979186815  0.9999995969  -0.0008979185609
31  23  -3.134513582e-17  0.007526449937  0.9999716764  0.007526378878
31  24  1.548184297e-16  0.0421816523  0.999110486  0.0421691445
31  25  3.29018872e-16  0.3134703905  0.9512691647  0.3083617622
31  26  2.376017619e-16  0.1474354693  0.9891510647  0.14690191
31  27  -4.579739591e-17  -0.003283367026  0.9999946098  -0.003283361127
31  28  1.481146295e-16  -0.02189791701  0.9997602502  -0.02189616698
31  29  -5.518011966e-17  -0.0341101027  0.9994183069  -0.03410348858
31  30  5.748440439e-17  -0.04286815787  0.9990813012  -0.04285502942
31  31  2.027683184e-16  -0.04595914488  0.9989440644  -0.04594296711
31  32  6.657987627e-17  -0.04761865412  0.9988664461  -0.04760065999
31  33  4.306547098e-16  -0.05088167707  0.9987058067  -0.05085972493
31  34  1.829083479e-16  -0.0490923852  0.9987952109  -0.04907266829
31  35  -9.654061658e-17  -0.04647402509  0.9989202769  -0.04645729752
31  36  -9.654061658e-17  -0.04647402509  0.9989202769  -0.04645729752

32  0  -3.952988775e-17  -0.04563692856  0.9989588161  -0.04562108865
32  1  -3.169514778e-16  -0.04584891215  0.9989491227  -0.04583285049
32  2  -1.575835265e-16  -0.03645167671  0.9993357112  -0.03644360487
32  3  -1.18435869e-16  -0.02645178897  0.9996501718  -0.02644870437
32  4  6.814963459e-17  -0.01421136216  0.9998990203  -0.01421088381
32  5  -4.200654306e-16  0.1067255608  0.9943102311  0.1065230694
32  6  -1.250734376e-17  0.5235802266  0.8660346781  0.499983936
32  7  5.226813229e-16  0.03797913214  0.9992788794  0.03797000252
32  8  2.016635683e-17  0.009821761111  0.9999517669  0.0098216032
32  9  -8.789914484e-17  0.004893443733  0.9999880271  0.004893424204
32  10  -6.874122448e-17  0.002563980194  0.999996713  0.002563977385
32  11  -3.716811502e-17  0.006301447311  0.9999801459  0.006301405608
32  12  -1.704265144e-17  0.02791634026  0.9996103643  0.02791271443
32  13  1.105516734e-16  0.06003103858  0.9981986783  0.05999498918
32  14  1.300275947e-16  -0.01341290795  0.9999100483  -0.01341250578
32  15  1.384299856e-17  -0.0393294632  0.9992266963  -0.03931932481
32  16  -7.593267608e-17  -0.03376615572  0.9994299775  -0.03375973966
32  17  9.32733404e-17  -0.03913770174  0.9992342179  -0.03912771091
32  18  -1.328417559e-16  0.03541998727  0.9993727778  0.03541258156
32  19  1.97625268e-16  0.0425660101  0.9990942042  0.04255315728
32  20  2.353513463e-17  0.01007282558  0.9999492695  0.01007265525
32  21  -2.00404896e-16  0.002726993475  0.9999962818  0.002726990095
32  22  -1.552181208e-16  0.003085596115  0.9999952396  0.003085591219
32  23  -2.619747382e-16  0.006924518406  0.9999760256  0.006924463068
32  24  -1.59163982e-16  0.01502353222  0.9998871489  0.01502296707
32  25  7.213747604e-17  0.1536002206  0.9882266608  0.1529969503
32  26  -1.825701072e-16  0.4889465831  0.8828281342  0.4696961629
32  27  -1.190288938e-16  0.01097020886  0.9999398279  0.01096998882
32  28  9.806250542e-17  -0.02100080142  0.9997794913  -0.02099925777
32  29  -1.190787536e-17  -0.0315282587  0.9995030256  -0.03152303561
32  30  2.671714651e-16  -0.04126271013  0.9991488152  -0.04125100207
32  31  6.590306008e-17  -0.04761865412  0.9988664461  -0.04760065999
32  32  -7.570648497e-17  -0.04428495182  0.9990195818  -0.04427047828
32  33  -4.5795312e-17  -0.0262729082  0.999654887  -0.02626988576
32  34  1.016756099e-16  0.006648317927  0.9999779  0.006648268951
32  35  -2.723409013e-17  -0.0163166754  0.999866886  -0.01631595141
32  36  -2.723409013e-17  -0.0163166754  0.999866886  -0.01631595141

33  0  1.064189383e-16  0.07934070723  0.9968541768  0.07925749249
33  1  -5.036193731e-18  -0.05706689244  0.9983721267  -0.05703592319
33  2  -9.122350637e-17  -0.04736567503  0.9988784561  -0.04734796614
33  3  1.277931396e-16  -0.03645167671  0.9993357112  -0.03644360487
33  4  2.440088412e-16  -0.02828095857  0.9996001203  -0.02827718881
33  5  -9.715224721e-17  -0.0001917532447  0.9999999816  -0.0001917532435
33  6  -2.28717076e-16  0.3132087152  0.9513498227  0.308112828
33  7  3.327007981e-16  0.06948142851  0.9975871365  0.06942553645
33  8  -1.863500677e-16  0.01259471819  0.9999206876  0.01259438522
33  9  1.528906455e-16  0.01079880633  0.9999416935  0.01079859645
33  10  -3.76307245e-17  0.008753549555  0.9999616879  0.008753437766
33  11  -1.953993091e-16  0.004058533568  0.9999917642  0.004058522427
33  12  4.429564055e-17  0.003086173531  0.9999952378  0.003086168632
33  13  -3.101326272e-16  0.01042315713  0.9999456794  0.0104229684
33  14  4.182678937e-17  0.01968340899  0.999806288  0.019682138
33  15  1.621769015e-17  -0.08253478913  0.9965959373  -0.08244111666
33  16  -2.929234942e-16  -0.1995638441  0.9801531354  -0.1982418501
33  17  5.093860644e-18  -0.1970005289  0.9806580711  -0.1957287601
33  18  2.243222662e-16  -0.0167321119  0.9998600215  -0.01673133118
33  19  1.941153128e-16  0.01357496697  0.9999078616  0.01357455004
33  20  -5.731905644e-17  0.004489437758  0.9999899225  0.004489422678
33  21  -1.022630671e-16  0.002178835255  0.9999976263  0.002178833531
33  22  2.861169742e-17  0.006123320823  0.9999812525  0.006123282557
33  23  -1.223473738e-16  0.0102114276  0.9999478638  0.01021125014
33  24  2.028155322e-16  0.01089894372  0.9999406071  0.01089872794
33  25  4.242491603e-17  0.02022633608  0.9997954546  0.020224957
33  26  -1.551807913e-16  0.2524923198  0.9682928033  0.249818028
33  27  3.220382034e-16  0.1222584441  0.9925357408  0.1219541029
33  28  5.885324731e-17  -0.01850516583  0.9998287843  -0.0185041097
33  29  2.983712266e-16  -0.03246031271  0.9994732103  -0.03245461259
33  30  3.603212239e-16  -0.04099018114  0.9991600201  -0.04097870353
33  31  -2.808162185e-16  -0.05088167707  0.9987058067  -0.05085972493
33  32  -1.178324741e-16  -0.0262729082  0.999654887  -0.02626988576
33  33  -1.749458509e-16  0.1470298135  0.9892105749  0.1465006431
33  34  9.485161942e-17  0.3795335142  0.9288375637  0.3704872202
33  35  6.441240005e-17  0.3824846122  0.9277401765  0.3732266936
33  36  6.441240005e-17  0.3824846122  0.9277401765  0.3732266936

34  0  -3.452640004e-16  0.4430291335  0.9034572868  0.4286781203
34  1  1.117981434e-16  0.1093108353  0.9940315172  0.1090932754
34  2  5.002628263e-17  -0.05706689243  0.9983721267  -0.05703592318
34  3  -9.436144968e-17  -0.04584891215  0.9989491227  -0.0458328505
34  4  -4.441108078e-17  -0.03915977725  0.9992333539  -0.03914976951
34  5  -1.08066396e-16  -0.025078098  0.999685561  -0.02507546943
34  6  5.96373701e-17  0.06134101319  0.9981192299  0.06130255226
34  7  5.136270201e-16  0.09182932128  0.9957866499  0.09170031533
34  8  1.533292647e-16  0.01342739103  0.9999098539  0.01342698755
34  9  8.776751708e-17  0.01198910556  0.9999281315  0.01198881834
34  10  3.274869115e-16  0.0147626578  0.9998910339  0.01476212159
34  11  3.677811738e-17  0.0139385017  0.9999028607  0.01393805037
34  12  -3.44897269e-17  0.00303764645  0.9999953864  0.003037641779
34  13  -2.21228172e-16  -0.005437725434  0.9999852156  -0.005437698636
34  14  2.418540781e-16  0.0002655777654  0.9999999647  0.0002655777623
34  15  5.223183933e-16  0.007505077359  0.999971837  0.007505006903
34  16  3.225620618e-16  -0.05381872007  0.9985521222  -0.05379274326
34  17  -9.989853843e-17  -0.1089803636  0.9940675152  -0.1087647701
34  18  -5.886853125e-17  -0.01147949824  0.9999341113  -0.01147924612
34  19  3.276452462e-16  0.003860574472  0.999992548  0.003860564882
34  20  8.201169751e-17  -0.003629162202  0.9999934146  -0.003629154235
34  21  1.729859991e-16  -0.004570161216  0.9999895568  -0.004570145307
34  22  7.622542904e-17  0.008459425452  0.9999642193  0.008459324557
34  23  -3.781260938e-16  0.01544621127  0.9998807097  0.01544559707
34  24  -2.554832495e-16  0.01329454179  0.9999116289  0.01329415017
34  25  -3.701493251e-16  0.01113132848  0.9999380474  0.0111310986
34  26  2.411864406e-18  0.02851960358  0.9995933437  0.02851573758
34  27  1.604228136e-16  0.1236692533  0.9923626991  0.1233542596
34  28  -1.714815952e-16  -0.001674466309  0.9999985981  -0.001674465526
34  29  -5.632969662e-16  -0.03324581539  0.9994474088  -0.03323969138
34  30  1.703238902e-16  -0.04232102068  0.9991045993  -0.0423083885
34  31  1.697352502e-16  -0.0490923852  0.9987952109  -0.04907266829
34  32  4.312290865e-16  0.006648317927  0.9999779  0.006648268951
34  33  3.168070883e-16  0.3795335142  0.9288375637  0.3704872202
34  34  -9.697012883e-17  0.2681188562  0.964270951  0.2649179742
34  35  -3.14712358e-16  0.1997581278  0.9801146018  0.1984322741
34  36  -3.14712358e-16  0.1997581278  0.9801146018  0.1984322741

35  0  1.128856424e-16  0.08540035111  0.9963556058  0.0852965817
35  1  9.422370229e-17  0.4430291336  0.9034572868  0.4286781204
35  2  -1.122483628e-16  0.07934070726  0.9968541768  0.07925749252
35  3  -1.829795646e-16  -0.04563692856  0.9989588161  -0.04562108865
35  4  -1.571418728e-16  -0.0452514203  0.9989763292  -0.04523597839
35  5  -2.060146116e-16  -0.03690802005  0.9993189763  -0.03689964126
35  6  2.597685909e-17  -0.01111392199  0.999938241  -0.01111369319
35  7  8.066546273e-17  0.05874771173  0.9982748494  0.05871392496
35  8  1.932004727e-16  0.01686975465  0.9998577091  0.0168689545
35  9  -1.074422919e-16  0.01092202585  0.9999403553  0.0109218087
35  10  -1.728009055e-17  0.01465282258  0.9998926493  0.01465229824
35  11  -1.224725976e-16  0.02111107551  0.9997771695  0.02110950742
35  12  -1.33746697e-16  0.02237427905  0.9997497063  0.0223724123
35  13  -2.416426379e-16  -0.05983968781  0.9982101401  -0.059803982
35  14  1.147851602e-17  -1.075293729  0.4754738615  -0.8797298489
35  15  3.205196728e-16  -0.06441469828  0.9979260906  -0.06437016203
35  16  2.047692443e-16  0.07348633114  0.9973010945  0.07342020835
35  17  1.391112213e-16  0.09217255901  0.9957551163  0.09204210146
35  18  -4.929261157e-17  0.08201253941  0.9966388563  0.08192063349
35  19  2.577234592e-16  0.04728204142  0.9988824125  0.04726442616
35  20  1.75803048e-16  -0.1448860012  0.9895223714  -0.1443796262
35  21  -2.518543258e-17  -1.048294693  0.4990495468  -0.8665734533
35  22  -1.214346521e-16  -0.01007742441  0.9999492232  -0.01007725384
35  23  -8.787590361e-17  0.02443841195  0.9997013969  0.02443597944
35  24  -4.069995107e-17  0.01767620767  0.9998437799  0.0176752872
35  25  -1.131658852e-16  0.01231303096  0.9999241956  0.01231271983
35  26  -9.507672548e-17  0.01089693418  0.999940629  0.01089671852
35  27  -3.80301475e-17  0.04064273975  0.9991741975  0.04063155151
35  28  1.915110455e-16  0.02848764162  0.9995942546  0.0284837886
35  29  1.091186628e-16  -0.02703711571  0.9996345195  -0.02703382179
35  30  1.013673346e-16  -0.04250426987  0.9990968295  -0.04249147289
35  31  -1.538749162e-16  -0.04647402509  0.9989202769  -0.04645729752
35  32  3.24505456e-16  -0.0163166754  0.999866886  -0.0163159514
35  33  1.038706918e-16  0.3824846122  0.9277401765  0.3732266936
35  34  1.091644124e-17  0.1997581278  0.9801146018  0.1984322741
35  35  -6.176057659e-17  0.03940330285  0.9992237903  0.03939310725
35  36  -6.176057659e-17  0.03940330285  0.9992237903  0.03939310725

36  0  1.128856424e-16  0.08540035111  0.9992237903  0.03939310725
36  1  1.117981434e-16  0.1093108353  0.9992237903  0.03939310725
36  2  -9.122350637e-17  -0.04736567503  0.9992237903  0.03939310725
36  3  -1.18435869e-16  -0.02645178897  0.9992237903  0.03939310725
36  4  -2.542025992e-17  0.02331686957  0.9992237903  0.03939310725
36  5  1.826978596e-16  0.1707614729  0.9992237903  0.03939310725
36  6  1.307972119e-16  2.383263966  0.9992237903  0.03939310725
36  7  1.435812736e-16  -0.001444264362  0.9992237903  0.03939310725
36  8  -1.379255742e-16  0.9451217101  0.9992237903  0.03939310725
36  9  1.281854378e-16  -0.04917877537  0.9992237903  0.03939310725
36  10  2.050385632e-16  0.02573218112  0.9992237903  0.03939310725
36  11  9.106239714e-17  0.1183978393  0.9992237903  0.03939310725
36  12  3.981942237e-16  0.113374313  0.9992237903  0.03939310725
36  13  1.66749994e-16  0.03774976307  0.9992237903  0.03939310725
36  14  -1.051601346e-16  0.02137907451  0.9992237903  0.03939310725
36  15  -1.934932193e-17  -0.4499753071  0.9992237903  0.03939310725
36  16  3.388845745e-17  -0.07874261712  0.9992237903  0.03939310725
36  17  -2.886536707e-16  -0.02485219858  0.9992237903  0.03939310725
36  18  2.256204687e-16  -0.02485219858  0.9992237903  0.03939310725
36  19  -2.971269223e-16  -0.07874261712  0.9992237903  0.03939310725
36  20  9.381793577e-17  -0.4499753071  0.9992237903  0.03939310725
36  21  -1.208556678e-16  0.02137907451  0.9992237903  0.03939310725
36  22  -6.102959995e-17  0.03774976307  0.9992237903  0.03939310725
36  23  2.342433576e-16  0.113374313  0.9992237903  0.03939310725
36  24  -3.582329179e-18  0.1183978393  0.9992237903  0.03939310725
36  25  5.786917115e-17  0.02573218112  0.9992237903  0.03939310725
36  26  7.632958099e-17  -0.04917877537  0.9992237903  0.03939310725
36  27  -2.119810127e-16  0.9451217101  0.9992237903  0.03939310725
36  28  -1.004567961e-17  -0.001444264362  0.9992237903  0.03939310725
36  29  -8.754757909e-18  2.383263966  0.9992237903  0.03939310725
36  30  4.275276218e-17  0.1707614729  0.9992237903  0.03939310725
36  31  1.610229564e-17  0.02331686957  0.9992237903  0.03939310725
36  32  -2.616048925e-17  -0.02645178897  0.9992237903  0.03939310725
36  33  -1.624024361e-16  -0.04736567503  0.9992237903  0.03939310725
36  34  3.501621345e-17  0.1093108353  0.9992237903  0.03939310725
36  35  1.348242603e-16  0.08540035111  0.9992237903  0.03939310725
36  36  1.348242603e-16  0.08540035111  0.9992237903  0.03939310725

#Chern no*2pi*Iota= 2.224042076e-14  6.283185308
