#nx  ny  tilde_F(nx,ny).real()  tilde_F(nx,ny).imag()  ArgofLog.real()  ArgofLog.imag()
#Extra momentum point for pm3d corners2color c1
0  0  -1.137199255e-17  -0.5197243499  0.8679561117  -0.4966409046
0  1  -1.458213722e-16  0.03525728446  0.9993785263  0.03524998033
0  2  7.746698118e-17  0.05934122265  0.9982398263  0.05930640161
0  3  1.90426732e-16  -0.06351677066  0.997983488  -0.0634740708
0  4  2.686899333e-16  -0.008588231663  0.9999631214  -0.008588126089
0  5  -1.660080036e-16  -0.05500780358  0.9984874522  -0.0549800668
0  6  -9.895764447e-17  -0.06398073749  0.9979539307  -0.06393709519
0  7  5.11932604e-17  -0.02714259412  0.9996316624  -0.02713926149
0  8  2.329488661e-17  -0.01077161905  0.9999419867  -0.01077141075
0  9  1.598181143e-17  -0.007233002894  0.9999738419  -0.007232939827
0  10  -1.458104864e-16  -0.01523140244  0.9998840044  -0.01523081351
0  11  1.928949272e-16  -0.03315557823  0.9994504042  -0.03314950396
0  12  1.797130591e-16  -0.03003628353  0.9995489447  -0.03003176738
0  13  8.307666013e-17  -0.03458597588  0.9994019648  -0.03457908106
0  14  -1.092224181e-18  -1.051886325  0.4959339213  -0.8683602626
0  15  -2.907840132e-16  -0.1545320821  0.9880836598  -0.1539177741
0  16  -1.011529362e-16  0.04001581847  0.999199474  0.04000514
0  17  -4.164149528e-17  0.08015576685  0.9967892461  0.08006996166
0  18  -3.749173236e-16  0.08990819282  0.9959609803  0.0897871132
0  19  1.570639867e-18  0.06199589536  0.9980788699  0.06195618955
0  20  -1.88847458e-16  -0.07428851817  0.9972418768  -0.07422020664
0  21  -2.327731103e-17  -1.081377243  0.4701132476  -0.8826061038
0  22  -9.69413494e-17  -0.07335131339  0.9973109984  -0.07328555433
0  23  6.821880427e-17  -0.0193376782  0.9998130329  -0.01933647301
0  24  -8.91692808e-17  -0.03626615094  0.9993424552  -0.03625820172
0  25  -4.498123942e-17  -0.02318631082  0.9997312095  -0.02318423336
0  26  -2.097883102e-16  -0.009265155642  0.9999570788  -0.009265023084
0  27  -2.385970284e-16  -0.007476233558  0.9999720531  -0.007476163912
0  28  -8.345009064e-17  -0.01659448667  0.9998623147  -0.01659372505
0  29  9.014690092e-18  -0.04268719219  0.9990890402  -0.0426742293
0  30  -2.234303172e-16  -0.07673210108  0.9970575365  -0.07665682583
0  31  1.118140752e-17  -0.01848448217  0.9998291668  -0.01848342957
0  32  -1.473852291e-16  -0.03317330513  0.9994498164  -0.0331672211
0  33  1.229606498e-16  -0.06358129346  0.9979793904  -0.06353846337
0  34  1.788943406e-16  0.1165274471  0.993218356  0.1162639119
0  35  9.41254619e-17  -0.2554909021  0.9675393513  -0.2527204062
0  36  9.41254619e-17  -0.2554909021  0.9675393513  -0.2527204062

1  0  1.786921976e-17  0.03525728446  0.9993785263  0.03524998033
1  1  1.653602291e-16  0.06177202347  0.9980927152  0.0617327462
1  2  2.392067459e-16  0.06600399084  0.9978225273  0.06595607659
1  3  -4.81031423e-17  -0.08329831683  0.9965327008  -0.08320202116
1  4  -1.42012042e-16  -0.02352591325  0.9997232785  -0.02352374317
1  5  -8.113295175e-17  0.0008145418293  0.9999996683  0.0008145417392
1  6  3.839875218e-17  -0.05683044954  0.9983855846  -0.05679986359
1  7  -1.296021128e-16  -0.04504316967  0.9989857279  -0.04502793997
1  8  -3.177860381e-16  -0.02133534816  0.9997724101  -0.02133372957
1  9  1.323486401e-16  -0.01222971491  0.999925218  -0.01222941005
1  10  1.315693717e-16  -0.01566031946  0.9998773797  -0.01565967937
1  11  -2.195520371e-16  -0.03191546476  0.9994907448  -0.03191004687
1  12  -5.77893134e-17  -0.04877992629  0.9988104953  -0.04876058344
1  13  1.417918918e-16  -0.04715894956  0.9988882228  -0.04714147152
1  14  1.956474626e-16  -0.03331833423  0.9994449956  -0.03331217006
1  15  1.049348912e-16  -0.01536344914  0.9998819845  -0.01536284476
1  16  -1.806344602e-16  -0.003625487364  0.9999934279  -0.003625479421
1  17  -1.738842421e-16  0.005286432697  0.9999860268  0.005286408074
1  18  -1.312771209e-16  0.01316330127  0.999913365  0.01316292114
1  19  -2.17259501e-18  0.00940646036  0.9999557596  0.009406321644
1  20  -8.412559513e-19  -0.0002292126898  0.9999999737  -0.0002292126878
1  21  2.971169934e-16  -0.009629888643  0.999953633  -0.009629739806
1  22  1.146950784e-16  -0.02446688649  0.9997007007  -0.02446444547
1  23  -1.815222012e-16  -0.04247944833  0.9990978839  -0.04246667376
1  24  -4.073051642e-17  -0.05127784512  0.9986855794  -0.05125537626
1  25  -1.437387901e-17  -0.03980469767  0.9992078976  -0.03979418731
1  26  -3.197475542e-16  -0.02061281961  0.9997875634  -0.02061135995
1  27  -5.389986864e-17  -0.01138330746  0.9999352109  -0.01138306162
1  28  1.178390631e-16  -0.01421479507  0.9998989715  -0.01421431637
1  29  -2.976206421e-17  -0.02993580675  0.9995519572  -0.02993133578
1  30  3.17073026e-16  -0.05854192116  0.9982869111  -0.05850848816
1  31  1.360358085e-16  -0.03235771768  0.9994765347  -0.03235207144
1  32  -2.347515369e-16  -0.0005779224203  0.999999833  -0.0005779223882
1  33  1.751598188e-16  -0.06751222882  0.997721915  -0.06746095483
1  34  1.858078454e-16  -0.05270144816  0.9986116001  -0.05267705568
1  35  -1.107837775e-17  0.1165274471  0.993218356  0.1162639119
1  36  -1.107837775e-17  0.1165274471  0.993218356  0.1162639119

2  0  -1.821228899e-16  0.05934122264  0.9982398263  0.0593064016
2  1  3.646687992e-17  0.06600399084  0.9978225273  0.06595607659
2  2  6.732253447e-17  -0.05260042542  0.9986169166  -0.05257617293
2  3  1.246736892e-16  -0.08751539393  0.9961729714  -0.08740372412
2  4  -1.595307305e-16  -0.03004213765  0.9995487689  -0.03003761886
2  5  -4.371563805e-16  0.02235595164  0.9997501161  0.02235408947
2  6  -2.11917819e-16  0.0088141669  0.9999611555  0.008814052772
2  7  3.638625864e-17  -0.06057046581  0.9981661701  -0.06053343597
2  8  8.950640758e-17  -0.05293862906  0.998599078  -0.05291390579
2  9  6.801576266e-17  -0.03150872104  0.9995036413  -0.03150350766
2  10  2.691202986e-16  -0.02444296384  0.9997012856  -0.02444052997
2  11  1.306654828e-16  -0.03050232264  0.9995348402  -0.03049759301
2  12  -1.2500515e-16  -0.04382881812  0.9990396711  -0.0438147872
2  13  -5.69245958e-17  -0.05782511271  0.998328594  -0.05779289271
2  14  -7.124398786e-17  -0.0633545099  0.9979937742  -0.06331213641
2  15  -5.723802545e-17  -0.04459640947  0.9990057449  -0.04458162842
2  16  5.177929929e-17  -0.01301857746  0.9999152595  -0.01301820973
2  17  1.29298726e-16  -0.0007668664343  0.999999706  -0.0007668663591
2  18  5.931456185e-17  0.00134005507  0.9999991021  0.001340054669
2  19  -6.984876266e-17  0.001785918491  0.9999984052  0.001785917541
2  20  7.359659491e-17  0.000866963539  0.9999996242  0.0008669634304
2  21  -5.113454002e-17  -0.003616437681  0.9999934607  -0.003616429798
2  22  -2.069779956e-16  -0.0254423203  0.9996763616  -0.02543957554
2  23  -8.802898285e-17  -0.06146925809  0.9981113599  -0.06143055544
2  24  8.537883366e-18  -0.06652330727  0.9977881407  -0.06647425331
2  25  2.421225809e-17  -0.05138411186  0.998680127  -0.05136150303
2  26  3.795136448e-17  -0.03428720718  0.9994122513  -0.0342804895
2  27  4.064770625e-17  -0.02321767935  0.9997304818  -0.02321559345
2  28  -2.384409402e-17  -0.02289272565  0.999737973  -0.02289072611
2  29  1.094698073e-16  -0.03627145383  0.9993422629  -0.03626350112
2  30  1.816648501e-16  -0.05999422653  0.9982008861  -0.0599582434
2  31  1.615455823e-16  -0.0396135392  0.9992154864  -0.03960317953
2  32  -1.623228891e-16  0.02483413111  0.9996916488  0.02483157851
2  33  2.675030326e-16  -0.004714651228  0.9999888861  -0.004714633762
2  34  1.236103069e-16  -0.06751222882  0.997721915  -0.06746095483
2  35  1.553003265e-16  -0.06358129347  0.9979793904  -0.06353846337
2  36  1.553003265e-16  -0.06358129347  0.9979793904  -0.06353846337

3  0  -5.706158898e-17  -0.06351677066  0.997983488  -0.0634740708
3  1  1.11188849e-18  -0.08329831683  0.9965327008  -0.08320202116
3  2  7.955726004e-19  -0.08751539393  0.9961729714  -0.08740372412
3  3  -1.603165445e-16  -0.05247137981  0.998623693  -0.05244730536
3  4  -4.729296054e-17  -0.01318561284  0.9999130711  -0.01318523076
3  5  9.36077045e-17  0.01997645605  0.9998004772  0.01997512745
3  6  4.756298939e-16  0.04018002538  0.9991928914  0.04016921492
3  7  1.569472121e-16  -0.05269261305  0.9986120654  -0.05266823283
3  8  -1.259351353e-16  -0.188560184  0.9822751392  -0.1874447943
3  9  -2.445477393e-17  -0.1088332952  0.9940835003  -0.108618573
3  10  2.895087714e-17  -0.04294444228  0.9990780291  -0.04293124363
3  11  9.019942037e-17  -0.02455348035  0.9996985784  -0.02455101331
3  12  -3.394994708e-16  -0.02447071057  0.9997006071  -0.0244682684
3  13  -2.784208724e-17  -0.0332306668  0.9994479122  -0.03322455116
3  14  -1.638927933e-16  -0.04977770563  0.9987613458  -0.04975715148
3  15  -1.673308423e-16  -0.09661197612  0.995336692  -0.09646175224
3  16  1.609321953e-17  -0.2409020598  0.9711231577  -0.2385787345
3  17  4.562121051e-17  -0.05466449346  0.9985062686  -0.05463727272
3  18  8.856978193e-17  0.01659740911  0.9998622662  0.0165966471
3  19  2.478924397e-17  0.01657016264  0.999862718  0.01656940438
3  20  -1.24865573e-16  0.01827054606  0.9998330982  0.01826952958
3  21  -2.267179838e-16  0.01141702278  0.9999348265  0.01141677475
3  22  -5.816617626e-16  -0.1033119052  0.9946680701  -0.1031282226
3  23  -2.346690717e-16  -0.241043723  0.9710893501  -0.2387163045
3  24  6.76745441e-17  -0.07623031026  0.9970958766  -0.07615650189
3  25  9.754623243e-17  -0.04150357858  0.9991388501  -0.04149166429
3  26  -9.755130296e-18  -0.02839184206  0.9995969787  -0.02838802779
3  27  -3.969753524e-17  -0.0217514793  0.9997634459  -0.02174976414
3  28  1.738779326e-16  -0.02612107714  0.9996588641  -0.02611810679
3  29  -3.727866912e-17  -0.05375819847  0.998555376  -0.05373230919
3  30  1.47529918e-17  -0.1311072417  0.9914177496  -0.1307319616
3  31  5.891810655e-17  -0.1580973397  0.9875286247  -0.1574395612
3  32  -2.981009195e-16  -0.004274225235  0.9999908655  -0.00427421222
3  33  -1.407864068e-16  0.02483413111  0.9996916488  0.02483157851
3  34  1.176466727e-16  -0.000577922419  0.999999833  -0.0005779223868
3  35  -6.154995343e-18  -0.03317330513  0.9994498164  -0.03316722111
3  36  -6.154995343e-18  -0.03317330513  0.9994498164  -0.03316722111

4  0  -4.268075501e-16  -0.008588231663  0.9999631214  -0.008588126089
4  1  -2.238848145e-16  -0.02352591325  0.9997232785  -0.02352374317
4  2  1.549298555e-16  -0.03004213765  0.9995487689  -0.03003761886
4  3  -2.770260922e-16  -0.01318561284  0.9999130711  -0.01318523076
4  4  -2.056241311e-16  -0.003301232875  0.9999945509  -0.003301226879
4  5  -3.640195838e-16  -0.02168939909  0.9997647942  -0.02168769857
4  6  -7.863524334e-17  -0.02921576767  0.9995732498  -0.02921161161
4  7  1.000838919e-16  -0.05666606853  0.9983949079  -0.0566357472
4  8  -1.868090586e-16  -0.2718042248  0.9632880845  -0.2684698609
4  9  2.708960894e-16  -0.2478269966  0.9694477433  -0.2452979269
4  10  2.049751233e-16  -0.06110072519  0.9981339313  -0.06106271441
4  11  1.008609767e-17  -0.01795850169  0.9998387504  -0.01795753641
4  12  -3.391868308e-16  -0.01134047207  0.9999356975  -0.011340229
4  13  -2.594052531e-16  -0.01419859542  0.9998992016  -0.01419811836
4  14  4.999055028e-18  -0.02005872658  0.9997988305  -0.0200573815
4  15  -2.204631721e-16  -0.06621916568  0.9978083121  -0.06617078136
4  16  -2.351319171e-16  -1.930821131  -0.3522974473  -0.9358880855
4  17  1.212534962e-16  -0.5775721127  0.8377907236  -0.5459914866
4  18  2.033646957e-16  0.05183926223  0.9986566463  0.05181604733
4  19  9.854975608e-17  0.1625716027  0.9868143164  0.1618564334
4  20  4.018115536e-17  0.2274719143  0.9742396297  0.2255152855
4  21  1.500284516e-16  0.1354393793  0.9908420994  0.1350256796
4  22  -3.268736129e-16  -0.2034186142  0.9793816784  -0.2020186328
4  23  -1.104819082e-16  -2.140992264  -0.5397969977  -0.8417952253
4  24  -5.435023135e-17  -0.1938189143  0.9812758401  -0.1926076987
4  25  -1.354825872e-16  -0.03278712712  0.9994625503  -0.0327812531
4  26  -3.271776264e-16  -0.01702995297  0.9998549939  -0.01702912981
4  27  -6.203698786e-17  -0.0131333  0.9999137595  -0.01313292246
4  28  -2.662840638e-16  -0.0111480346  0.9999378613  -0.01114780369
4  29  -3.818382094e-16  -0.02522145137  0.9996819561  -0.02521877747
4  30  3.523219953e-17  -0.1066005712  0.9943235376  -0.10639879
4  31  7.168970292e-17  -0.3203675365  0.9491197393  -0.3149154181
4  32  -6.524010249e-17  -0.1580973397  0.9875286247  -0.1574395612
4  33  -2.578866567e-16  -0.0396135392  0.9992154864  -0.03960317953
4  34  7.735680731e-17  -0.03235771768  0.9994765347  -0.03235207144
4  35  -4.988862066e-16  -0.01848448216  0.9998291668  -0.01848342957
4  36  -4.988862066e-16  -0.01848448216  0.9998291668  -0.01848342957

5  0  -5.491079295e-17  -0.05500780358  0.9984874522  -0.0549800668
5  1  1.326769261e-16  0.0008145418294  0.9999996683  0.0008145417393
5  2  2.642964707e-16  0.02235595164  0.9997501161  0.02235408947
5  3  -1.166271144e-17  0.01997645605  0.9998004772  0.01997512745
5  4  1.499197948e-16  -0.02168939909  0.9997647942  -0.02168769857
5  5  -6.038447585e-17  -0.0763478757  0.9970869164  -0.07627372538
5  6  -5.60753594e-17  -0.06788642845  0.9976966012  -0.06783429727
5  7  7.218872526e-17  -0.0518841659  0.9986543186  -0.05186089063
5  8  7.495881169e-17  -0.08655267362  0.9962566551  -0.08644464781
5  9  1.035073385e-16  -0.1418107426  0.9899616963  -0.1413359112
5  10  -1.045547064e-17  -0.05542214539  0.998464586  -0.05539377717
5  11  -1.339121085e-16  -0.006815264988  0.9999767762  -0.00681521223
5  12  4.83366295e-18  0.01368255763  0.9999063953  0.01368213071
5  13  4.920039445e-17  -0.006316900515  0.9999800485  -0.006316858504
5  14  1.558374267e-16  -0.01326572131  0.9999120116  -0.01326533223
5  15  -2.490362245e-16  -0.02766099755  0.999617459  -0.02765747031
5  16  -7.173637034e-17  -0.06572209689  0.9978410803  -0.06567479384
5  17  2.471387284e-16  -0.04154110865  0.9991372922  -0.04152916202
5  18  2.527841135e-16  -0.01902679906  0.9998189959  -0.01902565107
5  19  -4.205460523e-17  -0.1652156326  0.9863829143  -0.1644650312
5  20  -2.97442972e-17  -1.314375136  0.2536203877  -0.9673038297
5  21  3.883991368e-16  -0.6071258394  0.8212911432  -0.5705092972
5  22  -6.38900876e-17  -0.07371829234  0.997284037  -0.07365154153
5  23  3.415588688e-17  -0.03111069106  0.9995161015  -0.03110567276
5  24  -1.06908669e-16  -0.06214714971  0.9980694874  -0.06210715261
5  25  -2.228154711e-16  -0.04009726788  0.9991962123  -0.04008652407
5  26  -7.161177128e-17  -0.01629140894  0.9998672979  -0.0162906883
5  27  -3.22351577e-17  -0.01322700663  0.9999125244  -0.01322662095
5  28  -2.604491901e-16  -0.0002513877981  0.9999999684  -0.0002513877955
5  29  -9.236008096e-17  0.01691043405  0.999857022  0.0169096281
5  30  -2.218851659e-16  -0.01945773199  0.9998107043  -0.01945650422
5  31  -1.8760153e-16  -0.1066005712  0.9943235376  -0.10639879
5  32  -1.114543512e-16  -0.1311072417  0.9914177496  -0.1307319617
5  33  -3.108532902e-16  -0.05999422654  0.9982008861  -0.0599582434
5  34  -1.376674775e-16  -0.05854192116  0.9982869111  -0.05850848817
5  35  -2.109680325e-16  -0.07673210108  0.9970575365  -0.07665682584
5  36  -2.109680325e-16  -0.07673210108  0.9970575365  -0.07665682584

6  0  1.476407393e-17  -0.06398073749  0.9979539307  -0.06393709519
6  1  1.738130716e-16  -0.05683044954  0.9983855846  -0.05679986359
6  2  2.016231564e-16  0.0088141669  0.9999611555  0.008814052772
6  3  2.485471963e-17  0.04018002538  0.9991928914  0.04016921492
6  4  2.442100199e-16  -0.02921576767  0.9995732498  -0.02921161161
6  5  4.388330413e-16  -0.06788642845  0.9976966012  -0.06783429727
6  6  -2.572979408e-16  -0.05084514852  0.9987076639  -0.05082324362
6  7  -1.091716922e-16  -0.03309413167  0.9994524392  -0.0330880911
6  8  1.776281195e-16  -0.0297212055  0.9995583575  -0.02971682999
6  9  7.922682497e-17  -0.04761155181  0.9988667842  -0.04759356573
6  10  -6.941299923e-17  -0.04123579994  0.9991499249  -0.04122411477
6  11  1.23672236e-16  -0.006900404569  0.9999761923  -0.006900349808
6  12  1.91852515e-16  0.2516285659  0.9685082234  0.2489815682
6  13  -1.590444596e-16  2.252299734  -0.6299613211  0.7766265087
6  14  -2.043630078e-16  0.001965741984  0.9999980679  0.001965740718
6  15  -2.823672984e-16  -0.01900466832  0.9998194167  -0.01900352433
6  16  -3.406270053e-16  -0.02746675261  0.9996228125  -0.02746329915
6  17  5.392914496e-17  -0.03385229782  0.9994270657  -0.03384583252
6  18  1.105559896e-16  -0.25710221  0.9671308851  -0.2542790812
6  19  -2.409022988e-16  -0.6371018157  0.8038231693  -0.5948683152
6  20  8.325517808e-17  -0.1326125982  0.9912198281  -0.1322242501
6  21  3.175046169e-16  -0.08753718546  0.9961710665  -0.08742543223
6  22  1.022347655e-16  -0.4022937026  0.920165362  -0.3915299561
6  23  -6.419153047e-17  -0.3879820391  0.9256743815  -0.378321212
6  24  -2.416522672e-16  -0.1477386719  0.9891064782  -0.1472018165
6  25  -1.597819124e-16  -0.03091991797  0.9995220174  -0.03091499141
6  26  7.112083482e-17  -0.02046186763  0.9997906633  -0.0204604398
6  27  1.12740134e-16  -0.01364384045  0.9999069243  -0.01364341714
6  28  -1.125159229e-16  0.08808011288  0.9961234541  0.0879662679
6  29  2.693166523e-16  2.408705036  -0.7432456341  0.6690186301
6  30  -4.52616704e-16  0.01691043405  0.999857022  0.0169096281
6  31  -3.286302063e-16  -0.02522145137  0.9996819561  -0.02521877747
6  32  1.161394623e-16  -0.05375819848  0.998555376  -0.05373230919
6  33  1.759799232e-16  -0.03627145383  0.9993422629  -0.03626350112
6  34  -4.287082022e-17  -0.02993580675  0.9995519572  -0.02993133578
6  35  -3.497126568e-17  -0.04268719219  0.9990890402  -0.0426742293
6  36  -3.497126568e-17  -0.04268719219  0.9990890402  -0.0426742293

7  0  -2.466010004e-16  -0.02714259412  0.9996316624  -0.02713926149
7  1  6.997803309e-17  -0.04504316967  0.9989857279  -0.04502793997
7  2  -1.132377202e-16  -0.06057046581  0.9981661701  -0.06053343597
7  3  -1.395023557e-16  -0.05269261305  0.9986120654  -0.05266823283
7  4  2.350464426e-16  -0.05666606853  0.9983949079  -0.0566357472
7  5  1.655202409e-16  -0.0518841659  0.9986543186  -0.05186089063
7  6  -2.897181061e-18  -0.03309413167  0.9994524392  -0.0330880911
7  7  4.414418288e-17  -0.01975595237  0.9998048575  -0.01975466728
7  8  3.457420403e-16  -0.01394556562  0.9999027622  -0.01394511361
7  9  2.78965453e-16  -0.01783791962  0.9998409085  -0.01783697366
7  10  -1.419557299e-17  -0.02818180022  0.9996029193  -0.02817806998
7  11  1.337521593e-16  -0.01714948512  0.9998529512  -0.01714864451
7  12  -8.425522618e-17  -0.003317813892  0.9999944961  -0.003317807805
7  13  -5.364284495e-17  0.0812893175  0.9966978424  0.08119982107
7  14  2.01402254e-16  0.01588159638  0.9998738901  0.01588092877
7  15  2.533276428e-17  -0.0150878409  0.9998861807  -0.01508726847
7  16  2.935563487e-17  -0.01366057433  0.9999066958  -0.01366014946
7  17  -2.487668826e-16  -0.06901232937  0.9976195942  -0.06895756156
7  18  -4.605280032e-16  -0.3574615361  0.9367880428  -0.3498973605
7  19  2.654093904e-17  -0.02309559502  0.9997333086  -0.02309354185
7  20  3.226409905e-16  0.08023598947  0.9967828195  0.08014992644
7  21  1.894375757e-16  0.2243349529  0.9749422677  0.2224580288
7  22  1.805600355e-16  0.1580979008  0.9875285363  0.1574401153
7  23  2.142706527e-16  0.02266098744  0.9997432508  0.02265904801
7  24  8.330099642e-17  -0.2200159292  0.975893973  -0.2182451683
7  25  -1.123834338e-16  -0.23746155  0.9719382409  -0.2352361703
7  26  -6.409688459e-17  0.005275966654  0.9999860821  0.005275942177
7  27  -1.108359126e-16  -0.009846331893  0.9999515253  -0.009846172793
7  28  1.453552932e-17  0.001510669405  0.9999988589  0.001510668831
7  29  2.921078653e-16  0.08808011288  0.9961234541  0.0879662679
7  30  2.724880863e-16  -0.000251387798  0.9999999684  -0.0002513877954
7  31  -1.151313441e-16  -0.0111480346  0.9999378613  -0.01114780369
7  32  -1.202604304e-17  -0.02612107714  0.9996588641  -0.02611810679
7  33  1.824163315e-16  -0.02289272565  0.999737973  -0.02289072611
7  34  8.443469478e-17  -0.01421479507  0.9998989715  -0.01421431637
7  35  8.539463512e-17  -0.01659448667  0.9998623147  -0.01659372505
7  36  8.539463512e-17  -0.01659448667  0.9998623147  -0.01659372505

8  0  -2.399684449e-16  -0.01077161905  0.9999419867  -0.01077141075
8  1  6.458869693e-17  -0.02133534816  0.9997724101  -0.02133372957
8  2  -2.647747189e-16  -0.05293862906  0.998599078  -0.05291390579
8  3  -3.197286192e-16  -0.188560184  0.9822751392  -0.1874447943
8  4  8.550852712e-17  -0.2718042248  0.9632880845  -0.2684698609
8  5  4.777291002e-17  -0.08655267362  0.9962566551  -0.08644464781
8  6  -2.060667092e-17  -0.0297212055  0.9995583575  -0.02971682999
8  7  -4.011695116e-17  -0.01394556562  0.9999027622  -0.01394511361
8  8  -5.877610445e-17  -0.00811021715  0.9999671124  -0.008110128241
8  9  -1.641928423e-17  -0.008665099965  0.9999624583  -0.00866499153
8  10  -3.173482819e-16  -0.01854175037  0.9998281067  -0.01854068795
8  11  -1.136672985e-16  -0.02538891894  0.9996777187  -0.02538619142
8  12  -7.507369986e-17  -0.01453992155  0.9998942972  -0.01453940924
8  13  2.222638764e-16  -0.01117615454  0.9999375474  -0.01117592188
8  14  3.711043039e-16  -0.0117351595  0.9999311438  -0.01173489016
8  15  1.767998842e-16  -0.01632649636  0.9998667257  -0.01632577105
8  16  -2.360737207e-16  0.001952375267  0.9999980941  0.001952374026
8  17  -2.524083388e-16  0.2986073693  0.9557471131  0.2941894896
8  18  -1.430258765e-16  -0.03212600727  0.9994840042  -0.03212048145
8  19  -1.577522812e-16  0.005287465574  0.9999860214  0.005287440937
8  20  -2.039734257e-16  0.3322091717  0.9453241689  0.3261322059
8  21  9.402618926e-17  0.1752000234  0.9846916935  0.1743051025
8  22  4.388751434e-16  0.1276884179  0.9918589043  0.1273417216
8  23  1.154573713e-16  0.2504593243  0.9687986809  0.2478489781
8  24  3.774779261e-17  0.1587844869  0.9874202074  0.1581181015
8  25  -4.295990848e-18  -0.02494799346  0.999688815  -0.0249454056
8  26  2.174020721e-16  -0.02757238622  0.9996199058  -0.02756889276
8  27  -3.619367826e-17  0.3230157723  0.9482824418  0.3174278037
8  28  -1.009931907e-16  -0.009846331893  0.9999515253  -0.009846172793
8  29  -9.345332626e-18  -0.01364384045  0.9999069243  -0.01364341714
8  30  1.69704526e-16  -0.01322700663  0.9999125244  -0.01322662095
8  31  6.453478933e-18  -0.0131333  0.9999137595  -0.01313292246
8  32  5.360910083e-17  -0.0217514793  0.9997634459  -0.02174976414
8  33  1.094375727e-17  -0.02321767935  0.9997304818  -0.02321559345
8  34  -9.962278153e-18  -0.01138330746  0.9999352109  -0.01138306162
8  35  -1.233364666e-16  -0.007476233557  0.9999720531  -0.007476163911
8  36  -1.233364666e-16  -0.007476233557  0.9999720531  -0.007476163911

9  0  9.801765016e-17  -0.007233002894  0.9999738419  -0.007232939827
9  1  2.290025614e-16  -0.01222971491  0.999925218  -0.01222941005
9  2  -1.126187583e-16  -0.03150872104  0.9995036413  -0.03150350766
9  3  -1.621543163e-16  -0.1088332952  0.9940835003  -0.108618573
9  4  -4.094583721e-17  -0.2478269966  0.9694477433  -0.2452979269
9  5  8.05871688e-17  -0.1418107426  0.9899616963  -0.1413359112
9  6  9.937540053e-17  -0.04761155181  0.9988667842  -0.04759356573
9  7  -1.233632848e-16  -0.01783791962  0.9998409085  -0.01783697366
9  8  -1.68577318e-16  -0.008665099965  0.9999624583  -0.00866499153
9  9  4.168670182e-17  -0.007623755822  0.9999709393  -0.007623681971
9  10  -1.982946083e-16  -0.01497426472  0.9998878878  -0.01497370512
9  11  -2.309009988e-16  -0.0307788938  0.9995263672  -0.03077403435
9  12  1.102670035e-16  -0.03189303475  0.9994914603  -0.03188762827
9  13  1.24149938e-16  -0.01952634846  0.9998093669  -0.01952510766
9  14  2.049318977e-16  -0.01404622676  0.9999013534  -0.01404576489
9  15  -3.045770417e-17  -0.020121675  0.9997975659  -0.02012031721
9  16  -3.008193561e-17  -0.0215979381  0.9997667736  -0.02159625901
9  17  3.232884934e-17  -0.003519486807  0.9999938066  -0.003519479541
9  18  1.115445829e-16  -0.02007382102  0.9997985276  -0.0200724729
9  19  -1.10841521e-16  -0.001547944815  0.9999988019  -0.001547944197
9  20  -4.531058873e-16  1.21916292  0.3444317269  0.9388113684
9  21  -7.39037516e-17  0.03772853452  0.9992883633  0.03771958443
9  22  5.096297973e-17  0.03059714654  0.9995319438  0.03059237267
9  23  8.338726574e-17  0.03661911835  0.999329595  0.03661093477
9  24  -7.68993488e-17  0.2706907017  0.9635864346  0.2673970512
9  25  4.045450401e-17  0.9653246667  0.5691499544  0.8222337438
9  26  2.169736656e-16  -0.01229762231  0.9999243852  -0.01229731235
9  27  2.078638025e-16  -0.02757238622  0.9996199058  -0.02756889276
9  28  -3.122315139e-16  0.005275966651  0.9999860821  0.005275942174
9  29  1.349123826e-16  -0.02046186763  0.9997906633  -0.0204604398
9  30  6.803941107e-17  -0.01629140894  0.9998672979  -0.0162906883
9  31  8.572359043e-17  -0.01702995297  0.9998549939  -0.01702912981
9  32  5.667590913e-17  -0.02839184206  0.9995969787  -0.02838802779
9  33  -2.096027243e-16  -0.03428720718  0.9994122513  -0.03428048949
9  34  -6.445303762e-17  -0.02061281961  0.9997875634  -0.02061135995
9  35  2.613802399e-16  -0.00926515564  0.9999570788  -0.009265023082
9  36  2.613802399e-16  -0.00926515564  0.9999570788  -0.009265023082

10  0  2.400611794e-17  -0.01523140244  0.9998840044  -0.01523081351
10  1  1.42757636e-16  -0.01566031946  0.9998773797  -0.01565967937
10  2  3.635649426e-16  -0.02444296384  0.9997012856  -0.02444052997
10  3  -1.859717845e-16  -0.04294444228  0.9990780291  -0.04293124363
10  4  -3.390681429e-16  -0.06110072519  0.9981339313  -0.06106271441
10  5  -1.490690473e-16  -0.05542214539  0.998464586  -0.05539377717
10  6  -1.464095658e-16  -0.04123579994  0.9991499249  -0.04122411477
10  7  -1.178674366e-16  -0.02818180022  0.9996029193  -0.02817806998
10  8  -1.756393249e-16  -0.01854175037  0.9998281067  -0.01854068795
10  9  -1.017082777e-16  -0.01497426472  0.9998878878  -0.01497370512
10  10  -1.02260363e-16  -0.01955624943  0.9998087826  -0.01955500291
10  11  -1.047252056e-16  -0.03423181824  0.9994141485  -0.03422513306
10  12  -7.484731019e-17  -0.04820973766  0.9988381357  -0.04819106515
10  13  2.2389845e-16  -0.04428715322  0.9990194843  -0.04427267752
10  14  2.227785814e-16  -0.03082803386  0.9995248538  -0.0308231511
10  15  -5.25454098e-17  -0.0381442159  0.9992725976  -0.03813496672
10  16  1.135154478e-16  -0.03956283031  0.9992174933  -0.03955251038
10  17  8.353734347e-17  -0.09933939948  0.9950698982  -0.09917609464
10  18  -9.629556868e-17  -0.1765223285  0.9844603482  -0.1756070125
10  19  -5.018754085e-18  -0.00214612972  0.9999976971  -0.002146128072
10  20  -1.90752309e-16  2.412702235  -0.7459138898  0.6660423928
10  21  1.843519891e-16  0.03643391533  0.9993363583  0.03642585529
10  22  2.678581456e-17  0.06038301656  0.9981774995  0.06034632941
10  23  -1.295581241e-16  0.0710981716  0.9974735895  0.07103828712
10  24  1.220680084e-17  0.05267383495  0.9986130543  0.05264948078
10  25  1.794554393e-16  1.463348196  0.1072415002  0.9942330012
10  26  -2.767772331e-18  0.9653246668  0.5691499543  0.8222337438
10  27  -9.776275014e-17  -0.02494799346  0.999688815  -0.0249454056
10  28  -5.520047669e-18  -0.23746155  0.9719382409  -0.2352361703
10  29  2.033687515e-16  -0.03091991797  0.9995220174  -0.03091499141
10  30  9.031632314e-17  -0.04009726788  0.9991962123  -0.04008652407
10  31  -1.736896108e-16  -0.03278712712  0.9994625503  -0.03278125309
10  32  -9.783531253e-17  -0.04150357858  0.9991388501  -0.04149166429
10  33  1.003020083e-16  -0.05138411185  0.998680127  -0.05136150303
10  34  -1.855704377e-16  -0.03980469767  0.9992078976  -0.03979418731
10  35  -1.027892623e-17  -0.02318631081  0.9997312095  -0.02318423336
10  36  -1.027892623e-17  -0.02318631081  0.9997312095  -0.02318423336

11  0  2.250145634e-16  -0.03315557823  0.9994504042  -0.03314950396
11  1  4.172324045e-17  -0.03191546476  0.9994907448  -0.03191004687
11  2  -9.936498132e-17  -0.03050232264  0.9995348402  -0.03049759301
11  3  -1.316876014e-18  -0.02455348035  0.9996985784  -0.02455101331
11  4  -7.521363e-18  -0.01795850169  0.9998387504  -0.01795753641
11  5  -1.530855027e-16  -0.006815264989  0.9999767762  -0.00681521223
11  6  2.115731742e-16  -0.006900404569  0.9999761923  -0.006900349808
11  7  3.868036226e-16  -0.01714948512  0.9998529512  -0.01714864451
11  8  -1.504011789e-17  -0.02538891894  0.9996777187  -0.02538619142
11  9  -1.200559561e-16  -0.0307788938  0.9995263672  -0.03077403435
11  10  -7.783858754e-17  -0.03423181824  0.9994141485  -0.03422513306
11  11  2.44686824e-16  -0.03949478426  0.9992201824  -0.03948451749
11  12  9.339504437e-17  -0.04631761957  0.9989275308  -0.04630106032
11  13  -1.870440153e-16  -0.05714865734  0.9983674599  -0.05711755479
11  14  -2.74012747e-16  -0.06125947483  0.9981242251  -0.06122116705
11  15  -8.109167272e-17  -0.09071267705  0.9958884257  -0.09058831896
11  16  1.885705903e-16  -0.1913687935  0.9817448064  -0.1902028786
11  17  9.250956277e-17  -0.03892026298  0.9992427022  -0.03891043774
11  18  -2.350816488e-16  -0.3332257597  0.9449921384  -0.3270930425
11  19  -1.895575941e-16  -0.008841262548  0.9999609163  -0.008841147364
11  20  -1.131539651e-16  0.4051891451  0.919027854  0.394192597
11  21  1.196865544e-17  0.03731573614  0.9993038487  0.03730707661
11  22  -6.589325507e-17  0.07517087478  0.997176  0.0751001006
11  23  1.65681968e-16  0.135101988  0.9908875995  0.1346913703
11  24  2.559408727e-16  0.1142637622  0.9934789959  0.1140152825
11  25  3.622559251e-17  0.05267383495  0.9986130543  0.05264948078
11  26  3.755872692e-17  0.2706907017  0.9635864346  0.2673970512
11  27  8.951568833e-17  0.1587844869  0.9874202074  0.1581181015
11  28  2.42562908e-16  -0.2200159292  0.975893973  -0.2182451683
11  29  5.138018849e-17  -0.1477386719  0.9891064782  -0.1472018165
11  30  1.298844719e-16  -0.06214714971  0.9980694874  -0.06210715261
11  31  2.455171254e-16  -0.1938189142  0.9812758401  -0.1926076987
11  32  2.170817509e-16  -0.07623031026  0.9970958766  -0.07615650189
11  33  4.536888106e-16  -0.06652330727  0.9977881407  -0.0664742533
11  34  -4.408256844e-17  -0.05127784511  0.9986855794  -0.05125537626
11  35  -7.325085616e-17  -0.03626615094  0.9993424552  -0.03625820172
11  36  -7.325085616e-17  -0.03626615094  0.9993424552  -0.03625820172

12  0  -1.097445206e-16  -0.03003628353  0.9995489447  -0.03003176738
12  1  1.694218747e-16  -0.04877992629  0.9988104953  -0.04876058344
12  2  5.353956518e-17  -0.04382881812  0.9990396711  -0.0438147872
12  3  8.695043825e-17  -0.02447071057  0.9997006071  -0.0244682684
12  4  3.188947213e-16  -0.01134047207  0.9999356975  -0.011340229
12  5  1.948115241e-16  0.01368255763  0.9999063953  0.01368213071
12  6  -6.317690304e-17  0.2516285659  0.9685082234  0.2489815682
12  7  2.433926873e-16  -0.003317813892  0.9999944961  -0.003317807805
12  8  1.087181048e-16  -0.01453992155  0.9998942972  -0.01453940924
12  9  -1.181753734e-16  -0.03189303475  0.9994914603  -0.03188762827
12  10  -7.043733898e-17  -0.04820973766  0.9988381357  -0.04819106515
12  11  3.242822252e-16  -0.04631761957  0.9989275308  -0.04630106032
12  12  2.18678177e-16  -0.02703504944  0.9996345753  -0.02703175627
12  13  -2.020224312e-16  -0.03150011869  0.9995039123  -0.03149490958
12  14  1.122056451e-16  -0.04930035872  0.9987849834  -0.04928039019
12  15  -3.232025102e-17  -0.07975588887  0.9968211847  -0.0796713612
12  16  -7.371605552e-17  -1.972146641  -0.3906617083  -0.9205343175
12  17  -2.954804262e-16  -0.380933885  0.9283178336  -0.3717875735
12  18  -2.528223777e-16  -0.1378533835  0.9905132601  -0.1374171807
12  19  6.857395166e-17  -0.2671852546  0.9645178586  -0.2640176139
12  20  1.73163138e-16  0.2103400047  0.9779599808  0.2087924229
12  21  -9.721928462e-17  0.09047713048  0.9959097359  0.09035373836
12  22  -6.240461621e-17  0.04391550159  0.9990358693  0.04390138725
12  23  9.955123386e-19  0.1067242556  0.9943103701  0.1065217716
12  24  1.062432504e-16  0.135101988  0.9908875995  0.1346913703
12  25  1.388758994e-16  0.0710981716  0.9974735895  0.07103828712
12  26  -2.494043379e-16  0.03661911835  0.999329595  0.03661093477
12  27  -2.248532964e-16  0.2504593243  0.9687986809  0.2478489781
12  28  -1.06736387e-16  0.02266098745  0.9997432508  0.02265904802
12  29  -1.373673486e-16  -0.3879820391  0.9256743815  -0.3783212119
12  30  2.482288808e-16  -0.03111069106  0.9995161015  -0.03110567276
12  31  1.094578336e-16  -2.140992264  -0.5397969977  -0.8417952253
12  32  -5.210915038e-17  -0.241043723  0.9710893501  -0.2387163045
12  33  6.943861292e-17  -0.06146925808  0.9981113599  -0.06143055544
12  34  3.639454306e-17  -0.04247944832  0.9990978839  -0.04246667376
12  35  1.519946608e-16  -0.0193376782  0.9998130329  -0.01933647301
12  36  1.519946608e-16  -0.0193376782  0.9998130329  -0.01933647301

13  0  -1.742168542e-16  -0.03458597588  0.9994019648  -0.03457908106
13  1  -1.18080958e-16  -0.04715894956  0.9988882228  -0.04714147152
13  2  -4.339429804e-18  -0.05782511271  0.998328594  -0.05779289271
13  3  1.058911578e-16  -0.0332306668  0.9994479122  -0.03322455116
13  4  -3.506395438e-16  -0.01419859542  0.9998992016  -0.01419811836
13  5  -9.807421974e-17  -0.006316900515  0.9999800485  -0.006316858504
13  6  -1.033325583e-16  2.252299734  -0.6299613211  0.7766265087
13  7  1.961562669e-17  0.0812893175  0.9966978424  0.08119982107
13  8  2.426839978e-16  -0.01117615454  0.9999375474  -0.01117592188
13  9  1.679169061e-16  -0.01952634846  0.9998093669  -0.01952510766
13  10  -5.495845246e-17  -0.04428715322  0.9990194843  -0.04427267752
13  11  1.528787782e-16  -0.05714865734  0.9983674599  -0.05711755479
13  12  -1.104837842e-16  -0.03150011869  0.9995039123  -0.03149490958
13  13  -1.006112299e-16  -0.05753164479  0.9983455113  -0.05749991281
13  14  1.65729932e-16  -0.06110434211  0.9981337105  -0.06106632458
13  15  1.74142074e-16  -0.02357606237  0.9997220975  -0.02357387838
13  16  1.251014416e-16  -0.06046013653  0.9981728426  -0.06042330864
13  17  -6.477749898e-17  -0.2711363352  0.9634671779  -0.267826431
13  18  4.040441992e-16  0.005303505576  0.9999859364  0.005303480714
13  19  1.992524184e-16  -0.4416646534  0.9040413684  -0.4274449721
13  20  -4.730945622e-17  0.02519786051  0.9996825507  0.0251951941
13  21  -5.553054621e-19  0.2129426152  0.977413264  0.2113369618
13  22  -1.580027493e-16  0.03694355311  0.9993176646  0.0369351501
13  23  3.04406519e-16  0.04391550159  0.9990358693  0.04390138725
13  24  1.055468811e-16  0.07517087478  0.997176  0.0751001006
13  25  -6.996539698e-17  0.06038301656  0.9981774995  0.06034632941
13  26  -6.338214205e-17  0.03059714654  0.9995319438  0.03059237267
13  27  -6.869351201e-17  0.1276884179  0.9918589043  0.1273417216
13  28  -8.879428086e-17  0.1580979008  0.9875285363  0.1574401153
13  29  5.500677764e-17  -0.4022937026  0.920165362  -0.3915299561
13  30  -2.227946812e-16  -0.07371829234  0.997284037  -0.07365154153
13  31  6.260583414e-17  -0.2034186142  0.9793816784  -0.2020186328
13  32  3.052890095e-16  -0.1033119052  0.9946680701  -0.1031282226
13  33  2.310620275e-16  -0.02544232031  0.9996763616  -0.02543957554
13  34  1.108660152e-16  -0.02446688649  0.9997007007  -0.02446444547
13  35  2.192129263e-16  -0.07335131338  0.9973109984  -0.07328555432
13  36  2.192129263e-16  -0.07335131338  0.9973109984  -0.07328555432

14  0  -1.311147993e-17  -1.051886325  0.4959339213  -0.8683602626
14  1  1.292344438e-16  -0.03331833423  0.9994449956  -0.03331217006
14  2  -2.016491219e-16  -0.0633545099  0.9979937742  -0.06331213641
14  3  -3.232030471e-16  -0.04977770563  0.9987613458  -0.04975715148
14  4  -3.025234022e-16  -0.02005872658  0.9997988305  -0.0200573815
14  5  -4.564035022e-17  -0.01326572131  0.9999120116  -0.01326533223
14  6  2.04918358e-16  0.001965741984  0.9999980679  0.001965740718
14  7  1.118508592e-16  0.01588159638  0.9998738901  0.01588092877
14  8  -1.401486215e-17  -0.0117351595  0.9999311438  -0.01173489016
14  9  -1.916720261e-16  -0.01404622676  0.9999013534  -0.01404576489
14  10  -7.719923733e-17  -0.03082803386  0.9995248538  -0.0308231511
14  11  1.420592437e-16  -0.06125947483  0.9981242251  -0.06122116705
14  12  -1.567884302e-16  -0.04930035872  0.9987849834  -0.04928039019
14  13  -1.650019722e-16  -0.06110434211  0.9981337105  -0.06106632458
14  14  2.328020784e-16  -2.014601669  -0.4293792621  -0.9031242712
14  15  -1.233845221e-16  -0.08149182216  0.9966813786  -0.08140165537
14  16  4.1809045e-17  -0.005418759029  0.9999853186  -0.00541873251
14  17  -1.105405707e-16  -0.002410585017  0.9999970945  -0.002410582682
14  18  2.587089736e-17  0.0502030574  0.9987400912  0.05018197187
14  19  1.588623238e-17  -0.002593717622  0.9999966363  -0.002593714714
14  20  4.224457974e-18  -0.6138937558  0.817411204  -0.5760546185
14  21  2.790974456e-16  0.1365103254  0.990696926  0.1360867404
14  22  7.243618953e-17  0.2129426152  0.977413264  0.2113369618
14  23  -2.204748068e-17  0.09047713048  0.9959097359  0.09035373836
14  24  9.192642774e-17  0.03731573614  0.9993038487  0.03730707661
14  25  1.170973499e-16  0.03643391533  0.9993363583  0.03642585529
14  26  1.249455131e-16  0.03772853452  0.9992883633  0.03771958443
14  27  -2.17488769e-16  0.1752000234  0.9846916935  0.1743051025
14  28  -3.360969524e-16  0.2243349529  0.9749422677  0.2224580288
14  29  6.239353475e-17  -0.08753718545  0.9961710665  -0.08742543222
14  30  3.552926333e-16  -0.6071258395  0.8212911432  -0.5705092972
14  31  2.556797533e-16  0.1354393793  0.9908420994  0.1350256796
14  32  3.207908102e-16  0.01141702278  0.9999348265  0.01141677475
14  33  1.448253365e-16  -0.003616437681  0.9999934607  -0.003616429798
14  34  1.699270162e-16  -0.009629888643  0.999953633  -0.009629739806
14  35  1.328212489e-16  -1.081377242  0.4701132479  -0.8826061036
14  36  1.328212489e-16  -1.081377242  0.4701132479  -0.8826061036

15  0  -2.534276494e-16  -0.1545320821  0.9880836598  -0.1539177741
15  1  1.482500426e-16  -0.01536344914  0.9998819845  -0.01536284476
15  2  2.893635846e-16  -0.04459640947  0.9990057449  -0.04458162842
15  3  -8.681720769e-17  -0.09661197612  0.995336692  -0.09646175224
15  4  -1.794592712e-16  -0.06621916567  0.9978083121  -0.06617078135
15  5  1.077187853e-16  -0.02766099755  0.999617459  -0.02765747031
15  6  2.841428513e-16  -0.01900466832  0.9998194167  -0.01900352433
15  7  1.910054802e-17  -0.0150878409  0.9998861807  -0.01508726847
15  8  -3.966656388e-17  -0.01632649636  0.9998667257  -0.01632577105
15  9  -3.660865965e-18  -0.020121675  0.9997975659  -0.02012031721
15  10  -9.936918831e-18  -0.0381442159  0.9992725976  -0.03813496672
15  11  1.811054664e-16  -0.09071267705  0.9958884257  -0.09058831896
15  12  -6.654804119e-17  -0.07975588887  0.9968211847  -0.0796713612
15  13  3.017393314e-16  -0.02357606237  0.9997220975  -0.02357387838
15  14  2.568511167e-17  -0.08149182216  0.9966813786  -0.08140165537
15  15  -1.974925193e-16  -0.1609113474  0.9870816792  -0.1602178474
15  16  6.868390674e-17  0.004756143063  0.9999886896  0.004756125132
15  17  2.246042679e-17  0.0008270868916  0.999999658  0.0008270867973
15  18  -2.15184817e-16  0.004403631292  0.999990304  0.004403617059
15  19  1.211654161e-16  0.07900841774  0.9968804582  0.07892624396
15  20  1.047819819e-16  -0.6449427025  0.7991342128  -0.6011526511
15  21  2.395614562e-16  -0.6138937558  0.817411204  -0.5760546185
15  22  -1.020510333e-16  0.02519786051  0.9996825507  0.0251951941
15  23  8.516767792e-18  0.2103400047  0.9779599808  0.2087924229
15  24  2.624783404e-16  0.405189145  0.919027854  0.394192597
15  25  1.986296704e-16  2.412702235  -0.7459138898  0.6660423928
15  26  -1.072251649e-16  1.21916292  0.3444317269  0.9388113684
15  27  5.685182725e-17  0.3322091717  0.9453241689  0.3261322059
15  28  -1.295242308e-16  0.08023598947  0.9967828195  0.08014992645
15  29  -9.949889893e-17  -0.1326125982  0.9912198281  -0.1322242501
15  30  1.869600201e-16  -1.314375136  0.2536203877  -0.9673038297
15  31  1.907612012e-17  0.2274719143  0.9742396297  0.2255152855
15  32  5.551951804e-17  0.01827054606  0.9998330982  0.01826952958
15  33  -1.685401331e-16  0.0008669635393  0.9999996242  0.0008669634306
15  34  -1.743504328e-16  -0.0002292126895  0.9999999737  -0.0002292126875
15  35  9.252349246e-17  -0.07428851815  0.9972418768  -0.07422020662
15  36  9.252349246e-17  -0.07428851815  0.9972418768  -0.07422020662

16  0  -1.182425889e-16  0.04001581847  0.999199474  0.04000514
16  1  -5.935798437e-17  -0.003625487364  0.9999934279  -0.003625479421
16  2  3.832849883e-17  -0.01301857746  0.9999152595  -0.01301820973
16  3  9.849214729e-18  -0.2409020598  0.9711231577  -0.2385787345
16  4  -3.383210121e-17  -1.930821131  -0.3522974473  -0.9358880855
16  5  -1.533417075e-16  -0.06572209689  0.9978410803  -0.06567479384
16  6  1.532248865e-16  -0.02746675261  0.9996228125  -0.02746329915
16  7  -2.604339339e-16  -0.01366057433  0.9999066958  -0.01366014946
16  8  -2.851629849e-16  0.001952375267  0.9999980941  0.001952374026
16  9  2.212402663e-16  -0.0215979381  0.9997667736  -0.02159625901
16  10  -8.678471316e-17  -0.03956283031  0.9992174933  -0.03955251038
16  11  -3.08869052e-16  -0.1913687935  0.9817448064  -0.1902028786
16  12  -1.234145499e-16  -1.972146641  -0.3906617083  -0.9205343175
16  13  3.484826337e-16  -0.06046013653  0.9981728426  -0.06042330864
16  14  1.954971428e-16  -0.005418759029  0.9999853186  -0.005418732511
16  15  8.589122084e-18  0.004756143063  0.9999886896  0.004756125132
16  16  -6.070089651e-17  0.06769732585  0.997709411  0.06764562904
16  17  1.557304012e-16  0.03225186534  0.9994799537  0.03224627432
16  18  -1.52519096e-16  0.005420206086  0.9999853107  0.005420179546
16  19  -3.71406706e-16  0.0031491113  0.9999950416  0.003149106095
16  20  -2.756991284e-16  0.07900841774  0.9968804582  0.07892624395
16  21  1.075886218e-16  -0.002593717621  0.9999966363  -0.002593714713
16  22  -8.230918413e-17  -0.4416646534  0.9040413684  -0.4274449721
16  23  -2.038097834e-16  -0.2671852546  0.9645178586  -0.2640176139
16  24  5.218012001e-17  -0.008841262548  0.9999609163  -0.008841147364
16  25  -2.791889188e-17  -0.00214612972  0.9999976971  -0.002146128073
16  26  -3.40873228e-17  -0.001547944817  0.9999988019  -0.001547944199
16  27  2.143463659e-16  0.005287465574  0.9999860214  0.005287440937
16  28  7.633007327e-17  -0.02309559502  0.9997333086  -0.02309354185
16  29  4.021627985e-17  -0.6371018157  0.8038231693  -0.5948683152
16  30  -1.331079637e-16  -0.1652156326  0.9863829142  -0.1644650312
16  31  -1.110649872e-16  0.1625716027  0.9868143164  0.1618564334
16  32  8.126145948e-17  0.01657016264  0.999862718  0.01656940438
16  33  -2.293589763e-16  0.001785918491  0.9999984052  0.001785917542
16  34  1.846308525e-16  0.009406460361  0.9999557596  0.009406321645
16  35  1.837756208e-16  0.06199589537  0.9980788699  0.06195618955
16  36  1.837756208e-16  0.06199589537  0.9980788699  0.06195618955

17  0  -2.029225133e-16  0.08015576685  0.9967892461  0.08006996166
17  1  -9.504858369e-17  0.005286432697  0.9999860268  0.005286408074
17  2  1.654174359e-17  -0.0007668664343  0.999999706  -0.0007668663591
17  3  1.251876143e-16  -0.05466449346  0.9985062686  -0.05463727272
17  4  5.253721053e-17  -0.5775721127  0.8377907236  -0.5459914866
17  5  -5.612809591e-17  -0.04154110865  0.9991372922  -0.04152916202
17  6  2.800901967e-18  -0.03385229782  0.9994270657  -0.03384583252
17  7  5.928206459e-17  -0.06901232937  0.9976195942  -0.06895756156
17  8  2.191630145e-16  0.2986073693  0.9557471131  0.2941894896
17  9  4.888418484e-18  -0.003519486806  0.9999938066  -0.00351947954
17  10  2.149280603e-16  -0.09933939948  0.9950698982  -0.09917609465
17  11  -2.693975467e-16  -0.03892026298  0.9992427022  -0.03891043774
17  12  1.312304896e-16  -0.380933885  0.9283178336  -0.3717875735
17  13  -1.197744503e-16  -0.2711363352  0.9634671779  -0.267826431
17  14  1.411330403e-16  -0.002410585017  0.9999970945  -0.002410582682
17  15  2.346637772e-17  0.0008270868916  0.999999658  0.0008270867973
17  16  1.820976094e-16  0.03225186534  0.9994799537  0.03224627432
17  17  -3.233568977e-16  0.1040170688  0.9945951005  0.1038296006
17  18  -1.145464536e-16  0.04576113222  0.9989531421  0.04574516264
17  19  -5.945453389e-17  0.005420206086  0.9999853107  0.005420179546
17  20  2.001768799e-17  0.004403631292  0.999990304  0.004403617059
17  21  -1.868112441e-16  0.0502030574  0.9987400912  0.05018197187
17  22  -1.410651811e-16  0.005303505575  0.9999859364  0.005303480713
17  23  -1.870057059e-16  -0.1378533835  0.9905132601  -0.1374171807
17  24  4.070998971e-16  -0.3332257597  0.9449921384  -0.3270930424
17  25  2.831245671e-16  -0.1765223285  0.9844603482  -0.1756070125
17  26  -3.744484387e-17  -0.02007382102  0.9997985276  -0.0200724729
17  27  -2.281094435e-17  -0.03212600727  0.9994840042  -0.03212048145
17  28  -3.390950254e-16  -0.3574615361  0.9367880428  -0.3498973605
17  29  -6.566612713e-17  -0.25710221  0.9671308851  -0.2542790812
17  30  1.229435297e-16  -0.01902679906  0.9998189959  -0.01902565107
17  31  7.001612183e-17  0.05183926222  0.9986566463  0.05181604732
17  32  1.418299835e-16  0.01659740911  0.9998622662  0.0165966471
17  33  -7.260324863e-17  0.00134005507  0.9999991021  0.001340054669
17  34  -9.767907283e-17  0.01316330128  0.999913365  0.01316292114
17  35  8.494957948e-17  0.08990819282  0.9959609803  0.08978711321
17  36  8.494957948e-17  0.08990819282  0.9959609803  0.08978711321

18  0  1.121182095e-19  0.08990819282  0.9959609803  0.08978711321
18  1  5.520577595e-17  0.01316330127  0.999913365  0.01316292114
18  2  -1.557345781e-16  0.00134005507  0.9999991021  0.001340054669
18  3  -2.342655432e-16  0.01659740911  0.9998622662  0.0165966471
18  4  -2.101359528e-16  0.05183926223  0.9986566463  0.05181604733
18  5  1.293949436e-16  -0.01902679906  0.9998189959  -0.01902565107
18  6  -3.527932342e-17  -0.25710221  0.9671308851  -0.2542790812
18  7  1.351590436e-18  -0.3574615361  0.9367880428  -0.3498973605
18  8  -7.366149036e-17  -0.03212600727  0.9994840042  -0.03212048145
18  9  9.773993748e-18  -0.02007382102  0.9997985276  -0.0200724729
18  10  8.663053251e-17  -0.1765223285  0.9844603482  -0.1756070125
18  11  4.361765943e-17  -0.3332257597  0.9449921384  -0.3270930425
18  12  1.511907631e-16  -0.1378533835  0.9905132601  -0.1374171807
18  13  -2.077812897e-16  0.005303505576  0.9999859364  0.005303480714
18  14  -8.350287937e-17  0.0502030574  0.9987400912  0.05018197187
18  15  -6.697665717e-17  0.004403631292  0.999990304  0.004403617059
18  16  -1.273156607e-16  0.005420206086  0.9999853107  0.005420179546
18  17  -1.806003934e-16  0.04576113222  0.9989531421  0.04574516264
18  18  -7.718401999e-17  0.1040170688  0.9945951005  0.1038296006
18  19  -1.3167079e-17  0.03225186534  0.9994799537  0.03224627432
18  20  -1.042996163e-16  0.0008270868915  0.999999658  0.0008270867973
18  21  -3.457732536e-16  -0.002410585017  0.9999970945  -0.002410582682
18  22  -4.375381102e-17  -0.2711363352  0.9634671779  -0.267826431
18  23  -1.290516517e-16  -0.380933885  0.9283178336  -0.3717875735
18  24  -9.810927565e-17  -0.03892026298  0.9992427022  -0.03891043774
18  25  -3.278469235e-17  -0.09933939948  0.9950698982  -0.09917609464
18  26  1.249235493e-16  -0.003519486806  0.9999938066  -0.00351947954
18  27  2.556693454e-16  0.2986073693  0.9557471131  0.2941894896
18  28  -9.412646315e-17  -0.06901232937  0.9976195942  -0.06895756156
18  29  3.118511528e-16  -0.03385229782  0.9994270657  -0.03384583252
18  30  6.883887353e-17  -0.04154110865  0.9991372922  -0.04152916202
18  31  -1.847815326e-16  -0.5775721128  0.8377907236  -0.5459914866
18  32  -5.782673333e-17  -0.05466449346  0.9985062686  -0.05463727273
18  33  -8.564666386e-17  -0.0007668664342  0.999999706  -0.000766866359
18  34  -1.613427098e-16  0.005286432697  0.9999860268  0.005286408075
18  35  -2.005532918e-16  0.08015576685  0.9967892461  0.08006996166
18  36  -2.005532918e-16  0.08015576685  0.9967892461  0.08006996166

19  0  -1.340779075e-16  0.06199589536  0.9980788699  0.06195618955
19  1  -2.273845154e-17  0.00940646036  0.9999557596  0.009406321644
19  2  -2.401009495e-17  0.001785918491  0.9999984052  0.001785917541
19  3  -1.923388136e-16  0.01657016264  0.999862718  0.01656940438
19  4  1.597668452e-17  0.1625716027  0.9868143164  0.1618564334
19  5  -1.374265986e-16  -0.1652156326  0.9863829143  -0.1644650312
19  6  -2.696052102e-16  -0.6371018157  0.8038231693  -0.5948683152
19  7  -1.625219646e-16  -0.02309559502  0.9997333086  -0.02309354185
19  8  -3.105266257e-16  0.005287465574  0.9999860214  0.005287440937
19  9  -2.35387203e-16  -0.001547944816  0.9999988019  -0.001547944198
19  10  -4.084330157e-16  -0.00214612972  0.9999976971  -0.002146128073
19  11  -3.247767259e-16  -0.008841262548  0.9999609163  -0.008841147365
19  12  2.443897206e-16  -0.2671852546  0.9645178586  -0.2640176139
19  13  -1.585922431e-16  -0.4416646534  0.9040413684  -0.4274449721
19  14  -1.105639293e-16  -0.002593717621  0.9999966363  -0.002593714713
19  15  8.61392205e-17  0.07900841774  0.9968804582  0.07892624396
19  16  -1.717218652e-16  0.0031491113  0.9999950416  0.003149106095
19  17  1.755746967e-16  0.005420206086  0.9999853107  0.005420179546
19  18  -1.071963996e-16  0.03225186534  0.9994799537  0.03224627432
19  19  -1.235733429e-16  0.06769732585  0.997709411  0.06764562904
19  20  -2.308872316e-16  0.004756143063  0.9999886896  0.004756125132
19  21  -1.213600844e-16  -0.005418759029  0.9999853186  -0.00541873251
19  22  1.074119069e-16  -0.06046013653  0.9981728426  -0.06042330865
19  23  2.146952076e-16  -1.972146641  -0.3906617083  -0.9205343175
19  24  3.311554244e-16  -0.1913687935  0.9817448064  -0.1902028786
19  25  2.753371063e-16  -0.03956283031  0.9992174933  -0.03955251038
19  26  -1.292896054e-16  -0.0215979381  0.9997667736  -0.02159625901
19  27  -2.524530308e-17  0.001952375267  0.9999980941  0.001952374027
19  28  -2.147651296e-16  -0.01366057433  0.9999066958  -0.01366014946
19  29  2.314717947e-16  -0.02746675261  0.9996228125  -0.02746329915
19  30  -2.551649733e-17  -0.06572209689  0.9978410803  -0.06567479384
19  31  -3.525765465e-16  -1.930821131  -0.3522974473  -0.9358880855
19  32  -3.161929099e-16  -0.2409020598  0.9711231577  -0.2385787345
19  33  3.457491926e-17  -0.01301857746  0.9999152595  -0.01301820973
19  34  8.369691196e-17  -0.003625487363  0.9999934279  -0.003625479421
19  35  -1.447316265e-16  0.04001581848  0.999199474  0.04000514
19  36  -1.447316265e-16  0.04001581848  0.999199474  0.04000514

20  0  -5.950966906e-17  -0.07428851817  0.9972418768  -0.07422020664
20  1  -1.976035449e-16  -0.0002292126899  0.9999999737  -0.0002292126879
20  2  7.94980626e-17  0.000866963539  0.9999996242  0.0008669634304
20  3  -2.510347507e-16  0.01827054606  0.9998330982  0.01826952958
20  4  3.616895743e-17  0.2274719143  0.9742396297  0.2255152855
20  5  -1.074674029e-16  -1.314375136  0.2536203877  -0.9673038297
20  6  -4.083204632e-17  -0.1326125982  0.9912198281  -0.1322242501
20  7  1.121870078e-16  0.08023598947  0.9967828195  0.08014992644
20  8  1.422468745e-16  0.3322091717  0.9453241689  0.3261322059
20  9  7.864837279e-17  1.21916292  0.3444317269  0.9388113684
20  10  2.673845166e-16  2.412702235  -0.7459138898  0.6660423928
20  11  -2.519224235e-17  0.4051891451  0.919027854  0.394192597
20  12  5.143026589e-17  0.2103400047  0.9779599808  0.2087924229
20  13  -3.181746556e-16  0.02519786051  0.9996825507  0.02519519411
20  14  -1.475231389e-16  -0.6138937558  0.817411204  -0.5760546185
20  15  2.86547665e-16  -0.6449427025  0.7991342128  -0.6011526511
20  16  -6.150980392e-17  0.07900841774  0.9968804582  0.07892624396
20  17  2.232367475e-16  0.004403631292  0.999990304  0.004403617059
20  18  -5.23266207e-17  0.0008270868916  0.999999658  0.0008270867973
20  19  3.032699985e-18  0.004756143063  0.9999886896  0.004756125132
20  20  -1.786499961e-16  -0.1609113474  0.9870816792  -0.1602178474
20  21  -1.5706445e-16  -0.08149182216  0.9966813786  -0.08140165537
20  22  7.590960287e-17  -0.02357606237  0.9997220975  -0.02357387838
20  23  -2.028813918e-16  -0.07975588888  0.9968211847  -0.07967136121
20  24  -1.65681839e-16  -0.09071267705  0.9958884257  -0.09058831897
20  25  5.647863424e-17  -0.0381442159  0.9992725976  -0.03813496672
20  26  5.355752309e-18  -0.020121675  0.9997975659  -0.02012031721
20  27  2.284040957e-16  -0.01632649636  0.9998667257  -0.01632577105
20  28  1.400218172e-16  -0.0150878409  0.9998861807  -0.01508726847
20  29  4.40385036e-17  -0.01900466832  0.9998194167  -0.01900352433
20  30  -1.675995588e-17  -0.02766099755  0.999617459  -0.02765747031
20  31  5.826876306e-17  -0.06621916568  0.9978083121  -0.06617078136
20  32  5.631936917e-17  -0.09661197612  0.995336692  -0.09646175224
20  33  1.765680101e-17  -0.04459640947  0.9990057449  -0.04458162842
20  34  2.352819109e-16  -0.01536344914  0.9998819845  -0.01536284476
20  35  -6.124755758e-17  -0.1545320821  0.9880836598  -0.1539177741
20  36  -6.124755758e-17  -0.1545320821  0.9880836598  -0.1539177741

21  0  -2.094183034e-16  -1.081377243  0.4701132476  -0.8826061038
21  1  -1.245876548e-16  -0.009629888643  0.999953633  -0.009629739806
21  2  9.242013006e-17  -0.003616437681  0.9999934607  -0.003616429798
21  3  -1.054001448e-16  0.01141702278  0.9999348265  0.01141677475
21  4  9.791240033e-17  0.1354393793  0.9908420994  0.1350256796
21  5  9.872032568e-17  -0.6071258394  0.8212911432  -0.5705092972
21  6  4.130929568e-17  -0.08753718546  0.9961710665  -0.08742543223
21  7  1.479830548e-16  0.2243349529  0.9749422677  0.2224580288
21  8  -1.672098336e-16  0.1752000234  0.9846916935  0.1743051025
21  9  4.971234204e-18  0.03772853452  0.9992883633  0.03771958443
21  10  3.164434019e-17  0.03643391533  0.9993363583  0.03642585529
21  11  2.724466223e-16  0.03731573614  0.9993038487  0.03730707661
21  12  5.591319395e-17  0.09047713048  0.9959097359  0.09035373836
21  13  1.436784096e-16  0.2129426152  0.977413264  0.2113369618
21  14  3.384667137e-17  0.1365103254  0.990696926  0.1360867404
21  15  3.168546471e-17  -0.6138937558  0.817411204  -0.5760546185
21  16  -4.08963369e-16  -0.002593717623  0.9999966363  -0.002593714714
21  17  1.569976875e-16  0.0502030574  0.9987400912  0.05018197187
21  18  -1.262072034e-16  -0.002410585017  0.9999970945  -0.002410582682
21  19  -5.786582449e-17  -0.005418759029  0.9999853186  -0.00541873251
21  20  -8.463628117e-17  -0.08149182216  0.9966813786  -0.08140165537
21  21  2.078522851e-16  -2.014601668  -0.4293792621  -0.9031242712
21  22  9.40362991e-17  -0.06110434211  0.9981337105  -0.06106632458
21  23  -1.175417656e-16  -0.04930035872  0.9987849834  -0.04928039019
21  24  -2.146153235e-17  -0.06125947483  0.9981242251  -0.06122116705
21  25  -1.37450417e-16  -0.03082803386  0.9995248538  -0.0308231511
21  26  4.814523231e-17  -0.01404622676  0.9999013534  -0.01404576489
21  27  2.923582022e-16  -0.0117351595  0.9999311438  -0.01173489016
21  28  -7.309455672e-17  0.01588159638  0.9998738901  0.01588092877
21  29  1.078621894e-16  0.001965741986  0.9999980679  0.00196574072
21  30  1.247254086e-16  -0.01326572131  0.9999120116  -0.01326533223
21  31  1.838626498e-16  -0.02005872658  0.9997988305  -0.0200573815
21  32  1.949308633e-17  -0.04977770563  0.9987613458  -0.04975715148
21  33  7.374262985e-17  -0.0633545099  0.9979937742  -0.06331213641
21  34  2.910162731e-16  -0.03331833423  0.9994449956  -0.03331217006
21  35  -1.750729428e-16  -1.051886325  0.4959339215  -0.8683602625
21  36  -1.750729428e-16  -1.051886325  0.4959339215  -0.8683602625

22  0  -2.191584972e-17  -0.07335131339  0.9973109984  -0.07328555433
22  1  3.741522107e-16  -0.02446688649  0.9997007007  -0.02446444547
22  2  4.363521324e-17  -0.0254423203  0.9996763616  -0.02543957554
22  3  -1.10855535e-16  -0.1033119052  0.9946680701  -0.1031282226
22  4  -3.244457564e-16  -0.2034186142  0.9793816784  -0.2020186328
22  5  3.848980643e-18  -0.07371829234  0.997284037  -0.07365154153
22  6  -8.096069693e-17  -0.4022937026  0.920165362  -0.3915299561
22  7  -1.68706031e-16  0.1580979008  0.9875285363  0.1574401153
22  8  -1.914896679e-16  0.1276884179  0.9918589043  0.1273417216
22  9  1.026865172e-16  0.03059714654  0.9995319438  0.03059237267
22  10  -7.9505172e-17  0.06038301656  0.9981774995  0.06034632941
22  11  1.716659371e-16  0.07517087478  0.997176  0.0751001006
22  12  9.122045495e-17  0.04391550159  0.9990358693  0.04390138725
22  13  8.043928146e-17  0.03694355311  0.9993176646  0.0369351501
22  14  1.647065816e-16  0.2129426152  0.977413264  0.2113369618
22  15  1.093691208e-16  0.02519786051  0.9996825507  0.0251951941
22  16  3.156979234e-16  -0.4416646534  0.9040413684  -0.4274449721
22  17  2.156705769e-16  0.005303505576  0.9999859364  0.005303480714
22  18  1.0950952e-16  -0.2711363352  0.9634671779  -0.267826431
22  19  1.108789746e-16  -0.06046013653  0.9981728426  -0.06042330865
22  20  1.897361649e-17  -0.02357606237  0.9997220975  -0.02357387838
22  21  2.525276864e-16  -0.06110434211  0.9981337105  -0.06106632458
22  22  -2.029232255e-17  -0.0575316448  0.9983455113  -0.05749991281
22  23  4.788843819e-17  -0.03150011869  0.9995039123  -0.03149490958
22  24  -9.27222414e-17  -0.05714865734  0.9983674599  -0.05711755479
22  25  9.871690114e-17  -0.04428715322  0.9990194843  -0.04427267752
22  26  -4.113308817e-18  -0.01952634846  0.9998093669  -0.01952510766
22  27  6.449533855e-17  -0.01117615454  0.9999375474  -0.01117592188
22  28  -4.246449692e-17  0.0812893175  0.9966978424  0.08119982108
22  29  3.322902437e-16  2.252299734  -0.629961321  0.7766265087
22  30  2.556698874e-16  -0.006316900514  0.9999800485  -0.006316858503
22  31  -7.143875595e-17  -0.01419859542  0.9998992016  -0.01419811836
22  32  -3.171867831e-16  -0.0332306668  0.9994479122  -0.03322455116
22  33  -1.49908572e-16  -0.05782511271  0.998328594  -0.05779289271
22  34  -3.877817158e-16  -0.04715894956  0.9988882228  -0.04714147152
22  35  1.86779912e-16  -0.03458597587  0.9994019648  -0.03457908106
22  36  1.86779912e-16  -0.03458597587  0.9994019648  -0.03457908106

23  0  -2.6606241e-16  -0.0193376782  0.9998130329  -0.01933647301
23  1  3.188538982e-16  -0.04247944833  0.9990978839  -0.04246667376
23  2  5.124733317e-17  -0.06146925808  0.9981113599  -0.06143055544
23  3  -3.027988445e-16  -0.241043723  0.9710893501  -0.2387163045
23  4  6.251351952e-17  -2.140992264  -0.5397969977  -0.8417952253
23  5  3.453558497e-16  -0.03111069106  0.9995161015  -0.03110567276
23  6  -1.802242742e-17  -0.3879820391  0.9256743815  -0.378321212
23  7  4.51454773e-17  0.02266098744  0.9997432508  0.02265904801
23  8  2.452884543e-16  0.2504593243  0.9687986809  0.2478489781
23  9  4.255426541e-17  0.03661911835  0.999329595  0.03661093477
23  10  4.455390175e-17  0.0710981716  0.9974735895  0.07103828712
23  11  -3.434746913e-18  0.135101988  0.9908875995  0.1346913703
23  12  -1.003051688e-16  0.1067242556  0.9943103701  0.1065217716
23  13  -2.749120735e-16  0.04391550159  0.9990358693  0.04390138725
23  14  -1.888434212e-16  0.09047713048  0.9959097359  0.09035373836
23  15  1.579033471e-16  0.2103400047  0.9779599808  0.2087924229
23  16  1.739807093e-16  -0.2671852546  0.9645178586  -0.2640176139
23  17  -2.192051653e-16  -0.1378533835  0.9905132601  -0.1374171807
23  18  -2.763832962e-16  -0.380933885  0.9283178336  -0.3717875735
23  19  3.426817081e-18  -1.972146641  -0.3906617083  -0.9205343175
23  20  7.538059949e-17  -0.07975588888  0.9968211847  -0.07967136121
23  21  1.604586474e-16  -0.04930035872  0.9987849834  -0.04928039019
23  22  -9.995459072e-17  -0.03150011869  0.9995039123  -0.03149490958
23  23  4.770734224e-17  -0.02703504944  0.9996345753  -0.02703175627
23  24  1.726007111e-16  -0.04631761957  0.9989275308  -0.04630106032
23  25  1.725002865e-16  -0.04820973766  0.9988381357  -0.04819106515
23  26  4.060213109e-17  -0.03189303475  0.9994914603  -0.03188762827
23  27  8.977400742e-17  -0.01453992155  0.9998942972  -0.01453940924
23  28  -5.142894514e-17  -0.003317813891  0.9999944961  -0.003317807804
23  29  1.118136975e-16  0.2516285659  0.9685082234  0.2489815682
23  30  5.567370623e-17  0.01368255764  0.9999063953  0.01368213072
23  31  9.613518004e-17  -0.01134047207  0.9999356975  -0.011340229
23  32  2.007664724e-16  -0.02447071057  0.9997006071  -0.0244682684
23  33  2.988907075e-16  -0.04382881812  0.9990396711  -0.0438147872
23  34  -1.662214092e-16  -0.04877992629  0.9988104953  -0.04876058344
23  35  -1.965793777e-16  -0.03003628353  0.9995489447  -0.03003176738
23  36  -1.965793777e-16  -0.03003628353  0.9995489447  -0.03003176738

24  0  -3.715212766e-16  -0.03626615094  0.9993424552  -0.03625820172
24  1  -3.380056447e-16  -0.05127784512  0.9986855794  -0.05125537626
24  2  -2.407785669e-16  -0.06652330728  0.9977881407  -0.06647425331
24  3  -1.664319376e-16  -0.07623031026  0.9970958766  -0.07615650189
24  4  -7.402603586e-18  -0.1938189143  0.9812758401  -0.1926076987
24  5  5.937658476e-17  -0.06214714971  0.9980694874  -0.06210715261
24  6  -1.242520693e-16  -0.1477386719  0.9891064782  -0.1472018165
24  7  2.070041749e-17  -0.2200159292  0.975893973  -0.2182451683
24  8  -1.527043792e-16  0.1587844869  0.9874202074  0.1581181015
24  9  -2.34936211e-16  0.2706907017  0.9635864346  0.2673970512
24  10  -2.948292154e-17  0.05267383495  0.9986130543  0.05264948078
24  11  2.634285441e-17  0.1142637622  0.9934789959  0.1140152825
24  12  1.453423741e-16  0.135101988  0.9908875995  0.1346913703
24  13  1.546682426e-16  0.07517087478  0.997176  0.0751001006
24  14  -1.190639637e-16  0.03731573615  0.9993038487  0.03730707661
24  15  1.086822606e-16  0.405189145  0.919027854  0.394192597
24  16  -2.934516235e-17  -0.008841262548  0.9999609163  -0.008841147364
24  17  -1.101485485e-16  -0.3332257597  0.9449921384  -0.3270930424
24  18  -5.094242848e-17  -0.03892026298  0.9992427022  -0.03891043774
24  19  -1.598361348e-16  -0.1913687935  0.9817448064  -0.1902028786
24  20  6.163716716e-18  -0.09071267705  0.9958884257  -0.09058831897
24  21  1.228456189e-16  -0.06125947483  0.9981242251  -0.06122116705
24  22  1.5749815e-16  -0.05714865734  0.9983674599  -0.05711755479
24  23  -2.032324443e-16  -0.04631761957  0.9989275308  -0.04630106032
24  24  1.433671878e-16  -0.03949478426  0.9992201824  -0.03948451749
24  25  3.770678806e-16  -0.03423181824  0.9994141485  -0.03422513306
24  26  3.568637049e-16  -0.03077889381  0.9995263672  -0.03077403435
24  27  6.723548361e-17  -0.02538891894  0.9996777187  -0.02538619142
24  28  -1.615402449e-16  -0.01714948512  0.9998529512  -0.01714864451
24  29  1.149840335e-16  -0.006900404569  0.9999761923  -0.006900349808
24  30  -1.27003429e-17  -0.006815264987  0.9999767762  -0.006815212228
24  31  -1.373499069e-16  -0.01795850169  0.9998387504  -0.01795753641
24  32  1.182057997e-16  -0.02455348035  0.9996985784  -0.02455101331
24  33  2.274001641e-16  -0.03050232264  0.9995348402  -0.03049759301
24  34  -2.973488411e-17  -0.03191546476  0.9994907448  -0.03191004687
24  35  -1.522747792e-16  -0.03315557823  0.9994504042  -0.03314950395
24  36  -1.522747792e-16  -0.03315557823  0.9994504042  -0.03314950395

25  0  -4.058040518e-16  -0.02318631082  0.9997312095  -0.02318423336
25  1  1.937684529e-17  -0.03980469767  0.9992078976  -0.03979418731
25  2  1.625050487e-16  -0.05138411186  0.998680127  -0.05136150303
25  3  2.037662698e-16  -0.04150357858  0.9991388501  -0.04149166429
25  4  -2.292769423e-17  -0.03278712712  0.9994625503  -0.0327812531
25  5  -1.07929716e-16  -0.04009726788  0.9991962123  -0.04008652407
25  6  -1.732175928e-16  -0.03091991797  0.9995220174  -0.03091499141
25  7  -1.503643734e-16  -0.23746155  0.9719382409  -0.2352361703
25  8  -2.476645482e-16  -0.02494799346  0.999688815  -0.0249454056
25  9  -1.333228674e-16  0.9653246667  0.5691499544  0.8222337438
25  10  -5.060918866e-17  1.463348196  0.1072415002  0.9942330012
25  11  2.378669955e-16  0.05267383495  0.9986130543  0.05264948078
25  12  2.486169657e-16  0.0710981716  0.9974735895  0.07103828712
25  13  -8.849274393e-17  0.06038301656  0.9981774995  0.06034632941
25  14  1.171796459e-16  0.03643391533  0.9993363583  0.03642585529
25  15  1.586806471e-16  2.412702235  -0.7459138898  0.6660423928
25  16  -3.75578706e-17  -0.002146129721  0.9999976971  -0.002146128073
25  17  -2.127900624e-16  -0.1765223285  0.9844603482  -0.1756070125
25  18  -2.170029832e-16  -0.09933939948  0.9950698982  -0.09917609464
25  19  -5.408190402e-17  -0.03956283031  0.9992174933  -0.03955251038
25  20  -3.897037868e-17  -0.0381442159  0.9992725976  -0.03813496672
25  21  9.513533746e-17  -0.03082803386  0.9995248538  -0.0308231511
25  22  2.510232307e-17  -0.04428715322  0.9990194843  -0.04427267752
25  23  -2.026113982e-16  -0.04820973766  0.9988381357  -0.04819106515
25  24  -6.771781073e-17  -0.03423181824  0.9994141485  -0.03422513306
25  25  -1.191048622e-16  -0.01955624943  0.9998087826  -0.01955500291
25  26  1.04426974e-16  -0.01497426472  0.9998878878  -0.01497370512
25  27  1.92899977e-16  -0.01854175037  0.9998281067  -0.01854068795
25  28  -9.023435461e-17  -0.02818180022  0.9996029193  -0.02817806998
25  29  -8.3639449e-19  -0.04123579994  0.9991499249  -0.04122411477
25  30  -1.566594592e-16  -0.05542214539  0.998464586  -0.05539377717
25  31  -2.950203086e-17  -0.06110072519  0.9981339313  -0.06106271441
25  32  -6.741576351e-17  -0.04294444228  0.9990780291  -0.04293124363
25  33  -1.645440319e-16  -0.02444296384  0.9997012856  -0.02444052997
25  34  -1.424337519e-18  -0.01566031946  0.9998773797  -0.01565967937
25  35  2.668783966e-17  -0.01523140244  0.9998840044  -0.01523081351
25  36  2.668783966e-17  -0.01523140244  0.9998840044  -0.01523081351

26  0  -1.943589473e-16  -0.009265155642  0.9999570788  -0.009265023084
26  1  -2.149654682e-17  -0.02061281961  0.9997875634  -0.02061135995
26  2  -6.582293078e-17  -0.03428720718  0.9994122513  -0.0342804895
26  3  -2.506296032e-16  -0.02839184206  0.9995969787  -0.02838802779
26  4  -9.843176278e-18  -0.01702995297  0.9998549939  -0.01702912981
26  5  2.209662095e-16  -0.01629140894  0.9998672979  -0.0162906883
26  6  1.701464729e-16  -0.02046186763  0.9997906633  -0.0204604398
26  7  -2.680278699e-17  0.005275966653  0.9999860821  0.005275942176
26  8  3.45373037e-16  -0.02757238622  0.9996199058  -0.02756889276
26  9  -1.531867712e-16  -0.01229762231  0.9999243852  -0.01229731235
26  10  1.135743245e-16  0.9653246668  0.5691499543  0.8222337439
26  11  2.16495907e-16  0.2706907017  0.9635864346  0.2673970512
26  12  7.940330214e-18  0.03661911835  0.999329595  0.03661093477
26  13  -4.662190799e-17  0.03059714654  0.9995319438  0.03059237267
26  14  -1.992226197e-16  0.03772853452  0.9992883633  0.03771958443
26  15  8.291981866e-17  1.21916292  0.3444317269  0.9388113684
26  16  -2.324095265e-16  -0.001547944817  0.9999988019  -0.001547944199
26  17  -6.622102007e-19  -0.02007382102  0.9997985276  -0.0200724729
26  18  -7.943384828e-17  -0.003519486806  0.9999938066  -0.00351947954
26  19  3.318312803e-17  -0.0215979381  0.9997667736  -0.02159625901
26  20  2.728383859e-16  -0.020121675  0.9997975659  -0.02012031721
26  21  2.852540536e-16  -0.01404622676  0.9999013534  -0.01404576489
26  22  6.592166171e-16  -0.01952634846  0.9998093669  -0.01952510766
26  23  1.960512802e-16  -0.03189303475  0.9994914603  -0.03188762827
26  24  -1.010042789e-16  -0.03077889381  0.9995263672  -0.03077403435
26  25  2.541565234e-16  -0.01497426472  0.9998878878  -0.01497370512
26  26  2.023147498e-16  -0.007623755822  0.9999709393  -0.007623681972
26  27  1.458961733e-16  -0.008665099965  0.9999624583  -0.008664991531
26  28  2.229018974e-16  -0.01783791962  0.9998409085  -0.01783697366
26  29  8.810237544e-17  -0.04761155181  0.9988667842  -0.04759356573
26  30  5.762166374e-17  -0.1418107426  0.9899616963  -0.1413359112
26  31  -6.449244256e-17  -0.2478269966  0.9694477433  -0.2452979269
26  32  -2.560334584e-16  -0.1088332952  0.9940835003  -0.108618573
26  33  -3.233434751e-17  -0.03150872104  0.9995036413  -0.03150350766
26  34  6.143369771e-17  -0.01222971491  0.999925218  -0.01222941005
26  35  2.216327249e-18  -0.007233002893  0.9999738419  -0.007232939826
26  36  2.216327249e-18  -0.007233002893  0.9999738419  -0.007232939826

27  0  7.008815761e-18  -0.007476233558  0.9999720531  -0.007476163912
27  1  -1.56204837e-16  -0.01138330746  0.9999352109  -0.01138306162
27  2  1.386027301e-16  -0.02321767935  0.9997304818  -0.02321559345
27  3  -1.256000923e-16  -0.0217514793  0.9997634459  -0.02174976414
27  4  -3.071111064e-17  -0.0131333  0.9999137595  -0.01313292246
27  5  1.182935086e-16  -0.01322700663  0.9999125244  -0.01322662095
27  6  2.108937038e-16  -0.01364384045  0.9999069243  -0.01364341714
27  7  9.74741354e-17  -0.009846331894  0.9999515253  -0.009846172794
27  8  -9.418955817e-18  0.3230157723  0.9482824418  0.3174278037
27  9  5.895551436e-17  -0.02757238621  0.9996199058  -0.02756889276
27  10  -3.676141113e-17  -0.02494799346  0.999688815  -0.0249454056
27  11  -3.470442185e-17  0.1587844869  0.9874202074  0.1581181015
27  12  -2.619172899e-16  0.2504593243  0.9687986809  0.2478489781
27  13  3.248201238e-17  0.1276884179  0.9918589043  0.1273417216
27  14  -9.972445663e-17  0.1752000234  0.9846916935  0.1743051025
27  15  7.371261127e-17  0.3322091717  0.9453241689  0.3261322059
27  16  -4.746669367e-17  0.005287465574  0.9999860214  0.005287440937
27  17  -6.445937772e-17  -0.03212600727  0.9994840042  -0.03212048145
27  18  -1.289252621e-16  0.2986073693  0.9557471131  0.2941894896
27  19  1.306806381e-16  0.001952375268  0.9999980941  0.001952374027
27  20  2.916213807e-17  -0.01632649636  0.9998667257  -0.01632577105
27  21  -1.269571684e-16  -0.0117351595  0.9999311438  -0.01173489016
27  22  2.058726191e-16  -0.01117615454  0.9999375474  -0.01117592188
27  23  -6.583580043e-17  -0.01453992155  0.9998942972  -0.01453940924
27  24  4.332631248e-18  -0.02538891894  0.9996777187  -0.02538619142
27  25  1.456017009e-16  -0.01854175037  0.9998281067  -0.01854068796
27  26  3.925697929e-16  -0.008665099965  0.9999624583  -0.008664991531
27  27  1.768244207e-16  -0.008110217151  0.9999671124  -0.008110128242
27  28  -3.013749377e-17  -0.01394556562  0.9999027622  -0.01394511361
27  29  -1.584432062e-16  -0.0297212055  0.9995583575  -0.02971682999
27  30  -1.399733869e-16  -0.08655267362  0.9962566551  -0.08644464781
27  31  -2.722392431e-16  -0.2718042248  0.9632880845  -0.2684698609
27  32  -2.452623067e-16  -0.188560184  0.9822751392  -0.1874447943
27  33  -3.216040809e-17  -0.05293862906  0.998599078  -0.05291390579
27  34  2.56853339e-16  -0.02133534816  0.9997724101  -0.02133372957
27  35  9.649640821e-17  -0.01077161905  0.9999419867  -0.01077141075
27  36  9.649640821e-17  -0.01077161905  0.9999419867  -0.01077141075

28  0  -5.28275611e-17  -0.01659448667  0.9998623147  -0.01659372505
28  1  2.366314021e-16  -0.01421479507  0.9998989715  -0.01421431637
28  2  8.690383624e-17  -0.02289272565  0.999737973  -0.02289072611
28  3  1.788811979e-16  -0.02612107714  0.9996588641  -0.02611810679
28  4  -3.026645846e-16  -0.0111480346  0.9999378613  -0.01114780369
28  5  1.391380658e-16  -0.000251387798  0.9999999684  -0.0002513877953
28  6  1.498692005e-16  0.08808011288  0.9961234541  0.0879662679
28  7  4.215795342e-16  0.001510669405  0.9999988589  0.001510668831
28  8  -4.56795371e-17  -0.009846331893  0.9999515253  -0.009846172793
28  9  5.512705055e-17  0.005275966653  0.9999860821  0.005275942176
28  10  3.823058138e-17  -0.23746155  0.9719382409  -0.2352361703
28  11  3.041516376e-16  -0.2200159292  0.975893973  -0.2182451683
28  12  2.390476653e-16  0.02266098745  0.9997432508  0.02265904802
28  13  -2.886872186e-16  0.1580979008  0.9875285363  0.1574401153
28  14  -2.510743279e-16  0.2243349529  0.9749422677  0.2224580288
28  15  1.745154857e-16  0.08023598947  0.9967828195  0.08014992645
28  16  4.96841287e-17  -0.02309559502  0.9997333086  -0.02309354185
28  17  -4.88824572e-17  -0.3574615361  0.9367880428  -0.3498973605
28  18  -1.466484661e-17  -0.06901232937  0.9976195942  -0.06895756156
28  19  -7.303339804e-17  -0.01366057433  0.9999066958  -0.01366014946
28  20  1.874236559e-16  -0.0150878409  0.9998861807  -0.01508726847
28  21  1.798967236e-16  0.01588159638  0.9998738901  0.01588092877
28  22  -3.375471356e-17  0.0812893175  0.9966978424  0.08119982108
28  23  -4.131202722e-16  -0.003317813891  0.9999944961  -0.003317807804
28  24  1.843323119e-16  -0.01714948512  0.9998529512  -0.01714864451
28  25  8.153525688e-17  -0.02818180022  0.9996029193  -0.02817806998
28  26  1.434332676e-16  -0.01783791962  0.9998409085  -0.01783697366
28  27  5.804924477e-17  -0.01394556562  0.9999027622  -0.01394511361
28  28  -3.668637694e-16  -0.01975595238  0.9998048575  -0.01975466728
28  29  -2.928682587e-19  -0.03309413167  0.9994524392  -0.0330880911
28  30  -4.711106298e-17  -0.0518841659  0.9986543186  -0.05186089063
28  31  -3.823084566e-16  -0.05666606853  0.9983949079  -0.0566357472
28  32  -1.447303944e-16  -0.05269261305  0.9986120654  -0.05266823283
28  33  -8.513931181e-17  -0.06057046581  0.9981661701  -0.06053343597
28  34  2.650941928e-16  -0.04504316967  0.9989857279  -0.04502793997
28  35  -9.002505277e-17  -0.02714259412  0.9996316624  -0.02713926149
28  36  -9.002505277e-17  -0.02714259412  0.9996316624  -0.02713926149

29  0  -1.639502489e-16  -0.04268719219  0.9990890402  -0.0426742293
29  1  -3.252794462e-17  -0.02993580675  0.9995519572  -0.02993133578
29  2  -1.644423841e-16  -0.03627145383  0.9993422629  -0.03626350112
29  3  -1.294999021e-16  -0.05375819847  0.998555376  -0.05373230919
29  4  -3.904421616e-16  -0.02522145137  0.9996819561  -0.02521877747
29  5  -2.912584733e-16  0.01691043405  0.999857022  0.0169096281
29  6  -1.517832957e-17  2.408705036  -0.7432456341  0.6690186301
29  7  1.011810832e-16  0.08808011288  0.9961234541  0.0879662679
29  8  -1.107009388e-16  -0.01364384045  0.9999069243  -0.01364341714
29  9  -2.514415494e-16  -0.02046186763  0.9997906633  -0.0204604398
29  10  4.149471672e-17  -0.03091991797  0.9995220174  -0.03091499141
29  11  7.388904216e-17  -0.1477386719  0.9891064782  -0.1472018165
29  12  5.416933938e-17  -0.3879820391  0.9256743815  -0.378321212
29  13  7.242433349e-17  -0.4022937026  0.920165362  -0.3915299561
29  14  -1.184454529e-16  -0.08753718545  0.9961710665  -0.08742543221
29  15  2.201729251e-16  -0.1326125982  0.9912198281  -0.1322242501
29  16  7.739299231e-17  -0.6371018157  0.8038231693  -0.5948683152
29  17  -1.719586304e-17  -0.25710221  0.9671308851  -0.2542790812
29  18  -1.454822694e-16  -0.03385229782  0.9994270657  -0.03384583252
29  19  9.162586549e-17  -0.02746675261  0.9996228125  -0.02746329915
29  20  -1.46349434e-16  -0.01900466832  0.9998194167  -0.01900352433
29  21  -1.079317111e-16  0.001965741986  0.9999980679  0.00196574072
29  22  3.181748535e-17  2.252299734  -0.629961321  0.7766265087
29  23  -3.039986599e-17  0.2516285659  0.9685082234  0.2489815682
29  24  6.156480455e-17  -0.006900404569  0.9999761923  -0.006900349808
29  25  -1.336259939e-16  -0.04123579994  0.9991499249  -0.04122411477
29  26  5.462110294e-17  -0.04761155181  0.9988667842  -0.04759356573
29  27  -1.804648588e-16  -0.02972120551  0.9995583575  -0.02971682999
29  28  -1.850349737e-16  -0.03309413167  0.9994524392  -0.0330880911
29  29  2.478622411e-16  -0.05084514852  0.9987076639  -0.05082324362
29  30  1.997102041e-16  -0.06788642845  0.9976966012  -0.06783429727
29  31  -1.653169618e-16  -0.02921576767  0.9995732498  -0.02921161161
29  32  -3.365593094e-16  0.04018002538  0.9991928914  0.04016921492
29  33  2.046716548e-16  0.008814166898  0.9999611555  0.00881405277
29  34  2.234867679e-16  -0.05683044954  0.9983855846  -0.05679986359
29  35  2.665059721e-16  -0.06398073749  0.9979539307  -0.06393709519
29  36  2.665059721e-16  -0.06398073749  0.9979539307  -0.06393709519

30  0  1.135794757e-16  -0.07673210108  0.9970575365  -0.07665682583
30  1  5.380808384e-17  -0.05854192116  0.9982869111  -0.05850848816
30  2  -1.703116787e-16  -0.05999422653  0.9982008861  -0.0599582434
30  3  -2.266270397e-18  -0.1311072417  0.9914177496  -0.1307319616
30  4  2.896545125e-16  -0.1066005712  0.9943235376  -0.10639879
30  5  -7.359620676e-17  -0.01945773199  0.9998107043  -0.01945650422
30  6  -6.478478567e-17  0.01691043405  0.999857022  0.0169096281
30  7  2.369208705e-17  -0.0002513877979  0.9999999684  -0.0002513877953
30  8  -2.569247021e-16  -0.01322700663  0.9999125244  -0.01322662095
30  9  -8.675150221e-17  -0.01629140894  0.9998672979  -0.0162906883
30  10  -1.668974452e-16  -0.04009726788  0.9991962123  -0.04008652407
30  11  -4.211949978e-17  -0.06214714971  0.9980694874  -0.06210715261
30  12  -6.60555368e-17  -0.03111069106  0.9995161015  -0.03110567276
30  13  -1.499168164e-18  -0.07371829235  0.997284037  -0.07365154153
30  14  -4.428110205e-16  -0.6071258395  0.8212911432  -0.5705092972
30  15  -2.60258079e-16  -1.314375136  0.2536203876  -0.9673038297
30  16  -3.865904687e-16  -0.1652156326  0.9863829142  -0.1644650312
30  17  4.420995126e-17  -0.01902679906  0.9998189959  -0.01902565107
30  18  -3.750757433e-17  -0.04154110865  0.9991372922  -0.04152916202
30  19  3.013164517e-16  -0.06572209689  0.9978410803  -0.06567479384
30  20  -1.063566892e-16  -0.02766099755  0.999617459  -0.02765747031
30  21  8.835442761e-17  -0.01326572131  0.9999120116  -0.01326533223
30  22  2.426880101e-17  -0.006316900513  0.9999800485  -0.006316858503
30  23  -4.780235969e-17  0.01368255764  0.9999063953  0.01368213072
30  24  -8.489040732e-17  -0.006815264987  0.9999767762  -0.006815212229
30  25  -6.286364608e-17  -0.05542214539  0.998464586  -0.05539377717
30  26  1.0179924e-17  -0.1418107426  0.9899616963  -0.1413359112
30  27  -6.718185664e-17  -0.08655267362  0.9962566551  -0.08644464781
30  28  8.086068023e-17  -0.0518841659  0.9986543186  -0.05186089063
30  29  -1.553363919e-16  -0.06788642845  0.9976966012  -0.06783429727
30  30  -1.356206638e-16  -0.0763478757  0.9970869164  -0.07627372537
30  31  -1.727778435e-16  -0.02168939909  0.9997647942  -0.02168769857
30  32  7.530125629e-18  0.01997645605  0.9998004772  0.01997512744
30  33  3.83955177e-16  0.02235595164  0.9997501161  0.02235408947
30  34  -1.936353705e-16  0.0008145418296  0.9999996683  0.0008145417395
30  35  -3.070010386e-16  -0.05500780358  0.9984874522  -0.0549800668
30  36  -3.070010386e-16  -0.05500780358  0.9984874522  -0.0549800668

31  0  1.316421695e-16  -0.01848448217  0.9998291668  -0.01848342957
31  1  -1.704125952e-16  -0.03235771768  0.9994765347  -0.03235207144
31  2  -1.130019502e-16  -0.0396135392  0.9992154864  -0.03960317953
31  3  8.565074661e-17  -0.1580973397  0.9875286247  -0.1574395612
31  4  -6.671097071e-17  -0.3203675365  0.9491197393  -0.3149154181
31  5  6.879778032e-17  -0.1066005712  0.9943235376  -0.10639879
31  6  -1.010456127e-16  -0.02522145137  0.9996819561  -0.02521877747
31  7  3.584639823e-16  -0.0111480346  0.9999378613  -0.01114780369
31  8  3.252190576e-17  -0.0131333  0.9999137595  -0.01313292246
31  9  -5.225261393e-17  -0.01702995297  0.9998549939  -0.01702912981
31  10  -1.427089123e-18  -0.03278712712  0.9994625503  -0.03278125309
31  11  6.12056044e-18  -0.1938189142  0.9812758401  -0.1926076987
31  12  -1.875565631e-16  -2.140992264  -0.5397969977  -0.8417952253
31  13  4.138206746e-16  -0.2034186142  0.9793816784  -0.2020186328
31  14  5.947672645e-17  0.1354393793  0.9908420994  0.1350256796
31  15  2.223133282e-17  0.2274719143  0.9742396297  0.2255152855
31  16  -5.010001906e-17  0.1625716027  0.9868143164  0.1618564334
31  17  8.509305563e-17  0.05183926222  0.9986566463  0.05181604732
31  18  -1.176309007e-16  -0.5775721128  0.8377907236  -0.5459914866
31  19  1.951648273e-16  -1.930821131  -0.3522974473  -0.9358880855
31  20  -1.118278385e-16  -0.06621916568  0.9978083121  -0.06617078136
31  21  9.750146914e-17  -0.02005872658  0.9997988305  -0.0200573815
31  22  3.362744879e-17  -0.01419859542  0.9998992016  -0.01419811836
31  23  -1.164918537e-16  -0.01134047207  0.9999356975  -0.011340229
31  24  7.439994925e-17  -0.01795850169  0.9998387504  -0.01795753641
31  25  1.701628483e-16  -0.06110072519  0.9981339313  -0.06106271441
31  26  -1.034656649e-16  -0.2478269966  0.9694477433  -0.2452979269
31  27  -2.082380407e-16  -0.2718042248  0.9632880845  -0.2684698609
31  28  -1.168464914e-16  -0.05666606853  0.9983949079  -0.0566357472
31  29  -1.48762749e-16  -0.02921576767  0.9995732498  -0.02921161161
31  30  2.417187636e-17  -0.02168939909  0.9997647942  -0.02168769857
31  31  1.740872024e-16  -0.003301232876  0.9999945509  -0.003301226879
31  32  1.277260147e-18  -0.01318561284  0.9999130711  -0.01318523076
31  33  1.722438838e-16  -0.03004213764  0.9995487689  -0.03003761886
31  34  -5.938707068e-17  -0.02352591325  0.9997232785  -0.02352374317
31  35  -1.610201108e-16  -0.008588231661  0.9999631214  -0.008588126086
31  36  -1.610201108e-16  -0.008588231661  0.9999631214  -0.008588126086

32  0  3.944715417e-16  -0.03317330513  0.9994498164  -0.0331672211
32  1  7.914680712e-18  -0.0005779224202  0.999999833  -0.000577922388
32  2  -8.384782209e-17  0.02483413111  0.9996916488  0.02483157851
32  3  1.860606593e-16  -0.004274225235  0.9999908655  -0.00427421222
32  4  -8.930752095e-19  -0.1580973397  0.9875286247  -0.1574395612
32  5  -1.929181321e-17  -0.1311072417  0.9914177496  -0.1307319616
32  6  3.998870693e-16  -0.05375819848  0.998555376  -0.05373230919
32  7  1.515606695e-16  -0.02612107714  0.9996588641  -0.02611810679
32  8  8.868369662e-17  -0.0217514793  0.9997634459  -0.02174976414
32  9  2.750977511e-16  -0.02839184206  0.9995969787  -0.02838802779
32  10  -3.782478297e-17  -0.04150357858  0.9991388501  -0.04149166429
32  11  8.492837798e-17  -0.07623031026  0.9970958766  -0.07615650189
32  12  1.108515629e-16  -0.241043723  0.9710893501  -0.2387163045
32  13  1.633255499e-16  -0.1033119052  0.9946680701  -0.1031282226
32  14  2.360433619e-16  0.01141702278  0.9999348265  0.01141677475
32  15  -1.314648981e-16  0.01827054606  0.9998330982  0.01826952958
32  16  9.943087439e-17  0.01657016264  0.999862718  0.01656940438
32  17  1.065503124e-16  0.01659740911  0.9998622662  0.0165966471
32  18  5.294928975e-17  -0.05466449346  0.9985062686  -0.05463727273
32  19  -4.838179193e-17  -0.2409020598  0.9711231577  -0.2385787345
32  20  1.385649828e-16  -0.09661197612  0.995336692  -0.09646175224
32  21  8.075797304e-17  -0.04977770563  0.9987613458  -0.04975715148
32  22  -7.271716726e-17  -0.0332306668  0.9994479122  -0.03322455116
32  23  1.177089438e-16  -0.02447071057  0.9997006071  -0.0244682684
32  24  8.57793486e-17  -0.02455348035  0.9996985784  -0.02455101331
32  25  -1.503972849e-16  -0.04294444228  0.9990780291  -0.04293124363
32  26  1.52231654e-16  -0.1088332952  0.9940835003  -0.108618573
32  27  8.582845879e-17  -0.188560184  0.9822751392  -0.1874447943
32  28  3.603506337e-17  -0.05269261305  0.9986120654  -0.05266823283
32  29  -1.95904038e-16  0.04018002538  0.9991928914  0.04016921492
32  30  -1.30418504e-16  0.01997645605  0.9998004772  0.01997512744
32  31  3.423826754e-17  -0.01318561284  0.9999130711  -0.01318523076
32  32  2.464857696e-16  -0.05247137981  0.998623693  -0.05244730536
32  33  8.510077325e-17  -0.08751539393  0.9961729714  -0.08740372412
32  34  -9.079084732e-17  -0.08329831683  0.9965327008  -0.08320202116
32  35  1.083439015e-16  -0.06351677066  0.997983488  -0.06347407081
32  36  1.083439015e-16  -0.06351677066  0.997983488  -0.06347407081

33  0  -5.806603996e-17  -0.06358129346  0.9979793904  -0.06353846337
33  1  1.401866914e-17  -0.06751222882  0.997721915  -0.06746095483
33  2  4.015664122e-16  -0.004714651228  0.9999888861  -0.004714633762
33  3  1.704683866e-16  0.02483413111  0.9996916488  0.02483157851
33  4  -2.321309244e-16  -0.0396135392  0.9992154864  -0.03960317953
33  5  3.762980719e-17  -0.05999422654  0.9982008861  -0.0599582434
33  6  4.527156974e-16  -0.03627145383  0.9993422629  -0.03626350112
33  7  1.532041315e-16  -0.02289272565  0.999737973  -0.02289072611
33  8  2.996441661e-17  -0.02321767935  0.9997304818  -0.02321559345
33  9  -1.578461845e-16  -0.03428720718  0.9994122513  -0.03428048949
33  10  -1.190335452e-16  -0.05138411185  0.998680127  -0.05136150303
33  11  -9.689820089e-17  -0.06652330727  0.9977881407  -0.0664742533
33  12  -3.112177421e-16  -0.06146925808  0.9981113599  -0.06143055544
33  13  -1.214651619e-16  -0.02544232031  0.9996763616  -0.02543957554
33  14  9.769248838e-17  -0.003616437681  0.9999934607  -0.003616429798
33  15  1.326280432e-16  0.0008669635392  0.9999996242  0.0008669634306
33  16  -1.131944712e-16  0.001785918491  0.9999984052  0.001785917542
33  17  -8.781373651e-17  0.00134005507  0.9999991021  0.001340054669
33  18  1.767326044e-16  -0.0007668664342  0.999999706  -0.0007668663591
33  19  -7.659611524e-18  -0.01301857746  0.9999152595  -0.01301820973
33  20  -2.712474871e-16  -0.04459640947  0.9990057449  -0.04458162842
33  21  8.468224982e-17  -0.0633545099  0.9979937742  -0.06331213641
33  22  3.078853146e-16  -0.05782511271  0.998328594  -0.05779289271
33  23  9.511429933e-17  -0.04382881812  0.9990396711  -0.0438147872
33  24  -9.356357142e-17  -0.03050232264  0.9995348402  -0.03049759301
33  25  -6.582432623e-17  -0.02444296384  0.9997012856  -0.02444052997
33  26  5.364158481e-17  -0.03150872104  0.9995036413  -0.03150350766
33  27  2.319770877e-16  -0.05293862906  0.998599078  -0.05291390579
33  28  7.819632007e-18  -0.06057046581  0.9981661701  -0.06053343597
33  29  -1.91599348e-16  0.008814166898  0.9999611555  0.00881405277
33  30  3.472808008e-16  0.02235595164  0.9997501161  0.02235408947
33  31  1.002583026e-16  -0.03004213764  0.9995487689  -0.03003761886
33  32  2.616692913e-16  -0.08751539394  0.9961729714  -0.08740372412
33  33  9.43124096e-17  -0.05260042543  0.9986169166  -0.05257617293
33  34  -1.764944276e-16  0.06600399085  0.9978225273  0.06595607659
33  35  2.690392886e-16  0.05934122265  0.9982398263  0.05930640161
33  36  2.690392886e-16  0.05934122265  0.9982398263  0.05930640161

34  0  -6.613230597e-17  0.1165274471  0.993218356  0.1162639119
34  1  6.916555062e-17  -0.05270144816  0.9986116001  -0.05267705568
34  2  3.596104182e-16  -0.06751222882  0.997721915  -0.06746095483
34  3  3.213691302e-17  -0.0005779224191  0.999999833  -0.0005779223869
34  4  9.697395809e-18  -0.03235771768  0.9994765347  -0.03235207144
34  5  -1.038842749e-16  -0.05854192116  0.9982869111  -0.05850848817
34  6  7.962269335e-17  -0.02993580675  0.9995519572  -0.02993133578
34  7  1.704791488e-16  -0.01421479507  0.9998989715  -0.01421431637
34  8  -3.065122398e-16  -0.01138330746  0.9999352109  -0.01138306162
34  9  -1.518255167e-17  -0.02061281961  0.9997875634  -0.02061135995
34  10  -1.340763378e-16  -0.03980469767  0.9992078976  -0.03979418731
34  11  -3.988234086e-17  -0.05127784511  0.9986855794  -0.05125537626
34  12  -2.163602108e-16  -0.04247944833  0.9990978839  -0.04246667376
34  13  -2.2143845e-16  -0.02446688649  0.9997007007  -0.02446444547
34  14  5.147362989e-17  -0.009629888643  0.999953633  -0.009629739806
34  15  1.506272718e-16  -0.0002292126895  0.9999999737  -0.0002292126874
34  16  -9.908999649e-17  0.00940646036  0.9999557596  0.009406321645
34  17  -1.889111267e-16  0.01316330128  0.999913365  0.01316292114
34  18  -1.537646928e-16  0.005286432697  0.9999860268  0.005286408075
34  19  1.102625108e-16  -0.003625487363  0.9999934279  -0.003625479421
34  20  2.098528558e-16  -0.01536344914  0.9998819845  -0.01536284476
34  21  3.441242846e-16  -0.03331833423  0.9994449956  -0.03331217006
34  22  1.168737044e-17  -0.04715894956  0.9988882228  -0.04714147152
34  23  3.819164123e-17  -0.04877992629  0.9988104953  -0.04876058344
34  24  6.510214638e-17  -0.03191546476  0.9994907448  -0.03191004687
34  25  -4.269220828e-17  -0.01566031946  0.9998773797  -0.01565967937
34  26  -7.256356236e-17  -0.01222971491  0.999925218  -0.01222941005
34  27  2.399411844e-16  -0.02133534816  0.9997724101  -0.02133372957
34  28  -1.520445911e-16  -0.04504316967  0.9989857279  -0.04502793997
34  29  -1.350921048e-16  -0.05683044954  0.9983855846  -0.05679986359
34  30  6.059107951e-17  0.0008145418293  0.9999996683  0.0008145417393
34  31  -3.74220786e-18  -0.02352591325  0.9997232785  -0.02352374317
34  32  3.481928775e-16  -0.08329831683  0.9965327008  -0.08320202116
34  33  -1.216929829e-16  0.06600399085  0.9978225273  0.06595607659
34  34  -2.486057788e-16  0.06177202348  0.9980927152  0.0617327462
34  35  -5.018050586e-17  0.03525728447  0.9993785263  0.03524998034
34  36  -5.018050586e-17  0.03525728447  0.9993785263  0.03524998034

35  0  -2.545876396e-17  -0.2554909021  0.9675393513  -0.2527204062
35  1  2.363961774e-16  0.1165274471  0.993218356  0.1162639119
35  2  2.116395076e-16  -0.06358129347  0.9979793904  -0.06353846338
35  3  -1.471356271e-16  -0.03317330513  0.9994498164  -0.03316722111
35  4  2.682160894e-16  -0.01848448216  0.9998291668  -0.01848342957
35  5  6.022165596e-18  -0.07673210108  0.9970575365  -0.07665682584
35  6  -9.899299489e-17  -0.04268719219  0.9990890402  -0.0426742293
35  7  -2.333609052e-18  -0.01659448667  0.9998623147  -0.01659372505
35  8  -3.68028843e-17  -0.007476233557  0.9999720531  -0.007476163911
35  9  -9.646875694e-17  -0.00926515564  0.9999570788  -0.009265023083
35  10  -2.978051492e-16  -0.02318631081  0.9997312095  -0.02318423336
35  11  2.503277267e-17  -0.03626615094  0.9993424552  -0.03625820172
35  12  1.773029134e-16  -0.0193376782  0.9998130329  -0.01933647301
35  13  9.208741486e-17  -0.07335131337  0.9973109984  -0.07328555431
35  14  -9.617639288e-17  -1.081377242  0.4701132479  -0.8826061036
35  15  2.402999372e-16  -0.07428851815  0.9972418768  -0.07422020662
35  16  5.724899606e-16  0.06199589537  0.9980788699  0.06195618955
35  17  1.818842945e-16  0.08990819282  0.9959609803  0.08978711321
35  18  -2.421624746e-16  0.08015576685  0.9967892461  0.08006996166
35  19  2.484824838e-17  0.04001581847  0.999199474  0.04000514
35  20  -9.069780691e-17  -0.1545320821  0.9880836598  -0.1539177741
35  21  -6.549353137e-18  -1.051886325  0.4959339215  -0.8683602625
35  22  -5.261278526e-17  -0.03458597587  0.9994019648  -0.03457908105
35  23  -1.844144636e-16  -0.03003628353  0.9995489447  -0.03003176738
35  24  2.066411268e-16  -0.03315557823  0.9994504042  -0.03314950395
35  25  1.717415878e-16  -0.01523140244  0.9998840044  -0.01523081351
35  26  2.891519132e-16  -0.007233002893  0.9999738419  -0.007232939826
35  27  1.753488768e-16  -0.01077161905  0.9999419867  -0.01077141075
35  28  -1.11943756e-16  -0.02714259412  0.9996316624  -0.02713926149
35  29  -2.161472484e-16  -0.06398073749  0.9979539307  -0.06393709519
35  30  1.813300736e-16  -0.05500780358  0.9984874522  -0.0549800668
35  31  1.888954725e-16  -0.008588231661  0.9999631214  -0.008588126087
35  32  -5.955082646e-17  -0.06351677066  0.997983488  -0.06347407081
35  33  7.930546439e-18  0.05934122265  0.9982398263  0.05930640161
35  34  2.554151889e-16  0.03525728446  0.9993785263  0.03524998034
35  35  -2.626275997e-16  -0.5197243494  0.867956112  -0.4966409041
35  36  -2.626275997e-16  -0.5197243494  0.867956112  -0.4966409041

36  0  -2.545876396e-17  -0.2554909021  0.867956112  -0.4966409041
36  1  6.916555062e-17  -0.05270144816  0.867956112  -0.4966409041
36  2  4.015664122e-16  -0.004714651228  0.867956112  -0.4966409041
36  3  1.860606593e-16  -0.004274225235  0.867956112  -0.4966409041
36  4  -6.671097071e-17  -0.3203675365  0.867956112  -0.4966409041
36  5  -7.359620676e-17  -0.01945773199  0.867956112  -0.4966409041
36  6  -1.517832957e-17  2.408705036  0.867956112  -0.4966409041
36  7  4.215795342e-16  0.001510669405  0.867956112  -0.4966409041
36  8  -9.418955817e-18  0.3230157723  0.867956112  -0.4966409041
36  9  -1.531867712e-16  -0.01229762231  0.867956112  -0.4966409041
36  10  -5.060918866e-17  1.463348196  0.867956112  -0.4966409041
36  11  2.634285441e-17  0.1142637622  0.867956112  -0.4966409041
36  12  -1.003051688e-16  0.1067242556  0.867956112  -0.4966409041
36  13  8.043928146e-17  0.03694355311  0.867956112  -0.4966409041
36  14  3.384667137e-17  0.1365103254  0.867956112  -0.4966409041
36  15  2.86547665e-16  -0.6449427025  0.867956112  -0.4966409041
36  16  -1.717218652e-16  0.0031491113  0.867956112  -0.4966409041
36  17  -1.806003934e-16  0.04576113222  0.867956112  -0.4966409041
36  18  -1.145464536e-16  0.04576113222  0.867956112  -0.4966409041
36  19  -3.71406706e-16  0.0031491113  0.867956112  -0.4966409041
36  20  1.047819819e-16  -0.6449427025  0.867956112  -0.4966409041
36  21  2.790974456e-16  0.1365103254  0.867956112  -0.4966409041
36  22  -1.580027493e-16  0.03694355311  0.867956112  -0.4966409041
36  23  9.955123386e-19  0.1067242556  0.867956112  -0.4966409041
36  24  2.559408727e-16  0.1142637622  0.867956112  -0.4966409041
36  25  1.794554393e-16  1.463348196  0.867956112  -0.4966409041
36  26  2.169736656e-16  -0.01229762231  0.867956112  -0.4966409041
36  27  -3.619367826e-17  0.3230157723  0.867956112  -0.4966409041
36  28  1.453552932e-17  0.001510669405  0.867956112  -0.4966409041
36  29  2.693166523e-16  2.408705036  0.867956112  -0.4966409041
36  30  -2.218851659e-16  -0.01945773199  0.867956112  -0.4966409041
36  31  7.168970292e-17  -0.3203675365  0.867956112  -0.4966409041
36  32  -2.981009195e-16  -0.004274225235  0.867956112  -0.4966409041
36  33  2.675030326e-16  -0.004714651228  0.867956112  -0.4966409041
36  34  1.858078454e-16  -0.05270144816  0.867956112  -0.4966409041
36  35  9.41254619e-17  -0.2554909021  0.867956112  -0.4966409041
36  36  9.41254619e-17  -0.2554909021  0.867956112  -0.4966409041

#Chern no*2pi*Iota= 8.572519837e-17  -50.26548246
