#nx  ny  tilde_F(nx,ny).real()  tilde_F(nx,ny).imag()  ArgofLog.real()  ArgofLog.imag()
#Extra momentum point for pm3d corners2color c1
0  0  -3.495495029e-16  -0.6691040503  0.7843777234  -0.6202834731
0  1  -9.919208308e-17  -0.05635176394  0.9984126595  -0.05632194431
0  2  7.300050814e-17  -0.001565600424  0.9999987744  -0.001565599784
0  3  1.410745802e-16  0.8060013922  0.6923890535  0.7215243576
0  4  9.806557016e-17  0.04759518429  0.998867563  0.04757721675
0  5  -1.703589231e-17  -0.005856507787  0.9999828507  -0.005856474308
0  6  7.799641317e-17  0.07400129335  0.9972631536  0.07393377096
0  7  -4.264252904e-17  0.01701053107  0.9998553244  0.01700971072
0  8  -1.197588711e-16  0.2024705536  0.9795727641  0.201090029
0  9  -2.127135089e-16  0.9830906774  0.554453091  0.8322149782
0  10  -2.062088684e-16  0.01169280068  0.99993164  0.01169253424
0  11  -1.063707477e-17  -0.002787132181  0.9999961159  -0.002787128572
0  12  1.002268879e-16  -0.1876738657  0.9824408891  -0.1865741124
0  13  -1.470138863e-16  -0.4287870156  0.9094707386  -0.4157679348
0  14  -1.269213996e-16  -0.01495670198  0.9998881506  -0.01495614434
0  15  4.253051286e-17  -0.005788970435  0.999983244  -0.005788938102
0  16  2.673848437e-16  -0.004165230182  0.9999913254  -0.004165218138
0  17  2.935824144e-16  -0.003617847761  0.9999934556  -0.003617839869
0  18  -6.490740233e-17  -0.003527637644  0.9999937779  -0.003527630327
0  19  -3.000971294e-17  -0.003828789021  0.9999926702  -0.003828779666
0  20  -8.101271385e-17  -0.004769352049  0.9999886267  -0.004769333968
0  21  3.868675424e-16  -0.008021589566  0.9999678272  -0.008021503541
0  22  1.387413815e-16  -0.05945810745  0.9982328874  -0.05942308026
0  23  -2.099117354e-16  -0.5588485303  0.847866194  -0.5302102574
0  24  -6.699799727e-17  -0.01020093107  0.999947971  -0.01020075415
0  25  -1.188538606e-16  0.0005944704984  0.9999998233  0.0005944704634
0  26  -2.555214088e-17  0.363680505  0.9345939406  0.3557164125
0  27  -1.198073934e-16  0.8153838225  0.6855890255  0.7279887967
0  28  6.513922293e-17  0.02557531499  0.9996729695  0.02557252696
0  29  5.331883145e-17  0.07262366596  0.9973640604  0.07255984421
0  30  9.56927112e-17  0.005853495581  0.9999828683  0.005853462155
0  31  -1.481651901e-17  0.001810536148  0.999998361  0.001810535159
0  32  -4.051842723e-17  0.7151794533  0.7549755763  0.6557529101
0  33  2.983383198e-17  0.1376966649  0.9905347838  0.1372619473
0  34  -5.862111842e-18  -0.0215674917  0.9997674307  -0.0215658197
0  35  3.360741232e-16  -0.3740384454  0.9308593827  -0.365377626
0  36  3.360741232e-16  -0.3740384454  0.9308593827  -0.365377626

1  0  -2.532357485e-16  -0.05635176394  0.9984126595  -0.05632194431
1  1  -1.27951302e-16  -0.03373068742  0.9994311743  -0.03372429155
1  2  -1.473166093e-16  -0.006454180904  0.9999791718  -0.006454136094
1  3  2.771837282e-16  0.2305873917  0.9735323149  0.2285494077
1  4  4.947226479e-17  0.09745644704  0.9952548779  0.09730225065
1  5  -6.24800803e-17  -0.003472685008  0.9999939702  -0.003472678028
1  6  -2.167744205e-16  -0.05249846657  0.998622272  -0.05247435482
1  7  -1.932569803e-17  0.01163409778  0.9999323246  0.01163383534
1  8  2.662425824e-16  0.02309526862  0.9997333161  0.02309321553
1  9  4.099831786e-17  0.1295269739  0.9916231031  0.1291650935
1  10  2.24151549e-17  0.02553714204  0.9996739449  0.02553436647
1  11  -6.258405622e-17  -0.001447334875  0.9999989526  -0.00144733437
1  12  1.121040104e-16  -0.008683102556  0.9999623021  -0.008682993444
1  13  4.627459985e-16  -0.2374083775  0.9719507477  -0.2351844896
1  14  1.368390582e-16  -0.09090539763  0.995870949  -0.09078024548
1  15  -2.720027188e-16  -0.007414169672  0.9999725152  -0.007414101747
1  16  -1.531374957e-17  -0.003839688432  0.9999926284  -0.003839678997
1  17  -1.341516808e-16  -0.003020933003  0.999995437  -0.003020928408
1  18  -9.552691533e-17  -0.002782398244  0.9999961291  -0.002782394654
1  19  1.144243711e-18  -0.002872539585  0.9999958743  -0.002872535634
1  20  1.446444887e-16  -0.003367238403  0.9999943309  -0.00336723204
1  21  2.160363988e-16  -0.004967320764  0.9999876629  -0.004967300337
1  22  1.084201334e-16  -0.01630676574  0.9998670476  -0.01630604306
1  23  2.276999711e-16  -0.2885935289  0.9586451111  -0.2846042004
1  24  5.570650641e-17  -0.0343044576  0.9994116598  -0.03429772978
1  25  6.024369146e-17  -0.003178699491  0.9999949479  -0.003178694138
1  26  -1.166872861e-16  0.006488485047  0.9999789499  0.006488439519
1  27  1.362597541e-16  0.1125027136  0.9936782417  0.1122655418
1  28  -4.682932754e-18  0.05261012904  0.9986164063  0.05258586312
1  29  7.99047703e-17  0.01290739509  0.9999167007  0.0129070367
1  30  1.327794889e-16  0.0140155189  0.9999017842  0.01401506005
1  31  1.731018614e-17  -0.06378445923  0.997966461  -0.0637412173
1  32  1.301394868e-16  0.01876615378  0.9998239209  0.01876505232
1  33  7.277511928e-17  0.2750770184  0.9624042807  0.2716210606
1  34  -7.757335059e-17  0.03133702509  0.9995090356  0.03133189646
1  35  9.690866815e-17  -0.0215674917  0.9997674307  -0.0215658197
1  36  9.690866815e-17  -0.0215674917  0.9997674307  -0.0215658197

2  0  2.665356739e-17  -0.001565600424  0.9999987744  -0.001565599784
2  1  -1.170674794e-16  -0.006454180904  0.9999791718  -0.006454136094
2  2  1.97045325e-16  0.006273095136  0.9999803242  0.006273053993
2  3  7.198547991e-17  0.3320584511  0.945373313  0.3259897224
2  4  2.854739646e-16  0.09999813581  0.9950043514  0.09983156177
2  5  7.740875088e-17  -0.002832345239  0.9999959889  -0.002832341452
2  6  3.144232905e-16  -0.4662005234  0.8932825796  -0.4494955318
2  7  -8.544049892e-17  -0.008688257314  0.9999622573  -0.008688148008
2  8  6.840627797e-17  0.01070039802  0.9999427513  0.01070019383
2  9  2.988277214e-17  0.03211401943  0.9994843892  0.03210849979
2  10  -1.613028051e-16  0.0183143242  0.9998322975  0.01831330041
2  11  -1.195042162e-16  -0.001982747688  0.9999980344  -0.001982746389
2  12  1.22439428e-16  -0.004467419356  0.9999900211  -0.004467404496
2  13  4.509520637e-16  -0.01412286345  0.999900274  -0.01412239397
2  14  6.947307979e-17  -0.08723877649  0.9961971107  -0.08712816196
2  15  1.307920702e-16  -0.01735894756  0.9998493373  -0.01735807577
2  16  1.761568967e-16  -0.002821497721  0.9999960196  -0.002821493977
2  17  -1.728565836e-16  -0.00176708027  0.9999984387  -0.001767079351
2  18  1.595309628e-16  -0.001513789927  0.9999988542  -0.001513789349
2  19  2.67228663e-16  -0.001488486402  0.9999988922  -0.001488485853
2  20  -3.975686612e-17  -0.001660891563  0.9999986207  -0.0016608908
2  21  7.597167887e-17  -0.002269954926  0.9999974237  -0.002269952977
2  22  -2.117539442e-17  -0.005816106058  0.9999830865  -0.005816073268
2  23  -1.732610774e-17  -0.07506152006  0.9971842065  -0.07499105425
2  24  2.719914946e-17  -0.03627108415  0.9993422763  -0.03626313168
2  25  6.39543727e-18  -0.004963379198  0.9999876825  -0.004963358819
2  26  -2.893484819e-16  -0.003413344008  0.9999941745  -0.00341333738
2  27  -1.69484464e-16  0.007110840144  0.9999747181  0.007110780218
2  28  -1.907643769e-16  0.03286375131  0.9994600355  0.03285783601
2  29  -1.129596331e-16  0.01684371974  0.9998581479  0.01684292329
2  30  -1.931938663e-17  0.007144311369  0.9999744795  0.007144250594
2  31  1.967667531e-16  -0.2951485164  0.9567589521  -0.2908819477
2  32  -3.187368022e-16  -0.1851396771  0.9829105479  -0.1840838254
2  33  -2.757295506e-16  0.02152394086  0.9997683689  0.02152227896
2  34  -1.314713333e-16  0.2750770184  0.9624042807  0.2716210606
2  35  -3.946808618e-18  0.1376966649  0.9905347838  0.1372619473
2  36  -3.946808618e-18  0.1376966649  0.9905347838  0.1372619473

3  0  1.460210335e-16  0.8060013922  0.6923890534  0.7215243576
3  1  2.705222097e-17  0.2305873917  0.9735323149  0.2285494077
3  2  5.270028046e-17  0.3320584511  0.945373313  0.3259897224
3  3  8.012024006e-17  1.34288255  0.2259457438  0.9741398877
3  4  2.062195494e-17  0.06361594088  0.9979771884  0.06357304074
3  5  -1.112800493e-17  -0.003048443554  0.9999953535  -0.003048438833
3  6  -8.503516935e-17  -1.288072185  0.2789726712  -0.9602990413
3  7  -1.53883367e-16  -0.03253320364  0.999470842  -0.03252746503
3  8  -1.187072551e-16  0.007534076943  0.999971619  0.007534005668
3  9  -1.061553084e-16  0.01493917689  0.9998884126  0.01493862121
3  10  4.643322928e-17  0.009464515511  0.9999552118  0.009464374211
3  11  -2.896512125e-17  -0.004316931024  0.9999906821  -0.004316917616
3  12  3.869715704e-17  -0.006588287473  0.9999782973  -0.006588239812
3  13  1.274407961e-16  -0.005735612615  0.9999835514  -0.005735581168
3  14  -2.225550565e-17  -0.01005764437  0.9999494223  -0.0100574748
3  15  -1.596237578e-16  -0.01012838241  0.9999487084  -0.01012820924
3  16  1.627149551e-16  0.003248966749  0.9999947221  0.003248961033
3  17  1.074997838e-16  0.0008095749548  0.9999996723  0.0008095748664
3  18  2.751696778e-16  0.0003050329127  0.9999999535  0.0003050329079
3  19  1.110470053e-16  0.0001867907027  0.9999999826  0.0001867907016
3  20  -3.50106383e-16  0.0001729850017  0.999999985  0.0001729850008
3  21  1.07868766e-16  0.0002516113556  0.9999999683  0.000251611353
3  22  -1.04112344e-16  0.0005267829273  0.9999998612  0.000526782903
3  23  -9.671447258e-17  -0.003301974396  0.9999945485  -0.003301968396
3  24  1.76273379e-16  -0.01061664831  0.9999436439  -0.01061644887
3  25  -1.272512985e-16  -0.005220128597  0.9999863752  -0.005220104889
3  26  -2.286426857e-16  -0.005889195477  0.9999826587  -0.005889161435
3  27  1.891792233e-16  -0.005913419846  0.9999825158  -0.005913385382
3  28  -3.542198597e-17  0.002553739724  0.9999967392  0.002553736948
3  29  -1.135666078e-16  0.01447777151  0.9998951989  0.01447726574
3  30  -2.137108725e-16  0.01008688424  0.9999491278  0.01008671319
3  31  -1.066300447e-16  0.002034001312  0.9999979314  0.00203399991
3  32  8.714784151e-17  -1.136537305  0.4207383152  -0.9071820491
3  33  -2.386725178e-16  -0.1851396771  0.9829105479  -0.1840838254
3  34  -7.115438104e-17  0.01876615378  0.9998239209  0.01876505232
3  35  1.615124091e-17  0.7151794533  0.7549755763  0.6557529101
3  36  1.615124091e-17  0.7151794533  0.7549755763  0.6557529101

4  0  1.403088064e-16  0.04759518429  0.998867563  0.04757721675
4  1  1.813764274e-16  0.09745644704  0.9952548779  0.09730225065
4  2  1.12635695e-16  0.09999813581  0.9950043514  0.09983156177
4  3  4.41101844e-17  0.06361594088  0.9979771884  0.06357304073
4  4  -6.267746864e-18  0.007714011608  0.9999702472  0.007713935104
4  5  4.688826237e-16  -0.00440754605  0.9999902868  -0.00440753178
4  6  -3.721611501e-17  -0.3444210641  0.9412710891  -0.3376517982
4  7  -2.866024056e-16  -0.013016077  0.9999152921  -0.01301570948
4  8  -1.01199387e-16  0.006980931752  0.9999756334  0.006980875052
4  9  -5.75238867e-17  0.0111633177  0.9999376908  0.01116308584
4  10  1.536506091e-16  0.005784698419  0.9999832687  0.005784666157
4  11  -1.669160721e-16  -0.006796819109  0.9999769017  -0.006796766777
4  12  -9.559046599e-17  -0.0106670088  0.999943108  -0.01066680651
4  13  3.106735989e-16  -0.009003755915  0.9999594665  -0.009003634263
4  14  3.162240636e-16  -0.006632902702  0.9999780024  -0.006632854066
4  15  -8.368237208e-17  -0.003908686696  0.9999923611  -0.003908676743
4  16  1.249300645e-16  0.01474613054  0.9998912778  0.01474559612
4  17  3.496155858e-16  0.01005107668  0.9999494884  0.01005090745
4  18  5.93438377e-17  0.003397326957  0.9999942291  0.003397320422
4  19  -4.839709705e-17  0.002132643039  0.9999977259  0.002132641422
4  20  -4.0009653e-16  0.001935428256  0.9999981271  0.001935427047
4  21  -3.294603042e-16  0.002339269523  0.9999972639  0.00233926739
4  22  -2.749170386e-16  0.004398638659  0.999990326  0.004398624475
4  23  -1.341607546e-16  0.01469423406  0.9998920417  0.01469370527
4  24  -2.970948925e-17  0.006148412637  0.9999810986  0.006148373899
4  25  -1.463759112e-16  -0.004912265283  0.9999879348  -0.004912245527
4  26  -2.139689426e-16  -0.007511536035  0.9999717885  -0.007511465398
4  27  -6.838142201e-17  -0.009980593805  0.9999501943  -0.009980428108
4  28  -3.590863304e-16  -0.009474976544  0.9999551127  -0.009474834775
4  29  9.737020204e-17  -0.0004235432484  0.9999999103  -0.0004235432358
4  30  2.808730818e-16  0.009802412849  0.9999519567  0.009802255868
4  31  -6.904829152e-17  0.008708143415  0.9999620844  0.008708033356
4  32  2.047639435e-16  0.002034001313  0.9999979314  0.00203399991
4  33  -6.454215395e-18  -0.2951485164  0.9567589521  -0.2908819477
4  34  8.195392706e-17  -0.06378445923  0.997966461  -0.0637412173
4  35  -1.477844898e-16  0.001810536148  0.999998361  0.001810535159
4  36  -1.477844898e-16  0.001810536148  0.999998361  0.001810535159

5  0  1.931077123e-16  -0.005856507787  0.9999828507  -0.005856474308
5  1  9.546108641e-17  -0.003472685008  0.9999939702  -0.003472678028
5  2  -1.657033191e-16  -0.002832345239  0.9999959889  -0.002832341452
5  3  4.994933746e-17  -0.003048443554  0.9999953535  -0.003048438833
5  4  1.426224604e-16  -0.00440754605  0.9999902868  -0.00440753178
5  5  -1.45704232e-16  -0.007620076262  0.9999709674  -0.007620002518
5  6  -1.139409758e-19  0.01858844997  0.9998272397  0.01858737951
5  7  1.680092888e-17  0.008553180405  0.9999634218  0.008553076118
5  8  1.053395636e-16  0.00831656731  0.9999654176  0.008316471441
5  9  -5.654343364e-17  0.01198891333  0.9999281338  0.01198862613
5  10  9.386248493e-17  0.005246102551  0.9999862392  0.005246078488
5  11  -3.402660049e-17  -0.008124075847  0.9999669999  -0.008123986482
5  12  -1.044239586e-16  -0.01493848173  0.999888423  -0.01493792613
5  13  -2.418999036e-17  -0.01493529217  0.9998884706  -0.01493473692
5  14  -9.490614877e-17  -0.01167510617  0.9999318467  -0.01167484094
5  15  -1.358068424e-16  -0.00801614224  0.9999678709  -0.00801605639
5  16  -2.514007228e-16  -0.0006485992126  0.9999997897  -0.0006485991671
5  17  -5.661039831e-17  0.01945366753  0.9998107834  0.01945244053
5  18  1.156578671e-16  0.01143219902  0.9999346531  0.01143195
5  19  1.103733475e-16  0.004916594418  0.9999879136  0.00491657461
5  20  1.104819888e-16  0.003604671615  0.9999935032  0.003604663809
5  21  2.635477545e-17  0.003843238378  0.9999926148  0.003843228917
5  22  1.605217823e-17  0.00624353905  0.9999805092  0.006243498486
5  23  2.342653026e-16  0.01689959178  0.9998572053  0.01689878738
5  24  -6.665570423e-17  0.0118016751  0.999930361  0.01180140115
5  25  3.712617777e-17  -0.005095693745  0.999987017  -0.005095671692
5  26  -1.626580214e-16  -0.009568633791  0.999954221  -0.009568487776
5  27  1.426763461e-16  -0.01342041851  0.9999099475  -0.01342001566
5  28  -1.452619157e-16  -0.01555267265  0.9998790596  -0.01555204566
5  29  4.415572129e-17  -0.01218572149  0.999925755  -0.01218541991
5  30  -2.932624776e-17  -0.001302300138  0.999999152  -0.00130229977
5  31  9.553967823e-17  0.009802412849  0.9999519567  0.009802255868
5  32  3.814029403e-17  0.01008688424  0.9999491278  0.01008671319
5  33  -1.75467295e-16  0.007144311369  0.9999744795  0.007144250593
5  34  -6.363499472e-17  0.01401551889  0.9999017842  0.01401506004
5  35  -1.195172276e-16  0.005853495583  0.9999828683  0.005853462157
5  36  -1.195172276e-16  0.005853495583  0.9999828683  0.005853462157

6  0  -2.300210233e-16  0.07400129334  0.9972631536  0.07393377096
6  1  1.006063172e-16  -0.05249846657  0.998622272  -0.05247435482
6  2  -2.165383587e-17  -0.4662005234  0.8932825795  -0.4494955318
6  3  3.135569425e-17  -1.288072185  0.2789726712  -0.9602990413
6  4  2.435713508e-16  -0.3444210641  0.9412710891  -0.3376517982
6  5  2.000633325e-18  0.01858844999  0.9998272397  0.01858737953
6  6  2.909277433e-16  0.1286755193  0.9917327219  0.1283207247
6  7  2.719308401e-17  0.01482940149  0.9998900464  0.01482885797
6  8  4.487348078e-16  0.01338256437  0.9999104548  0.01338216491
6  9  2.235127143e-16  0.01931218167  0.9998135256  0.01931098125
6  10  -1.030384329e-16  0.007509793527  0.9999718016  0.007509722939
6  11  -3.480558031e-16  -0.007783914825  0.9999697055  -0.007783836222
6  12  -4.913022985e-17  -0.01625862893  0.9998678314  -0.01625791263
6  13  -7.964027691e-18  -0.01997550352  0.9998004963  -0.01997417511
6  14  -1.08561075e-16  -0.01933323586  0.9998131188  -0.0193320315
6  15  -9.161018746e-17  -0.01549804606  0.9998799077  -0.01549742565
6  16  3.886028356e-17  -0.01066487697  0.9999431307  -0.0106646748
6  17  -1.131179083e-16  -0.000673146598  0.9999997734  -0.0006731465472
6  18  2.093363189e-17  0.01708739542  0.999854014  0.0170865639
6  19  1.620937665e-16  0.01064364513  0.9999433569  0.01064344417
6  20  -1.772135052e-16  0.005695294324  0.9999837819  0.005695263535
6  21  -1.634742979e-16  0.004963621093  0.9999876813  0.004963600711
6  22  2.092566487e-16  0.006806786963  0.9999768339  0.006806734401
6  23  -1.090229722e-16  0.01455141056  0.9998941301  0.01455089703
6  24  -2.914760165e-16  0.01103111614  0.9999391579  0.01103089242
6  25  -2.264257719e-16  -0.006635560032  0.9999779848  -0.006635511338
6  26  -3.624847889e-16  -0.0128728413  0.9999171461  -0.01287248578
6  27  1.878503203e-16  -0.01773622631  0.9998427173  -0.01773529643
6  28  9.732662341e-17  -0.02036488769  0.9997926428  -0.02036348007
6  29  -5.943209996e-17  -0.01860837647  0.9998268692  -0.01860730256
6  30  -9.935402827e-17  -0.01218572149  0.999925755  -0.01218541991
6  31  -1.895203397e-16  -0.0004235432485  0.9999999103  -0.0004235432359
6  32  3.139587852e-17  0.01447777151  0.9998951989  0.01447726574
6  33  -1.178402237e-16  0.01684371974  0.9998581479  0.01684292329
6  34  7.548519696e-17  0.01290739509  0.9999167007  0.0129070367
6  35  1.916212036e-17  0.07262366596  0.9973640604  0.07255984421
6  36  1.916212036e-17  0.07262366596  0.9973640604  0.07255984421

7  0  -1.257397242e-16  0.01701053107  0.9998553244  0.01700971072
7  1  -2.233176643e-16  0.01163409778  0.9999323246  0.01163383534
7  2  -7.597719183e-17  -0.008688257315  0.9999622573  -0.008688148009
7  3  3.506274371e-16  -0.03253320364  0.999470842  -0.03252746503
7  4  1.031883186e-16  -0.013016077  0.9999152921  -0.01301570948
7  5  4.355498333e-17  0.008553180405  0.9999634218  0.008553076118
7  6  1.246546289e-17  0.01482940149  0.9998900464  0.01482885797
7  7  -7.657804192e-17  0.01744924948  0.9998477657  0.01744836401
7  8  -4.435308626e-17  0.03358205894  0.9994361756  0.03357574724
7  9  3.683384614e-17  0.05816772448  0.9983087349  0.05813492843
7  10  2.740920178e-17  0.01504865756  0.9998867711  0.01504808957
7  11  -9.145291304e-17  -0.00577425812  0.999983329  -0.005774226033
7  12  3.29457734e-17  -0.0132148325  0.9999126854  -0.01321444788
7  13  -3.791860711e-17  -0.0182399469  0.9998336568  -0.01823893553
7  14  4.149772619e-17  -0.02212184486  0.999755322  -0.02212004058
7  15  -1.158413586e-16  -0.02338541572  0.9997265736  -0.02338328429
7  16  5.082922933e-17  -0.02082992741  0.9997830649  -0.02082842114
7  17  4.300862976e-17  -0.01558835008  0.9998785041  -0.01558771877
7  18  1.128869741e-16  -0.004079173234  0.9999916802  -0.004079161921
7  19  4.154311532e-17  0.01219668151  0.9999256214  0.01219637912
7  20  -9.793203296e-18  0.009185716863  0.9999578116  0.009185587686
7  21  -1.01164613e-16  0.006235739279  0.9999805578  0.006235698867
7  22  -1.93491531e-16  0.006839740604  0.9999766091  0.006839687275
7  23  1.450167404e-16  0.01113400764  0.9999380176  0.01113377761
7  24  3.260336343e-17  0.006387414527  0.9999796005  0.006387371094
7  25  3.521075869e-17  -0.01065681321  0.9999432167  -0.0106566115
7  26  6.879917933e-17  -0.01826718087  0.9998331597  -0.01826616495
7  27  2.628425483e-16  -0.02289440956  0.9997379345  -0.02289240958
7  28  8.582256385e-17  -0.02352075268  0.9997233998  -0.02351858403
7  29  3.970631499e-17  -0.02036488769  0.9997926428  -0.02036348007
7  30  -2.57899898e-16  -0.01555267265  0.9998790596  -0.01555204566
7  31  2.083034969e-16  -0.009474976544  0.9999551127  -0.009474834775
7  32  3.117272312e-16  0.002553739724  0.9999967392  0.002553736949
7  33  8.459910694e-17  0.03286375131  0.9994600355  0.03285783601
7  34  -2.239451133e-16  0.05261012904  0.9986164063  0.05258586312
7  35  -1.635896936e-16  0.02557531499  0.9996729695  0.02557252696
7  36  -1.635896936e-16  0.02557531499  0.9996729695  0.02557252696

8  0  -3.681813259e-17  0.2024705536  0.9795727641  0.201090029
8  1  2.290515045e-16  0.02309526862  0.9997333161  0.02309321553
8  2  1.132807737e-16  0.01070039802  0.9999427513  0.01070019383
8  3  2.318858009e-16  0.007534076943  0.999971619  0.007534005668
8  4  4.339833277e-16  0.006980931752  0.9999756334  0.006980875051
8  5  9.677765269e-17  0.00831656731  0.9999654176  0.008316471441
8  6  -2.620835126e-16  0.01338256437  0.9999104548  0.01338216491
8  7  1.007525416e-16  0.03358205894  0.9994361756  0.03357574724
8  8  5.113921433e-16  0.3712397266  0.931878325  0.3627709848
8  9  1.543181822e-16  0.7234121728  0.7495514225  0.6619461195
8  10  -1.646439116e-16  0.026594037  0.9996463994  0.02659090237
8  11  -1.066449026e-16  -0.003025497249  0.9999954232  -0.003025492634
8  12  3.026002617e-16  -0.008562779194  0.9999633396  -0.008562674556
8  13  3.110740979e-16  -0.01191103702  0.9999290644  -0.01191075538
8  14  -1.111900996e-16  -0.01569342141  0.9998768608  -0.01569277725
8  15  -5.7260832e-17  -0.02038949835  0.9997921414  -0.02038808562
8  16  -3.607335505e-16  -0.02492976376  0.9996892695  -0.02492718156
8  17  -4.557901472e-16  -0.0267054179  0.9996434315  -0.02670224372
8  18  -7.786936811e-17  -0.02384802038  0.9997156494  -0.02384575993
8  19  -3.319980644e-17  -0.01124387643  0.9999367883  -0.01124363952
8  20  3.541902484e-16  0.0065410771  0.9999786072  0.006541030456
8  21  -3.464210423e-17  0.00784069435  0.9999692619  0.007840614014
8  22  6.387900378e-17  0.00699862061  0.9999755098  0.006998563477
8  23  -2.036320073e-17  0.007827803339  0.9999693629  0.007827723398
8  24  -2.181627055e-16  -0.0009031118765  0.9999995922  -0.0009031117538
8  25  -2.239616903e-16  -0.01874177446  0.9998243781  -0.01874067729
8  26  -4.522890988e-17  -0.02600212075  0.9996619639  -0.0259991908
8  27  -3.826464236e-16  -0.02678807623  0.9996412209  -0.02678487249
8  28  -6.298157942e-17  -0.02289440956  0.9997379345  -0.02289240958
8  29  1.693754504e-16  -0.01773622631  0.9998427173  -0.01773529643
8  30  -3.926041613e-16  -0.01342041851  0.9999099475  -0.01342001566
8  31  1.353040466e-16  -0.009980593805  0.9999501943  -0.009980428108
8  32  4.360562396e-16  -0.005913419846  0.9999825158  -0.005913385382
8  33  -9.969317406e-17  0.007110840144  0.9999747181  0.007110780219
8  34  -1.869238258e-16  0.1125027136  0.9936782417  0.1122655418
8  35  -1.975408466e-17  0.8153838225  0.6855890255  0.7279887967
8  36  -1.975408466e-17  0.8153838225  0.6855890255  0.7279887967

9  0  -5.156437569e-17  0.9830906774  0.554453091  0.8322149782
9  1  2.513630913e-16  0.1295269739  0.9916231031  0.1291650935
9  2  -9.485958503e-18  0.03211401943  0.9994843892  0.03210849979
9  3  1.896395569e-16  0.01493917689  0.9998884126  0.01493862121
9  4  1.1341147e-16  0.0111633177  0.9999376908  0.01116308584
9  5  1.614511999e-16  0.01198891333  0.9999281338  0.01198862613
9  6  -2.323298135e-17  0.01931218167  0.9998135256  0.01931098125
9  7  -2.028479294e-17  0.05816772448  0.9983087349  0.05813492843
9  8  2.515421198e-16  0.7234121728  0.7495514225  0.6619461195
9  9  -7.211924914e-17  0.7066534363  0.7605390285  0.6492922193
9  10  -6.136225092e-17  0.01703642895  0.9998548836  0.01703560485
9  11  1.393481515e-16  -0.001548207825  0.9999988015  -0.001548207206
9  12  5.570613818e-17  -0.005130961197  0.9999868366  -0.005130938683
9  13  1.37706721e-16  -0.006886849308  0.9999762857  -0.006886794869
9  14  2.292074025e-16  -0.008673504806  0.9999623854  -0.008673396055
9  15  4.238625117e-16  -0.01134876878  0.9999356034  -0.01134852517
9  16  -2.669285022e-17  -0.01569981144  0.9998767605  -0.01569916649
9  17  3.013017187e-17  -0.02228435888  0.9997517139  -0.02228251455
9  18  -6.64975238e-17  -0.03010286676  0.9995469429  -0.03009832052
9  19  -2.884128865e-16  -0.0341608335  0.9994165755  -0.03415418982
9  20  1.674056706e-16  -0.02090834278  0.9997814286  -0.02090681944
9  21  -6.803536821e-17  0.0008282190548  0.999999657  0.0008282189601
9  22  1.633714519e-16  0.006305098716  0.9999801229  0.006305056941
9  23  -6.888376075e-17  0.00455918763  0.9999896069  0.004559171835
9  24  -4.36257337e-17  -0.009910009608  0.9999508963  -0.009909847401
9  25  -2.039818969e-16  -0.03086775562  0.9995236287  -0.03086285396
9  26  8.158394486e-18  -0.03323946306  0.9994476199  -0.03323334256
9  27  -9.084006345e-17  -0.02600212075  0.9996619639  -0.0259991908
9  28  -4.639338141e-17  -0.01826718087  0.9998331597  -0.01826616495
9  29  2.123677117e-17  -0.0128728413  0.9999171461  -0.01287248578
9  30  -1.67943371e-16  -0.009568633791  0.999954221  -0.009568487776
9  31  -4.09254711e-17  -0.007511536035  0.9999717885  -0.007511465398
9  32  2.22794391e-16  -0.005889195477  0.9999826587  -0.005889161435
9  33  -2.21695226e-16  -0.003413344008  0.9999941745  -0.00341333738
9  34  -3.454489247e-16  0.006488485048  0.9999789499  0.00648843952
9  35  -7.331918731e-17  0.363680505  0.9345939406  0.3557164125
9  36  -7.331918731e-17  0.363680505  0.9345939406  0.3557164125

10  0  2.387188364e-16  0.01169280068  0.99993164  0.01169253424
10  1  -1.008368882e-17  0.02553714204  0.9996739449  0.02553436647
10  2  -1.277632522e-16  0.0183143242  0.9998322975  0.01831330041
10  3  5.239498277e-17  0.009464515511  0.9999552118  0.009464374211
10  4  -2.274981904e-16  0.005784698419  0.9999832687  0.005784666157
10  5  1.628658146e-16  0.005246102552  0.9999862392  0.005246078488
10  6  1.701108369e-16  0.007509793527  0.9999718016  0.007509722939
10  7  -8.613133968e-17  0.01504865756  0.9998867711  0.01504808957
10  8  -9.158211703e-17  0.026594037  0.9996463994  0.02659090237
10  9  -1.124368571e-16  0.01703642895  0.9998548836  0.01703560485
10  10  4.544570766e-17  0.00267802757  0.9999964141  0.002678024369
10  11  8.629998557e-18  -0.001997721152  0.9999980046  -0.001997719823
10  12  1.271431187e-16  -0.004333647789  0.9999906098  -0.004333634224
10  13  -1.51387599e-16  -0.005473338178  0.9999850213  -0.00547331085
10  14  -9.335939641e-17  -0.005492731957  0.999984915  -0.005492704337
10  15  -9.021640552e-17  -0.005400375836  0.999985418  -0.005400349586
10  16  -7.112426121e-18  -0.006220355954  0.9999806536  -0.00622031584
10  17  1.956463836e-16  -0.008991663723  0.9999595753  -0.008991542561
10  18  -2.073306561e-16  -0.01519872163  0.9998845017  -0.01519813648
10  19  -1.985458667e-16  -0.02591799129  0.9996641477  -0.02591508968
10  20  -1.630019251e-16  -0.03511442982  0.9993835518  -0.03510721411
10  21  1.864141789e-16  -0.02642728892  0.9996508195  -0.02642421289
10  22  3.015422074e-16  -0.0124311093  0.9999227348  -0.01243078914
10  23  2.542415616e-16  -0.01278708335  0.9999182464  -0.01278673488
10  24  6.496947362e-17  -0.02486523942  0.9996908759  -0.02486267722
10  25  -1.781310793e-16  -0.03717526616  0.9993090794  -0.03716670405
10  26  2.139529088e-16  -0.03086775562  0.9995236287  -0.03086285396
10  27  -2.20023738e-17  -0.01874177446  0.9998243781  -0.01874067729
10  28  1.061915707e-16  -0.01065681321  0.9999432167  -0.0106566115
10  29  6.322351399e-17  -0.006635560033  0.9999779848  -0.006635511338
10  30  2.128079255e-16  -0.005095693744  0.999987017  -0.005095671692
10  31  3.340421111e-16  -0.004912265283  0.9999879348  -0.004912245527
10  32  4.192123585e-16  -0.005220128597  0.9999863752  -0.005220104889
10  33  -1.612452198e-16  -0.004963379198  0.9999876825  -0.004963358819
10  34  -5.821388859e-17  -0.003178699491  0.9999949479  -0.003178694138
10  35  -2.17724835e-16  0.0005944704987  0.9999998233  0.0005944704636
10  36  -2.17724835e-16  0.0005944704987  0.9999998233  0.0005944704636

11  0  2.380826734e-16  -0.002787132181  0.9999961159  -0.002787128572
11  1  3.569369033e-17  -0.001447334875  0.9999989526  -0.00144733437
11  2  -1.331907648e-16  -0.001982747688  0.9999980344  -0.001982746389
11  3  -1.460921908e-17  -0.004316931024  0.9999906821  -0.004316917615
11  4  -1.050406209e-16  -0.006796819109  0.9999769017  -0.006796766777
11  5  -2.185404388e-16  -0.008124075847  0.9999669999  -0.008123986482
11  6  -1.474063656e-16  -0.007783914825  0.9999697055  -0.007783836222
11  7  -1.974964517e-16  -0.00577425812  0.999983329  -0.005774226033
11  8  -7.859748991e-17  -0.003025497249  0.9999954232  -0.003025492634
11  9  -1.003813647e-16  -0.001548207825  0.9999988015  -0.001548207206
11  10  -2.175543071e-17  -0.001997721152  0.9999980046  -0.001997719823
11  11  -1.165376786e-16  -0.004085177789  0.9999916557  -0.004085166426
11  12  1.894563122e-16  -0.0149159231  0.9998887597  -0.01491537001
11  13  1.408831405e-16  -0.03911448709  0.999235126  -0.03910451403
11  14  -2.441412828e-16  -0.03245907465  0.9994732505  -0.03245337518
11  15  3.567162407e-17  -0.005048157316  0.9999872581  -0.005048135875
11  16  3.657762835e-17  0.009103818029  0.9999585605  0.009103692276
11  17  -2.019052461e-16  0.0121923318  0.9999256744  0.01219202973
11  18  -9.795952706e-19  0.009290238987  0.999956846  0.00929010535
11  19  3.181559778e-16  0.002765764158  0.9999961753  0.002765760632
11  20  1.14067633e-16  -0.005617813893  0.9999842201  -0.005617784344
11  21  3.702370211e-16  -0.01336811941  0.999910648  -0.01336772125
11  22  -2.094148704e-17  -0.02711802126  0.999632329  -0.02711469767
11  23  6.214536675e-17  -0.07342450013  0.9973056322  -0.07335854407
11  24  -7.556410295e-17  -0.0687681325  0.9976364037  -0.06871394393
11  25  8.986704872e-19  -0.02486523942  0.9996908759  -0.02486267722
11  26  1.657687536e-16  -0.009910009608  0.9999508963  -0.009909847401
11  27  8.271637715e-17  -0.0009031118756  0.9999995922  -0.0009031117529
11  28  -1.525997555e-16  0.006387414527  0.9999796005  0.006387371094
11  29  8.321732478e-17  0.01103111614  0.9999391579  0.01103089242
11  30  4.059063828e-16  0.0118016751  0.999930361  0.01180140115
11  31  1.997322206e-16  0.006148412636  0.9999810986  0.006148373898
11  32  3.110212234e-16  -0.01061664831  0.9999436439  -0.01061644887
11  33  -2.303115654e-16  -0.03627108415  0.9993422763  -0.03626313168
11  34  -1.729152967e-16  -0.0343044576  0.9994116598  -0.03429772978
11  35  8.276222718e-18  -0.01020093107  0.999947971  -0.01020075415
11  36  8.276222718e-18  -0.01020093107  0.999947971  -0.01020075415

12  0  2.722722451e-16  -0.1876738657  0.9824408891  -0.1865741124
12  1  -3.249901496e-16  -0.008683102556  0.9999623021  -0.008682993444
12  2  -3.854692707e-16  -0.004467419356  0.9999900211  -0.004467404496
12  3  -5.983939541e-17  -0.006588287473  0.9999782973  -0.006588239811
12  4  -2.081881699e-16  -0.0106670088  0.999943108  -0.01066680651
12  5  -1.701355401e-16  -0.01493848173  0.999888423  -0.01493792613
12  6  6.729168276e-17  -0.01625862893  0.9998678314  -0.01625791263
12  7  -2.953304647e-16  -0.0132148325  0.9999126854  -0.01321444788
12  8  -1.470592788e-16  -0.008562779195  0.9999633396  -0.008562674556
12  9  6.04129759e-17  -0.005130961197  0.9999868366  -0.005130938683
12  10  2.532001937e-16  -0.004333647789  0.9999906098  -0.004333634224
12  11  5.238693752e-17  -0.0149159231  0.9998887597  -0.01491537001
12  12  3.605397614e-17  -0.3590310471  0.9362377214  -0.3513672281
12  13  4.103006879e-17  -0.5891945075  0.8313885541  -0.555691526
12  14  -3.722029095e-16  -0.1412673309  0.9900383537  -0.1407979336
12  15  -2.014488584e-16  -0.01979355232  0.999804114  -0.01979225988
12  16  -7.572604598e-17  0.0103759686  0.9999461701  0.01037578242
12  17  -1.459128893e-17  0.01670391398  0.9998604929  0.0167031372
12  18  3.829506898e-17  0.01569453533  0.9998768433  0.01569389103
12  19  2.816434955e-17  0.01256352111  0.99992108  0.0125631906
12  20  2.173935912e-16  0.009147279265  0.9999581639  0.009147151703
12  21  1.632807143e-16  0.00640714101  0.9999794743  0.006407097173
12  22  -1.799427355e-16  0.00279697929  0.9999960885  0.002796975643
12  23  1.681668844e-16  -0.03213036293  0.9994838643  -0.03212483486
12  24  -6.49057157e-17  -0.07342450013  0.9973056322  -0.07335854407
12  25  7.624273934e-17  -0.01278708335  0.9999182464  -0.01278673488
12  26  7.713497144e-17  0.00455918763  0.9999896069  0.004559171836
12  27  8.983864317e-17  0.007827803339  0.9999693629  0.007827723399
12  28  -3.847448533e-17  0.01113400764  0.9999380176  0.01113377761
12  29  1.422390045e-17  0.01455141056  0.9998941301  0.01455089703
12  30  -4.535304296e-17  0.01689959178  0.9998572053  0.01689878738
12  31  -2.220857921e-17  0.01469423406  0.9998920417  0.01469370527
12  32  8.081812811e-17  -0.003301974395  0.9999945485  -0.003301968395
12  33  -6.881919158e-17  -0.07506152006  0.9971842065  -0.07499105425
12  34  3.400818957e-18  -0.2885935289  0.9586451111  -0.2846042004
12  35  -1.14315514e-16  -0.5588485303  0.847866194  -0.5302102574
12  36  -1.14315514e-16  -0.5588485303  0.847866194  -0.5302102574

13  0  1.118337701e-16  -0.4287870156  0.9094707386  -0.4157679348
13  1  -1.508963301e-16  -0.2374083775  0.9719507476  -0.2351844896
13  2  2.053656648e-16  -0.01412286345  0.999900274  -0.01412239397
13  3  -4.688110149e-16  -0.005735612615  0.9999835514  -0.005735581168
13  4  -2.536610118e-16  -0.009003755915  0.9999594665  -0.009003634263
13  5  -1.403382467e-16  -0.01493529217  0.9998884706  -0.01493473692
13  6  3.364542269e-16  -0.01997550352  0.9998004963  -0.01997417511
13  7  -1.313433093e-16  -0.0182399469  0.9998336568  -0.01823893553
13  8  2.443821948e-16  -0.01191103702  0.9999290644  -0.01191075538
13  9  -2.928927386e-16  -0.006886849308  0.9999762857  -0.006886794869
13  10  -1.605506293e-16  -0.005473338178  0.9999850213  -0.00547331085
13  11  3.504536324e-17  -0.03911448709  0.999235126  -0.03910451403
13  12  -6.641315655e-17  -0.5891945075  0.8313885541  -0.555691526
13  13  2.675060177e-16  -0.09890801783  0.9951125883  -0.09874683053
13  14  -2.618421473e-17  -0.022177468  0.99975409  -0.02217565008
13  15  -1.593813478e-16  -0.008966126524  0.9999598046  -0.008966006391
13  16  -1.928214607e-16  -0.001699769675  0.9999985554  -0.001699768856
13  17  -5.265337194e-17  0.003010627394  0.9999954681  0.003010622846
13  18  -2.858134532e-17  0.005584083195  0.999984409  0.005584054175
13  19  8.988164519e-18  0.006598109934  0.9999782326  0.00659806206
13  20  -2.182972608e-16  0.006778372161  0.9999770269  0.006778320254
13  21  -4.045154429e-18  0.006814194018  0.9999767835  0.006814141284
13  22  -5.203679755e-17  0.007310978355  0.9999732749  0.007310913226
13  23  3.430185129e-16  0.00279697929  0.9999960885  0.002796975643
13  24  1.495209135e-16  -0.02711802126  0.999632329  -0.02711469767
13  25  2.616878342e-16  -0.0124311093  0.9999227348  -0.01243078913
13  26  -2.051863382e-17  0.006305098716  0.9999801229  0.006305056941
13  27  1.016728446e-16  0.00699862061  0.9999755098  0.006998563477
13  28  2.05620634e-16  0.006839740604  0.9999766091  0.006839687275
13  29  7.434210717e-17  0.006806786963  0.9999768339  0.006806734401
13  30  4.784120335e-17  0.00624353905  0.9999805092  0.006243498486
13  31  1.947838875e-16  0.00439863866  0.999990326  0.004398624475
13  32  3.967582525e-17  0.0005267829276  0.9999998612  0.0005267829033
13  33  -2.304530326e-16  -0.005816106058  0.9999830865  -0.005816073268
13  34  -1.525086261e-16  -0.01630676574  0.9998670476  -0.01630604306
13  35  2.117666288e-16  -0.05945810745  0.9982328874  -0.05942308026
13  36  2.117666288e-16  -0.05945810745  0.9982328874  -0.05942308026

14  0  -9.888083534e-17  -0.01495670198  0.9998881506  -0.01495614434
14  1  -1.843294112e-16  -0.09090539763  0.995870949  -0.09078024548
14  2  1.960891404e-16  -0.08723877649  0.9961971107  -0.08712816196
14  3  1.154044783e-16  -0.01005764437  0.9999494223  -0.0100574748
14  4  3.22634099e-16  -0.006632902702  0.9999780024  -0.006632854066
14  5  1.650352582e-17  -0.01167510617  0.9999318467  -0.01167484094
14  6  1.235886135e-16  -0.01933323586  0.9998131188  -0.0193320315
14  7  7.292023403e-17  -0.02212184486  0.999755322  -0.02212004058
14  8  2.438841804e-16  -0.01569342141  0.9998768608  -0.01569277725
14  9  -2.924003416e-17  -0.008673504806  0.9999623854  -0.008673396055
14  10  -2.220823425e-16  -0.005492731957  0.999984915  -0.005492704337
14  11  2.180884377e-16  -0.03245907465  0.9994732505  -0.03245337518
14  12  2.068224645e-17  -0.1412673309  0.9900383537  -0.1407979336
14  13  1.549862489e-16  -0.022177468  0.99975409  -0.02217565008
14  14  1.052116296e-18  -0.009905206894  0.9999509438  -0.009905044923
14  15  -1.459654652e-16  -0.006349759515  0.9999798403  -0.006349716846
14  16  5.48804541e-18  -0.003524669278  0.9999937884  -0.00352466198
14  17  -2.0723919e-16  -0.0008654348532  0.9999996255  -0.0008654347451
14  18  6.931889639e-17  0.001451352092  0.9999989468  0.001451351583
14  19  -2.149867127e-16  0.003199081131  0.9999948829  0.003199075674
14  20  2.205542384e-16  0.004413261255  0.9999902616  0.004413246929
14  21  5.856487699e-16  0.005442697604  0.9999851886  0.005442670733
14  22  2.593115568e-17  0.006814194018  0.9999767835  0.006814141284
14  23  -2.851847802e-16  0.00640714101  0.9999794743  0.006407097173
14  24  1.512779911e-16  -0.01336811941  0.999910648  -0.01336772125
14  25  1.580906804e-17  -0.02642728892  0.9996508195  -0.02642421289
14  26  -1.374802396e-17  0.0008282190552  0.999999657  0.0008282189606
14  27  4.594227986e-18  0.00784069435  0.9999692619  0.007840614014
14  28  9.599608455e-17  0.006235739279  0.9999805578  0.006235698867
14  29  1.014330404e-16  0.004963621093  0.9999876813  0.004963600712
14  30  -3.255790853e-17  0.003843238378  0.9999926148  0.003843228917
14  31  -5.239412809e-17  0.002339269523  0.9999972639  0.00233926739
14  32  1.089035418e-16  0.0002516113556  0.9999999683  0.000251611353
14  33  2.643322776e-16  -0.002269954926  0.9999974237  -0.002269952977
14  34  2.980900764e-17  -0.004967320764  0.9999876629  -0.004967300337
14  35  1.318945616e-16  -0.008021589566  0.9999678272  -0.008021503541
14  36  1.318945616e-16  -0.008021589566  0.9999678272  -0.008021503541

15  0  1.800747741e-16  -0.005788970435  0.999983244  -0.005788938102
15  1  -1.169459782e-16  -0.007414169672  0.9999725152  -0.007414101747
15  2  1.087854985e-16  -0.01735894756  0.9998493373  -0.01735807577
15  3  1.232247151e-17  -0.01012838241  0.9999487084  -0.01012820924
15  4  -3.208901683e-17  -0.003908686696  0.9999923611  -0.003908676743
15  5  1.570586404e-16  -0.00801614224  0.9999678709  -0.008016056389
15  6  3.221814695e-16  -0.01549804606  0.9998799077  -0.01549742565
15  7  8.989687668e-17  -0.02338541572  0.9997265736  -0.02338328429
15  8  -1.167583754e-16  -0.02038949835  0.9997921414  -0.02038808562
15  9  4.250357104e-17  -0.01134876878  0.9999356034  -0.01134852517
15  10  -7.848063788e-17  -0.005400375836  0.999985418  -0.005400349586
15  11  -1.880102562e-16  -0.005048157315  0.9999872581  -0.005048135874
15  12  1.288338479e-16  -0.01979355232  0.999804114  -0.01979225987
15  13  -5.856456051e-17  -0.008966126524  0.9999598046  -0.008966006391
15  14  -3.669663668e-17  -0.006349759515  0.9999798403  -0.006349716846
15  15  -1.236494271e-16  -0.005439968632  0.9999852034  -0.005439941801
15  16  3.751362073e-17  -0.004202508797  0.9999911695  -0.004202496427
15  17  8.099718063e-17  -0.002549344593  0.9999967504  -0.002549341832
15  18  2.21530332e-16  -0.0007058245891  0.9999997509  -0.0007058245305
15  19  6.115941486e-17  0.001112677697  0.999999381  0.001112677467
15  20  -2.295324206e-16  0.002763299585  0.9999961821  0.002763296068
15  21  8.87504445e-18  0.004413261255  0.9999902616  0.004413246929
15  22  -2.838033511e-16  0.006778372161  0.9999770269  0.006778320254
15  23  -1.77301285e-17  0.009147279265  0.9999581639  0.009147151703
15  24  2.154314414e-16  -0.005617813893  0.9999842201  -0.005617784343
15  25  2.914664939e-17  -0.03511442982  0.9993835518  -0.03510721411
15  26  8.193057247e-17  -0.02090834278  0.9997814286  -0.02090681944
15  27  -2.508232823e-16  0.0065410771  0.9999786072  0.006541030456
15  28  1.423899728e-16  0.009185716863  0.9999578116  0.009185587686
15  29  5.535257564e-17  0.005695294324  0.9999837819  0.005695263535
15  30  -2.287040156e-17  0.003604671615  0.9999935032  0.003604663809
15  31  -5.1539061e-17  0.001935428256  0.9999981271  0.001935427047
15  32  -7.867800537e-18  0.0001729850017  0.999999985  0.0001729850009
15  33  -5.766631992e-17  -0.001660891563  0.9999986207  -0.0016608908
15  34  -2.671986887e-16  -0.003367238403  0.9999943309  -0.00336723204
15  35  1.604269911e-17  -0.004769352049  0.9999886267  -0.004769333968
15  36  1.604269911e-17  -0.004769352049  0.9999886267  -0.004769333968

16  0  3.817446724e-17  -0.004165230182  0.9999913254  -0.004165218138
16  1  -4.60305552e-16  -0.003839688432  0.9999926284  -0.003839678997
16  2  -2.13151169e-16  -0.002821497721  0.9999960196  -0.002821493977
16  3  -1.049691796e-16  0.003248966749  0.9999947221  0.003248961033
16  4  2.215781193e-16  0.01474613054  0.9998912778  0.01474559612
16  5  1.344200227e-16  -0.0006485992122  0.9999997897  -0.0006485991667
16  6  -1.272989936e-16  -0.01066487697  0.9999431307  -0.0106646748
16  7  5.255517268e-17  -0.02082992741  0.9997830649  -0.02082842114
16  8  -1.483299908e-16  -0.02492976376  0.9996892695  -0.02492718156
16  9  3.638994365e-16  -0.01569981144  0.9998767605  -0.01569916649
16  10  1.992456297e-16  -0.006220355954  0.9999806536  -0.00622031584
16  11  -2.691455215e-16  0.009103818028  0.9999585605  0.009103692275
16  12  1.891341425e-16  0.0103759686  0.9999461701  0.01037578242
16  13  1.313390103e-16  -0.001699769675  0.9999985554  -0.001699768856
16  14  1.157413533e-16  -0.003524669278  0.9999937884  -0.00352466198
16  15  -3.295344779e-16  -0.004202508797  0.9999911695  -0.004202496427
16  16  2.73420501e-16  -0.004231724897  0.9999910463  -0.004231712267
16  17  2.506925966e-16  -0.003519762236  0.9999938056  -0.003519754969
16  18  7.361922651e-17  -0.002253849538  0.9999974601  -0.00225384763
16  19  5.683622292e-19  -0.0006667153634  0.9999997777  -0.000666715314
16  20  -2.500421198e-16  0.001112677697  0.999999381  0.001112677467
16  21  -1.609788651e-16  0.003199081131  0.9999948829  0.003199075674
16  22  -1.121355493e-16  0.006598109934  0.9999782326  0.00659806206
16  23  -6.252163248e-17  0.01256352111  0.99992108  0.0125631906
16  24  1.237486624e-16  0.002765764158  0.9999961753  0.002765760632
16  25  8.507398645e-17  -0.02591799129  0.9996641477  -0.02591508968
16  26  -2.318057068e-16  -0.0341608335  0.9994165755  -0.03415418982
16  27  -2.937731841e-16  -0.01124387643  0.9999367883  -0.01124363952
16  28  -5.41910935e-17  0.01219668151  0.9999256214  0.01219637912
16  29  1.433856217e-16  0.01064364513  0.9999433569  0.01064344417
16  30  -9.965226675e-17  0.004916594418  0.9999879136  0.00491657461
16  31  -1.210388468e-16  0.002132643039  0.9999977259  0.002132641422
16  32  -1.099555146e-16  0.0001867907027  0.9999999826  0.0001867907016
16  33  -3.420184711e-17  -0.001488486402  0.9999988922  -0.001488485853
16  34  -4.832752634e-17  -0.002872539585  0.9999958743  -0.002872535634
16  35  -1.397028268e-16  -0.003828789021  0.9999926702  -0.003828779666
16  36  -1.397028268e-16  -0.003828789021  0.9999926702  -0.003828779666

17  0  -3.116577464e-16  -0.003617847761  0.9999934556  -0.003617839869
17  1  -2.426580485e-16  -0.003020933003  0.999995437  -0.003020928408
17  2  -2.707343031e-16  -0.00176708027  0.9999984387  -0.001767079351
17  3  4.590075872e-17  0.0008095749549  0.9999996723  0.0008095748664
17  4  4.320473233e-16  0.01005107668  0.9999494884  0.01005090745
17  5  1.79974803e-16  0.01945366753  0.9998107834  0.01945244053
17  6  -2.67308242e-16  -0.0006731465983  0.9999997734  -0.0006731465475
17  7  -4.775756984e-16  -0.01558835008  0.9998785041  -0.01558771877
17  8  -3.179606246e-16  -0.0267054179  0.9996434315  -0.02670224372
17  9  3.357949123e-17  -0.02228435888  0.9997517139  -0.02228251455
17  10  -8.495039306e-17  -0.008991663723  0.9999595753  -0.008991542561
17  11  -1.603943319e-16  0.0121923318  0.9999256744  0.01219202973
17  12  1.707080805e-16  0.01670391398  0.9998604929  0.0167031372
17  13  4.205960465e-16  0.003010627394  0.9999954681  0.003010622846
17  14  2.855877311e-16  -0.0008654348532  0.9999996255  -0.0008654347452
17  15  -5.762249022e-17  -0.002549344593  0.9999967504  -0.002549341832
17  16  -2.502685277e-16  -0.003519762236  0.9999938056  -0.003519754969
17  17  -7.629106245e-18  -0.003809842377  0.9999927426  -0.003809833161
17  18  2.015982115e-16  -0.003339410778  0.9999944242  -0.003339404571
17  19  -9.432951684e-17  -0.002253849538  0.9999974601  -0.00225384763
17  20  -1.181776943e-16  -0.0007058245891  0.9999997509  -0.0007058245305
17  21  -1.611245007e-16  0.001451352092  0.9999989468  0.001451351583
17  22  -7.89238651e-17  0.005584083195  0.999984409  0.005584054175
17  23  2.399608101e-16  0.01569453533  0.9998768433  0.01569389103
17  24  1.597337359e-16  0.009290238988  0.999956846  0.00929010535
17  25  4.564030136e-17  -0.01519872163  0.9998845017  -0.01519813648
17  26  1.416972432e-16  -0.03010286676  0.9995469429  -0.03009832052
17  27  1.457308178e-16  -0.02384802038  0.9997156494  -0.02384575993
17  28  7.93933491e-17  -0.004079173234  0.9999916802  -0.004079161921
17  29  -7.860820924e-17  0.01708739542  0.999854014  0.0170865639
17  30  3.153195769e-17  0.01143219902  0.9999346531  0.01143195
17  31  -2.603328928e-16  0.003397326957  0.9999942291  0.003397320422
17  32  -2.645880576e-16  0.0003050329127  0.9999999535  0.000305032908
17  33  -4.010315624e-17  -0.001513789927  0.9999988542  -0.001513789349
17  34  4.252245589e-16  -0.002782398244  0.9999961291  -0.002782394654
17  35  5.14404536e-17  -0.003527637644  0.9999937779  -0.003527630327
17  36  5.14404536e-17  -0.003527637644  0.9999937779  -0.003527630327

18  0  -9.469232627e-17  -0.003527637644  0.9999937779  -0.003527630327
18  1  2.590159094e-16  -0.002782398244  0.9999961291  -0.002782394654
18  2  -1.84207651e-16  -0.001513789927  0.9999988542  -0.001513789349
18  3  5.219378322e-17  0.0003050329127  0.9999999535  0.0003050329079
18  4  2.957189894e-17  0.003397326957  0.9999942291  0.003397320422
18  5  1.035107946e-16  0.01143219902  0.9999346531  0.01143195
18  6  -7.488268546e-17  0.01708739542  0.999854014  0.0170865639
18  7  -2.761104288e-16  -0.004079173234  0.9999916802  -0.004079161922
18  8  7.274174568e-17  -0.02384802038  0.9997156494  -0.02384575993
18  9  2.480344446e-16  -0.03010286676  0.9995469429  -0.03009832052
18  10  3.120686894e-17  -0.01519872163  0.9998845017  -0.01519813648
18  11  1.097072836e-16  0.009290238987  0.999956846  0.00929010535
18  12  1.583316687e-17  0.01569453533  0.9998768433  0.01569389103
18  13  1.525228781e-16  0.005584083195  0.999984409  0.005584054175
18  14  -1.281527845e-16  0.001451352092  0.9999989468  0.001451351583
18  15  -1.917206796e-16  -0.000705824589  0.9999997509  -0.0007058245304
18  16  -1.839570986e-16  -0.002253849538  0.9999974601  -0.00225384763
18  17  -4.26726007e-17  -0.003339410778  0.9999944242  -0.003339404571
18  18  2.72468083e-17  -0.003809842377  0.9999927426  -0.003809833161
18  19  9.241277878e-17  -0.003519762236  0.9999938056  -0.003519754969
18  20  -3.376175441e-16  -0.002549344593  0.9999967504  -0.002549341832
18  21  3.924052451e-16  -0.0008654348531  0.9999996255  -0.0008654347451
18  22  -3.566909944e-17  0.003010627394  0.9999954681  0.003010622846
18  23  -8.99380551e-17  0.01670391398  0.9998604929  0.0167031372
18  24  2.269505028e-16  0.0121923318  0.9999256744  0.01219202973
18  25  -2.185150736e-16  -0.008991663723  0.9999595753  -0.008991542561
18  26  -2.370301473e-17  -0.02228435888  0.9997517139  -0.02228251455
18  27  -6.31829636e-17  -0.0267054179  0.9996434315  -0.02670224372
18  28  -1.583997322e-16  -0.01558835008  0.9998785041  -0.01558771877
18  29  -3.427332812e-18  -0.0006731465975  0.9999997734  -0.0006731465467
18  30  1.423257484e-16  0.01945366753  0.9998107834  0.01945244053
18  31  1.207587391e-16  0.01005107668  0.9999494884  0.01005090745
18  32  -3.624727925e-17  0.0008095749549  0.9999996723  0.0008095748665
18  33  -1.51466576e-16  -0.00176708027  0.9999984387  -0.001767079351
18  34  2.695177979e-18  -0.003020933003  0.999995437  -0.003020928408
18  35  3.198786628e-16  -0.003617847761  0.9999934556  -0.003617839869
18  36  3.198786628e-16  -0.003617847761  0.9999934556  -0.003617839869

19  0  1.454870116e-16  -0.003828789021  0.9999926702  -0.003828779666
19  1  -9.177914494e-17  -0.002872539585  0.9999958743  -0.002872535634
19  2  1.986873795e-16  -0.001488486402  0.9999988922  -0.001488485853
19  3  -3.000441321e-18  0.0001867907026  0.9999999826  0.0001867907016
19  4  1.15543218e-16  0.002132643039  0.9999977259  0.002132641422
19  5  2.629723798e-16  0.004916594418  0.9999879136  0.00491657461
19  6  3.15432532e-16  0.01064364513  0.9999433569  0.01064344417
19  7  4.660302368e-17  0.01219668151  0.9999256214  0.01219637912
19  8  -8.046503551e-17  -0.01124387643  0.9999367883  -0.01124363952
19  9  -1.063128809e-16  -0.0341608335  0.9994165755  -0.03415418982
19  10  2.688704472e-17  -0.02591799129  0.9996641477  -0.02591508968
19  11  4.137857869e-17  0.002765764158  0.9999961753  0.002765760632
19  12  4.344952453e-16  0.01256352111  0.99992108  0.0125631906
19  13  1.516810576e-16  0.006598109934  0.9999782326  0.00659806206
19  14  1.506301297e-16  0.003199081131  0.9999948829  0.003199075674
19  15  -1.645138055e-16  0.001112677697  0.999999381  0.001112677467
19  16  -5.07288108e-17  -0.0006667153635  0.9999997777  -0.0006667153141
19  17  1.950718714e-16  -0.002253849538  0.9999974601  -0.00225384763
19  18  1.035923262e-16  -0.003519762236  0.9999938056  -0.003519754969
19  19  -1.858784076e-16  -0.004231724897  0.9999910463  -0.004231712267
19  20  -8.034058433e-17  -0.004202508797  0.9999911695  -0.004202496427
19  21  -6.645680584e-17  -0.003524669278  0.9999937884  -0.00352466198
19  22  -2.343396172e-16  -0.001699769675  0.9999985554  -0.001699768856
19  23  -4.152113731e-16  0.0103759686  0.9999461701  0.01037578242
19  24  7.346966875e-17  0.009103818029  0.9999585605  0.009103692276
19  25  -1.60325182e-17  -0.006220355954  0.9999806536  -0.00622031584
19  26  -4.509883267e-17  -0.01569981144  0.9998767605  -0.01569916649
19  27  2.077474859e-17  -0.02492976376  0.9996892695  -0.02492718156
19  28  -7.635801617e-17  -0.02082992741  0.9997830649  -0.02082842114
19  29  -5.374577248e-17  -0.01066487697  0.9999431307  -0.0106646748
19  30  2.014734883e-16  -0.0006485992126  0.9999997897  -0.0006485991671
19  31  2.263093355e-16  0.01474613054  0.9998912778  0.01474559612
19  32  2.033697139e-17  0.00324896675  0.9999947221  0.003248961034
19  33  8.515813256e-17  -0.002821497721  0.9999960196  -0.002821493977
19  34  -4.315623399e-17  -0.003839688432  0.9999926284  -0.003839678997
19  35  -1.955157171e-17  -0.004165230182  0.9999913254  -0.004165218138
19  36  -1.955157171e-17  -0.004165230182  0.9999913254  -0.004165218138

20  0  7.33793436e-17  -0.004769352049  0.9999886267  -0.004769333968
20  1  5.666057336e-17  -0.003367238403  0.9999943309  -0.00336723204
20  2  3.041658917e-16  -0.001660891563  0.9999986207  -0.0016608908
20  3  9.861487275e-17  0.0001729850017  0.999999985  0.0001729850008
20  4  1.38126066e-16  0.001935428256  0.9999981271  0.001935427047
20  5  1.443622643e-16  0.003604671615  0.9999935032  0.003604663809
20  6  -1.72224253e-16  0.005695294324  0.9999837819  0.005695263535
20  7  -1.078993463e-16  0.009185716863  0.9999578116  0.009185587686
20  8  -3.006134028e-16  0.0065410771  0.9999786072  0.006541030456
20  9  1.024606442e-17  -0.02090834278  0.9997814286  -0.02090681944
20  10  -1.181059646e-16  -0.03511442982  0.9993835518  -0.03510721411
20  11  -9.326515739e-17  -0.005617813893  0.9999842201  -0.005617784343
20  12  -6.898324618e-18  0.009147279265  0.9999581639  0.009147151703
20  13  9.066058248e-17  0.006778372161  0.9999770269  0.006778320254
20  14  -9.087924034e-17  0.004413261255  0.9999902616  0.004413246929
20  15  7.794534317e-17  0.002763299585  0.9999961821  0.002763296068
20  16  5.870421607e-17  0.001112677697  0.999999381  0.001112677467
20  17  -1.313425548e-16  -0.0007058245891  0.9999997509  -0.0007058245305
20  18  -2.021820035e-16  -0.002549344593  0.9999967504  -0.002549341832
20  19  -3.549175174e-16  -0.004202508797  0.9999911695  -0.004202496427
20  20  -3.842559509e-16  -0.005439968632  0.9999852034  -0.005439941801
20  21  3.015279457e-16  -0.006349759515  0.9999798403  -0.006349716845
20  22  1.783212928e-16  -0.008966126524  0.9999598046  -0.008966006391
20  23  4.903789364e-17  -0.01979355232  0.999804114  -0.01979225988
20  24  4.241524392e-17  -0.005048157317  0.9999872581  -0.005048135876
20  25  2.438728333e-16  -0.005400375836  0.999985418  -0.005400349586
20  26  2.163134673e-16  -0.01134876878  0.9999356034  -0.01134852517
20  27  2.305460233e-16  -0.02038949835  0.9997921414  -0.02038808562
20  28  1.160093665e-16  -0.02338541572  0.9997265736  -0.02338328429
20  29  2.38005465e-16  -0.01549804606  0.9998799077  -0.01549742565
20  30  7.387070716e-17  -0.00801614224  0.9999678709  -0.00801605639
20  31  -4.936163174e-17  -0.003908686696  0.9999923611  -0.003908676743
20  32  1.910404402e-16  -0.01012838241  0.9999487084  -0.01012820924
20  33  8.511166539e-17  -0.01735894756  0.9998493373  -0.01735807577
20  34  2.136408982e-16  -0.007414169672  0.9999725152  -0.007414101747
20  35  6.534021027e-17  -0.005788970435  0.999983244  -0.005788938102
20  36  6.534021027e-17  -0.005788970435  0.999983244  -0.005788938102

21  0  -1.815217994e-16  -0.008021589566  0.9999678272  -0.008021503541
21  1  7.154834522e-17  -0.004967320764  0.9999876629  -0.004967300337
21  2  -3.549924e-17  -0.002269954926  0.9999974237  -0.002269952977
21  3  -1.088673532e-18  0.0002516113556  0.9999999683  0.000251611353
21  4  -3.647499691e-17  0.002339269523  0.9999972639  0.00233926739
21  5  -1.376088731e-16  0.003843238378  0.9999926148  0.003843228917
21  6  -6.301588982e-17  0.004963621093  0.9999876813  0.004963600712
21  7  1.981947911e-16  0.006235739279  0.9999805578  0.006235698867
21  8  -2.94243214e-17  0.00784069435  0.9999692619  0.007840614014
21  9  9.554186582e-17  0.0008282190551  0.999999657  0.0008282189604
21  10  -3.476221396e-18  -0.02642728892  0.9996508195  -0.02642421289
21  11  -8.749373875e-17  -0.01336811941  0.999910648  -0.01336772125
21  12  1.354895154e-16  0.00640714101  0.9999794743  0.006407097173
21  13  8.527742166e-17  0.006814194018  0.9999767835  0.006814141284
21  14  -3.323432457e-17  0.005442697604  0.9999851886  0.005442670733
21  15  -1.357430734e-17  0.004413261255  0.9999902616  0.004413246929
21  16  -1.347332673e-16  0.003199081131  0.9999948829  0.003199075674
21  17  -2.116193648e-16  0.001451352092  0.9999989468  0.001451351583
21  18  1.672620608e-16  -0.0008654348531  0.9999996255  -0.0008654347451
21  19  2.606834441e-16  -0.003524669278  0.9999937884  -0.00352466198
21  20  1.018321557e-17  -0.006349759515  0.9999798403  -0.006349716846
21  21  1.673075876e-16  -0.009905206894  0.9999509438  -0.009905044923
21  22  8.767358321e-17  -0.022177468  0.99975409  -0.02217565008
21  23  -5.332125404e-18  -0.1412673309  0.9900383537  -0.1407979336
21  24  9.578700243e-17  -0.03245907465  0.9994732505  -0.03245337518
21  25  -4.981704732e-17  -0.005492731957  0.999984915  -0.005492704337
21  26  -1.610516548e-16  -0.008673504806  0.9999623854  -0.008673396055
21  27  3.932189666e-16  -0.01569342141  0.9998768608  -0.01569277725
21  28  1.039706728e-16  -0.02212184486  0.999755322  -0.02212004058
21  29  2.107883412e-16  -0.01933323586  0.9998131188  -0.0193320315
21  30  1.059087239e-16  -0.01167510617  0.9999318467  -0.01167484094
21  31  1.030294346e-16  -0.006632902702  0.9999780024  -0.006632854066
21  32  1.375417888e-16  -0.01005764437  0.9999494223  -0.0100574748
21  33  -6.824508996e-17  -0.08723877649  0.9961971107  -0.08712816196
21  34  -1.53892553e-16  -0.09090539763  0.995870949  -0.09078024548
21  35  -2.051219334e-16  -0.01495670198  0.9998881506  -0.01495614434
21  36  -2.051219334e-16  -0.01495670198  0.9998881506  -0.01495614434

22  0  2.405837708e-16  -0.05945810745  0.9982328874  -0.05942308026
22  1  2.354905314e-16  -0.01630676574  0.9998670476  -0.01630604306
22  2  -2.052078396e-16  -0.005816106058  0.9999830865  -0.005816073268
22  3  -2.609172902e-16  0.0005267829275  0.9999998612  0.0005267829031
22  4  -1.959739998e-16  0.004398638659  0.999990326  0.004398624475
22  5  2.01116694e-16  0.00624353905  0.9999805092  0.006243498486
22  6  7.82282468e-17  0.006806786963  0.9999768339  0.006806734401
22  7  2.074462745e-16  0.006839740604  0.9999766091  0.006839687275
22  8  7.713055805e-17  0.00699862061  0.9999755098  0.006998563477
22  9  9.413893019e-17  0.006305098716  0.9999801229  0.00630505694
22  10  1.517273938e-16  -0.0124311093  0.9999227348  -0.01243078914
22  11  1.385379776e-16  -0.02711802126  0.999632329  -0.02711469767
22  12  -9.509599209e-17  0.002796979289  0.9999960885  0.002796975643
22  13  -6.3288604e-17  0.007310978355  0.9999732749  0.007310913226
22  14  1.39173335e-16  0.006814194018  0.9999767835  0.006814141284
22  15  -2.897731393e-16  0.006778372161  0.9999770269  0.006778320254
22  16  7.484653502e-17  0.006598109934  0.9999782326  0.00659806206
22  17  1.934611619e-16  0.005584083195  0.999984409  0.005584054175
22  18  -9.157236488e-17  0.003010627394  0.9999954681  0.003010622846
22  19  8.005645584e-17  -0.001699769675  0.9999985554  -0.001699768856
22  20  2.851918667e-16  -0.008966126524  0.9999598046  -0.008966006391
22  21  1.174414963e-16  -0.022177468  0.99975409  -0.02217565008
22  22  2.114203513e-16  -0.09890801783  0.9951125883  -0.09874683053
22  23  -4.322011687e-16  -0.5891945075  0.8313885541  -0.555691526
22  24  -4.472002646e-16  -0.03911448709  0.999235126  -0.03910451403
22  25  -3.702386652e-16  -0.005473338178  0.9999850213  -0.00547331085
22  26  -2.486481917e-16  -0.006886849308  0.9999762857  -0.006886794869
22  27  1.469479672e-16  -0.01191103702  0.9999290644  -0.01191075538
22  28  7.222198159e-17  -0.0182399469  0.9998336568  -0.01823893553
22  29  8.066956433e-17  -0.01997550352  0.9998004963  -0.01997417511
22  30  -1.94476588e-16  -0.01493529217  0.9998884706  -0.01493473692
22  31  1.877178425e-16  -0.009003755915  0.9999594665  -0.009003634263
22  32  -2.957991413e-17  -0.005735612615  0.9999835514  -0.005735581168
22  33  1.00834937e-17  -0.01412286345  0.999900274  -0.01412239398
22  34  -1.918123923e-16  -0.2374083774  0.9719507477  -0.2351844896
22  35  -1.470403606e-16  -0.4287870156  0.9094707386  -0.4157679348
22  36  -1.470403606e-16  -0.4287870156  0.9094707386  -0.4157679348

23  0  3.584264522e-16  -0.5588485303  0.847866194  -0.5302102574
23  1  1.15042719e-16  -0.2885935289  0.9586451111  -0.2846042004
23  2  8.344218645e-17  -0.07506152007  0.9971842065  -0.07499105425
23  3  3.615261593e-16  -0.003301974395  0.9999945485  -0.003301968395
23  4  -2.295321318e-16  0.01469423406  0.9998920417  0.01469370527
23  5  -9.926789626e-18  0.01689959178  0.9998572053  0.01689878738
23  6  -1.744672405e-16  0.01455141056  0.9998941301  0.01455089703
23  7  1.744819586e-16  0.01113400764  0.9999380176  0.01113377761
23  8  -1.323795152e-16  0.007827803339  0.9999693629  0.007827723399
23  9  4.829938942e-17  0.004559187631  0.9999896069  0.004559171836
23  10  -1.487066812e-16  -0.01278708335  0.9999182464  -0.01278673488
23  11  -6.344292144e-17  -0.07342450013  0.9973056322  -0.07335854407
23  12  4.119722954e-17  -0.03213036293  0.9994838643  -0.03212483486
23  13  -1.468511143e-16  0.00279697929  0.9999960885  0.002796975643
23  14  7.443106648e-17  0.00640714101  0.9999794743  0.006407097173
23  15  1.97528665e-17  0.009147279265  0.9999581639  0.009147151703
23  16  -1.622717896e-16  0.01256352111  0.99992108  0.0125631906
23  17  1.031817993e-17  0.01569453533  0.9998768433  0.01569389103
23  18  1.835916031e-17  0.01670391398  0.9998604929  0.0167031372
23  19  2.369228445e-17  0.0103759686  0.9999461701  0.01037578242
23  20  -2.047354986e-16  -0.01979355232  0.999804114  -0.01979225988
23  21  -7.323972983e-17  -0.1412673309  0.9900383538  -0.1407979336
23  22  -1.379198903e-18  -0.5891945075  0.8313885541  -0.555691526
23  23  -1.376897599e-17  -0.3590310471  0.9362377214  -0.3513672281
23  24  1.318717976e-16  -0.0149159231  0.9998887597  -0.01491537001
23  25  -1.364756203e-17  -0.004333647789  0.9999906098  -0.004333634224
23  26  1.593749516e-16  -0.005130961197  0.9999868366  -0.005130938683
23  27  3.003053378e-17  -0.008562779195  0.9999633396  -0.008562674556
23  28  5.63755052e-17  -0.0132148325  0.9999126854  -0.01321444788
23  29  1.359320369e-17  -0.01625862893  0.9998678314  -0.01625791263
23  30  3.777908369e-17  -0.01493848173  0.999888423  -0.01493792613
23  31  7.985077408e-18  -0.0106670088  0.999943108  -0.01066680651
23  32  -7.460849079e-17  -0.006588287473  0.9999782973  -0.006588239812
23  33  -3.069972239e-16  -0.004467419356  0.9999900211  -0.004467404496
23  34  -2.235157139e-16  -0.008683102556  0.9999623021  -0.008682993444
23  35  2.950013036e-16  -0.1876738657  0.9824408891  -0.1865741124
23  36  2.950013036e-16  -0.1876738657  0.9824408891  -0.1865741124

24  0  3.52023803e-16  -0.01020093107  0.999947971  -0.01020075415
24  1  -3.476835677e-17  -0.0343044576  0.9994116598  -0.03429772978
24  2  -4.629130181e-18  -0.03627108415  0.9993422763  -0.03626313168
24  3  -1.095202871e-16  -0.01061664831  0.9999436439  -0.01061644887
24  4  -4.989526429e-17  0.006148412637  0.9999810986  0.006148373899
24  5  3.163088307e-16  0.0118016751  0.999930361  0.01180140115
24  6  -3.111415818e-17  0.01103111614  0.9999391579  0.01103089242
24  7  9.448813455e-17  0.006387414527  0.9999796005  0.006387371094
24  8  -1.730662204e-16  -0.000903111876  0.9999995922  -0.0009031117532
24  9  -8.879165242e-17  -0.009910009608  0.9999508963  -0.009909847401
24  10  1.603053163e-16  -0.02486523942  0.9996908759  -0.02486267722
24  11  1.298833896e-16  -0.0687681325  0.9976364037  -0.06871394392
24  12  1.060912213e-16  -0.07342450013  0.9973056322  -0.07335854407
24  13  3.226014512e-17  -0.02711802126  0.999632329  -0.02711469767
24  14  9.032792999e-17  -0.01336811941  0.999910648  -0.01336772125
24  15  3.108837599e-16  -0.005617813893  0.9999842201  -0.005617784344
24  16  1.661412534e-16  0.002765764158  0.9999961753  0.002765760632
24  17  -1.325906322e-16  0.009290238987  0.999956846  0.009290105349
24  18  -6.241823506e-17  0.0121923318  0.9999256744  0.01219202973
24  19  2.629671698e-16  0.009103818029  0.9999585605  0.009103692276
24  20  -2.702026704e-16  -0.005048157317  0.9999872581  -0.005048135876
24  21  -1.27211121e-16  -0.03245907465  0.9994732505  -0.03245337518
24  22  1.678677038e-16  -0.03911448709  0.999235126  -0.03910451403
24  23  5.685828975e-17  -0.0149159231  0.9998887597  -0.01491537001
24  24  1.583103384e-16  -0.004085177789  0.9999916557  -0.004085166426
24  25  3.567903262e-16  -0.001997721152  0.9999980046  -0.001997719824
24  26  -7.534539529e-17  -0.001548207825  0.9999988015  -0.001548207206
24  27  -1.821824893e-16  -0.003025497249  0.9999954232  -0.003025492634
24  28  -1.235508632e-16  -0.00577425812  0.999983329  -0.005774226033
24  29  -3.959704138e-16  -0.007783914825  0.9999697055  -0.007783836222
24  30  -6.280923286e-17  -0.008124075847  0.9999669999  -0.008123986482
24  31  -2.36148227e-16  -0.006796819109  0.9999769017  -0.006796766777
24  32  -1.73904431e-16  -0.004316931024  0.9999906821  -0.004316917616
24  33  8.65145323e-17  -0.001982747688  0.9999980344  -0.001982746389
24  34  8.006912527e-17  -0.001447334875  0.9999989526  -0.001447334369
24  35  2.068172691e-16  -0.002787132181  0.9999961159  -0.002787128572
24  36  2.068172691e-16  -0.002787132181  0.9999961159  -0.002787128572

25  0  1.774751819e-16  0.0005944704986  0.9999998233  0.0005944704636
25  1  -6.060453707e-17  -0.003178699491  0.9999949479  -0.003178694138
25  2  -2.419559656e-16  -0.004963379198  0.9999876825  -0.004963358819
25  3  2.295697385e-17  -0.005220128597  0.9999863752  -0.005220104889
25  4  -1.08280727e-16  -0.004912265283  0.9999879348  -0.004912245527
25  5  9.795012771e-17  -0.005095693744  0.999987017  -0.005095671692
25  6  2.779777178e-16  -0.006635560033  0.9999779848  -0.006635511339
25  7  7.868111445e-17  -0.01065681321  0.9999432167  -0.0106566115
25  8  -1.970353081e-16  -0.01874177446  0.9998243781  -0.01874067729
25  9  2.567231428e-16  -0.03086775562  0.9995236287  -0.03086285396
25  10  -8.37796673e-17  -0.03717526616  0.9993090794  -0.03716670405
25  11  -2.698667064e-16  -0.02486523942  0.9996908759  -0.02486267722
25  12  4.155591698e-17  -0.01278708335  0.9999182464  -0.01278673488
25  13  -3.849742716e-17  -0.0124311093  0.9999227348  -0.01243078914
25  14  -4.963015019e-18  -0.02642728892  0.9996508195  -0.02642421289
25  15  5.134499596e-17  -0.03511442982  0.9993835518  -0.03510721411
25  16  -1.652614051e-16  -0.02591799129  0.9996641477  -0.02591508968
25  17  -2.348790162e-17  -0.01519872163  0.9998845017  -0.01519813648
25  18  9.10320479e-17  -0.008991663723  0.9999595753  -0.008991542561
25  19  3.983360282e-17  -0.006220355954  0.9999806536  -0.00622031584
25  20  3.957136834e-17  -0.005400375836  0.999985418  -0.005400349586
25  21  -9.445789434e-17  -0.005492731957  0.999984915  -0.005492704337
25  22  1.03477455e-16  -0.005473338178  0.9999850213  -0.00547331085
25  23  9.18998416e-17  -0.004333647789  0.9999906098  -0.004333634224
25  24  2.266664563e-16  -0.001997721152  0.9999980046  -0.001997719824
25  25  4.150770579e-16  0.00267802757  0.9999964141  0.002678024369
25  26  -1.271803259e-16  0.01703642895  0.9998548836  0.01703560485
25  27  1.814963587e-17  0.026594037  0.9996463994  0.02659090237
25  28  1.944348415e-17  0.01504865756  0.9998867711  0.01504808957
25  29  -2.765549682e-16  0.007509793527  0.9999718016  0.007509722939
25  30  5.173534228e-17  0.005246102552  0.9999862392  0.005246078488
25  31  -1.426652114e-16  0.005784698419  0.9999832687  0.005784666157
25  32  -1.998257423e-17  0.009464515511  0.9999552118  0.009464374211
25  33  -4.382346944e-18  0.0183143242  0.9998322975  0.01831330041
25  34  -1.201672785e-16  0.02553714204  0.9996739449  0.02553436647
25  35  9.934441601e-17  0.01169280068  0.99993164  0.01169253424
25  36  9.934441601e-17  0.01169280068  0.99993164  0.01169253424

26  0  1.393140999e-16  0.363680505  0.9345939406  0.3557164125
26  1  6.472696983e-17  0.006488485048  0.9999789499  0.00648843952
26  2  -2.696079912e-16  -0.003413344008  0.9999941745  -0.00341333738
26  3  -1.168380529e-16  -0.005889195477  0.9999826587  -0.005889161435
26  4  -1.843631826e-16  -0.007511536035  0.9999717885  -0.007511465398
26  5  1.595311323e-16  -0.009568633791  0.999954221  -0.009568487776
26  6  1.820587044e-17  -0.0128728413  0.9999171461  -0.01287248578
26  7  -4.894058283e-17  -0.01826718087  0.9998331597  -0.01826616495
26  8  -2.732539365e-16  -0.02600212075  0.9996619639  -0.0259991908
26  9  9.738259763e-17  -0.03323946306  0.9994476199  -0.03323334256
26  10  8.99106545e-17  -0.03086775562  0.9995236287  -0.03086285396
26  11  -2.751945435e-16  -0.009910009608  0.9999508963  -0.009909847401
26  12  1.108152395e-16  0.00455918763  0.9999896069  0.004559171836
26  13  -1.47802344e-16  0.006305098716  0.9999801229  0.00630505694
26  14  1.199401067e-16  0.0008282190553  0.999999657  0.0008282189606
26  15  2.980458479e-16  -0.02090834278  0.9997814286  -0.02090681944
26  16  1.181977664e-16  -0.0341608335  0.9994165755  -0.03415418982
26  17  2.388026105e-16  -0.03010286676  0.9995469429  -0.03009832052
26  18  1.54958502e-16  -0.02228435888  0.9997517139  -0.02228251455
26  19  1.386702531e-16  -0.01569981144  0.9998767605  -0.01569916649
26  20  -2.31848232e-16  -0.01134876878  0.9999356034  -0.01134852517
26  21  -1.711141304e-16  -0.008673504806  0.9999623854  -0.008673396055
26  22  -1.303001026e-16  -0.006886849308  0.9999762857  -0.006886794869
26  23  1.258619268e-16  -0.005130961197  0.9999868366  -0.005130938683
26  24  1.675862311e-17  -0.001548207825  0.9999988015  -0.001548207206
26  25  4.535188497e-17  0.01703642895  0.9998548836  0.01703560486
26  26  -5.408883134e-16  0.7066534363  0.7605390285  0.6492922193
26  27  -5.766739198e-17  0.7234121728  0.7495514225  0.6619461195
26  28  1.057355382e-16  0.05816772448  0.9983087349  0.05813492843
26  29  -1.695434432e-16  0.01931218167  0.9998135256  0.01931098125
26  30  -1.645087606e-17  0.01198891333  0.9999281338  0.01198862613
26  31  2.038060188e-16  0.0111633177  0.9999376908  0.01116308584
26  32  1.747274296e-16  0.01493917689  0.9998884126  0.01493862121
26  33  -1.966499038e-16  0.03211401943  0.9994843892  0.03210849979
26  34  -3.46749061e-17  0.1295269739  0.9916231031  0.1291650935
26  35  7.339318361e-17  0.9830906773  0.554453091  0.8322149781
26  36  7.339318361e-17  0.9830906773  0.554453091  0.8322149781

27  0  -1.168866622e-16  0.8153838225  0.6855890255  0.7279887967
27  1  -3.395575461e-17  0.1125027136  0.9936782417  0.1122655418
27  2  -1.766906019e-16  0.007110840144  0.9999747181  0.007110780218
27  3  3.167077788e-16  -0.005913419846  0.9999825158  -0.005913385382
27  4  2.519915709e-16  -0.009980593805  0.9999501943  -0.009980428108
27  5  3.103847741e-16  -0.01342041851  0.9999099475  -0.01342001566
27  6  -5.213173149e-17  -0.01773622631  0.9998427173  -0.01773529643
27  7  -1.036980074e-16  -0.02289440956  0.9997379345  -0.02289240958
27  8  -2.151633075e-16  -0.02678807623  0.9996412209  -0.02678487249
27  9  -9.689554426e-17  -0.02600212075  0.9996619639  -0.0259991908
27  10  1.22209623e-17  -0.01874177446  0.9998243781  -0.01874067729
27  11  6.634802673e-17  -0.0009031118756  0.9999995922  -0.0009031117528
27  12  -1.747864535e-16  0.007827803339  0.9999693629  0.007827723399
27  13  -9.160530646e-17  0.00699862061  0.9999755098  0.006998563477
27  14  7.535497008e-17  0.00784069435  0.9999692619  0.007840614014
27  15  -2.057617281e-16  0.0065410771  0.9999786072  0.006541030456
27  16  3.45201836e-17  -0.01124387643  0.9999367883  -0.01124363952
27  17  1.17477054e-16  -0.02384802038  0.9997156494  -0.02384575993
27  18  -3.093385231e-17  -0.0267054179  0.9996434315  -0.02670224372
27  19  1.668196217e-16  -0.02492976376  0.9996892695  -0.02492718156
27  20  -2.387188219e-16  -0.02038949835  0.9997921414  -0.02038808562
27  21  1.100052338e-16  -0.01569342141  0.9998768608  -0.01569277725
27  22  9.191649413e-17  -0.01191103702  0.9999290644  -0.01191075538
27  23  8.825771425e-17  -0.008562779195  0.9999633396  -0.008562674556
27  24  -1.22256337e-16  -0.003025497249  0.9999954232  -0.003025492634
27  25  1.744952438e-16  0.026594037  0.9996463994  0.02659090237
27  26  -1.931643618e-16  0.7234121728  0.7495514225  0.6619461195
27  27  1.127854797e-16  0.3712397266  0.931878325  0.3627709848
27  28  1.738282817e-16  0.03358205894  0.9994361756  0.03357574724
27  29  3.419325259e-16  0.01338256437  0.9999104548  0.01338216491
27  30  4.765613565e-17  0.00831656731  0.9999654176  0.008316471441
27  31  9.832421804e-17  0.006980931752  0.9999756334  0.006980875051
27  32  -9.464844549e-17  0.007534076943  0.999971619  0.007534005668
27  33  -2.542549687e-16  0.01070039802  0.9999427513  0.01070019383
27  34  -9.665155228e-18  0.02309526862  0.9997333161  0.02309321553
27  35  -1.469598107e-16  0.2024705536  0.9795727641  0.201090029
27  36  -1.469598107e-16  0.2024705536  0.9795727641  0.201090029

28  0  -3.091503414e-16  0.02557531499  0.9996729695  0.02557252696
28  1  -5.744143118e-18  0.05261012904  0.9986164063  0.05258586312
28  2  -1.027994379e-16  0.03286375131  0.9994600355  0.03285783601
28  3  -1.978336061e-16  0.002553739724  0.9999967392  0.002553736948
28  4  -1.333699795e-16  -0.009474976544  0.9999551127  -0.009474834775
28  5  9.148575885e-18  -0.01555267265  0.9998790596  -0.01555204566
28  6  1.595264037e-16  -0.02036488769  0.9997926428  -0.02036348007
28  7  6.738211519e-17  -0.02352075268  0.9997233998  -0.02351858403
28  8  -2.126994878e-16  -0.02289440956  0.9997379345  -0.02289240958
28  9  -2.991677502e-16  -0.01826718087  0.9998331597  -0.01826616495
28  10  -1.229391551e-16  -0.01065681321  0.9999432167  -0.0106566115
28  11  -8.498698397e-17  0.006387414527  0.9999796005  0.006387371094
28  12  3.380765444e-16  0.01113400764  0.9999380176  0.01113377761
28  13  3.136843988e-16  0.006839740604  0.9999766091  0.006839687275
28  14  -1.29525783e-16  0.006235739279  0.9999805578  0.006235698867
28  15  -8.711397675e-17  0.009185716863  0.9999578116  0.009185587686
28  16  6.367012743e-17  0.01219668151  0.9999256214  0.01219637912
28  17  6.280740423e-17  -0.004079173234  0.9999916802  -0.004079161921
28  18  -1.145038409e-16  -0.01558835008  0.9998785041  -0.01558771877
28  19  2.612593831e-16  -0.02082992741  0.9997830649  -0.02082842114
28  20  1.052199214e-16  -0.02338541572  0.9997265736  -0.02338328429
28  21  2.922831367e-17  -0.02212184486  0.999755322  -0.02212004058
28  22  6.165549008e-17  -0.0182399469  0.9998336568  -0.01823893553
28  23  8.153692661e-17  -0.0132148325  0.9999126854  -0.01321444788
28  24  2.540643656e-16  -0.00577425812  0.999983329  -0.005774226033
28  25  -1.082259954e-16  0.01504865756  0.9998867711  0.01504808957
28  26  1.230293405e-16  0.05816772448  0.9983087349  0.05813492843
28  27  4.360477882e-16  0.03358205894  0.9994361756  0.03357574724
28  28  6.420235501e-17  0.01744924948  0.9998477657  0.01744836401
28  29  -3.357472372e-17  0.01482940149  0.9998900464  0.01482885797
28  30  8.158458415e-18  0.008553180405  0.9999634218  0.008553076118
28  31  8.417179643e-18  -0.013016077  0.9999152921  -0.01301570948
28  32  1.386810244e-16  -0.03253320364  0.999470842  -0.03252746503
28  33  -1.135473378e-16  -0.008688257315  0.9999622573  -0.008688148008
28  34  -3.252343631e-16  0.01163409778  0.9999323246  0.01163383534
28  35  -2.940622547e-16  0.01701053107  0.9998553244  0.01700971072
28  36  -2.940622547e-16  0.01701053107  0.9998553244  0.01700971072

29  0  -1.03750338e-16  0.07262366597  0.9973640604  0.07255984422
29  1  3.700706595e-17  0.01290739509  0.9999167007  0.0129070367
29  2  4.572087369e-17  0.01684371974  0.9998581479  0.01684292329
29  3  -2.617852118e-17  0.01447777151  0.9998951989  0.01447726574
29  4  -1.01772715e-16  -0.0004235432482  0.9999999103  -0.0004235432356
29  5  -4.439751577e-16  -0.01218572149  0.999925755  -0.01218541991
29  6  -1.400583245e-16  -0.01860837647  0.9998268692  -0.01860730256
29  7  -2.016016946e-16  -0.02036488769  0.9997926428  -0.02036348007
29  8  2.502044466e-17  -0.01773622631  0.9998427173  -0.01773529643
29  9  4.14999289e-17  -0.0128728413  0.9999171461  -0.01287248578
29  10  5.46793398e-17  -0.006635560033  0.9999779848  -0.006635511338
29  11  4.737153508e-17  0.01103111614  0.9999391579  0.01103089242
29  12  -1.305405349e-16  0.01455141056  0.9998941301  0.01455089703
29  13  1.849398039e-17  0.006806786963  0.9999768339  0.006806734401
29  14  1.134557887e-16  0.004963621093  0.9999876813  0.004963600712
29  15  -4.143022057e-18  0.005695294324  0.9999837819  0.005695263535
29  16  -7.910330403e-17  0.01064364513  0.9999433569  0.01064344417
29  17  1.803541209e-16  0.01708739542  0.999854014  0.0170865639
29  18  -1.663122013e-16  -0.0006731465981  0.9999997734  -0.0006731465473
29  19  -2.621929278e-17  -0.01066487697  0.9999431307  -0.0106646748
29  20  -2.935638966e-17  -0.01549804606  0.9998799077  -0.01549742565
29  21  -8.207297357e-17  -0.01933323586  0.9998131188  -0.0193320315
29  22  5.72116049e-17  -0.01997550352  0.9998004963  -0.01997417511
29  23  1.937490352e-16  -0.01625862893  0.9998678314  -0.01625791263
29  24  1.343014343e-17  -0.007783914825  0.9999697055  -0.007783836222
29  25  -2.88880745e-16  0.007509793527  0.9999718016  0.007509722939
29  26  -2.749306154e-17  0.01931218167  0.9998135256  0.01931098125
29  27  2.825708855e-16  0.01338256437  0.9999104548  0.01338216492
29  28  -6.809369114e-17  0.01482940149  0.9998900464  0.01482885797
29  29  -2.015841778e-16  0.1286755193  0.9917327219  0.1283207247
29  30  -4.93872257e-17  0.01858844998  0.9998272397  0.01858737952
29  31  -2.052795369e-16  -0.3444210641  0.9412710891  -0.3376517982
29  32  -1.032898099e-16  -1.288072185  0.2789726712  -0.9602990413
29  33  -2.806946748e-16  -0.4662005234  0.8932825795  -0.4494955318
29  34  -1.543514292e-16  -0.05249846657  0.998622272  -0.05247435482
29  35  6.422363277e-17  0.07400129335  0.9972631536  0.07393377097
29  36  6.422363277e-17  0.07400129335  0.9972631536  0.07393377097

30  0  1.028028683e-17  0.005853495596  0.9999828683  0.005853462169
30  1  -9.31808606e-17  0.01401551887  0.9999017842  0.01401506002
30  2  1.780672001e-16  0.007144311369  0.9999744795  0.007144250593
30  3  -5.096424917e-17  0.01008688424  0.9999491278  0.01008671319
30  4  1.777175179e-16  0.009802412849  0.9999519567  0.009802255868
30  5  -1.171055756e-16  -0.001302300138  0.999999152  -0.00130229977
30  6  5.45673037e-18  -0.01218572149  0.999925755  -0.01218541991
30  7  -1.396221216e-16  -0.01555267265  0.9998790596  -0.01555204566
30  8  2.999359502e-16  -0.01342041851  0.9999099475  -0.01342001566
30  9  -3.276896366e-17  -0.009568633791  0.999954221  -0.009568487776
30  10  -2.180851987e-17  -0.005095693744  0.999987017  -0.005095671692
30  11  -1.285499854e-16  0.0118016751  0.999930361  0.01180140115
30  12  -1.576666032e-16  0.01689959178  0.9998572053  0.01689878738
30  13  6.962764031e-17  0.00624353905  0.9999805092  0.006243498486
30  14  3.550181634e-17  0.003843238378  0.9999926148  0.003843228917
30  15  -2.264529015e-17  0.003604671615  0.9999935032  0.003604663809
30  16  -2.307921957e-17  0.004916594418  0.9999879136  0.00491657461
30  17  -1.328006997e-16  0.01143219902  0.9999346531  0.01143195
30  18  -4.432519463e-16  0.01945366753  0.9998107834  0.01945244053
30  19  -2.839868385e-16  -0.0006485992124  0.9999997897  -0.0006485991669
30  20  1.203116448e-16  -0.00801614224  0.9999678709  -0.00801605639
30  21  -1.862464889e-17  -0.01167510617  0.9999318467  -0.01167484094
30  22  6.630107997e-17  -0.01493529217  0.9998884706  -0.01493473692
30  23  -5.696580069e-17  -0.01493848173  0.999888423  -0.01493792613
30  24  1.430726238e-16  -0.008124075847  0.9999669999  -0.008123986482
30  25  1.131967163e-16  0.005246102551  0.9999862392  0.005246078488
30  26  -1.173549082e-16  0.01198891333  0.9999281338  0.01198862613
30  27  2.833184821e-17  0.00831656731  0.9999654176  0.008316471441
30  28  1.222200285e-16  0.008553180405  0.9999634218  0.008553076118
30  29  9.840448494e-17  0.01858844998  0.9998272397  0.01858737952
30  30  1.048547432e-16  -0.007620076262  0.9999709674  -0.007620002518
30  31  -6.915796208e-17  -0.00440754605  0.9999902868  -0.00440753178
30  32  -1.452513406e-16  -0.003048443554  0.9999953535  -0.003048438833
30  33  -2.056380478e-16  -0.002832345239  0.9999959889  -0.002832341452
30  34  1.391799716e-16  -0.003472685008  0.9999939702  -0.003472678028
30  35  1.146136415e-16  -0.005856507787  0.9999828507  -0.005856474309
30  36  1.146136415e-16  -0.005856507787  0.9999828507  -0.005856474309

31  0  7.45399501e-17  0.001810536148  0.999998361  0.001810535159
31  1  -6.791373962e-17  -0.06378445923  0.997966461  -0.0637412173
31  2  6.168065492e-17  -0.2951485164  0.9567589521  -0.2908819477
31  3  -1.727040052e-16  0.002034001313  0.9999979314  0.00203399991
31  4  1.418251284e-16  0.008708143415  0.9999620844  0.008708033357
31  5  2.770070489e-16  0.009802412848  0.9999519567  0.009802255868
31  6  -3.207137988e-16  -0.0004235432482  0.9999999103  -0.0004235432356
31  7  -2.017046748e-16  -0.009474976544  0.9999551127  -0.009474834775
31  8  8.882718979e-17  -0.009980593805  0.9999501943  -0.009980428108
31  9  1.725649827e-16  -0.007511536035  0.9999717885  -0.007511465398
31  10  2.043730536e-16  -0.004912265283  0.9999879348  -0.004912245527
31  11  -9.321450816e-17  0.006148412638  0.9999810986  0.0061483739
31  12  1.933464167e-17  0.01469423406  0.9998920417  0.01469370527
31  13  7.520780752e-18  0.00439863866  0.999990326  0.004398624475
31  14  2.058633012e-16  0.002339269523  0.9999972639  0.00233926739
31  15  -3.062898239e-17  0.001935428256  0.9999981271  0.001935427047
31  16  -2.594702959e-17  0.002132643039  0.9999977259  0.002132641422
31  17  -4.892128359e-17  0.003397326957  0.9999942291  0.003397320422
31  18  -1.324990715e-16  0.01005107668  0.9999494884  0.01005090745
31  19  1.179207867e-16  0.01474613054  0.9998912778  0.01474559612
31  20  -7.828419536e-17  -0.003908686695  0.9999923611  -0.003908676743
31  21  -2.879752065e-16  -0.006632902702  0.9999780024  -0.006632854066
31  22  6.533176183e-17  -0.009003755915  0.9999594665  -0.009003634263
31  23  1.231067239e-16  -0.0106670088  0.999943108  -0.01066680651
31  24  -2.385092042e-16  -0.006796819109  0.9999769017  -0.006796766777
31  25  -9.525247548e-17  0.005784698419  0.9999832687  0.005784666157
31  26  2.135883495e-16  0.0111633177  0.9999376908  0.01116308584
31  27  -1.855744697e-16  0.006980931752  0.9999756334  0.006980875052
31  28  -2.576672806e-16  -0.013016077  0.9999152921  -0.01301570948
31  29  -2.425018077e-16  -0.3444210641  0.9412710891  -0.3376517982
31  30  3.842742537e-17  -0.00440754605  0.9999902868  -0.00440753178
31  31  -3.880456324e-17  0.007714011608  0.9999702472  0.007713935103
31  32  -9.582298243e-17  0.06361594088  0.9979771884  0.06357304073
31  33  1.887908621e-16  0.09999813581  0.9950043514  0.09983156177
31  34  2.519006797e-16  0.09745644704  0.9952548779  0.09730225065
31  35  2.083758865e-16  0.04759518429  0.998867563  0.04757721675
31  36  2.083758865e-16  0.04759518429  0.998867563  0.04757721675

32  0  -2.121650684e-16  0.7151794533  0.7549755763  0.6557529101
32  1  1.666114532e-16  0.01876615378  0.9998239209  0.01876505232
32  2  5.034336911e-17  -0.1851396771  0.9829105479  -0.1840838254
32  3  2.647561085e-16  -1.136537305  0.4207383152  -0.9071820491
32  4  1.856858414e-16  0.002034001313  0.9999979314  0.00203399991
32  5  3.094856611e-16  0.01008688424  0.9999491278  0.01008671319
32  6  -2.368417497e-16  0.01447777151  0.9998951989  0.01447726574
32  7  -9.89335821e-17  0.002553739724  0.9999967392  0.002553736948
32  8  -2.190003809e-16  -0.005913419846  0.9999825158  -0.005913385382
32  9  3.096016402e-17  -0.005889195477  0.9999826587  -0.005889161435
32  10  4.504923605e-16  -0.005220128597  0.9999863752  -0.005220104889
32  11  -1.697156551e-16  -0.01061664831  0.9999436439  -0.01061644887
32  12  -4.946699304e-18  -0.003301974396  0.9999945485  -0.003301968396
32  13  1.409439691e-16  0.0005267829276  0.9999998612  0.0005267829032
32  14  8.258026121e-18  0.0002516113557  0.9999999683  0.000251611353
32  15  -1.229291935e-16  0.0001729850017  0.999999985  0.0001729850008
32  16  2.630555757e-18  0.0001867907027  0.9999999826  0.0001867907016
32  17  -1.664314586e-16  0.0003050329127  0.9999999535  0.0003050329079
32  18  -2.678697412e-16  0.0008095749549  0.9999996723  0.0008095748665
32  19  -1.143025683e-16  0.003248966749  0.9999947221  0.003248961033
32  20  -2.232450636e-16  -0.01012838241  0.9999487084  -0.01012820924
32  21  -1.630726027e-16  -0.01005764437  0.9999494223  -0.0100574748
32  22  1.745294623e-16  -0.005735612615  0.9999835514  -0.005735581168
32  23  3.684180744e-16  -0.006588287473  0.9999782973  -0.006588239812
32  24  3.192148738e-17  -0.004316931024  0.9999906821  -0.004316917615
32  25  -1.614051391e-16  0.009464515511  0.9999552118  0.009464374211
32  26  -1.549053785e-16  0.01493917689  0.9998884126  0.01493862121
32  27  -2.247560561e-16  0.007534076943  0.999971619  0.007534005668
32  28  8.835865843e-17  -0.03253320364  0.999470842  -0.03252746503
32  29  -1.562498032e-16  -1.288072185  0.2789726712  -0.9602990413
32  30  -1.000478206e-16  -0.003048443554  0.9999953535  -0.003048438833
32  31  -1.811532595e-16  0.06361594088  0.9979771884  0.06357304073
32  32  -3.043558334e-17  1.34288255  0.2259457438  0.9741398877
32  33  -1.4419544e-16  0.3320584511  0.945373313  0.3259897224
32  34  2.167334056e-16  0.2305873917  0.9735323149  0.2285494077
32  35  2.909706758e-16  0.8060013922  0.6923890535  0.7215243576
32  36  2.909706758e-16  0.8060013922  0.6923890535  0.7215243576

33  0  1.754391781e-16  0.1376966649  0.9905347838  0.1372619473
33  1  2.37311373e-16  0.2750770184  0.9624042807  0.2716210606
33  2  -2.197198519e-17  0.02152394086  0.9997683689  0.02152227896
33  3  2.033025362e-17  -0.1851396771  0.9829105479  -0.1840838254
33  4  1.141823925e-17  -0.2951485164  0.9567589521  -0.2908819477
33  5  2.936718953e-16  0.007144311369  0.9999744795  0.007144250593
33  6  -2.73190862e-16  0.01684371974  0.9998581479  0.01684292329
33  7  -5.289788257e-17  0.03286375131  0.9994600355  0.03285783601
33  8  -1.013636887e-16  0.007110840144  0.9999747181  0.007110780219
33  9  -3.205425853e-17  -0.003413344008  0.9999941745  -0.00341333738
33  10  4.00569528e-16  -0.004963379198  0.9999876825  -0.004963358819
33  11  -1.424812559e-16  -0.03627108415  0.9993422763  -0.03626313168
33  12  1.140070153e-16  -0.07506152006  0.9971842065  -0.07499105425
33  13  1.414781424e-16  -0.005816106058  0.9999830865  -0.005816073268
33  14  6.834821284e-17  -0.002269954926  0.9999974237  -0.002269952977
33  15  -1.585870302e-16  -0.001660891563  0.9999986207  -0.0016608908
33  16  3.059021072e-17  -0.001488486402  0.9999988922  -0.001488485853
33  17  2.272923165e-16  -0.001513789927  0.9999988542  -0.001513789349
33  18  -9.883989125e-17  -0.00176708027  0.9999984387  -0.001767079351
33  19  -1.165531162e-17  -0.002821497721  0.9999960196  -0.002821493977
33  20  -3.574657438e-17  -0.01735894756  0.9998493373  -0.01735807577
33  21  3.601880262e-17  -0.08723877649  0.9961971107  -0.08712816195
33  22  6.446632717e-17  -0.01412286345  0.999900274  -0.01412239397
33  23  2.053303417e-16  -0.004467419356  0.9999900211  -0.004467404496
33  24  1.775929347e-16  -0.001982747688  0.9999980344  -0.001982746389
33  25  -1.619911946e-16  0.0183143242  0.9998322975  0.01831330041
33  26  -8.461168334e-17  0.03211401943  0.9994843892  0.03210849979
33  27  2.148882939e-16  0.01070039802  0.9999427513  0.01070019383
33  28  1.714010202e-16  -0.008688257315  0.9999622573  -0.008688148009
33  29  5.617974778e-17  -0.4662005234  0.8932825795  -0.4494955318
33  30  -5.240113646e-17  -0.002832345239  0.9999959889  -0.002832341452
33  31  6.688587553e-17  0.09999813581  0.9950043514  0.09983156177
33  32  3.830186989e-18  0.3320584511  0.945373313  0.3259897224
33  33  -3.234921443e-16  0.006273095136  0.9999803242  0.006273053993
33  34  -1.466953136e-16  -0.006454180903  0.9999791718  -0.006454136094
33  35  -1.273447268e-16  -0.001565600424  0.9999987744  -0.001565599784
33  36  -1.273447268e-16  -0.001565600424  0.9999987744  -0.001565599784

34  0  1.259989401e-16  -0.0215674917  0.9997674307  -0.0215658197
34  1  1.7535823e-16  0.03133702509  0.9995090356  0.03133189646
34  2  -2.020543444e-16  0.2750770184  0.9624042807  0.2716210606
34  3  -4.953939744e-17  0.01876615378  0.9998239209  0.01876505232
34  4  3.749774331e-16  -0.06378445923  0.997966461  -0.0637412173
34  5  6.067585506e-17  0.01401551888  0.9999017842  0.01401506003
34  6  -1.254667564e-16  0.01290739509  0.9999167007  0.0129070367
34  7  -2.653996936e-16  0.05261012904  0.9986164063  0.05258586312
34  8  -1.466500176e-16  0.1125027136  0.9936782417  0.1122655418
34  9  1.208883709e-16  0.006488485048  0.9999789499  0.00648843952
34  10  7.467948801e-17  -0.003178699491  0.9999949479  -0.003178694138
34  11  -1.233701187e-16  -0.0343044576  0.9994116598  -0.03429772977
34  12  1.369238084e-16  -0.2885935289  0.9586451111  -0.2846042004
34  13  1.801408109e-16  -0.01630676574  0.9998670476  -0.01630604306
34  14  7.537424549e-17  -0.004967320764  0.9999876629  -0.004967300337
34  15  1.487508638e-16  -0.003367238403  0.9999943309  -0.00336723204
34  16  -8.836637327e-17  -0.002872539585  0.9999958743  -0.002872535634
34  17  6.135175151e-17  -0.002782398244  0.9999961291  -0.002782394654
34  18  2.987418471e-16  -0.003020933003  0.999995437  -0.003020928408
34  19  1.568324686e-16  -0.003839688432  0.9999926284  -0.003839678997
34  20  -2.734560589e-16  -0.007414169672  0.9999725152  -0.007414101747
34  21  -2.071852221e-16  -0.09090539763  0.995870949  -0.09078024548
34  22  -2.261976793e-16  -0.2374083775  0.9719507477  -0.2351844896
34  23  -1.440260847e-16  -0.008683102556  0.9999623021  -0.008682993444
34  24  -6.429548769e-17  -0.001447334875  0.9999989526  -0.001447334369
34  25  -3.721060276e-17  0.02553714204  0.9996739449  0.02553436647
34  26  -1.351504301e-16  0.1295269739  0.9916231031  0.1291650935
34  27  -3.046503101e-17  0.02309526862  0.9997333161  0.02309321554
34  28  -4.638568801e-17  0.01163409778  0.9999323246  0.01163383534
34  29  7.924510981e-17  -0.05249846658  0.998622272  -0.05247435483
34  30  -6.371539465e-17  -0.003472685008  0.9999939702  -0.003472678028
34  31  -1.902642089e-16  0.09745644704  0.9952548779  0.09730225064
34  32  3.687727318e-16  0.2305873917  0.9735323149  0.2285494077
34  33  3.93364607e-16  -0.006454180904  0.9999791718  -0.006454136094
34  34  1.700692928e-16  -0.03373068742  0.9994311743  -0.03372429155
34  35  -1.832063261e-17  -0.05635176394  0.9984126595  -0.05632194431
34  36  -1.832063261e-17  -0.05635176394  0.9984126595  -0.05632194431

35  0  8.955885746e-17  -0.3740384454  0.9308593827  -0.365377626
35  1  2.065946097e-16  -0.0215674917  0.9997674307  -0.0215658197
35  2  -4.636968621e-17  0.1376966649  0.9905347838  0.1372619473
35  3  -1.268558705e-16  0.7151794533  0.7549755763  0.6557529101
35  4  2.394326922e-16  0.001810536148  0.999998361  0.001810535159
35  5  -8.654882912e-17  0.005853495589  0.9999828683  0.005853462162
35  6  1.253378137e-16  0.07262366596  0.9973640604  0.07255984421
35  7  -2.638565703e-16  0.02557531499  0.9996729695  0.02557252696
35  8  -1.45238225e-16  0.8153838225  0.6855890255  0.7279887967
35  9  -1.963638812e-16  0.363680505  0.9345939406  0.3557164125
35  10  -1.911032637e-18  0.0005944704986  0.9999998233  0.0005944704636
35  11  -2.180130292e-16  -0.01020093107  0.999947971  -0.01020075415
35  12  1.224092648e-17  -0.5588485303  0.847866194  -0.5302102574
35  13  1.7356468e-17  -0.05945810745  0.9982328874  -0.05942308026
35  14  -3.068674351e-16  -0.008021589567  0.9999678272  -0.008021503541
35  15  -8.15745809e-17  -0.004769352049  0.9999886267  -0.004769333968
35  16  -2.968169586e-17  -0.003828789021  0.9999926702  -0.003828779666
35  17  2.629551406e-16  -0.003527637644  0.9999937779  -0.003527630327
35  18  -7.31491195e-18  -0.003617847761  0.9999934556  -0.003617839869
35  19  -1.442709563e-16  -0.004165230182  0.9999913254  -0.004165218138
35  20  -1.342466358e-17  -0.005788970435  0.999983244  -0.005788938102
35  21  1.728130738e-16  -0.01495670198  0.9998881506  -0.01495614434
35  22  4.254416492e-16  -0.4287870156  0.9094707386  -0.4157679348
35  23  1.956230822e-16  -0.1876738657  0.9824408891  -0.1865741124
35  24  1.819078779e-16  -0.002787132181  0.9999961159  -0.002787128572
35  25  1.514020969e-16  0.01169280068  0.99993164  0.01169253424
35  26  -3.232925548e-18  0.9830906773  0.554453091  0.8322149781
35  27  -2.55764383e-16  0.2024705536  0.9795727641  0.201090029
35  28  -1.097179794e-17  0.01701053107  0.9998553244  0.01700971072
35  29  -5.133115982e-17  0.07400129336  0.9972631536  0.07393377097
35  30  -5.472285713e-18  -0.005856507787  0.9999828507  -0.005856474308
35  31  1.490821931e-16  0.04759518429  0.998867563  0.04757721675
35  32  2.607865443e-17  0.8060013922  0.6923890535  0.7215243576
35  33  4.974319716e-17  -0.001565600424  0.9999987744  -0.001565599784
35  34  2.991719213e-16  -0.05635176395  0.9984126595  -0.05632194431
35  35  1.819111055e-16  -0.6691040502  0.7843777235  -0.6202834731
35  36  1.819111055e-16  -0.6691040502  0.7843777235  -0.6202834731

36  0  8.955885746e-17  -0.3740384454  0.7843777235  -0.6202834731
36  1  1.7535823e-16  0.03133702509  0.7843777235  -0.6202834731
36  2  -2.197198519e-17  0.02152394086  0.7843777235  -0.6202834731
36  3  2.647561085e-16  -1.136537305  0.7843777235  -0.6202834731
36  4  1.418251284e-16  0.008708143415  0.7843777235  -0.6202834731
36  5  -1.171055756e-16  -0.001302300138  0.7843777235  -0.6202834731
36  6  -1.400583245e-16  -0.01860837647  0.7843777235  -0.6202834731
36  7  6.738211519e-17  -0.02352075268  0.7843777235  -0.6202834731
36  8  -2.151633075e-16  -0.02678807623  0.7843777235  -0.6202834731
36  9  9.738259763e-17  -0.03323946306  0.7843777235  -0.6202834731
36  10  -8.37796673e-17  -0.03717526616  0.7843777235  -0.6202834731
36  11  1.298833896e-16  -0.0687681325  0.7843777235  -0.6202834731
36  12  4.119722954e-17  -0.03213036293  0.7843777235  -0.6202834731
36  13  -6.3288604e-17  0.007310978355  0.7843777235  -0.6202834731
36  14  -3.323432457e-17  0.005442697604  0.7843777235  -0.6202834731
36  15  7.794534317e-17  0.002763299585  0.7843777235  -0.6202834731
36  16  -5.07288108e-17  -0.0006667153635  0.7843777235  -0.6202834731
36  17  -4.26726007e-17  -0.003339410778  0.7843777235  -0.6202834731
36  18  2.015982115e-16  -0.003339410778  0.7843777235  -0.6202834731
36  19  5.683622292e-19  -0.0006667153634  0.7843777235  -0.6202834731
36  20  -2.295324206e-16  0.002763299585  0.7843777235  -0.6202834731
36  21  5.856487699e-16  0.005442697604  0.7843777235  -0.6202834731
36  22  -5.203679755e-17  0.007310978355  0.7843777235  -0.6202834731
36  23  1.681668844e-16  -0.03213036293  0.7843777235  -0.6202834731
36  24  -7.556410295e-17  -0.0687681325  0.7843777235  -0.6202834731
36  25  -1.781310793e-16  -0.03717526616  0.7843777235  -0.6202834731
36  26  8.158394486e-18  -0.03323946306  0.7843777235  -0.6202834731
36  27  -3.826464236e-16  -0.02678807623  0.7843777235  -0.6202834731
36  28  8.582256385e-17  -0.02352075268  0.7843777235  -0.6202834731
36  29  -5.943209996e-17  -0.01860837647  0.7843777235  -0.6202834731
36  30  -2.932624776e-17  -0.001302300138  0.7843777235  -0.6202834731
36  31  -6.904829152e-17  0.008708143415  0.7843777235  -0.6202834731
36  32  8.714784151e-17  -1.136537305  0.7843777235  -0.6202834731
36  33  -2.757295506e-16  0.02152394086  0.7843777235  -0.6202834731
36  34  -7.757335059e-17  0.03133702509  0.7843777235  -0.6202834731
36  35  3.360741232e-16  -0.3740384454  0.7843777235  -0.6202834731
36  36  3.360741232e-16  -0.3740384454  0.7843777235  -0.6202834731

#Chern no*2pi*Iota= 5.99639596e-15  -5.26501065e-11
