#nx  ny  tilde_F(nx,ny).real()  tilde_F(nx,ny).imag()  ArgofLog.real()  ArgofLog.imag()
#Extra momentum point for pm3d corners2color c1
0  0  2.868620234e-16  0.6771855091  0.7793393689  0.6266020652
0  1  2.495627037e-16  0.08754084813  0.9961707463  0.08742908087
0  2  2.464332201e-17  0.04668820726  0.9989103036  0.04667124737
0  3  -1.70032894e-16  0.03243906655  0.9994738996  0.03243337761
0  4  -9.231343896e-17  0.0219487681  0.9997591355  0.02194700585
0  5  8.381186957e-17  0.01882252014  0.9998228616  0.01882140873
0  6  1.909302956e-16  -0.06724430238  0.9977399537  -0.06719363633
0  7  1.349438759e-16  -0.01794563298  0.9998389814  -0.01794466978
0  8  6.79890055e-17  -0.2104994039  0.9779266871  -0.2089483063
0  9  -1.507672743e-16  -0.2296757842  0.9737402577  -0.2276618335
0  10  -1.77826269e-16  -0.02790151901  0.9996107779  -0.02789789895
0  11  4.949114377e-17  -0.008560321005  0.9999633607  -0.008560216456
0  12  1.300709325e-16  0.1739328651  0.984911775  0.1730572026
0  13  2.823862377e-16  0.4325427603  0.9079028098  0.4191807343
0  14  -9.634672151e-17  0.01938227376  0.9998121696  0.01938106022
0  15  2.370643095e-16  0.01983286843  0.9998033351  0.01983156827
0  16  2.910285059e-16  0.0340943567  0.9994188437  0.03408775173
0  17  6.91741117e-17  0.0428988758  0.9990799843  0.04288571912
0  18  -1.11911474e-16  0.04309468929  0.9990715676  0.04308135163
0  19  -1.372928982e-16  0.0403492164  0.9991860808  0.04033826881
0  20  4.763811582e-17  0.0263157976  0.9996537594  0.02631276033
0  21  -1.241736036e-17  0.0159517898  0.9998727729  0.01595111329
0  22  1.824100545e-16  0.05957082217  0.9982261832  0.05953559543
0  23  -3.591010807e-16  0.5532177249  0.8508382478  0.5254277077
0  24  -3.052341445e-16  0.002383900523  0.9999971585  0.002383898265
0  25  -5.19907105e-17  -0.01484246037  0.9998898527  -0.01484191541
0  26  -1.787652543e-16  -0.07645617546  0.9970786501  -0.0763817092
0  27  -1.225138743e-16  -0.344101812  0.9413788372  -0.3373512782
0  28  -1.496928382e-16  -0.04912454045  0.9987936324  -0.04910478477
0  29  -1.443706865e-16  -0.07281924213  0.9973498504  -0.07275490346
0  30  1.346559819e-16  0.008792265433  0.9999613483  0.008792152154
0  31  -4.344643685e-17  0.01925686784  0.9998145923  0.0192556777
0  32  -1.350541063e-16  0.02660716099  0.9996460504  0.02660402172
0  33  2.743175248e-16  0.03936742277  0.9992252031  0.03935725499
0  34  -4.858166497e-17  0.05878956648  0.9982723911  0.05875570746
0  35  -1.982226855e-16  0.3920324293  0.924134444  0.3820674409
0  36  -1.982226855e-16  0.3920324293  0.924134444  0.3820674409

1  0  -1.50639092e-16  0.08754084813  0.9961707463  0.08742908087
1  1  -5.928100246e-17  0.06820234673  0.9976751214  0.06814948447
1  2  -1.63348953e-16  0.04809629805  0.998843596  0.04807775704
1  3  -3.494430676e-16  0.03355975614  0.9994369242  0.03355345701
1  4  6.019077345e-17  0.02138663969  0.9997713145  0.0213850094
1  5  -1.292450631e-16  0.01586180209  0.9998742043  0.01586113697
1  6  4.938466235e-17  0.06100961493  0.9981394906  0.06097177391
1  7  2.327738262e-16  -0.008345853641  0.9999651736  -0.008345756756
1  8  -1.335393461e-17  -0.03881420988  0.9992468231  -0.03880446473
1  9  -1.647770113e-16  -0.1829930414  0.9833034439  -0.1819734521
1  10  -1.447748783e-16  -0.0511576788  0.9986917313  -0.05113536752
1  11  2.812526523e-16  -0.01165342146  0.9999320997  -0.0116531577
1  12  2.40282451e-16  -0.0002303960376  0.9999999735  -0.0002303960355
1  13  2.470316708e-16  0.2197597451  0.9759498519  0.2179951526
1  14  -2.970002588e-16  0.1042303637  0.9945729316  0.1040417403
1  15  -1.467180936e-16  0.01466425373  0.9998924818  0.01466372817
1  16  2.560277882e-16  0.02215384056  0.9997546137  0.02215202845
1  17  -1.551392601e-16  0.03647997552  0.9993346795  0.03647188487
1  18  -1.498810823e-16  0.04214843429  0.9991118862  0.04213595601
1  19  -3.043345195e-16  0.04102130961  0.9991587441  0.04100980583
1  20  2.0405211e-17  0.02947381058  0.9995656787  0.02946954342
1  21  7.813185664e-17  0.01613597216  0.999869818  0.01613527195
1  22  2.709037317e-16  0.01873691975  0.9998244691  0.01873582344
1  23  -2.870106582e-16  0.2838882908  0.9599736249  0.2800904131
1  24  -2.482968476e-16  0.0304123542  0.99953758  0.03040766629
1  25  4.740913559e-17  -0.006495756731  0.9999789026  -0.00649571105
1  26  1.187097567e-17  -0.02244110116  0.9997482091  -0.02243921764
1  27  -1.338394598e-16  -0.1422022615  0.9899062848  -0.141723489
1  28  -1.280362849e-16  -0.1067949399  0.9943028382  -0.1065920535
1  29  4.496335034e-16  -0.01377731335  0.9999050943  -0.0137768775
1  30  9.283249999e-17  -0.01362678946  0.9999071567  -0.01362636774
1  31  3.218675572e-16  0.08016654372  0.9967883832  0.08008070392
1  32  1.170938794e-16  0.0179691061  0.99983856  0.01796813911
1  33  1.796657311e-16  0.02702437612  0.9996348638  0.02702108685
1  34  8.727641491e-17  0.04094377901  0.9991619206  0.04093234032
1  35  -8.02516227e-17  0.05878956648  0.9982723911  0.05875570746
1  36  -8.02516227e-17  0.05878956648  0.9982723911  0.05875570746

2  0  2.185642848e-16  0.04668820726  0.9989103036  0.04667124737
2  1  1.068406279e-17  0.04809629805  0.998843596  0.04807775704
2  2  3.967043026e-16  0.04399962829  0.9990321725  0.04398543269
2  3  8.410840357e-17  0.03339149069  0.999442556  0.03338528583
2  4  1.32780751e-16  0.02103302393  0.9997788141  0.02103147317
2  5  -1.677748256e-16  0.0142404023  0.9998986072  0.01423992101
2  6  4.717886331e-17  0.4873144068  0.8835935849  0.4682546068
2  7  2.489638673e-16  0.01297971656  0.9999157647  0.01297935211
2  8  -1.076903166e-16  -0.009642040897  0.9999535159  -0.009641891496
2  9  3.369537754e-16  -0.05322143249  0.9985840738  -0.05319631091
2  10  1.063494064e-16  -0.05146857277  0.9986757854  -0.05144585229
2  11  2.891317805e-17  -0.01216978405  0.9999259491  -0.01216948366
2  12  4.929414573e-17  -0.003978751972  0.9999920848  -0.003978741475
2  13  -4.468987354e-16  0.006003408573  0.9999819796  0.006003372511
2  14  -1.55863678e-16  0.08017583621  0.996787639  0.08008996657
2  15  -4.858860638e-17  0.0257926747  0.9996673874  0.02578981498
2  16  -3.49396986e-16  0.011182029  0.9999374818  0.01118179597
2  17  -1.388057444e-17  0.02126406184  0.9997739284  0.02126245941
2  18  -5.603120357e-17  0.03498420232  0.9993881152  0.03497706659
2  19  -1.446954863e-16  0.03860256732  0.9992550134  0.03859298072
2  20  -1.375785975e-16  0.02867406545  0.9995889272  0.02867013629
2  21  1.513776213e-16  0.0145694239  0.9998938678  0.01456890847
2  22  4.362523525e-16  0.009591932619  0.9999539978  0.009591785536
2  23  -4.804065815e-17  0.07313050812  0.9973271559  0.07306534102
2  24  -8.759944417e-17  0.03365885807  0.9994335941  0.03365250298
2  25  3.778058395e-17  -0.001230033134  0.9999992435  -0.001230032824
2  26  3.694618326e-17  -0.00696831134  0.9999757214  -0.006968254947
2  27  1.585146243e-16  -0.0277991398  0.9996136288  -0.02779555945
2  28  1.269647839e-16  -0.06897413677  0.9976222271  -0.06891945982
2  29  3.610490707e-16  -0.02190449945  0.999760106  -0.02190274784
2  30  1.711939489e-16  -0.005463669795  0.9999850742  -0.005463642611
2  31  6.003869293e-17  0.2809172128  0.9608015571  0.2772370246
2  32  -3.525408392e-16  0.2293283932  0.9738192867  0.2273235512
2  33  -1.464469425e-16  0.0169934512  0.9998556148  0.01699263332
2  34  3.72149286e-16  0.02702437612  0.9996348638  0.02702108685
2  35  -1.081715261e-16  0.03936742277  0.9992252031  0.03935725499
2  36  -1.081715261e-16  0.03936742277  0.9992252031  0.03935725499

3  0  1.063486213e-16  0.03243906655  0.9994738996  0.03243337761
3  1  1.236957721e-16  0.03355975614  0.9994369242  0.03355345701
3  2  -2.009011612e-16  0.03339149069  0.999442556  0.03338528583
3  3  -1.13108573e-16  0.03014291584  0.9995457367  0.03013835143
3  4  -4.615090896e-17  0.02192184871  0.9997597259  0.02192009293
3  5  -1.802238433e-16  0.01486244144  0.999889556  0.01486189428
3  6  -1.105821425e-16  1.296907793  0.2704770663  0.9627264184
3  7  1.373340028e-16  0.03654876274  0.9993321683  0.03654062623
3  8  -4.019973867e-16  -0.004052055534  0.9999917904  -0.004052044446
3  9  -1.795050538e-17  -0.01309901682  0.9999142091  -0.01309864223
3  10  1.79818899e-16  -0.02081000677  0.9997834796  -0.02080850482
3  11  -2.06673489e-16  -0.007161979196  0.9999743531  -0.007161917969
3  12  2.4582861e-16  -0.002033864124  0.9999979317  -0.002033862722
3  13  1.180865485e-16  -0.000295946003  0.9999999562  -0.0002959459987
3  14  -9.113585754e-17  0.00357941683  0.9999935939  0.003579409187
3  15  -2.122610021e-16  0.008081955866  0.9999673412  0.008081867883
3  16  -1.509802144e-16  0.002370829064  0.9999971896  0.002370826843
3  17  -3.629099427e-17  0.007145325327  0.9999744723  0.007145264526
3  18  -1.746592082e-16  0.01797112465  0.9998385237  0.01797015733
3  19  -1.463162634e-16  0.02986430202  0.9995540949  0.029859863
3  20  6.346546507e-17  0.02482044707  0.9996919885  0.02481789869
3  21  1.287573101e-16  0.01132270064  0.9999358989  0.01132245871
3  22  2.473257896e-16  0.003504381257  0.9999938597  0.003504374084
3  23  2.854613616e-17  0.003268996803  0.9999946568  0.00326899098
3  24  1.742596933e-16  0.008692131791  0.9999622237  0.008692022339
3  25  8.140296855e-17  0.0009669075722  0.9999995325  0.0009669074215
3  26  -2.725188419e-16  -0.001067287208  0.9999994304  -0.001067287005
3  27  -6.492652666e-17  -0.003931592589  0.9999922713  -0.003931582461
3  28  -1.255298071e-16  -0.01450491032  0.9998948056  -0.0145044017
3  29  2.248571068e-16  -0.01891596576  0.9998210985  -0.01891483772
3  30  8.528925044e-17  -0.007263711419  0.9999736194  -0.007263647546
3  31  8.657636571e-17  -0.000781620909  0.9999996945  -0.0007816208294
3  32  -1.087040549e-16  1.110810638  0.4439352838  0.8960588507
3  33  -1.759004871e-16  0.2293283932  0.9738192867  0.2273235512
3  34  -8.84572492e-17  0.0179691061  0.99983856  0.01796813911
3  35  -3.344248256e-16  0.02660716099  0.9996460504  0.02660402172
3  36  -3.344248256e-16  0.02660716099  0.9996460504  0.02660402172

4  0  -4.663122334e-17  0.0219487681  0.9997591355  0.02194700585
4  1  1.356285325e-16  0.02138663969  0.9997713145  0.0213850094
4  2  -8.303730329e-17  0.02103302393  0.9997788141  0.02103147317
4  3  -2.509227346e-16  0.02192184871  0.9997597259  0.02192009293
4  4  1.898090404e-16  0.02082613006  0.999783144  0.02082462462
4  5  5.523039268e-17  0.01712264444  0.9998534111  0.01712180776
4  6  -1.759792076e-17  0.3371531967  0.9437002162  0.3308019073
4  7  8.452644637e-17  0.01624872422  0.9998679924  0.01624800923
4  8  -5.03865579e-17  -0.003243070192  0.9999947413  -0.003243064507
4  9  -7.581636296e-17  -0.005578144974  0.9999844422  -0.005578116046
4  10  2.378052829e-16  -0.003899372914  0.9999923975  -0.003899363032
4  11  -8.170000743e-17  0.0008948745029  0.9999995996  0.0008948743835
4  12  -6.319083184e-17  0.001320514874  0.9999991281  0.00132051449
4  13  3.132841696e-16  0.001218032323  0.9999992582  0.001218032021
4  14  3.020230596e-16  0.001330040549  0.9999991155  0.001330040157
4  15  -1.436295534e-16  -0.0009336284469  0.9999995642  -0.0009336283113
4  16  -5.347781824e-17  -0.01508624992  0.9998862047  -0.01508567767
4  17  -4.652874567e-17  -0.005982468581  0.9999821051  -0.005982432896
4  18  4.085991959e-17  0.003610330262  0.9999934828  0.003610322418
4  19  -2.421894031e-16  0.01407163944  0.9999009961  0.01407117505
4  20  1.854545235e-16  0.01855682342  0.9998278271  0.01855575842
4  21  1.465836022e-16  0.007932569689  0.9999685373  0.007932486496
4  22  -3.739457185e-16  -0.0005568451976  0.999999845  -0.0005568451689
4  23  -1.311722463e-17  -0.01397716624  0.999902321  -0.01397671115
4  24  -1.593732755e-16  -0.007522457354  0.9999717065  -0.007522386408
4  25  -1.56615006e-16  0.001376299802  0.9999990529  0.001376299368
4  26  -1.907382351e-16  0.001328265705  0.9999991179  0.001328265314
4  27  -3.754261403e-17  0.001307894925  0.9999991447  0.001307894552
4  28  3.048262964e-16  0.001532045917  0.9999988264  0.001532045317
4  29  1.266784343e-16  -0.0006595840218  0.9999997825  -0.000659583974
4  30  2.651831391e-16  -0.005768854097  0.9999833602  -0.005768822099
4  31  5.999349956e-17  -0.004717135444  0.9999888743  -0.00471711795
4  32  1.376231384e-16  -0.000781620909  0.9999996945  -0.0007816208294
4  33  4.611614161e-17  0.2809172128  0.9608015571  0.2772370246
4  34  -1.24600436e-16  0.08016654372  0.9967883832  0.08008070392
4  35  -3.952509639e-17  0.01925686784  0.9998145923  0.0192556777
4  36  -3.952509639e-17  0.01925686784  0.9998145923  0.0192556777

5  0  -1.820534463e-16  0.01882252014  0.9998228616  0.01882140873
5  1  1.693447242e-17  0.01586180209  0.9998742043  0.01586113697
5  2  -2.071949201e-16  0.0142404023  0.9998986072  0.01423992101
5  3  4.42877912e-17  0.01486244144  0.999889556  0.01486189428
5  4  2.976178033e-16  0.01712264444  0.9998534111  0.01712180776
5  5  -1.110824163e-16  0.01995743467  0.999800857  0.01995610985
5  6  7.695321267e-17  -0.01206453906  0.9999272243  -0.01206424639
5  7  2.772618342e-17  -0.005420703974  0.999985308  -0.005420677427
5  8  -9.726178421e-17  -0.005465096766  0.9999850664  -0.005465069562
5  9  1.641361372e-17  -0.007315735607  0.9999732401  -0.007315670351
5  10  2.049600202e-16  -0.0013819789  0.9999990451  -0.00138197846
5  11  -4.462698228e-17  0.005155507194  0.9999867104  0.005155484355
5  12  -1.026307169e-16  0.003995988287  0.999992016  0.003995977653
5  13  1.021439835e-16  0.002819760335  0.9999960245  0.002819756598
5  14  -3.330194992e-17  0.002409008509  0.9999970983  0.002409006179
5  15  -1.379826755e-16  0.002092084772  0.9999978116  0.002092083246
5  16  -1.029226142e-16  -0.003556291194  0.9999936764  -0.003556283698
5  17  -3.26416685e-16  -0.01929267483  0.9998139021  -0.01929147804
5  18  2.31743858e-16  -0.008078629162  0.9999673681  -0.008078541288
5  19  4.170557025e-17  0.00214666704  0.9999976959  0.002146665392
5  20  -2.981801074e-16  0.01270518616  0.9999192902  0.01270484435
5  21  -2.412328529e-16  0.007288894045  0.9999734361  0.007288829504
5  22  -4.463353326e-17  -0.002283905356  0.9999973919  -0.002283903371
5  23  -4.531674744e-17  -0.01590325802  0.9998735459  -0.01590258767
5  24  1.884480165e-16  -0.01307933827  0.9999144667  -0.01307896536
5  25  7.643701779e-18  0.001244090121  0.9999992261  0.0012440898
5  26  1.059779146e-16  0.002372394481  0.9999971859  0.002372392255
5  27  4.028002124e-16  0.002628127576  0.9999965465  0.002628124551
5  28  2.788245919e-16  0.003480651862  0.9999939425  0.003480644834
5  29  1.646492847e-16  0.005347611636  0.9999857016  0.005347586148
5  30  -1.438912598e-16  0.003508820681  0.9999938441  0.003508813481
5  31  2.301117022e-17  -0.005768854096  0.9999833602  -0.005768822099
5  32  1.945486272e-16  -0.00726371142  0.9999736194  -0.007263647546
5  33  -9.738536427e-17  -0.005463669794  0.9999850742  -0.005463642611
5  34  1.448187168e-16  -0.01362678945  0.9999071567  -0.01362636773
5  35  4.391950332e-18  0.008792265432  0.9999613483  0.008792152153
5  36  4.391950332e-18  0.008792265432  0.9999613483  0.008792152153

6  0  1.099645699e-16  -0.06724430238  0.9977399537  -0.06719363633
6  1  3.120176613e-17  0.06100961493  0.9981394906  0.06097177391
6  2  -6.914971592e-17  0.4873144068  0.8835935849  0.4682546068
6  3  -1.598109266e-16  1.296907793  0.2704770663  0.9627264183
6  4  -4.593738372e-17  0.3371531967  0.9437002162  0.3308019073
6  5  9.97255706e-17  -0.01206453908  0.9999272243  -0.01206424641
6  6  -3.032876369e-16  -0.132115701  0.9912854076  -0.1317316994
6  7  -5.80007891e-16  -0.01235854301  0.9999236342  -0.01235822842
6  8  -2.761909724e-16  -0.01503053479  0.9998870436  -0.01502996885
6  9  -6.761127143e-17  -0.02356286072  0.9997224086  -0.0235606804
6  10  -1.292036313e-16  -0.01126320337  0.9999365708  -0.01126296523
6  11  -2.291359708e-16  0.003504496506  0.9999938593  0.003504489332
6  12  -1.658071598e-16  0.004560346055  0.9999896016  0.004560330248
6  13  2.031220913e-16  0.003600008996  0.99999352  0.00360000122
6  14  1.981948475e-16  0.00311480521  0.999995149  0.003114800173
6  15  3.110369861e-16  0.003021211858  0.9999954361  0.003021207262
6  16  9.084738827e-17  0.002697978803  0.9999963605  0.00269797553
6  17  -6.775598129e-17  -0.004063427626  0.9999917443  -0.004063416444
6  18  1.606316754e-17  -0.01702418596  0.999855092  -0.01702336364
6  19  6.400075368e-17  -0.007027458703  0.9999753075  -0.007027400861
6  20  -4.492619532e-17  0.006521676135  0.9999787339  0.006521629905
6  21  -5.637140346e-17  0.01395408932  0.9999026433  0.01395363648
6  22  -2.6731048e-16  -0.0008303768655  0.9999996552  -0.0008303767701
6  23  -2.440748903e-16  -0.01338948554  0.9999103622  -0.01338908546
6  24  -1.567578288e-16  -0.01282245316  0.9999177935  -0.01282210179
6  25  1.499254849e-16  0.001346985088  0.9999990928  0.001346984681
6  26  -5.188917632e-17  0.003017822394  0.9999954464  0.003017817814
6  27  -9.773685821e-17  0.00308227481  0.9999952498  0.003082269929
6  28  8.004088263e-17  0.00339810135  0.9999942265  0.00339809481
6  29  -6.441081963e-17  0.004313163341  0.9999906983  0.004313149968
6  30  -1.286363045e-16  0.005347611636  0.9999857016  0.005347586148
6  31  1.633724243e-16  -0.0006595840216  0.9999997825  -0.0006595839737
6  32  -6.117283595e-17  -0.01891596576  0.9998210985  -0.01891483772
6  33  -1.083187381e-16  -0.02190449945  0.999760106  -0.02190274784
6  34  -2.0790455e-16  -0.01377731335  0.9999050943  -0.0137768775
6  35  -2.986438434e-16  -0.07281924214  0.9973498504  -0.07275490347
6  36  -2.986438434e-16  -0.07281924214  0.9973498504  -0.07275490347

7  0  4.678862423e-16  -0.01794563298  0.9998389814  -0.01794466978
7  1  3.477843983e-17  -0.008345853641  0.9999651736  -0.008345756756
7  2  6.743121237e-17  0.01297971656  0.9999157647  0.01297935211
7  3  -1.055877935e-16  0.03654876274  0.9993321683  0.03654062624
7  4  6.712330255e-17  0.01624872422  0.9998679924  0.01624800923
7  5  -2.312727609e-17  -0.005420703974  0.999985308  -0.005420677427
7  6  -2.341537253e-16  -0.01235854301  0.9999236342  -0.01235822842
7  7  -1.331111972e-17  -0.02236848266  0.9997498359  -0.02236661736
7  8  1.081667059e-16  -0.068574347  0.9976497007  -0.06852061516
7  9  2.283869175e-16  -0.1143281979  0.9934716472  -0.1140792978
7  10  -5.405076369e-17  -0.04120960602  0.9991510043  -0.0411979431
7  11  -1.369253364e-16  -0.003403648387  0.9999942076  -0.003403641816
7  12  -2.123854412e-16  0.002790044571  0.9999961078  0.002790040951
7  13  -1.193960968e-17  0.003331855285  0.9999944494  0.00333184912
7  14  1.851329608e-17  0.003261580251  0.9999946811  0.003261574468
7  15  2.260710463e-17  0.003329854149  0.999994456  0.003329847996
7  16  -1.27884876e-16  0.00363185953  0.9999934048  0.003631851546
7  17  -4.54103209e-17  0.003674047541  0.9999932507  0.003674039276
7  18  3.436726428e-16  -0.002658090765  0.9999964673  -0.002658087635
7  19  3.53298453e-16  -0.01269562656  0.9999194116  -0.01269528552
7  20  4.963598472e-17  -0.002523222665  0.9999968167  -0.002523219988
7  21  1.713179447e-16  0.02053161253  0.9997892338  0.02053017006
7  22  -3.451257664e-16  0.008169020535  0.9999666337  0.008168929678
7  23  -3.803589341e-16  -0.009375290725  0.9999560523  -0.009375153383
7  24  -2.946741648e-16  -0.009612694357  0.9999537984  -0.009612546316
7  25  -2.58860904e-18  0.002279908479  0.999997401  0.002279906504
7  26  -1.361987405e-16  0.003778857779  0.9999928601  0.003778848786
7  27  1.22292558e-16  0.003469653108  0.9999939808  0.003469646147
7  28  2.162147285e-16  0.003313306244  0.999994511  0.003313300182
7  29  -1.788918161e-16  0.00339810135  0.9999942265  0.00339809481
7  30  -1.77082519e-16  0.003480651862  0.9999939425  0.003480644834
7  31  -4.607101913e-17  0.001532045917  0.9999988264  0.001532045318
7  32  -8.523995433e-17  -0.01450491032  0.9998948056  -0.0145044017
7  33  -8.605398105e-17  -0.06897413677  0.9976222271  -0.06891945982
7  34  -5.039123682e-17  -0.1067949399  0.9943028382  -0.1065920535
7  35  -1.421680627e-16  -0.04912454045  0.9987936324  -0.04910478477
7  36  -1.421680627e-16  -0.04912454045  0.9987936324  -0.04910478477

8  0  -1.186681938e-16  -0.2104994039  0.9779266871  -0.2089483063
8  1  -1.816056406e-16  -0.03881420988  0.9992468231  -0.03880446473
8  2  -5.804449873e-17  -0.009642040897  0.9999535159  -0.009641891496
8  3  -1.14170419e-16  -0.004052055534  0.9999917904  -0.004052044446
8  4  1.779222589e-16  -0.003243070192  0.9999947413  -0.003243064507
8  5  -1.068588669e-16  -0.005465096766  0.9999850664  -0.005465069562
8  6  -1.130930914e-16  -0.01503053479  0.9998870436  -0.01502996885
8  7  3.388743602e-16  -0.068574347  0.9976497007  -0.06852061516
8  8  -1.572802231e-16  -0.3451182096  0.9410354679  -0.338307919
8  9  1.701781987e-16  -0.2783748565  0.9615032866  -0.2747934314
8  10  2.603335348e-16  -0.0560318539  0.9984306263  -0.0560025392
8  11  -1.222378643e-16  -0.01019724192  0.9999480086  -0.0101970652
8  12  -2.945717877e-16  -0.0003847928233  0.999999926  -0.0003847928138
8  13  1.947782612e-16  0.002116533095  0.9999977601  0.002116531514
8  14  2.419219332e-16  0.002856926386  0.999995919  0.0028569225
8  15  -1.59132871e-17  0.003245597757  0.9999947331  0.003245592058
8  16  1.743812586e-16  0.003741490538  0.9999930006  0.003741481808
8  17  1.258135817e-16  0.004616172273  0.9999893455  0.004616155879
8  18  1.392968759e-16  0.00557409601  0.9999844648  0.005574067145
8  19  4.955727593e-17  0.0001454647422  0.9999999894  0.0001454647417
8  20  -2.067165485e-16  -0.007954881457  0.9999683601  -0.00795479756
8  21  -2.338644759e-16  0.01148297518  0.9999340714  0.01148272283
8  22  -1.659253268e-16  0.0275011582  0.999621867  0.02749769175
8  23  -8.382645348e-17  -0.003089689357  0.9999952269  -0.003089684441
8  24  3.65894405e-17  -0.005592465262  0.9999843622  -0.005592436111
8  25  1.222417698e-16  0.004451171414  0.9999900936  0.004451156716
8  26  1.514100577e-16  0.005097258825  0.999987009  0.005097236753
8  27  -1.446408878e-16  0.004096224794  0.9999916105  0.004096213338
8  28  -1.28867026e-16  0.003469653108  0.9999939808  0.003469646147
8  29  3.973596194e-17  0.00308227481  0.9999952498  0.003082269929
8  30  3.709072427e-16  0.002628127576  0.9999965465  0.002628124551
8  31  2.347065903e-16  0.001307894925  0.9999991447  0.001307894552
8  32  -1.341107206e-16  -0.003931592589  0.9999922713  -0.003931582461
8  33  -8.131101807e-17  -0.0277991398  0.9996136288  -0.02779555945
8  34  2.603995057e-16  -0.1422022615  0.9899062848  -0.141723489
8  35  -1.235118195e-16  -0.344101812  0.9413788372  -0.3373512782
8  36  -1.235118195e-16  -0.344101812  0.9413788372  -0.3373512782

9  0  -2.207754116e-16  -0.2296757842  0.9737402577  -0.2276618335
9  1  -3.093087187e-16  -0.1829930414  0.9833034439  -0.1819734521
9  2  -3.318311825e-17  -0.05322143249  0.9985840738  -0.05319631091
9  3  8.671131455e-17  -0.01309901682  0.9999142091  -0.01309864223
9  4  2.054985211e-16  -0.005578144974  0.9999844422  -0.005578116046
9  5  8.386434705e-17  -0.007315735607  0.9999732401  -0.007315670351
9  6  -1.448203597e-16  -0.02356286072  0.9997224086  -0.0235606804
9  7  3.556929811e-17  -0.1143281979  0.9934716472  -0.1140792978
9  8  -2.502127611e-17  -0.2783748565  0.9615032866  -0.2747934314
9  9  -5.180758395e-17  -0.1162661541  0.9932487011  -0.116004387
9  10  1.087474518e-16  -0.03411066513  0.9994182877  -0.03410405068
9  11  2.18839192e-16  -0.01168592051  0.9999317204  -0.01168565454
9  12  7.383250078e-17  -0.003098040747  0.9999952011  -0.003098035791
9  13  4.163572501e-17  0.0004919214918  0.999999879  0.0004919214719
9  14  -1.771257836e-16  0.002007647409  0.9999979847  0.002007646061
9  15  -2.311254633e-16  0.002759249406  0.9999961933  0.002759245904
9  16  -2.455877916e-16  0.003404414715  0.999994205  0.003404408139
9  17  5.349693267e-17  0.004408436266  0.9999902829  0.004408421987
9  18  1.856483236e-16  0.006294562408  0.9999801893  0.006294520841
9  19  1.248998497e-17  0.008335192895  0.9999652625  0.00833509638
9  20  -5.019857883e-17  0.001580397802  0.9999987512  0.001580397144
9  21  -1.334597528e-16  -0.001995672417  0.9999980086  -0.001995671093
9  22  6.946867129e-17  0.03721080643  0.9993077578  0.03720221973
9  23  -2.347958861e-16  0.01146049841  0.9999343292  0.01146024753
9  24  -3.016185906e-18  -0.004358343994  0.9999905024  -0.004358330196
9  25  8.696906954e-17  0.006480965917  0.9999789986  0.006480920547
9  26  -1.396152242e-16  0.007204372753  0.9999740486  0.007204310431
9  27  -3.367377495e-16  0.005097258825  0.999987009  0.005097236753
9  28  2.113244038e-17  0.003778857779  0.9999928601  0.003778848786
9  29  2.971612111e-16  0.003017822394  0.9999954464  0.003017817814
9  30  2.385386155e-17  0.00237239448  0.9999971859  0.002372392255
9  31  1.153765759e-18  0.001328265705  0.9999991179  0.001328265314
9  32  -1.838139547e-16  -0.001067287207  0.9999994304  -0.001067287005
9  33  1.568314652e-16  -0.00696831134  0.9999757214  -0.006968254947
9  34  -1.371699832e-16  -0.02244110116  0.9997482091  -0.02243921764
9  35  -3.019629157e-16  -0.07645617546  0.9970786501  -0.0763817092
9  36  -3.019629157e-16  -0.07645617546  0.9970786501  -0.0763817092

10  0  -6.919659784e-17  -0.02790151901  0.9996107779  -0.02789789895
10  1  -6.395279587e-17  -0.0511576788  0.9986917313  -0.05113536752
10  2  -4.439069346e-17  -0.05146857277  0.9986757854  -0.05144585229
10  3  1.352030048e-16  -0.02081000677  0.9997834796  -0.02080850482
10  4  -1.178464152e-16  -0.003899372914  0.9999923975  -0.003899363032
10  5  4.724342984e-17  -0.0013819789  0.9999990451  -0.00138197846
10  6  1.220567229e-16  -0.01126320337  0.9999365708  -0.01126296523
10  7  2.025580371e-16  -0.04120960602  0.9991510043  -0.0411979431
10  8  2.564014352e-17  -0.0560318539  0.9984306263  -0.0560025392
10  9  2.117758053e-16  -0.03411066513  0.9994182877  -0.03410405068
10  10  4.833747821e-17  -0.01915684119  0.9998165133  -0.0191556695
10  11  -1.5180204e-16  -0.0102639268  0.9999473264  -0.01026374659
10  12  1.033380749e-16  -0.003538696413  0.9999937388  -0.003538689028
10  13  -6.842386519e-18  0.0004220192961  0.9999999109  0.0004220192836
10  14  2.24602115e-16  0.001756549911  0.9999984573  0.001756549007
10  15  4.048177604e-17  0.001773596954  0.9999984272  0.001773596024
10  16  8.916617794e-17  0.001591411163  0.9999987337  0.001591410491
10  17  1.078500885e-16  0.001948610763  0.9999981015  0.00194860953
10  18  -1.472076511e-16  0.003491134389  0.999993906  0.003491127297
10  19  9.41201693e-17  0.006302457954  0.9999801396  0.00630241623
10  20  2.551072973e-16  0.006099795867  0.9999813963  0.006099758041
10  21  -7.121879789e-17  -0.003694454051  0.9999931755  -0.003694445647
10  22  -2.693353655e-16  0.02322401959  0.9997303346  0.02322193198
10  23  -2.721291366e-16  0.04805897341  0.9988453898  0.04804047553
10  24  1.311575358e-16  -0.00704590953  0.9999751777  -0.007045851231
10  25  9.535896815e-17  0.0008189282976  0.9999996647  0.0008189282061
10  26  -2.175854999e-16  0.006480965917  0.9999789986  0.006480920548
10  27  -6.661132829e-17  0.004451171414  0.9999900936  0.004451156715
10  28  2.086664744e-17  0.002279908479  0.999997401  0.002279906504
10  29  2.838200731e-16  0.001346985089  0.9999990928  0.001346984681
10  30  4.465674759e-17  0.001244090121  0.9999992261  0.0012440898
10  31  3.943589131e-17  0.001376299803  0.9999990529  0.001376299368
10  32  -2.883018195e-16  0.0009669075719  0.9999995325  0.0009669074213
10  33  -1.989270986e-16  -0.001230033134  0.9999992435  -0.001230032824
10  34  -1.788012331e-16  -0.006495756731  0.9999789026  -0.00649571105
10  35  -2.493364089e-16  -0.01484246037  0.9998898527  -0.01484191541
10  36  -2.493364089e-16  -0.01484246037  0.9998898527  -0.01484191541

11  0  2.404182055e-16  -0.008560321005  0.9999633607  -0.008560216456
11  1  1.561500932e-16  -0.01165342146  0.9999320997  -0.0116531577
11  2  2.766119522e-16  -0.01216978405  0.9999259491  -0.01216948366
11  3  1.084996668e-16  -0.007161979196  0.9999743531  -0.007161917969
11  4  2.688271746e-17  0.0008948745029  0.9999995996  0.0008948743835
11  5  -2.06288584e-16  0.005155507194  0.9999867104  0.005155484355
11  6  2.397784545e-16  0.003504496506  0.9999938593  0.003504489332
11  7  2.573949561e-16  -0.003403648387  0.9999942076  -0.003403641816
11  8  -3.909708721e-16  -0.01019724192  0.9999480086  -0.0101970652
11  9  1.564898344e-16  -0.01168592051  0.9999317204  -0.01168565454
11  10  1.194021124e-16  -0.0102639268  0.9999473264  -0.01026374659
11  11  -4.382817755e-17  -0.006592562463  0.9999782691  -0.006592514709
11  12  1.049995937e-17  0.006945655421  0.999975879  0.006945599575
11  13  4.93358423e-17  0.03433749553  0.9994105261  0.03433074824
11  14  3.097382693e-17  0.03068997806  0.9995290996  0.0306851606
11  15  -1.514667473e-16  0.004559336623  0.9999896062  0.004559320827
11  16  -1.224810528e-16  -0.009615613267  0.9999537703  -0.009615465091
11  17  9.577821472e-18  -0.01334204863  0.9999109962  -0.0133416528
11  18  6.40236856e-17  -0.01174841401  0.9999309882  -0.01174814375
11  19  -4.912712761e-17  -0.007769175875  0.9999698201  -0.007769097717
11  20  -1.58193207e-17  -0.004336040167  0.9999905994  -0.00433602658
11  21  -4.017594576e-17  -0.004352328276  0.9999905286  -0.004352314535
11  22  -1.720326109e-16  0.01811647934  0.9998359011  0.01811548836
11  23  -1.504631704e-16  0.1286708089  0.9917333263  0.1283160532
11  24  2.001328883e-16  0.04241285068  0.9991007099  0.0424001361
11  25  1.941959219e-16  -0.00704590953  0.9999751777  -0.007045851231
11  26  6.767798987e-17  -0.004358343994  0.9999905024  -0.004358330196
11  27  1.197042006e-16  -0.005592465263  0.9999843622  -0.005592436112
11  28  5.790782342e-17  -0.009612694357  0.9999537984  -0.009612546316
11  29  -1.008567186e-16  -0.01282245315  0.9999177935  -0.01282210179
11  30  -1.959185013e-16  -0.01307933827  0.9999144667  -0.01307896536
11  31  -1.00758444e-16  -0.007522457352  0.9999717065  -0.007522386407
11  32  -1.478053979e-16  0.008692131789  0.9999622237  0.008692022336
11  33  -1.13189322e-16  0.03365885808  0.9994335941  0.03365250298
11  34  1.610877193e-16  0.0304123542  0.99953758  0.03040766629
11  35  -3.099744515e-17  0.002383900523  0.9999971585  0.002383898265
11  36  -3.099744515e-17  0.002383900523  0.9999971585  0.002383898265

12  0  8.242259122e-17  0.1739328651  0.984911775  0.1730572026
12  1  -2.120847828e-16  -0.0002303960375  0.9999999735  -0.0002303960355
12  2  -2.155047752e-16  -0.003978751972  0.9999920848  -0.003978741475
12  3  -1.600776155e-16  -0.002033864124  0.9999979317  -0.002033862722
12  4  9.05642235e-18  0.001320514874  0.9999991281  0.00132051449
12  5  -6.65847524e-17  0.003995988287  0.999992016  0.003995977653
12  6  9.623152671e-17  0.004560346055  0.9999896016  0.004560330248
12  7  1.629101053e-16  0.002790044571  0.9999961078  0.002790040951
12  8  -2.894079371e-16  -0.0003847928233  0.999999926  -0.0003847928138
12  9  -9.054793589e-17  -0.003098040747  0.9999952011  -0.003098035791
12  10  -6.180823785e-17  -0.003538696413  0.9999937388  -0.003538689028
12  11  6.518084893e-17  0.006945655421  0.999975879  0.006945599576
12  12  -7.56698713e-17  0.3365053667  0.9439143216  0.3301904807
12  13  -6.961961179e-17  0.5755779061  0.8388778769  0.5443196742
12  14  2.993702154e-17  0.1449830194  0.9895083593  0.1444756273
12  15  -2.158156318e-16  0.02303447404  0.9997347182  0.02303243713
12  16  -1.037026966e-16  -0.007817415008  0.9999694442  -0.007817335385
12  17  -1.946013407e-16  -0.01471986615  0.9998916647  -0.01471933458
12  18  -6.219633246e-17  -0.01415436463  0.9998998287  -0.01415389201
12  19  -7.464720996e-17  -0.01119664579  0.9999373182  -0.01119641184
12  20  -1.65847819e-16  -0.006811256234  0.9999768035  -0.006811203568
12  21  -5.341390246e-16  0.002891823509  0.9999958187  0.002891819478
12  22  -5.775241569e-16  0.03937377167  0.9992249532  0.03936359897
12  23  3.627986375e-17  0.1292093914  0.9916640737  0.1288501648
12  24  -1.029012905e-16  0.1286708089  0.9917333263  0.1283160532
12  25  2.664841884e-16  0.04805897342  0.9988453898  0.04804047553
12  26  1.579518069e-16  0.01146049841  0.9999343292  0.01146024753
12  27  9.12876398e-17  -0.003089689357  0.9999952269  -0.003089684441
12  28  -7.56248907e-17  -0.009375290725  0.9999560523  -0.009375153383
12  29  -4.254039286e-18  -0.01338948554  0.9999103622  -0.01338908546
12  30  -1.498214737e-17  -0.01590325802  0.9998735459  -0.01590258767
12  31  -1.89583711e-16  -0.01397716624  0.999902321  -0.01397671115
12  32  -1.32235289e-16  0.003268996801  0.9999946568  0.003268990979
12  33  -1.304178441e-16  0.07313050812  0.9973271559  0.07306534102
12  34  7.499726119e-17  0.2838882908  0.9599736249  0.2800904131
12  35  9.419251163e-17  0.5532177249  0.8508382478  0.5254277077
12  36  9.419251163e-17  0.5532177249  0.8508382478  0.5254277077

13  0  1.941135348e-16  0.4325427602  0.9079028098  0.4191807342
13  1  3.29328927e-16  0.2197597451  0.9759498519  0.2179951526
13  2  2.922258206e-16  0.006003408573  0.9999819796  0.006003372511
13  3  -9.775225522e-17  -0.000295946003  0.9999999562  -0.0002959459987
13  4  -2.563788089e-16  0.001218032323  0.9999992582  0.001218032021
13  5  -2.776150553e-17  0.002819760335  0.9999960245  0.002819756598
13  6  -1.362354797e-16  0.003600008996  0.99999352  0.00360000122
13  7  -1.743145254e-16  0.003331855285  0.9999944494  0.00333184912
13  8  -2.341097614e-17  0.002116533095  0.9999977601  0.002116531514
13  9  -1.827436124e-16  0.0004919214917  0.999999879  0.0004919214719
13  10  2.771210849e-17  0.0004220192962  0.9999999109  0.0004220192836
13  11  9.071108108e-18  0.03433749553  0.9994105261  0.03433074824
13  12  2.988718338e-16  0.5755779061  0.8388778769  0.5443196742
13  13  -2.631042114e-16  0.09515543748  0.9954761364  0.09501190409
13  14  -3.440774177e-16  0.02294804088  0.9997367053  0.02294602681
13  15  -2.148065401e-16  0.01215174202  0.9999261685  0.01215144296
13  16  -1.704570065e-16  0.005935564213  0.9999823846  0.005935529361
13  17  5.597782751e-18  0.001310834848  0.9999991409  0.001310834473
13  18  3.654529521e-16  -0.001469613903  0.9999989201  -0.001469613374
13  19  1.032947803e-16  -0.001997613992  0.9999980048  -0.001997612664
13  20  1.212154642e-16  0.001852504111  0.9999982841  0.001852503051
13  21  2.168754038e-17  0.0184536515  0.9998297362  0.01845260416
13  22  1.657734998e-16  0.04466031455  0.9990028939  0.04464546987
13  23  3.899371454e-16  0.03937377167  0.9992249532  0.03936359897
13  24  -2.275374042e-16  0.01811647934  0.9998359011  0.01811548836
13  25  -1.995942235e-17  0.02322401959  0.9997303346  0.02322193198
13  26  2.915085141e-16  0.03721080643  0.9993077578  0.03720221973
13  27  1.725833017e-16  0.0275011582  0.999621867  0.02749769175
13  28  -1.329343355e-16  0.008169020535  0.9999666337  0.008168929678
13  29  -8.342903703e-17  -0.0008303768656  0.9999996552  -0.0008303767701
13  30  6.774295542e-17  -0.002283905356  0.9999973919  -0.002283903371
13  31  -4.239851824e-17  -0.0005568451978  0.999999845  -0.0005568451691
13  32  1.358388012e-16  0.003504381257  0.9999938597  0.003504374084
13  33  1.015270878e-17  0.009591932619  0.9999539978  0.009591785535
13  34  1.779437637e-16  0.01873691975  0.9998244691  0.01873582344
13  35  1.365127954e-16  0.05957082217  0.9982261832  0.05953559543
13  36  1.365127954e-16  0.05957082217  0.9982261832  0.05953559543

14  0  -3.826838626e-17  0.01938227376  0.9998121696  0.01938106022
14  1  -6.833287024e-17  0.1042303637  0.9945729316  0.1040417403
14  2  -1.195055132e-16  0.08017583621  0.996787639  0.08008996657
14  3  -1.75656647e-16  0.00357941683  0.9999935939  0.003579409187
14  4  1.132815247e-16  0.001330040549  0.9999991155  0.001330040157
14  5  -8.522552261e-17  0.002409008509  0.9999970983  0.002409006179
14  6  -6.661882606e-17  0.00311480521  0.999995149  0.003114800173
14  7  -2.428328491e-17  0.003261580251  0.9999946811  0.003261574468
14  8  -2.839934477e-18  0.002856926386  0.999995919  0.0028569225
14  9  3.474693237e-16  0.002007647409  0.9999979847  0.002007646061
14  10  2.380398118e-16  0.001756549911  0.9999984573  0.001756549008
14  11  -2.054630041e-17  0.03068997806  0.9995290996  0.0306851606
14  12  -6.279858187e-17  0.1449830194  0.9895083593  0.1444756273
14  13  -1.636756479e-16  0.02294804088  0.9997367053  0.02294602681
14  14  1.064479076e-16  0.01477834067  0.9998908023  0.01477780274
14  15  1.133888233e-16  0.01544489089  0.99988073  0.01544427685
14  16  1.550491333e-16  0.01521355683  0.9998842761  0.01521296997
14  17  -1.103172283e-16  0.01296390319  0.9999159698  0.01296354006
14  18  1.766128288e-16  0.009655385621  0.9999533871  0.009655235598
14  19  1.334236901e-17  0.007283197921  0.9999734776  0.007283133531
14  20  -2.296174535e-16  0.01049666601  0.9999449105  0.01049647326
14  21  -3.859119402e-17  0.02164750929  0.9997657018  0.02164581861
14  22  -2.099949053e-17  0.0184536515  0.9998297362  0.01845260416
14  23  1.254077701e-16  0.002891823509  0.9999958187  0.002891819479
14  24  -2.134894194e-16  -0.004352328276  0.9999905286  -0.004352314535
14  25  -3.304535771e-16  -0.003694454051  0.9999931755  -0.003694445647
14  26  1.260559366e-16  -0.001995672418  0.9999980086  -0.001995671093
14  27  -7.825195649e-17  0.01148297518  0.9999340714  0.01148272283
14  28  1.699553377e-17  0.02053161253  0.9997892338  0.02053017006
14  29  5.887263195e-17  0.01395408932  0.9999026433  0.01395363648
14  30  9.803731051e-17  0.007288894045  0.9999734361  0.007288829504
14  31  5.993045646e-17  0.007932569689  0.9999685373  0.007932486495
14  32  2.555570467e-16  0.01132270064  0.9999358989  0.01132245871
14  33  -1.282190403e-16  0.0145694239  0.9998938678  0.01456890847
14  34  -5.084003244e-17  0.01613597216  0.999869818  0.01613527195
14  35  1.478036522e-16  0.0159517898  0.9998727729  0.01595111329
14  36  1.478036522e-16  0.0159517898  0.9998727729  0.01595111329

15  0  1.301793819e-16  0.01983286843  0.9998033351  0.01983156827
15  1  4.992339538e-17  0.01466425373  0.9998924818  0.01466372817
15  2  -2.727929736e-16  0.0257926747  0.9996673874  0.02578981498
15  3  3.07954723e-17  0.008081955866  0.9999673412  0.008081867883
15  4  2.537153756e-16  -0.000933628447  0.9999995642  -0.0009336283114
15  5  3.913012562e-17  0.002092084772  0.9999978116  0.002092083246
15  6  -3.346016382e-16  0.003021211858  0.9999954361  0.003021207262
15  7  2.385651353e-16  0.00332985415  0.999994456  0.003329847996
15  8  -1.141446401e-17  0.003245597757  0.9999947331  0.003245592058
15  9  4.127257769e-17  0.002759249406  0.9999961933  0.002759245904
15  10  2.256871884e-18  0.001773596954  0.9999984272  0.001773596024
15  11  -5.844677991e-17  0.004559336622  0.9999896062  0.004559320826
15  12  -3.891886021e-16  0.02303447404  0.9997347182  0.02303243713
15  13  -5.85785486e-17  0.01215174202  0.9999261685  0.01215144296
15  14  8.820344614e-17  0.01544489089  0.99988073  0.01544427685
15  15  1.582942484e-16  0.02254049793  0.9997459737  0.02253858928
15  16  7.44484891e-17  0.02794568847  0.9996095447  0.02794205119
15  17  -8.61244744e-17  0.02922816478  0.9995728876  0.02922400343
15  18  -4.589253396e-16  0.0270223308  0.999634919  0.02701904227
15  19  5.579998665e-17  0.02264377779  0.9997436406  0.02264184278
15  20  -3.446172617e-17  0.01718467403  0.9998523471  0.01718382823
15  21  5.290439258e-17  0.01049666601  0.9999449105  0.01049647326
15  22  7.039590163e-17  0.001852504111  0.9999982841  0.001852503051
15  23  4.220201849e-17  -0.006811256234  0.9999768035  -0.006811203568
15  24  4.508828192e-17  -0.004336040167  0.9999905994  -0.00433602658
15  25  -2.265156647e-16  0.006099795867  0.9999813963  0.006099758041
15  26  8.197658169e-17  0.001580397802  0.9999987512  0.001580397144
15  27  -9.146384911e-17  -0.007954881457  0.9999683601  -0.00795479756
15  28  -7.943965617e-17  -0.002523222665  0.9999968167  -0.002523219988
15  29  -8.520039224e-17  0.006521676135  0.9999787339  0.006521629905
15  30  1.082512357e-17  0.01270518616  0.9999192902  0.01270484435
15  31  -1.141042463e-17  0.01855682342  0.9998278271  0.01855575842
15  32  2.804609234e-16  0.02482044707  0.9996919885  0.02481789869
15  33  -7.80130368e-17  0.02867406544  0.9995889272  0.02867013629
15  34  -1.099711795e-16  0.02947381058  0.9995656787  0.02946954342
15  35  4.247746809e-17  0.0263157976  0.9996537594  0.02631276033
15  36  4.247746809e-17  0.0263157976  0.9996537594  0.02631276033

16  0  -1.430080373e-16  0.0340943567  0.9994188437  0.03408775173
16  1  -1.081606359e-16  0.02215384056  0.9997546137  0.02215202845
16  2  -1.085478755e-16  0.011182029  0.9999374818  0.01118179597
16  3  1.129358611e-16  0.002370829064  0.9999971896  0.002370826843
16  4  1.642861189e-17  -0.01508624992  0.9998862047  -0.01508567767
16  5  1.673214734e-16  -0.003556291195  0.9999936764  -0.003556283699
16  6  -8.902464249e-17  0.002697978803  0.9999963605  0.00269797553
16  7  1.15427936e-16  0.00363185953  0.9999934048  0.003631851546
16  8  -1.29558751e-16  0.003741490538  0.9999930006  0.003741481808
16  9  2.020500192e-17  0.003404414715  0.999994205  0.003404408139
16  10  9.998795393e-17  0.001591411163  0.9999987337  0.001591410491
16  11  1.51456091e-16  -0.009615613267  0.9999537703  -0.009615465091
16  12  -2.092133855e-16  -0.007817415007  0.9999694442  -0.007817335385
16  13  1.609631709e-16  0.005935564214  0.9999823846  0.005935529361
16  14  -9.959070066e-17  0.01521355683  0.9998842761  0.01521296997
16  15  1.30484583e-16  0.02794568847  0.9996095447  0.02794205119
16  16  2.508852114e-16  0.03809761613  0.9992743736  0.0380884008
16  17  2.597052871e-16  0.04120671311  0.9991511235  0.04119505265
16  18  -2.374467747e-16  0.04007963575  0.9991969189  0.04006890611
16  19  1.060352891e-16  0.03568455075  0.999363374  0.03567697786
16  20  4.594074031e-18  0.02264377779  0.9997436406  0.02264184278
16  21  -6.079769277e-17  0.007283197921  0.9999734776  0.007283133531
16  22  -1.211284879e-18  -0.001997613992  0.9999980048  -0.001997612664
16  23  1.634923099e-16  -0.01119664579  0.9999373182  -0.01119641184
16  24  1.268051907e-16  -0.007769175874  0.9999698201  -0.007769097716
16  25  1.835709426e-16  0.006302457954  0.9999801396  0.006302416231
16  26  1.221791642e-16  0.008335192895  0.9999652625  0.00833509638
16  27  -1.009755858e-16  0.0001454647419  0.9999999894  0.0001454647414
16  28  -2.87812871e-17  -0.01269562656  0.9999194116  -0.01269528552
16  29  1.11252341e-16  -0.007027458703  0.9999753075  -0.007027400861
16  30  1.442283048e-16  0.00214666704  0.9999976959  0.002146665392
16  31  4.306529779e-16  0.01407163943  0.9999009961  0.01407117505
16  32  1.508005368e-16  0.02986430202  0.9995540949  0.029859863
16  33  3.251551537e-18  0.03860256732  0.9992550134  0.03859298072
16  34  2.281777829e-16  0.04102130961  0.9991587441  0.04100980583
16  35  2.473355735e-16  0.0403492164  0.9991860808  0.04033826881
16  36  2.473355735e-16  0.0403492164  0.9991860808  0.04033826881

17  0  -3.94305417e-16  0.04289887581  0.9990799843  0.04288571912
17  1  -2.772453328e-16  0.03647997552  0.9993346795  0.03647188487
17  2  1.19250407e-16  0.02126406184  0.9997739284  0.02126245941
17  3  6.155584682e-17  0.007145325327  0.9999744723  0.007145264526
17  4  8.495910247e-17  -0.005982468581  0.9999821051  -0.005982432896
17  5  2.930927707e-16  -0.01929267483  0.9998139021  -0.01929147804
17  6  -2.287437503e-16  -0.004063427626  0.9999917443  -0.004063416444
17  7  -3.255702827e-16  0.003674047541  0.9999932507  0.003674039276
17  8  -7.69523751e-17  0.004616172273  0.9999893455  0.004616155879
17  9  1.310879656e-16  0.004408436266  0.9999902829  0.004408421987
17  10  2.812242925e-16  0.001948610763  0.9999981015  0.00194860953
17  11  2.606031448e-16  -0.01334204863  0.9999109962  -0.0133416528
17  12  -1.218191632e-16  -0.01471986615  0.9998916647  -0.01471933458
17  13  -2.641802587e-16  0.001310834848  0.9999991409  0.001310834473
17  14  -1.141295254e-16  0.01296390319  0.9999159698  0.01296354006
17  15  3.832471539e-16  0.02922816478  0.9995728876  0.02922400343
17  16  -6.147217426e-17  0.04120671311  0.9991511235  0.04119505265
17  17  -4.231860043e-17  0.04319693493  0.9990671575  0.04318350211
17  18  -3.098810501e-16  0.04252965127  0.9990957507  0.04251683136
17  19  1.701746945e-16  0.04007963575  0.9991969189  0.04006890611
17  20  4.632299514e-18  0.0270223308  0.999634919  0.02701904227
17  21  -1.79602647e-16  0.009655385621  0.9999533871  0.009655235598
17  22  -2.064124389e-16  -0.001469613903  0.9999989201  -0.001469613374
17  23  -8.032400541e-17  -0.01415436463  0.9998998287  -0.01415389201
17  24  5.756394914e-17  -0.01174841401  0.9999309882  -0.01174814375
17  25  2.508987995e-16  0.003491134389  0.999993906  0.003491127297
17  26  -5.738680098e-17  0.006294562408  0.9999801893  0.006294520841
17  27  9.620482907e-17  0.00557409601  0.9999844648  0.005574067146
17  28  -5.340710493e-17  -0.002658090765  0.9999964673  -0.002658087635
17  29  1.327313672e-16  -0.01702418596  0.999855092  -0.01702336364
17  30  1.175204049e-17  -0.008078629162  0.9999673681  -0.008078541288
17  31  8.285473819e-18  0.003610330262  0.9999934828  0.003610322418
17  32  -2.570128437e-16  0.01797112465  0.9998385237  0.01797015733
17  33  -2.379024887e-17  0.03498420232  0.9993881152  0.03497706659
17  34  1.193621979e-16  0.04214843429  0.9991118862  0.04213595601
17  35  -3.274522436e-17  0.04309468929  0.9990715676  0.04308135163
17  36  -3.274522436e-17  0.04309468929  0.9990715676  0.04308135163

18  0  -2.154254036e-16  0.04309468929  0.9990715676  0.04308135163
18  1  -2.189641288e-16  0.04214843429  0.9991118862  0.04213595601
18  2  -1.009031994e-16  0.03498420232  0.9993881152  0.03497706659
18  3  2.312308832e-16  0.01797112465  0.9998385237  0.01797015733
18  4  2.571558158e-16  0.003610330262  0.9999934828  0.003610322419
18  5  -5.044884478e-17  -0.008078629162  0.9999673681  -0.008078541288
18  6  1.093765045e-16  -0.01702418596  0.999855092  -0.01702336364
18  7  3.498468505e-16  -0.002658090765  0.9999964673  -0.002658087635
18  8  -1.859308246e-16  0.00557409601  0.9999844648  0.005574067145
18  9  8.794490446e-18  0.006294562408  0.9999801893  0.006294520841
18  10  -1.420268051e-16  0.003491134389  0.999993906  0.003491127297
18  11  -3.564242053e-16  -0.01174841401  0.9999309882  -0.01174814375
18  12  -2.599186305e-16  -0.01415436463  0.9998998287  -0.01415389201
18  13  -5.840395545e-17  -0.001469613903  0.9999989201  -0.001469613374
18  14  -9.721350998e-17  0.009655385621  0.9999533871  0.009655235598
18  15  -2.174540003e-16  0.0270223308  0.999634919  0.02701904227
18  16  -8.979888555e-17  0.04007963575  0.9991969189  0.04006890611
18  17  7.828759941e-17  0.04252965127  0.9990957507  0.04251683136
18  18  -2.077238194e-16  0.04319693493  0.9990671575  0.04318350211
18  19  -7.828114014e-17  0.04120671311  0.9991511235  0.04119505265
18  20  7.938050007e-17  0.02922816478  0.9995728876  0.02922400343
18  21  2.485602145e-16  0.01296390319  0.9999159698  0.01296354006
18  22  6.3341262e-18  0.001310834848  0.9999991409  0.001310834472
18  23  -4.27348851e-17  -0.01471986615  0.9998916647  -0.01471933458
18  24  -1.892363545e-17  -0.01334204863  0.9999109962  -0.0133416528
18  25  3.334972315e-16  0.001948610763  0.9999981015  0.00194860953
18  26  -1.4624954e-16  0.004408436266  0.9999902829  0.004408421987
18  27  -3.114562979e-16  0.004616172273  0.9999893455  0.004616155879
18  28  -1.412528266e-16  0.003674047541  0.9999932507  0.003674039276
18  29  1.161738229e-16  -0.004063427627  0.9999917443  -0.004063416444
18  30  1.711578485e-16  -0.01929267483  0.9998139021  -0.01929147804
18  31  2.283108176e-16  -0.005982468581  0.9999821051  -0.005982432896
18  32  -3.82481774e-16  0.007145325327  0.9999744723  0.007145264526
18  33  -4.894902693e-17  0.02126406184  0.9997739284  0.02126245941
18  34  -2.840679637e-17  0.03647997552  0.9993346795  0.03647188487
18  35  1.689908934e-16  0.0428988758  0.9990799843  0.04288571912
18  36  1.689908934e-16  0.0428988758  0.9990799843  0.04288571912

19  0  -5.615155542e-18  0.0403492164  0.9991860808  0.04033826881
19  1  -9.297173885e-17  0.04102130961  0.9991587441  0.04100980583
19  2  -2.93856538e-17  0.03860256732  0.9992550134  0.03859298072
19  3  1.420042576e-16  0.02986430202  0.9995540949  0.029859863
19  4  1.865018364e-16  0.01407163943  0.9999009961  0.01407117505
19  5  -7.012684139e-17  0.00214666704  0.9999976959  0.002146665392
19  6  -4.623860914e-17  -0.007027458703  0.9999753075  -0.007027400861
19  7  1.277808958e-16  -0.01269562656  0.9999194116  -0.01269528552
19  8  1.775371746e-17  0.000145464742  0.9999999894  0.0001454647415
19  9  6.410172932e-17  0.008335192895  0.9999652625  0.00833509638
19  10  5.60191479e-17  0.006302457954  0.9999801396  0.006302416231
19  11  2.793009532e-16  -0.007769175874  0.9999698201  -0.007769097717
19  12  5.706937329e-17  -0.01119664579  0.9999373182  -0.01119641184
19  13  -1.809660987e-16  -0.001997613992  0.9999980048  -0.001997612664
19  14  -1.714050071e-16  0.007283197921  0.9999734776  0.007283133531
19  15  -2.202727517e-16  0.02264377779  0.9997436406  0.02264184278
19  16  1.538320641e-16  0.03568455075  0.999363374  0.03567697786
19  17  1.85682741e-16  0.04007963575  0.9991969189  0.04006890611
19  18  2.584355039e-17  0.04120671311  0.9991511235  0.04119505265
19  19  1.519842286e-16  0.03809761613  0.9992743736  0.0380884008
19  20  4.649576826e-17  0.02794568847  0.9996095447  0.02794205119
19  21  1.974993843e-16  0.01521355683  0.9998842761  0.01521296997
19  22  4.35109712e-17  0.005935564214  0.9999823846  0.005935529361
19  23  -5.437473462e-17  -0.007817415008  0.9999694442  -0.007817335385
19  24  -2.246608662e-16  -0.009615613267  0.9999537703  -0.009615465091
19  25  -1.163592247e-16  0.001591411162  0.9999987337  0.001591410491
19  26  -2.37396298e-16  0.003404414715  0.999994205  0.003404408139
19  27  -2.49663642e-16  0.003741490538  0.9999930006  0.003741481808
19  28  -4.198208255e-18  0.00363185953  0.9999934048  0.003631851546
19  29  -8.005630993e-17  0.002697978803  0.9999963605  0.00269797553
19  30  1.2894438e-16  -0.003556291194  0.9999936764  -0.003556283698
19  31  5.07493209e-17  -0.01508624992  0.9998862047  -0.01508567767
19  32  -1.034446394e-16  0.002370829063  0.9999971896  0.002370826842
19  33  -2.040046562e-17  0.011182029  0.9999374818  0.01118179597
19  34  3.244596475e-17  0.02215384056  0.9997546137  0.02215202845
19  35  1.965580488e-16  0.0340943567  0.9994188437  0.03408775173
19  36  1.965580488e-16  0.0340943567  0.9994188437  0.03408775173

20  0  2.597346222e-16  0.0263157976  0.9996537594  0.02631276033
20  1  1.433723724e-16  0.02947381058  0.9995656787  0.02946954342
20  2  2.08763222e-16  0.02867406545  0.9995889272  0.02867013629
20  3  3.419174818e-17  0.02482044707  0.9996919885  0.02481789869
20  4  -1.131015673e-16  0.01855682342  0.9998278271  0.01855575842
20  5  2.05417185e-17  0.01270518616  0.9999192902  0.01270484435
20  6  2.652693426e-16  0.006521676135  0.9999787339  0.006521629905
20  7  -5.447455867e-17  -0.002523222665  0.9999968167  -0.002523219988
20  8  2.700487925e-16  -0.007954881457  0.9999683601  -0.007954797559
20  9  2.350440061e-16  0.001580397802  0.9999987512  0.001580397144
20  10  1.527183965e-16  0.006099795868  0.9999813963  0.006099758041
20  11  -1.611712291e-17  -0.004336040167  0.9999905994  -0.00433602658
20  12  1.261459185e-16  -0.006811256234  0.9999768035  -0.006811203568
20  13  4.171724068e-17  0.001852504111  0.9999982841  0.001852503051
20  14  -2.150487989e-16  0.01049666601  0.9999449105  0.01049647326
20  15  -5.831975475e-17  0.01718467403  0.9998523471  0.01718382823
20  16  1.782628097e-16  0.02264377779  0.9997436406  0.02264184278
20  17  2.68286493e-16  0.0270223308  0.999634919  0.02701904227
20  18  -1.756482577e-16  0.02922816478  0.9995728876  0.02922400343
20  19  9.623945513e-17  0.02794568847  0.9996095447  0.02794205119
20  20  -4.313978067e-17  0.02254049793  0.9997459737  0.02253858928
20  21  3.888203532e-17  0.01544489089  0.99988073  0.01544427685
20  22  8.346405051e-17  0.01215174202  0.9999261685  0.01215144296
20  23  2.135420953e-17  0.02303447404  0.9997347182  0.02303243713
20  24  -1.1130969e-16  0.004559336624  0.9999896062  0.004559320827
20  25  -8.837036386e-17  0.001773596954  0.9999984272  0.001773596024
20  26  -1.574002147e-16  0.002759249406  0.9999961933  0.002759245904
20  27  -2.812642574e-16  0.003245597757  0.9999947331  0.003245592058
20  28  2.023819818e-16  0.00332985415  0.999994456  0.003329847996
20  29  3.816509867e-16  0.003021211858  0.9999954361  0.003021207262
20  30  2.140258573e-16  0.002092084772  0.9999978116  0.002092083246
20  31  3.352352338e-16  -0.000933628447  0.9999995642  -0.0009336283113
20  32  2.091877927e-16  0.008081955868  0.9999673412  0.008081867885
20  33  -2.678043424e-16  0.0257926747  0.9996673874  0.02578981498
20  34  5.806022981e-17  0.01466425373  0.9998924818  0.01466372817
20  35  5.499549362e-17  0.01983286843  0.9998033351  0.01983156827
20  36  5.499549362e-17  0.01983286843  0.9998033351  0.01983156827

21  0  -9.45366621e-17  0.0159517898  0.9998727729  0.0159511133
21  1  -3.709017868e-17  0.01613597216  0.999869818  0.01613527195
21  2  -1.492361668e-16  0.0145694239  0.9998938678  0.01456890847
21  3  3.902152724e-17  0.01132270064  0.9999358989  0.01132245871
21  4  -2.604593132e-16  0.007932569689  0.9999685373  0.007932486495
21  5  1.473880706e-16  0.007288894045  0.9999734361  0.007288829504
21  6  1.464723548e-16  0.01395408932  0.9999026433  0.01395363648
21  7  -2.94352402e-17  0.02053161253  0.9997892338  0.02053017006
21  8  2.418223879e-17  0.01148297518  0.9999340714  0.01148272283
21  9  7.542384076e-18  -0.001995672418  0.9999980086  -0.001995671093
21  10  -1.464104467e-17  -0.003694454051  0.9999931755  -0.003694445647
21  11  -1.182390704e-16  -0.004352328276  0.9999905286  -0.004352314535
21  12  2.482026673e-17  0.002891823509  0.9999958187  0.002891819479
21  13  5.67659618e-17  0.0184536515  0.9998297362  0.01845260416
21  14  -4.114450014e-17  0.02164750929  0.9997657018  0.02164581861
21  15  2.46657651e-17  0.01049666601  0.9999449105  0.01049647326
21  16  1.42709481e-16  0.007283197921  0.9999734776  0.007283133531
21  17  6.322482318e-18  0.009655385621  0.9999533871  0.009655235598
21  18  8.848626116e-18  0.01296390319  0.9999159698  0.01296354006
21  19  2.364964184e-16  0.01521355683  0.9998842761  0.01521296997
21  20  -4.032038801e-17  0.01544489089  0.99988073  0.01544427685
21  21  4.40451102e-17  0.01477834067  0.9998908023  0.01477780274
21  22  -2.327713649e-16  0.02294804088  0.9997367053  0.02294602681
21  23  -3.754716546e-16  0.1449830194  0.9895083593  0.1444756273
21  24  -1.755202775e-16  0.03068997806  0.9995290996  0.0306851606
21  25  -1.364431292e-16  0.001756549911  0.9999984573  0.001756549008
21  26  -9.934269633e-17  0.002007647409  0.9999979847  0.002007646061
21  27  1.491826591e-16  0.002856926386  0.999995919  0.0028569225
21  28  3.082495133e-17  0.003261580251  0.9999946811  0.003261574468
21  29  1.256416185e-16  0.00311480521  0.999995149  0.003114800173
21  30  -1.221006619e-16  0.002409008509  0.9999970983  0.002409006179
21  31  2.909727437e-17  0.001330040549  0.9999991155  0.001330040157
21  32  1.052398794e-16  0.00357941683  0.9999935939  0.003579409186
21  33  3.949382501e-17  0.08017583621  0.996787639  0.08008996657
21  34  -2.525530332e-16  0.1042303637  0.9945729316  0.1040417403
21  35  4.506432515e-18  0.01938227376  0.9998121696  0.01938106022
21  36  4.506432515e-18  0.01938227376  0.9998121696  0.01938106022

22  0  -1.135795468e-16  0.05957082217  0.9982261832  0.05953559543
22  1  3.158593086e-17  0.01873691975  0.9998244691  0.01873582344
22  2  -2.138634903e-16  0.009591932619  0.9999539978  0.009591785535
22  3  2.315390034e-16  0.003504381257  0.9999938597  0.003504374084
22  4  6.239246003e-17  -0.0005568451976  0.999999845  -0.0005568451688
22  5  -1.149025152e-16  -0.002283905356  0.9999973919  -0.002283903371
22  6  2.06777055e-16  -0.0008303768654  0.9999996552  -0.00083037677
22  7  1.564290189e-17  0.008169020535  0.9999666337  0.008168929678
22  8  2.074681438e-16  0.0275011582  0.999621867  0.02749769175
22  9  -2.185475761e-16  0.03721080643  0.9993077578  0.03720221973
22  10  1.50149948e-17  0.02322401959  0.9997303346  0.02322193198
22  11  -2.057210233e-16  0.01811647934  0.9998359011  0.01811548836
22  12  -9.947324902e-17  0.03937377167  0.9992249532  0.03936359897
22  13  1.162019268e-16  0.04466031455  0.9990028939  0.04464546987
22  14  -5.506380174e-17  0.0184536515  0.9998297362  0.01845260416
22  15  1.012591291e-16  0.001852504111  0.9999982841  0.001852503051
22  16  -1.937767128e-16  -0.001997613992  0.9999980048  -0.001997612664
22  17  3.377842843e-19  -0.001469613903  0.9999989201  -0.001469613374
22  18  -1.300916632e-16  0.001310834848  0.9999991409  0.001310834473
22  19  -1.751970304e-16  0.005935564214  0.9999823846  0.005935529361
22  20  -3.182276276e-18  0.01215174202  0.9999261685  0.01215144296
22  21  -1.976151446e-16  0.02294804088  0.9997367053  0.02294602681
22  22  -1.381131087e-16  0.09515543748  0.9954761364  0.09501190409
22  23  -2.634285614e-16  0.5755779061  0.8388778769  0.5443196742
22  24  -1.0551498e-16  0.03433749553  0.9994105261  0.03433074824
22  25  9.805380406e-17  0.0004220192961  0.9999999109  0.0004220192835
22  26  2.324437483e-17  0.0004919214917  0.999999879  0.0004919214719
22  27  4.87582392e-17  0.002116533095  0.9999977601  0.002116531514
22  28  -1.933597092e-16  0.003331855285  0.9999944494  0.00333184912
22  29  5.918932334e-17  0.003600008996  0.99999352  0.00360000122
22  30  -1.350266962e-16  0.002819760335  0.9999960245  0.002819756598
22  31  1.597853409e-16  0.001218032323  0.9999992582  0.001218032021
22  32  -9.257733974e-17  -0.000295946003  0.9999999562  -0.0002959459987
22  33  4.300369031e-17  0.006003408574  0.9999819796  0.006003372512
22  34  -7.792699881e-17  0.2197597451  0.9759498519  0.2179951526
22  35  1.047604665e-16  0.4325427603  0.9079028098  0.4191807343
22  36  1.047604665e-16  0.4325427603  0.9079028098  0.4191807343

23  0  1.287065075e-16  0.5532177249  0.8508382478  0.5254277077
23  1  -2.156341179e-18  0.2838882908  0.9599736249  0.2800904131
23  2  1.002108569e-16  0.07313050812  0.9973271559  0.07306534102
23  3  -1.044688288e-16  0.003268996801  0.9999946568  0.003268990979
23  4  1.868967814e-17  -0.01397716624  0.999902321  -0.01397671115
23  5  5.443288059e-17  -0.01590325802  0.9998735459  -0.01590258767
23  6  -1.140146847e-16  -0.01338948553  0.9999103622  -0.01338908546
23  7  -3.843934294e-17  -0.009375290725  0.9999560523  -0.009375153384
23  8  2.259347798e-16  -0.003089689357  0.9999952269  -0.003089684441
23  9  -1.670641121e-16  0.01146049841  0.9999343292  0.01146024753
23  10  1.049863742e-16  0.04805897341  0.9988453898  0.04804047553
23  11  -4.038338337e-16  0.1286708089  0.9917333263  0.1283160532
23  12  -1.99020576e-16  0.1292093914  0.9916640737  0.1288501648
23  13  -6.458159152e-17  0.03937377167  0.9992249532  0.03936359897
23  14  -1.418577392e-16  0.002891823509  0.9999958187  0.002891819479
23  15  -1.134220107e-17  -0.006811256234  0.9999768035  -0.006811203568
23  16  2.185762912e-16  -0.01119664579  0.9999373182  -0.01119641184
23  17  3.380219556e-16  -0.01415436463  0.9998998287  -0.01415389201
23  18  3.025627869e-16  -0.01471986615  0.9998916647  -0.01471933458
23  19  5.973983566e-17  -0.007817415008  0.9999694442  -0.007817335386
23  20  -3.434354696e-17  0.02303447404  0.9997347182  0.02303243713
23  21  -1.964793908e-16  0.1449830194  0.9895083593  0.1444756273
23  22  -2.920003685e-17  0.5755779061  0.8388778769  0.5443196742
23  23  2.384970365e-16  0.3365053667  0.9439143216  0.3301904807
23  24  -3.450709841e-17  0.006945655421  0.999975879  0.006945599576
23  25  1.230799635e-16  -0.003538696413  0.9999937388  -0.003538689028
23  26  -9.395275781e-17  -0.003098040747  0.9999952011  -0.003098035791
23  27  3.549664402e-17  -0.0003847928233  0.999999926  -0.0003847928138
23  28  4.435727352e-17  0.002790044571  0.9999961078  0.002790040951
23  29  3.3559931e-16  0.004560346055  0.9999896016  0.004560330248
23  30  -9.553243464e-17  0.003995988287  0.999992016  0.003995977653
23  31  1.641016362e-16  0.001320514874  0.9999991281  0.00132051449
23  32  2.975024721e-16  -0.002033864125  0.9999979317  -0.002033862722
23  33  7.009183777e-17  -0.003978751972  0.9999920848  -0.003978741475
23  34  6.308120877e-17  -0.0002303960378  0.9999999735  -0.0002303960357
23  35  -2.718358988e-17  0.1739328651  0.984911775  0.1730572026
23  36  -2.718358988e-17  0.1739328651  0.984911775  0.1730572026

24  0  2.474780461e-17  0.002383900523  0.9999971585  0.002383898265
24  1  -3.685870566e-16  0.0304123542  0.99953758  0.03040766629
24  2  1.697165165e-16  0.03365885808  0.9994335941  0.03365250298
24  3  -2.341824976e-16  0.008692131791  0.9999622237  0.008692022338
24  4  -1.440903182e-16  -0.007522457353  0.9999717065  -0.007522386408
24  5  1.423992427e-16  -0.01307933827  0.9999144667  -0.01307896536
24  6  2.877979348e-16  -0.01282245315  0.9999177935  -0.01282210179
24  7  -1.826196675e-16  -0.009612694357  0.9999537984  -0.009612546316
24  8  2.270867399e-16  -0.005592465262  0.9999843622  -0.005592436111
24  9  4.424044698e-17  -0.004358343994  0.9999905024  -0.004358330196
24  10  2.921657571e-16  -0.00704590953  0.9999751777  -0.007045851232
24  11  -2.776725697e-17  0.04241285068  0.9991007099  0.0424001361
24  12  -2.058694944e-17  0.1286708089  0.9917333263  0.1283160532
24  13  3.508372739e-17  0.01811647934  0.9998359011  0.01811548836
24  14  -2.245285371e-16  -0.004352328276  0.9999905286  -0.004352314535
24  15  -2.316626412e-16  -0.004336040167  0.9999905994  -0.00433602658
24  16  -9.235558136e-17  -0.007769175875  0.9999698201  -0.007769097717
24  17  1.073796658e-16  -0.01174841401  0.9999309882  -0.01174814375
24  18  7.316908258e-17  -0.01334204863  0.9999109962  -0.0133416528
24  19  2.309430047e-17  -0.009615613267  0.9999537703  -0.009615465091
24  20  7.713346226e-17  0.004559336624  0.9999896062  0.004559320827
24  21  -3.085990338e-16  0.03068997806  0.9995290996  0.0306851606
24  22  -1.164352112e-17  0.03433749553  0.9994105261  0.03433074824
24  23  1.705887338e-16  0.006945655421  0.999975879  0.006945599576
24  24  -2.814968074e-16  -0.006592562463  0.9999782691  -0.006592514709
24  25  -1.052528668e-16  -0.0102639268  0.9999473264  -0.01026374659
24  26  2.922096919e-16  -0.01168592051  0.9999317204  -0.01168565454
24  27  -5.492519555e-18  -0.01019724192  0.9999480086  -0.0101970652
24  28  -1.852031809e-16  -0.003403648387  0.9999942076  -0.003403641816
24  29  -5.36381635e-17  0.003504496506  0.9999938593  0.003504489332
24  30  -5.445393942e-17  0.005155507194  0.9999867104  0.005155484355
24  31  -1.766850105e-16  0.0008948745028  0.9999995996  0.0008948743834
24  32  1.89080927e-16  -0.007161979196  0.9999743531  -0.007161917968
24  33  1.564780394e-16  -0.01216978405  0.9999259491  -0.01216948366
24  34  8.367310307e-17  -0.01165342146  0.9999320997  -0.0116531577
24  35  1.304020583e-16  -0.008560321005  0.9999633607  -0.008560216456
24  36  1.304020583e-16  -0.008560321005  0.9999633607  -0.008560216456

25  0  -1.488294153e-17  -0.01484246037  0.9998898527  -0.01484191541
25  1  1.515290719e-16  -0.006495756731  0.9999789026  -0.00649571105
25  2  6.645909034e-16  -0.001230033134  0.9999992435  -0.001230032824
25  3  -1.83370144e-16  0.0009669075723  0.9999995325  0.0009669074216
25  4  2.285423669e-17  0.001376299802  0.9999990529  0.001376299368
25  5  2.999427781e-16  0.001244090121  0.9999992261  0.0012440898
25  6  2.055518826e-16  0.001346985089  0.9999990928  0.001346984682
25  7  6.118304623e-17  0.002279908479  0.999997401  0.002279906504
25  8  1.771153104e-16  0.004451171414  0.9999900936  0.004451156715
25  9  1.667646842e-16  0.006480965917  0.9999789986  0.006480920548
25  10  -1.960757288e-16  0.0008189282972  0.9999996647  0.0008189282057
25  11  -6.649582477e-17  -0.00704590953  0.9999751777  -0.007045851231
25  12  2.871670816e-16  0.04805897342  0.9988453898  0.04804047553
25  13  2.739231032e-16  0.02322401959  0.9997303346  0.02322193198
25  14  -8.244708836e-17  -0.003694454051  0.9999931755  -0.003694445647
25  15  -2.652630118e-17  0.006099795867  0.9999813963  0.006099758041
25  16  2.622539944e-16  0.006302457954  0.9999801396  0.00630241623
25  17  1.349625826e-17  0.003491134389  0.999993906  0.003491127297
25  18  1.691615075e-16  0.001948610763  0.9999981015  0.00194860953
25  19  7.820042219e-17  0.001591411162  0.9999987337  0.001591410491
25  20  9.158465415e-17  0.001773596954  0.9999984272  0.001773596024
25  21  1.031252918e-16  0.001756549911  0.9999984573  0.001756549007
25  22  2.002812587e-17  0.0004220192961  0.9999999109  0.0004220192836
25  23  -1.806951575e-16  -0.003538696413  0.9999937388  -0.003538689028
25  24  -4.146767617e-17  -0.0102639268  0.9999473264  -0.01026374659
25  25  2.280928822e-16  -0.01915684119  0.9998165133  -0.0191556695
25  26  -6.067517568e-17  -0.03411066513  0.9994182877  -0.03410405068
25  27  3.608570526e-17  -0.0560318539  0.9984306263  -0.0560025392
25  28  6.277333446e-17  -0.04120960602  0.9991510043  -0.0411979431
25  29  8.837852103e-17  -0.01126320337  0.9999365708  -0.01126296523
25  30  -3.296694883e-16  -0.0013819789  0.9999990451  -0.00138197846
25  31  -1.714963103e-16  -0.003899372914  0.9999923975  -0.003899363032
25  32  1.517338607e-16  -0.02081000677  0.9997834796  -0.02080850482
25  33  -6.783387451e-18  -0.05146857277  0.9986757854  -0.05144585229
25  34  1.109779084e-16  -0.0511576788  0.9986917313  -0.05113536752
25  35  2.375795476e-16  -0.02790151901  0.9996107779  -0.02789789895
25  36  2.375795476e-16  -0.02790151901  0.9996107779  -0.02789789895

26  0  -7.521447666e-17  -0.07645617546  0.9970786501  -0.0763817092
26  1  -8.465151965e-17  -0.02244110116  0.9997482091  -0.02243921764
26  2  1.117259799e-16  -0.00696831134  0.9999757214  -0.006968254947
26  3  6.037548989e-18  -0.001067287207  0.9999994304  -0.001067287005
26  4  2.82026252e-16  0.001328265705  0.9999991179  0.001328265314
26  5  2.869374119e-16  0.002372394481  0.9999971859  0.002372392255
26  6  -1.507526657e-17  0.003017822395  0.9999954464  0.003017817814
26  7  -1.074816892e-16  0.003778857779  0.9999928601  0.003778848786
26  8  2.721204725e-16  0.005097258825  0.999987009  0.005097236753
26  9  -1.101431538e-16  0.007204372753  0.9999740486  0.007204310432
26  10  -2.727339009e-16  0.006480965917  0.9999789986  0.006480920547
26  11  1.096020882e-16  -0.004358343994  0.9999905024  -0.004358330196
26  12  7.219998303e-17  0.01146049841  0.9999343292  0.01146024753
26  13  -2.576362524e-16  0.03721080643  0.9993077578  0.03720221973
26  14  -1.190007709e-16  -0.001995672418  0.9999980086  -0.001995671093
26  15  2.472362338e-16  0.001580397802  0.9999987512  0.001580397144
26  16  -1.561705504e-18  0.008335192895  0.9999652625  0.00833509638
26  17  -3.382231278e-16  0.006294562408  0.9999801893  0.006294520841
26  18  -2.091577722e-16  0.004408436266  0.9999902829  0.004408421987
26  19  -2.199099415e-17  0.003404414715  0.999994205  0.003404408139
26  20  -2.219992053e-16  0.002759249406  0.9999961933  0.002759245904
26  21  5.45517771e-17  0.002007647409  0.9999979847  0.002007646061
26  22  -8.134473903e-17  0.0004919214917  0.999999879  0.0004919214719
26  23  -7.941919634e-17  -0.003098040747  0.9999952011  -0.003098035791
26  24  -1.02331892e-16  -0.01168592051  0.9999317204  -0.01168565454
26  25  3.490244581e-16  -0.03411066513  0.9994182877  -0.03410405068
26  26  3.706063747e-16  -0.1162661541  0.9932487011  -0.1160043869
26  27  2.978593163e-16  -0.2783748565  0.9615032866  -0.2747934314
26  28  -9.421049467e-17  -0.1143281979  0.9934716472  -0.1140792978
26  29  1.393101168e-17  -0.02356286072  0.9997224086  -0.0235606804
26  30  -2.099976042e-16  -0.007315735607  0.9999732401  -0.007315670351
26  31  -1.02454746e-16  -0.005578144974  0.9999844422  -0.005578116046
26  32  -7.290480915e-17  -0.01309901682  0.9999142091  -0.01309864222
26  33  -3.853622796e-17  -0.05322143249  0.9985840738  -0.05319631091
26  34  1.277744661e-16  -0.1829930414  0.9833034439  -0.1819734521
26  35  -4.840071614e-17  -0.2296757842  0.9737402577  -0.2276618335
26  36  -4.840071614e-17  -0.2296757842  0.9737402577  -0.2276618335

27  0  -2.765765391e-16  -0.344101812  0.9413788372  -0.3373512782
27  1  6.979557079e-17  -0.1422022615  0.9899062848  -0.141723489
27  2  9.367502469e-17  -0.0277991398  0.9996136288  -0.02779555945
27  3  -1.134003835e-16  -0.003931592589  0.9999922713  -0.003931582461
27  4  1.569762901e-16  0.001307894925  0.9999991447  0.001307894552
27  5  -1.147135553e-16  0.002628127576  0.9999965465  0.002628124551
27  6  -1.639143004e-16  0.00308227481  0.9999952498  0.003082269929
27  7  1.582392394e-16  0.003469653108  0.9999939808  0.003469646147
27  8  1.806805384e-17  0.004096224794  0.9999916105  0.004096213338
27  9  -5.335541786e-17  0.005097258825  0.999987009  0.005097236753
27  10  1.239928836e-16  0.004451171414  0.9999900936  0.004451156715
27  11  6.054573744e-18  -0.005592465263  0.9999843622  -0.005592436112
27  12  -9.620711969e-17  -0.003089689357  0.9999952269  -0.003089684441
27  13  -6.509136927e-17  0.0275011582  0.999621867  0.02749769175
27  14  9.172429904e-17  0.01148297518  0.9999340714  0.01148272283
27  15  1.826026941e-16  -0.007954881457  0.9999683601  -0.00795479756
27  16  -1.722862108e-16  0.0001454647422  0.9999999894  0.0001454647417
27  17  -1.138286165e-16  0.00557409601  0.9999844648  0.005574067145
27  18  1.687285967e-17  0.004616172273  0.9999893455  0.004616155879
27  19  2.842757169e-17  0.003741490538  0.9999930006  0.003741481808
27  20  4.128256456e-16  0.003245597757  0.9999947331  0.003245592058
27  21  3.052475222e-16  0.002856926386  0.999995919  0.0028569225
27  22  2.610215192e-16  0.002116533095  0.9999977601  0.002116531514
27  23  -8.883311219e-17  -0.0003847928233  0.999999926  -0.0003847928138
27  24  -8.615268942e-17  -0.01019724192  0.9999480086  -0.0101970652
27  25  6.079024539e-17  -0.0560318539  0.9984306263  -0.0560025392
27  26  -5.024993338e-17  -0.2783748565  0.9615032866  -0.2747934314
27  27  -5.436397131e-17  -0.3451182096  0.9410354679  -0.338307919
27  28  -1.66414071e-16  -0.068574347  0.9976497007  -0.06852061516
27  29  7.441618726e-17  -0.01503053479  0.9998870436  -0.01502996885
27  30  -7.96312027e-17  -0.005465096766  0.9999850664  -0.005465069562
27  31  1.170589249e-17  -0.003243070192  0.9999947413  -0.003243064507
27  32  -9.345988925e-17  -0.004052055534  0.9999917904  -0.004052044446
27  33  -1.824078628e-16  -0.009642040898  0.9999535159  -0.009641891496
27  34  1.642339208e-16  -0.03881420988  0.9992468231  -0.03880446473
27  35  3.24377409e-16  -0.2104994039  0.9779266871  -0.2089483063
27  36  3.24377409e-16  -0.2104994039  0.9779266871  -0.2089483063

28  0  -2.294862515e-16  -0.04912454045  0.9987936324  -0.04910478477
28  1  -1.159156364e-17  -0.1067949399  0.9943028382  -0.1065920535
28  2  -1.352441648e-16  -0.06897413677  0.9976222271  -0.06891945982
28  3  -1.055108255e-16  -0.01450491032  0.9998948056  -0.0145044017
28  4  1.998587655e-16  0.001532045917  0.9999988264  0.001532045317
28  5  8.873419677e-17  0.003480651862  0.9999939425  0.003480644834
28  6  -1.411477009e-16  0.00339810135  0.9999942265  0.00339809481
28  7  1.36894252e-16  0.003313306244  0.999994511  0.003313300182
28  8  3.768777333e-17  0.003469653108  0.9999939808  0.003469646147
28  9  1.105231855e-16  0.003778857779  0.9999928601  0.003778848786
28  10  9.543041498e-17  0.002279908479  0.999997401  0.002279906504
28  11  5.092934839e-17  -0.009612694357  0.9999537984  -0.009612546316
28  12  7.322064219e-17  -0.009375290725  0.9999560523  -0.009375153383
28  13  -4.207786983e-17  0.008169020535  0.9999666337  0.008168929678
28  14  -2.988557922e-16  0.02053161253  0.9997892338  0.02053017006
28  15  -2.671514864e-16  -0.002523222665  0.9999968167  -0.002523219988
28  16  1.16283273e-17  -0.01269562656  0.9999194116  -0.01269528552
28  17  1.877178026e-16  -0.002658090765  0.9999964673  -0.002658087635
28  18  -9.144444784e-17  0.003674047541  0.9999932507  0.003674039276
28  19  -1.395639759e-16  0.00363185953  0.9999934048  0.003631851546
28  20  2.021740327e-16  0.00332985415  0.999994456  0.003329847996
28  21  4.403237291e-17  0.003261580251  0.9999946811  0.003261574468
28  22  1.260623551e-16  0.003331855285  0.9999944494  0.00333184912
28  23  -1.171224465e-16  0.002790044571  0.9999961078  0.002790040951
28  24  -3.708987148e-17  -0.003403648387  0.9999942076  -0.003403641816
28  25  6.205556973e-18  -0.04120960602  0.9991510043  -0.0411979431
28  26  -1.959125406e-16  -0.1143281979  0.9934716472  -0.1140792978
28  27  -2.16820249e-16  -0.068574347  0.9976497007  -0.06852061516
28  28  7.387652649e-17  -0.02236848266  0.9997498359  -0.02236661736
28  29  2.483350539e-16  -0.01235854301  0.9999236342  -0.01235822842
28  30  -6.62931834e-17  -0.005420703974  0.999985308  -0.005420677427
28  31  -2.184035985e-16  0.01624872422  0.9998679924  0.01624800923
28  32  -2.588485782e-17  0.03654876274  0.9993321683  0.03654062624
28  33  1.699758972e-16  0.01297971656  0.9999157647  0.01297935211
28  34  2.787619788e-16  -0.008345853641  0.9999651736  -0.008345756755
28  35  1.830313417e-16  -0.01794563298  0.9998389814  -0.01794466978
28  36  1.830313417e-16  -0.01794563298  0.9998389814  -0.01794466978

29  0  -2.554837104e-17  -0.07281924214  0.9973498504  -0.07275490347
29  1  -2.605364218e-17  -0.01377731335  0.9999050943  -0.0137768775
29  2  -9.462233385e-17  -0.02190449945  0.999760106  -0.02190274784
29  3  -4.962814631e-17  -0.01891596576  0.9998210985  -0.01891483772
29  4  -1.095201939e-16  -0.0006595840215  0.9999997825  -0.0006595839737
29  5  6.427378799e-17  0.005347611636  0.9999857016  0.005347586148
29  6  -3.654645728e-16  0.004313163341  0.9999906983  0.004313149968
29  7  -1.746682243e-16  0.00339810135  0.9999942265  0.00339809481
29  8  -6.83797806e-17  0.00308227481  0.9999952498  0.003082269929
29  9  2.345418088e-16  0.003017822394  0.9999954464  0.003017817814
29  10  5.991752554e-18  0.001346985089  0.9999990928  0.001346984681
29  11  -4.102795431e-16  -0.01282245315  0.9999177935  -0.01282210179
29  12  1.279214438e-16  -0.01338948554  0.9999103622  -0.01338908546
29  13  2.126958966e-19  -0.0008303768655  0.9999996552  -0.0008303767701
29  14  -1.98319185e-16  0.01395408932  0.9999026433  0.01395363648
29  15  4.603965396e-17  0.006521676136  0.9999787339  0.006521629905
29  16  1.970113198e-16  -0.007027458703  0.9999753075  -0.007027400861
29  17  1.45743749e-16  -0.01702418596  0.999855092  -0.01702336364
29  18  -3.333273505e-17  -0.004063427626  0.9999917443  -0.004063416444
29  19  -2.96528993e-17  0.002697978803  0.9999963605  0.00269797553
29  20  1.355199469e-16  0.003021211858  0.9999954361  0.003021207262
29  21  1.479897376e-16  0.00311480521  0.999995149  0.003114800173
29  22  6.493472944e-17  0.003600008996  0.99999352  0.00360000122
29  23  1.573518225e-16  0.004560346055  0.9999896016  0.004560330248
29  24  3.259091018e-17  0.003504496506  0.9999938593  0.003504489332
29  25  5.930103938e-17  -0.01126320337  0.9999365708  -0.01126296523
29  26  -8.162612693e-17  -0.02356286072  0.9997224086  -0.0235606804
29  27  -2.225558975e-16  -0.01503053479  0.9998870436  -0.01502996885
29  28  1.306371366e-16  -0.01235854301  0.9999236342  -0.01235822842
29  29  2.312858594e-16  -0.132115701  0.9912854076  -0.1317316994
29  30  7.601001325e-17  -0.01206453907  0.9999272243  -0.0120642464
29  31  3.391133671e-17  0.3371531967  0.9437002162  0.3308019073
29  32  5.238861169e-17  1.296907793  0.2704770664  0.9627264183
29  33  1.205820761e-16  0.4873144069  0.8835935849  0.4682546068
29  34  2.156085238e-16  0.06100961492  0.9981394906  0.06097177391
29  35  -1.323502241e-16  -0.06724430239  0.9977399537  -0.06719363634
29  36  -1.323502241e-16  -0.06724430239  0.9977399537  -0.06719363634

30  0  1.37692747e-16  0.008792265418  0.9999613483  0.008792152139
30  1  1.83765705e-16  -0.01362678943  0.9999071567  -0.01362636771
30  2  2.174328645e-16  -0.005463669794  0.9999850742  -0.005463642611
30  3  1.27510091e-16  -0.007263711419  0.9999736194  -0.007263647545
30  4  -4.972561827e-17  -0.005768854097  0.9999833602  -0.005768822099
30  5  6.379780972e-17  0.00350882068  0.9999938441  0.00350881348
30  6  -3.52025582e-17  0.005347611636  0.9999857016  0.005347586148
30  7  6.389404453e-17  0.003480651862  0.9999939425  0.003480644834
30  8  5.644476811e-17  0.002628127576  0.9999965465  0.002628124551
30  9  1.743000992e-17  0.002372394481  0.9999971859  0.002372392255
30  10  2.437531383e-16  0.001244090121  0.9999992261  0.0012440898
30  11  -3.445315657e-17  -0.01307933827  0.9999144667  -0.01307896536
30  12  9.878165317e-17  -0.01590325802  0.9998735459  -0.01590258767
30  13  2.433446033e-16  -0.002283905356  0.9999973919  -0.002283903371
30  14  -2.750231191e-16  0.007288894045  0.9999734361  0.007288829504
30  15  -1.27696731e-16  0.01270518616  0.9999192902  0.01270484435
30  16  -2.299820381e-16  0.00214666704  0.9999976959  0.002146665392
30  17  4.917814136e-17  -0.008078629162  0.9999673681  -0.008078541288
30  18  7.893517163e-17  -0.01929267483  0.9998139021  -0.01929147804
30  19  -9.439191461e-17  -0.003556291195  0.9999936764  -0.003556283699
30  20  -2.922956608e-16  0.002092084772  0.9999978116  0.002092083246
30  21  -3.016816888e-17  0.002409008509  0.9999970983  0.002409006179
30  22  -8.932053917e-17  0.002819760335  0.9999960245  0.002819756598
30  23  -1.653505406e-16  0.003995988287  0.999992016  0.003995977653
30  24  -1.33441516e-16  0.005155507194  0.9999867104  0.005155484355
30  25  3.399769947e-16  -0.0013819789  0.9999990451  -0.00138197846
30  26  -9.204811133e-18  -0.007315735607  0.9999732401  -0.007315670351
30  27  1.227744809e-16  -0.005465096766  0.9999850664  -0.005465069562
30  28  -1.444475646e-16  -0.005420703974  0.999985308  -0.005420677427
30  29  -9.814254155e-17  -0.01206453906  0.9999272243  -0.0120642464
30  30  -2.528789683e-16  0.01995743467  0.999800857  0.01995610985
30  31  -2.094258289e-16  0.01712264444  0.9998534111  0.01712180776
30  32  1.822239867e-16  0.01486244144  0.999889556  0.01486189428
30  33  1.938696246e-16  0.0142404023  0.9998986072  0.01423992101
30  34  1.144901252e-16  0.01586180209  0.9998742043  0.01586113697
30  35  1.68002266e-16  0.01882252014  0.9998228616  0.01882140873
30  36  1.68002266e-16  0.01882252014  0.9998228616  0.01882140873

31  0  8.029589189e-17  0.01925686784  0.9998145923  0.0192556777
31  1  1.114640249e-16  0.08016654372  0.9967883832  0.08008070392
31  2  3.072635043e-16  0.2809172128  0.9608015571  0.2772370246
31  3  1.04669442e-16  -0.000781620909  0.9999996945  -0.0007816208294
31  4  1.51353341e-16  -0.004717135444  0.9999888743  -0.00471711795
31  5  3.003984017e-16  -0.005768854097  0.9999833602  -0.005768822099
31  6  -3.422295643e-17  -0.0006595840216  0.9999997825  -0.0006595839738
31  7  1.318957857e-16  0.001532045917  0.9999988264  0.001532045317
31  8  2.056586909e-16  0.001307894925  0.9999991447  0.001307894552
31  9  5.620405164e-18  0.001328265705  0.9999991179  0.001328265314
31  10  -1.174313753e-16  0.001376299802  0.9999990529  0.001376299368
31  11  1.670199816e-16  -0.007522457354  0.9999717065  -0.007522386408
31  12  -1.181052867e-16  -0.01397716624  0.999902321  -0.01397671115
31  13  8.719748407e-17  -0.0005568451979  0.999999845  -0.0005568451691
31  14  -3.154239924e-16  0.007932569689  0.9999685373  0.007932486495
31  15  -1.471007442e-16  0.01855682342  0.9998278271  0.01855575842
31  16  -1.87728418e-16  0.01407163944  0.9999009961  0.01407117505
31  17  -2.397466741e-16  0.003610330262  0.9999934828  0.003610322418
31  18  1.0792939e-16  -0.005982468581  0.9999821051  -0.005982432896
31  19  -5.108969047e-18  -0.01508624992  0.9998862047  -0.01508567767
31  20  -1.991407904e-16  -0.0009336284474  0.9999995642  -0.0009336283117
31  21  1.570270204e-16  0.001330040549  0.9999991155  0.001330040157
31  22  1.328922879e-16  0.001218032323  0.9999992582  0.001218032021
31  23  -3.110938608e-17  0.001320514874  0.9999991281  0.00132051449
31  24  3.395897659e-17  0.0008948745028  0.9999995996  0.0008948743834
31  25  -5.51293323e-17  -0.003899372914  0.9999923975  -0.003899363033
31  26  -1.794677023e-16  -0.005578144974  0.9999844422  -0.005578116046
31  27  2.94456139e-17  -0.003243070192  0.9999947413  -0.003243064507
31  28  5.489921846e-17  0.01624872422  0.9998679924  0.01624800923
31  29  8.546741302e-17  0.3371531967  0.9437002162  0.3308019073
31  30  3.061140389e-17  0.01712264444  0.9998534111  0.01712180776
31  31  1.693891214e-18  0.02082613006  0.999783144  0.02082462462
31  32  1.061815703e-16  0.02192184871  0.9997597259  0.02192009293
31  33  2.534275786e-16  0.02103302393  0.9997788141  0.02103147317
31  34  3.662465784e-16  0.02138663969  0.9997713145  0.0213850094
31  35  9.634329494e-17  0.0219487681  0.9997591355  0.02194700585
31  36  9.634329494e-17  0.0219487681  0.9997591355  0.02194700585

32  0  -1.471270941e-16  0.02660716099  0.9996460504  0.02660402172
32  1  -6.128172596e-17  0.0179691061  0.99983856  0.01796813911
32  2  1.189499292e-16  0.2293283932  0.9738192867  0.2273235512
32  3  1.737645717e-16  1.110810638  0.4439352838  0.8960588507
32  4  -2.990353225e-17  -0.0007816209091  0.9999996945  -0.0007816208295
32  5  2.347266495e-16  -0.00726371142  0.9999736194  -0.007263647546
32  6  4.882228521e-17  -0.01891596576  0.9998210985  -0.01891483772
32  7  -1.648783635e-16  -0.01450491032  0.9998948056  -0.0145044017
32  8  1.251752341e-16  -0.003931592589  0.9999922713  -0.003931582461
32  9  -1.111740803e-16  -0.001067287207  0.9999994304  -0.001067287005
32  10  1.780137114e-16  0.0009669075722  0.9999995325  0.0009669074215
32  11  9.199393899e-18  0.008692131791  0.9999622237  0.008692022338
32  12  4.007278447e-17  0.003268996802  0.9999946568  0.00326899098
32  13  3.070820527e-18  0.003504381257  0.9999938597  0.003504374084
32  14  -2.058571933e-16  0.01132270064  0.9999358989  0.01132245871
32  15  8.938687431e-17  0.02482044707  0.9996919885  0.02481789869
32  16  4.182162157e-17  0.02986430202  0.9995540949  0.029859863
32  17  7.588885273e-17  0.01797112465  0.9998385237  0.01797015733
32  18  2.865695974e-16  0.007145325327  0.9999744723  0.007145264526
32  19  3.523585422e-17  0.002370829063  0.9999971896  0.002370826842
32  20  1.017736338e-16  0.008081955865  0.9999673412  0.008081867882
32  21  -2.603942079e-17  0.00357941683  0.9999935939  0.003579409187
32  22  2.341646564e-16  -0.000295946003  0.9999999562  -0.0002959459987
32  23  -6.380038286e-17  -0.002033864125  0.9999979317  -0.002033862722
32  24  5.532611005e-17  -0.007161979196  0.9999743531  -0.007161917969
32  25  -3.238436536e-16  -0.02081000677  0.9997834796  -0.02080850482
32  26  -1.705871781e-16  -0.01309901682  0.9999142091  -0.01309864223
32  27  -5.798057501e-17  -0.004052055534  0.9999917904  -0.004052044446
32  28  -2.330379789e-16  0.03654876274  0.9993321683  0.03654062624
32  29  -3.028401888e-16  1.296907793  0.2704770664  0.9627264183
32  30  2.074661867e-17  0.01486244144  0.999889556  0.01486189428
32  31  2.33680624e-16  0.02192184871  0.9997597259  0.02192009293
32  32  -4.930530064e-17  0.03014291584  0.9995457367  0.03013835143
32  33  -1.417207822e-16  0.03339149069  0.999442556  0.03338528583
32  34  -2.655904254e-17  0.03355975614  0.9994369242  0.03355345701
32  35  3.351926615e-16  0.03243906655  0.9994738996  0.03243337761
32  36  3.351926615e-16  0.03243906655  0.9994738996  0.03243337761

33  0  1.556393198e-16  0.03936742277  0.9992252031  0.03935725499
33  1  -9.803649646e-17  0.02702437612  0.9996348638  0.02702108685
33  2  -1.484254222e-16  0.0169934512  0.9998556148  0.01699263332
33  3  -3.104754159e-17  0.2293283932  0.9738192866  0.2273235512
33  4  -7.106763979e-18  0.2809172128  0.9608015571  0.2772370246
33  5  -1.486572707e-16  -0.005463669794  0.9999850742  -0.005463642611
33  6  -1.725867961e-16  -0.02190449945  0.999760106  -0.02190274784
33  7  -9.620093911e-17  -0.06897413677  0.9976222271  -0.06891945982
33  8  3.143928336e-17  -0.0277991398  0.9996136288  -0.02779555945
33  9  -2.262543946e-16  -0.00696831134  0.9999757214  -0.006968254947
33  10  -2.476687339e-16  -0.001230033134  0.9999992435  -0.001230032824
33  11  -1.355205116e-17  0.03365885808  0.9994335941  0.03365250298
33  12  1.041553845e-16  0.07313050812  0.9973271559  0.07306534102
33  13  -7.261705075e-17  0.009591932619  0.9999539978  0.009591785535
33  14  5.385923259e-17  0.0145694239  0.9998938678  0.01456890847
33  15  2.009658425e-16  0.02867406545  0.9995889272  0.02867013629
33  16  -1.963199327e-16  0.03860256732  0.9992550134  0.03859298072
33  17  -2.082884116e-18  0.03498420232  0.9993881152  0.03497706659
33  18  1.057255807e-16  0.02126406184  0.9997739284  0.02126245941
33  19  -1.942273453e-16  0.011182029  0.9999374818  0.01118179597
33  20  2.823308929e-16  0.0257926747  0.9996673874  0.02578981498
33  21  -2.739074485e-18  0.08017583621  0.996787639  0.08008996657
33  22  -7.908101828e-17  0.006003408573  0.9999819796  0.006003372511
33  23  8.9305794e-18  -0.003978751972  0.9999920848  -0.003978741475
33  24  2.161509249e-16  -0.01216978405  0.9999259491  -0.01216948366
33  25  -2.905018911e-16  -0.05146857277  0.9986757854  -0.05144585229
33  26  5.115695799e-17  -0.05322143249  0.9985840738  -0.05319631091
33  27  -1.944175521e-16  -0.009642040897  0.9999535159  -0.009641891496
33  28  -2.940286071e-16  0.01297971656  0.9999157647  0.01297935211
33  29  -4.914025575e-19  0.4873144069  0.8835935849  0.4682546068
33  30  6.597904663e-17  0.0142404023  0.9998986072  0.01423992101
33  31  3.495761132e-16  0.02103302393  0.9997788141  0.02103147317
33  32  1.090166263e-16  0.03339149069  0.999442556  0.03338528583
33  33  -8.42405828e-17  0.04399962829  0.9990321725  0.04398543269
33  34  1.031691625e-16  0.04809629805  0.998843596  0.04807775704
33  35  -7.03039225e-17  0.04668820726  0.9989103036  0.04667124737
33  36  -7.03039225e-17  0.04668820726  0.9989103036  0.04667124737

34  0  4.240309077e-16  0.05878956648  0.9982723911  0.05875570746
34  1  -1.088500805e-16  0.04094377901  0.9991619206  0.04093234032
34  2  -2.691331595e-16  0.02702437612  0.9996348638  0.02702108685
34  3  -3.482527498e-16  0.0179691061  0.99983856  0.01796813911
34  4  8.684367564e-17  0.08016654372  0.9967883832  0.08008070392
34  5  4.235311268e-16  -0.01362678944  0.9999071567  -0.01362636772
34  6  1.5419202e-16  -0.01377731335  0.9999050943  -0.0137768775
34  7  1.265632778e-16  -0.1067949399  0.9943028382  -0.1065920535
34  8  4.762765299e-17  -0.1422022615  0.9899062848  -0.141723489
34  9  -1.874850238e-16  -0.02244110116  0.9997482091  -0.02243921764
34  10  -2.210655075e-16  -0.006495756731  0.9999789026  -0.00649571105
34  11  -3.473484776e-17  0.0304123542  0.99953758  0.03040766629
34  12  7.646470292e-17  0.2838882908  0.9599736249  0.2800904131
34  13  -1.356065831e-16  0.01873691975  0.9998244691  0.01873582344
34  14  2.081099714e-16  0.01613597216  0.999869818  0.01613527195
34  15  6.45741946e-17  0.02947381058  0.9995656787  0.02946954342
34  16  6.655929943e-17  0.04102130961  0.9991587441  0.04100980583
34  17  -2.888832014e-16  0.04214843429  0.9991118862  0.04213595601
34  18  -7.032935366e-17  0.03647997552  0.9993346795  0.03647188487
34  19  -2.106440459e-16  0.02215384056  0.9997546137  0.02215202845
34  20  -4.364211905e-17  0.01466425373  0.9998924818  0.01466372817
34  21  -4.666424831e-17  0.1042303637  0.9945729316  0.1040417403
34  22  -2.761882346e-16  0.2197597451  0.9759498519  0.2179951526
34  23  4.17594316e-17  -0.0002303960377  0.9999999735  -0.0002303960356
34  24  -3.7404274e-18  -0.01165342146  0.9999320997  -0.0116531577
34  25  6.343479098e-17  -0.0511576788  0.9986917313  -0.05113536752
34  26  3.985958551e-17  -0.1829930414  0.9833034439  -0.1819734521
34  27  -4.602495912e-17  -0.03881420988  0.9992468231  -0.03880446473
34  28  -9.025848605e-17  -0.008345853641  0.9999651736  -0.008345756755
34  29  -5.532793988e-17  0.06100961493  0.9981394906  0.06097177392
34  30  -4.860950761e-17  0.01586180209  0.9998742043  0.01586113697
34  31  5.069392153e-17  0.02138663969  0.9997713145  0.0213850094
34  32  3.549781644e-18  0.03355975614  0.9994369242  0.03355345701
34  33  -2.026334581e-16  0.04809629805  0.998843596  0.04807775704
34  34  -6.255133746e-17  0.06820234673  0.9976751214  0.06814948447
34  35  1.096985331e-16  0.08754084813  0.9961707463  0.08742908087
34  36  1.096985331e-16  0.08754084813  0.9961707463  0.08742908087

35  0  1.675821806e-16  0.3920324293  0.924134444  0.3820674409
35  1  3.881856389e-17  0.05878956648  0.9982723911  0.05875570746
35  2  8.626093397e-17  0.03936742277  0.9992252031  0.03935725499
35  3  -1.936100069e-16  0.02660716099  0.9996460504  0.02660402172
35  4  3.281579213e-16  0.01925686784  0.9998145923  0.0192556777
35  5  -1.247651708e-16  0.008792265426  0.9999613483  0.008792152147
35  6  -2.953961102e-17  -0.07281924214  0.9973498504  -0.07275490347
35  7  -9.484656571e-17  -0.04912454045  0.9987936324  -0.04910478477
35  8  -7.830222258e-17  -0.344101812  0.9413788372  -0.3373512782
35  9  -5.539963535e-17  -0.07645617546  0.9970786501  -0.0763817092
35  10  2.973018658e-16  -0.01484246037  0.9998898527  -0.01484191541
35  11  -1.838089043e-16  0.002383900523  0.9999971585  0.002383898265
35  12  -3.679508078e-17  0.5532177249  0.8508382478  0.5254277077
35  13  -2.579365764e-16  0.05957082217  0.9982261832  0.05953559543
35  14  -1.178699287e-16  0.0159517898  0.9998727729  0.0159511133
35  15  -1.840784308e-16  0.0263157976  0.9996537594  0.02631276033
35  16  6.173752846e-18  0.0403492164  0.9991860808  0.04033826881
35  17  -2.286203263e-16  0.04309468929  0.9990715676  0.04308135163
35  18  1.269128355e-17  0.04289887581  0.9990799843  0.04288571912
35  19  -2.080620393e-16  0.0340943567  0.9994188437  0.03408775173
35  20  -3.895695499e-16  0.01983286843  0.9998033351  0.01983156827
35  21  -1.212789734e-16  0.01938227376  0.9998121696  0.01938106022
35  22  2.029714813e-16  0.4325427603  0.9079028098  0.4191807343
35  23  5.721997702e-18  0.1739328651  0.984911775  0.1730572026
35  24  8.604988389e-17  -0.008560321004  0.9999633607  -0.008560216456
35  25  1.609597101e-16  -0.02790151901  0.9996107779  -0.02789789895
35  26  4.108952937e-16  -0.2296757842  0.9737402577  -0.2276618335
35  27  -9.061820977e-17  -0.2104994039  0.9779266871  -0.2089483063
35  28  -1.484808195e-16  -0.01794563298  0.9998389814  -0.01794466978
35  29  -4.149355687e-17  -0.06724430239  0.9977399537  -0.06719363634
35  30  -1.853685491e-16  0.01882252014  0.9998228616  0.01882140873
35  31  -3.547517813e-16  0.0219487681  0.9997591355  0.02194700585
35  32  -8.24365523e-17  0.03243906655  0.9994738996  0.03243337761
35  33  -6.946266007e-17  0.04668820726  0.9989103036  0.04667124737
35  34  -1.755945988e-16  0.08754084813  0.9961707463  0.08742908087
35  35  3.563155596e-17  0.6771855091  0.7793393689  0.6266020651
35  36  3.563155596e-17  0.6771855091  0.7793393689  0.6266020651

36  0  1.675821806e-16  0.3920324293  0.7793393689  0.6266020651
36  1  -1.088500805e-16  0.04094377901  0.7793393689  0.6266020651
36  2  -1.484254222e-16  0.0169934512  0.7793393689  0.6266020651
36  3  1.737645717e-16  1.110810638  0.7793393689  0.6266020651
36  4  1.51353341e-16  -0.004717135444  0.7793393689  0.6266020651
36  5  6.379780972e-17  0.00350882068  0.7793393689  0.6266020651
36  6  -3.654645728e-16  0.004313163341  0.7793393689  0.6266020651
36  7  1.36894252e-16  0.003313306244  0.7793393689  0.6266020651
36  8  1.806805384e-17  0.004096224794  0.7793393689  0.6266020651
36  9  -1.101431538e-16  0.007204372753  0.7793393689  0.6266020651
36  10  -1.960757288e-16  0.0008189282972  0.7793393689  0.6266020651
36  11  -2.776725697e-17  0.04241285068  0.7793393689  0.6266020651
36  12  -1.99020576e-16  0.1292093914  0.7793393689  0.6266020651
36  13  1.162019268e-16  0.04466031455  0.7793393689  0.6266020651
36  14  -4.114450014e-17  0.02164750929  0.7793393689  0.6266020651
36  15  -5.831975475e-17  0.01718467403  0.7793393689  0.6266020651
36  16  1.538320641e-16  0.03568455075  0.7793393689  0.6266020651
36  17  7.828759941e-17  0.04252965127  0.7793393689  0.6266020651
36  18  -3.098810501e-16  0.04252965127  0.7793393689  0.6266020651
36  19  1.060352891e-16  0.03568455075  0.7793393689  0.6266020651
36  20  -3.446172617e-17  0.01718467403  0.7793393689  0.6266020651
36  21  -3.859119402e-17  0.02164750929  0.7793393689  0.6266020651
36  22  1.657734998e-16  0.04466031455  0.7793393689  0.6266020651
36  23  3.627986375e-17  0.1292093914  0.7793393689  0.6266020651
36  24  2.001328883e-16  0.04241285068  0.7793393689  0.6266020651
36  25  9.535896815e-17  0.0008189282976  0.7793393689  0.6266020651
36  26  -1.396152242e-16  0.007204372753  0.7793393689  0.6266020651
36  27  -1.446408878e-16  0.004096224794  0.7793393689  0.6266020651
36  28  2.162147285e-16  0.003313306244  0.7793393689  0.6266020651
36  29  -6.441081963e-17  0.004313163341  0.7793393689  0.6266020651
36  30  -1.438912598e-16  0.003508820681  0.7793393689  0.6266020651
36  31  5.999349956e-17  -0.004717135444  0.7793393689  0.6266020651
36  32  -1.087040549e-16  1.110810638  0.7793393689  0.6266020651
36  33  -1.464469425e-16  0.0169934512  0.7793393689  0.6266020651
36  34  8.727641491e-17  0.04094377901  0.7793393689  0.6266020651
36  35  -1.982226855e-16  0.3920324293  0.7793393689  0.6266020651
36  36  -1.982226855e-16  0.3920324293  0.7793393689  0.6266020651

#Chern no*2pi*Iota= -2.650345038e-16  25.13274123
