#nx  ny  tilde_F(nx,ny).real()  tilde_F(nx,ny).imag()  ArgofLog.real()  ArgofLog.imag()
#Extra momentum point for pm3d corners2color c1
0  0  2.413255938e-17  -0.6771855091  0.7793393689  -0.6266020652
0  1  2.542353943e-16  -0.08754084813  0.9961707463  -0.08742908087
0  2  2.73054023e-16  -0.04668820726  0.9989103036  -0.04667124737
0  3  8.497521603e-17  -0.03243906655  0.9994738996  -0.03243337761
0  4  -1.191350559e-16  -0.0219487681  0.9997591355  -0.02194700585
0  5  -1.695720985e-16  -0.01882252014  0.9998228616  -0.01882140873
0  6  -6.626743498e-17  0.06724430238  0.9977399537  0.06719363633
0  7  2.779593382e-16  0.01794563298  0.9998389814  0.01794466978
0  8  1.170838498e-16  0.2104994039  0.9779266871  0.2089483063
0  9  4.092632873e-16  0.2296757842  0.9737402577  0.2276618335
0  10  5.228036188e-17  0.02790151901  0.9996107779  0.02789789895
0  11  5.557027951e-17  0.008560321005  0.9999633607  0.008560216456
0  12  3.224064491e-16  -0.1739328651  0.984911775  -0.1730572026
0  13  5.531106894e-17  -0.4325427603  0.9079028098  -0.4191807343
0  14  -2.788562669e-17  -0.01938227376  0.9998121696  -0.01938106022
0  15  6.281292639e-17  -0.01983286843  0.9998033351  -0.01983156827
0  16  -1.955314503e-16  -0.0340943567  0.9994188437  -0.03408775173
0  17  1.41137652e-16  -0.04289887581  0.9990799843  -0.04288571912
0  18  -5.166246848e-17  -0.04309468929  0.9990715676  -0.04308135163
0  19  -7.564601931e-17  -0.0403492164  0.9991860808  -0.04033826881
0  20  -6.352288424e-17  -0.0263157976  0.9996537594  -0.02631276033
0  21  -1.116925399e-16  -0.0159517898  0.9998727729  -0.0159511133
0  22  2.227678874e-17  -0.05957082217  0.9982261832  -0.05953559543
0  23  5.053042421e-17  -0.5532177249  0.8508382479  -0.5254277077
0  24  1.160142534e-16  -0.002383900523  0.9999971585  -0.002383898265
0  25  2.641307126e-16  0.01484246037  0.9998898527  0.01484191541
0  26  -1.798338274e-16  0.07645617546  0.9970786501  0.0763817092
0  27  -2.849828579e-16  0.344101812  0.9413788372  0.3373512782
0  28  -1.589526386e-16  0.04912454045  0.9987936324  0.04910478477
0  29  1.940394624e-16  0.07281924214  0.9973498504  0.07275490347
0  30  3.695086457e-16  -0.008792265427  0.9999613483  -0.008792152148
0  31  6.879383386e-17  -0.01925686784  0.9998145923  -0.0192556777
0  32  6.184284496e-17  -0.02660716099  0.9996460504  -0.02660402172
0  33  1.778077007e-16  -0.03936742277  0.9992252031  -0.03935725499
0  34  6.01854209e-17  -0.05878956648  0.9982723911  -0.05875570746
0  35  -1.345073944e-16  -0.3920324293  0.924134444  -0.3820674409
0  36  -1.345073944e-16  -0.3920324293  0.924134444  -0.3820674409

1  0  3.383146276e-16  -0.08754084813  0.9961707463  -0.08742908087
1  1  3.225189926e-16  -0.06820234673  0.9976751214  -0.06814948447
1  2  3.271606117e-16  -0.04809629805  0.998843596  -0.04807775704
1  3  4.219185275e-16  -0.03355975614  0.9994369242  -0.03355345701
1  4  2.95106665e-16  -0.02138663969  0.9997713145  -0.0213850094
1  5  1.094260907e-16  -0.01586180209  0.9998742043  -0.01586113697
1  6  -1.470022129e-17  -0.06100961493  0.9981394906  -0.06097177391
1  7  4.57971096e-18  0.008345853641  0.9999651736  0.008345756756
1  8  3.841977061e-16  0.03881420987  0.9992468231  0.03880446473
1  9  1.609775123e-16  0.1829930414  0.9833034439  0.1819734521
1  10  8.624238963e-17  0.0511576788  0.9986917313  0.05113536752
1  11  2.249013294e-16  0.01165342146  0.9999320997  0.0116531577
1  12  1.888268973e-16  0.0002303960374  0.9999999735  0.0002303960353
1  13  1.330363053e-16  -0.2197597451  0.9759498519  -0.2179951526
1  14  2.622765476e-16  -0.1042303637  0.9945729316  -0.1040417403
1  15  -4.521501837e-17  -0.01466425373  0.9998924818  -0.01466372817
1  16  1.411128134e-16  -0.02215384056  0.9997546137  -0.02215202845
1  17  1.531306795e-16  -0.03647997552  0.9993346795  -0.03647188487
1  18  -1.482863928e-17  -0.04214843429  0.9991118862  -0.04213595601
1  19  1.141715788e-18  -0.04102130961  0.9991587441  -0.04100980583
1  20  2.17601335e-17  -0.02947381058  0.9995656787  -0.02946954342
1  21  -2.8574689e-16  -0.01613597216  0.999869818  -0.01613527195
1  22  -6.381617683e-17  -0.01873691975  0.9998244691  -0.01873582344
1  23  -1.182074652e-16  -0.2838882908  0.9599736249  -0.2800904131
1  24  6.774697907e-17  -0.0304123542  0.99953758  -0.03040766629
1  25  8.191734978e-18  0.006495756731  0.9999789026  0.00649571105
1  26  9.134682446e-17  0.02244110116  0.9997482091  0.02243921764
1  27  1.834289638e-16  0.1422022615  0.9899062848  0.141723489
1  28  1.339863845e-16  0.1067949399  0.9943028382  0.1065920535
1  29  1.160911725e-16  0.01377731335  0.9999050943  0.0137768775
1  30  2.956244892e-17  0.01362678945  0.9999071567  0.01362636773
1  31  -5.85087542e-17  -0.08016654372  0.9967883832  -0.08008070393
1  32  9.079110922e-17  -0.0179691061  0.99983856  -0.01796813911
1  33  -6.591312855e-17  -0.02702437612  0.9996348638  -0.02702108685
1  34  2.922328535e-16  -0.04094377901  0.9991619206  -0.04093234032
1  35  -9.331891211e-18  -0.05878956648  0.9982723911  -0.05875570746
1  36  -9.331891211e-18  -0.05878956648  0.9982723911  -0.05875570746

2  0  1.25030264e-17  -0.04668820726  0.9989103036  -0.04667124737
2  1  1.249815904e-16  -0.04809629805  0.998843596  -0.04807775704
2  2  1.105049891e-16  -0.04399962829  0.9990321725  -0.04398543269
2  3  -1.05843369e-16  -0.03339149069  0.999442556  -0.03338528583
2  4  -9.412300009e-17  -0.02103302393  0.9997788141  -0.02103147317
2  5  -2.503637473e-16  -0.0142404023  0.9998986072  -0.01423992101
2  6  2.147290555e-16  -0.4873144069  0.8835935849  -0.4682546068
2  7  -8.776602192e-17  -0.01297971656  0.9999157647  -0.01297935211
2  8  1.416844255e-16  0.009642040897  0.9999535159  0.009641891496
2  9  1.324702751e-16  0.05322143249  0.9985840738  0.05319631091
2  10  1.464591404e-16  0.05146857277  0.9986757854  0.05144585229
2  11  2.73571999e-16  0.01216978405  0.9999259491  0.01216948366
2  12  5.683747413e-17  0.003978751972  0.9999920848  0.003978741475
2  13  8.554859893e-17  -0.006003408572  0.9999819796  -0.006003372511
2  14  2.464625976e-16  -0.08017583621  0.996787639  -0.08008996657
2  15  3.407011681e-17  -0.0257926747  0.9996673874  -0.02578981498
2  16  -4.616011186e-17  -0.011182029  0.9999374818  -0.01118179597
2  17  1.411895247e-16  -0.02126406184  0.9997739284  -0.02126245941
2  18  -1.289524073e-16  -0.03498420232  0.9993881152  -0.03497706659
2  19  3.515958262e-16  -0.03860256732  0.9992550134  -0.03859298072
2  20  3.171334007e-16  -0.02867406545  0.9995889272  -0.02867013629
2  21  -3.29427837e-16  -0.0145694239  0.9998938678  -0.01456890847
2  22  -2.5111207e-16  -0.009591932619  0.9999539978  -0.009591785535
2  23  -3.15875685e-16  -0.07313050811  0.9973271559  -0.07306534101
2  24  -2.957978606e-17  -0.03365885807  0.9994335941  -0.03365250297
2  25  -7.003244923e-17  0.001230033134  0.9999992435  0.001230032824
2  26  -8.155763234e-17  0.00696831134  0.9999757214  0.006968254947
2  27  -1.192012403e-16  0.0277991398  0.9996136288  0.02779555945
2  28  -3.697993247e-16  0.06897413677  0.9976222271  0.06891945982
2  29  7.233249932e-17  0.02190449945  0.999760106  0.02190274784
2  30  5.837310519e-17  0.005463669794  0.9999850742  0.005463642611
2  31  -2.85047782e-16  -0.2809172128  0.9608015571  -0.2772370246
2  32  1.13080318e-16  -0.2293283932  0.9738192867  -0.2273235512
2  33  -1.44245682e-16  -0.0169934512  0.9998556148  -0.01699263332
2  34  -9.172309115e-17  -0.02702437612  0.9996348638  -0.02702108685
2  35  -2.474974384e-16  -0.03936742277  0.9992252031  -0.03935725499
2  36  -2.474974384e-16  -0.03936742277  0.9992252031  -0.03935725499

3  0  -1.079610119e-16  -0.03243906655  0.9994738996  -0.03243337761
3  1  3.944537793e-17  -0.03355975614  0.9994369242  -0.03355345701
3  2  2.105019832e-16  -0.03339149069  0.999442556  -0.03338528583
3  3  1.052627148e-16  -0.03014291584  0.9995457367  -0.03013835143
3  4  -8.459158224e-17  -0.02192184871  0.9997597259  -0.02192009293
3  5  8.06414158e-18  -0.01486244144  0.999889556  -0.01486189428
3  6  -1.039796315e-16  -1.296907793  0.2704770664  -0.9627264183
3  7  -4.619532358e-16  -0.03654876274  0.9993321683  -0.03654062623
3  8  -9.056901926e-17  0.004052055534  0.9999917904  0.004052044446
3  9  -1.584760996e-16  0.01309901682  0.9999142091  0.01309864223
3  10  2.213676011e-16  0.02081000678  0.9997834796  0.02080850482
3  11  -2.250078353e-16  0.007161979196  0.9999743531  0.007161917969
3  12  1.874866479e-17  0.002033864125  0.9999979317  0.002033862722
3  13  3.445955351e-16  0.000295946003  0.9999999562  0.0002959459987
3  14  3.977772022e-17  -0.00357941683  0.9999935939  -0.003579409187
3  15  -5.446916276e-17  -0.008081955865  0.9999673412  -0.008081867883
3  16  -3.620596008e-17  -0.002370829063  0.9999971896  -0.002370826842
3  17  1.751191169e-16  -0.007145325327  0.9999744723  -0.007145264526
3  18  -1.998737262e-16  -0.01797112465  0.9998385237  -0.01797015733
3  19  -1.983356801e-16  -0.02986430202  0.9995540949  -0.029859863
3  20  -2.755164074e-16  -0.02482044707  0.9996919885  -0.02481789869
3  21  -1.494590835e-16  -0.01132270064  0.9999358989  -0.01132245871
3  22  -3.703425088e-16  -0.003504381257  0.9999938597  -0.003504374084
3  23  -2.40075061e-16  -0.003268996803  0.9999946568  -0.003268990981
3  24  -1.099297425e-16  -0.008692131792  0.9999622237  -0.00869202234
3  25  -7.711818303e-17  -0.0009669075723  0.9999995325  -0.0009669074216
3  26  -1.976812989e-16  0.001067287207  0.9999994304  0.001067287005
3  27  -2.609844215e-16  0.003931592589  0.9999922713  0.003931582461
3  28  2.212760585e-17  0.01450491032  0.9998948056  0.0145044017
3  29  -1.017356803e-16  0.01891596576  0.9998210985  0.01891483772
3  30  1.529391779e-17  0.007263711419  0.9999736194  0.007263647546
3  31  -4.174897082e-16  0.0007816209092  0.9999996945  0.0007816208296
3  32  7.213362379e-17  -1.110810638  0.4439352838  -0.8960588507
3  33  9.002971474e-17  -0.2293283932  0.9738192867  -0.2273235512
3  34  3.989101573e-17  -0.0179691061  0.99983856  -0.01796813911
3  35  -1.683469001e-17  -0.02660716099  0.9996460504  -0.02660402172
3  36  -1.683469001e-17  -0.02660716099  0.9996460504  -0.02660402172

4  0  4.598144244e-17  -0.0219487681  0.9997591355  -0.02194700585
4  1  -4.592406385e-17  -0.02138663969  0.9997713145  -0.0213850094
4  2  4.682225347e-17  -0.02103302393  0.9997788141  -0.02103147317
4  3  2.145176605e-16  -0.02192184871  0.9997597259  -0.02192009293
4  4  4.999483162e-17  -0.02082613006  0.999783144  -0.02082462462
4  5  2.822323174e-16  -0.01712264444  0.9998534111  -0.01712180776
4  6  -4.784818632e-17  -0.3371531967  0.9437002162  -0.3308019073
4  7  -1.146118462e-16  -0.01624872422  0.9998679924  -0.01624800923
4  8  -3.827032542e-17  0.003243070192  0.9999947413  0.003243064507
4  9  -3.73396224e-17  0.005578144974  0.9999844422  0.005578116046
4  10  -2.852488446e-17  0.003899372914  0.9999923975  0.003899363032
4  11  -3.560806029e-16  -0.000894874503  0.9999995996  -0.0008948743836
4  12  -1.368904073e-16  -0.001320514874  0.9999991281  -0.00132051449
4  13  -1.124406487e-17  -0.001218032323  0.9999992582  -0.001218032021
4  14  -1.007705633e-16  -0.001330040549  0.9999991155  -0.001330040157
4  15  -2.250513738e-16  0.0009336284472  0.9999995642  0.0009336283116
4  16  -1.751018634e-17  0.01508624992  0.9998862047  0.01508567767
4  17  1.482328183e-16  0.005982468581  0.9999821051  0.005982432896
4  18  -2.272846173e-17  -0.003610330262  0.9999934828  -0.003610322418
4  19  1.704558178e-16  -0.01407163943  0.9999009961  -0.01407117505
4  20  -1.470106535e-16  -0.01855682342  0.9998278271  -0.01855575841
4  21  4.468819463e-17  -0.007932569689  0.9999685373  -0.007932486495
4  22  4.996118049e-17  0.0005568451978  0.999999845  0.000556845169
4  23  9.528082406e-17  0.01397716624  0.999902321  0.01397671115
4  24  -2.027482803e-17  0.007522457354  0.9999717065  0.007522386408
4  25  -4.890665703e-17  -0.001376299802  0.9999990529  -0.001376299368
4  26  -4.701137893e-18  -0.001328265705  0.9999991179  -0.001328265314
4  27  -4.557939467e-16  -0.001307894925  0.9999991447  -0.001307894552
4  28  4.216151657e-16  -0.001532045917  0.9999988264  -0.001532045318
4  29  7.537003663e-17  0.0006595840214  0.9999997825  0.0006595839736
4  30  -2.438726904e-16  0.005768854097  0.9999833602  0.005768822099
4  31  -1.771720814e-16  0.004717135444  0.9999888743  0.00471711795
4  32  1.118596105e-16  0.0007816209091  0.9999996945  0.0007816208296
4  33  -4.756124692e-17  -0.2809172128  0.9608015571  -0.2772370246
4  34  5.011745446e-17  -0.08016654372  0.9967883832  -0.08008070392
4  35  2.447428518e-16  -0.01925686784  0.9998145923  -0.0192556777
4  36  2.447428518e-16  -0.01925686784  0.9998145923  -0.0192556777

5  0  -5.606558615e-16  -0.01882252014  0.9998228616  -0.01882140873
5  1  -3.511341534e-16  -0.01586180209  0.9998742043  -0.01586113697
5  2  -3.114242829e-16  -0.0142404023  0.9998986072  -0.01423992101
5  3  -8.467811576e-17  -0.01486244144  0.999889556  -0.01486189428
5  4  -2.393835476e-16  -0.01712264444  0.9998534111  -0.01712180776
5  5  1.665285577e-16  -0.01995743467  0.999800857  -0.01995610985
5  6  1.974457302e-16  0.01206453906  0.9999272243  0.01206424639
5  7  1.205017097e-17  0.005420703974  0.999985308  0.005420677427
5  8  -1.555092664e-16  0.005465096766  0.9999850664  0.005465069562
5  9  -1.183090938e-16  0.007315735607  0.9999732401  0.007315670351
5  10  -1.262363329e-16  0.0013819789  0.9999990451  0.00138197846
5  11  -4.394374199e-17  -0.005155507193  0.9999867104  -0.005155484355
5  12  -3.347807492e-17  -0.003995988287  0.999992016  -0.003995977653
5  13  1.54793365e-17  -0.002819760335  0.9999960245  -0.002819756598
5  14  -3.404162577e-17  -0.002409008509  0.9999970983  -0.002409006179
5  15  -2.485006413e-16  -0.002092084772  0.9999978116  -0.002092083246
5  16  1.372492745e-16  0.003556291195  0.9999936764  0.003556283699
5  17  8.884303378e-18  0.01929267483  0.9998139021  0.01929147804
5  18  3.227581072e-16  0.008078629162  0.9999673681  0.008078541288
5  19  1.333904017e-16  -0.00214666704  0.9999976959  -0.002146665392
5  20  2.319298553e-16  -0.01270518616  0.9999192902  -0.01270484435
5  21  2.002692862e-16  -0.007288894045  0.9999734361  -0.007288829504
5  22  3.448580212e-18  0.002283905356  0.9999973919  0.002283903371
5  23  -1.024814921e-16  0.01590325802  0.9998735459  0.01590258767
5  24  -1.850713417e-16  0.01307933827  0.9999144667  0.01307896536
5  25  -9.459060682e-17  -0.001244090121  0.9999992261  -0.0012440898
5  26  6.652690597e-17  -0.002372394481  0.9999971859  -0.002372392255
5  27  -3.213568571e-16  -0.002628127576  0.9999965465  -0.002628124551
5  28  3.133375501e-16  -0.003480651862  0.9999939425  -0.003480644834
5  29  2.469853713e-16  -0.005347611636  0.9999857016  -0.005347586148
5  30  -6.094768509e-17  -0.003508820681  0.9999938441  -0.003508813481
5  31  -1.587459202e-16  0.005768854097  0.9999833602  0.005768822099
5  32  8.896678246e-17  0.00726371142  0.9999736194  0.007263647546
5  33  -9.183604849e-17  0.005463669794  0.9999850742  0.005463642611
5  34  -2.9222963e-17  0.01362678945  0.9999071567  0.01362636773
5  35  -1.277898071e-17  -0.008792265434  0.9999613483  -0.008792152155
5  36  -1.277898071e-17  -0.008792265434  0.9999613483  -0.008792152155

6  0  -1.424314526e-16  0.06724430239  0.9977399537  0.06719363634
6  1  2.092880837e-16  -0.06100961492  0.9981394906  -0.06097177391
6  2  -7.497649184e-17  -0.4873144069  0.8835935849  -0.4682546068
6  3  -1.293454143e-16  -1.296907793  0.2704770664  -0.9627264183
6  4  -2.157369816e-16  -0.3371531967  0.9437002162  -0.3308019073
6  5  1.497842849e-16  0.01206453907  0.9999272243  0.0120642464
6  6  1.808653653e-17  0.132115701  0.9912854076  0.1317316994
6  7  3.011795426e-16  0.01235854301  0.9999236342  0.01235822842
6  8  -4.851634999e-17  0.01503053479  0.9998870436  0.01502996885
6  9  6.378681915e-17  0.02356286072  0.9997224086  0.0235606804
6  10  -1.346332549e-16  0.01126320337  0.9999365708  0.01126296523
6  11  -1.266010807e-16  -0.003504496506  0.9999938593  -0.003504489332
6  12  -1.7873418e-16  -0.004560346055  0.9999896016  -0.004560330248
6  13  -3.536719757e-16  -0.003600008996  0.99999352  -0.00360000122
6  14  -2.560263193e-16  -0.00311480521  0.999995149  -0.003114800173
6  15  2.196152686e-17  -0.003021211858  0.9999954361  -0.003021207262
6  16  2.855024119e-16  -0.002697978803  0.9999963605  -0.00269797553
6  17  -2.260156726e-16  0.004063427626  0.9999917443  0.004063416444
6  18  -2.794604099e-17  0.01702418596  0.999855092  0.01702336364
6  19  3.195250591e-17  0.007027458703  0.9999753075  0.007027400861
6  20  -8.706370172e-17  -0.006521676136  0.9999787339  -0.006521629905
6  21  3.146176164e-16  -0.01395408932  0.9999026433  -0.01395363648
6  22  7.97997235e-17  0.0008303768658  0.9999996552  0.0008303767703
6  23  -1.950486597e-16  0.01338948553  0.9999103622  0.01338908546
6  24  -1.091826103e-16  0.01282245315  0.9999177935  0.01282210179
6  25  -2.478147048e-16  -0.001346985089  0.9999990928  -0.001346984681
6  26  -1.116415413e-16  -0.003017822395  0.9999954464  -0.003017817814
6  27  -3.734378078e-17  -0.00308227481  0.9999952498  -0.003082269929
6  28  -5.102805091e-18  -0.00339810135  0.9999942265  -0.00339809481
6  29  7.908439786e-17  -0.004313163341  0.9999906983  -0.004313149968
6  30  9.650399739e-18  -0.005347611636  0.9999857016  -0.005347586148
6  31  -6.638858886e-17  0.0006595840215  0.9999997825  0.0006595839737
6  32  3.27940458e-16  0.01891596576  0.9998210985  0.01891483772
6  33  -6.075364198e-18  0.02190449945  0.999760106  0.02190274784
6  34  -1.310275306e-16  0.01377731335  0.9999050943  0.0137768775
6  35  -1.066169976e-17  0.07281924213  0.9973498504  0.07275490347
6  36  -1.066169976e-17  0.07281924213  0.9973498504  0.07275490347

7  0  1.080051637e-16  0.01794563298  0.9998389814  0.01794466978
7  1  8.397040939e-17  0.008345853641  0.9999651736  0.008345756756
7  2  -3.333297142e-16  -0.01297971656  0.9999157647  -0.01297935211
7  3  -4.551584757e-16  -0.03654876274  0.9993321683  -0.03654062623
7  4  -2.217523344e-16  -0.01624872422  0.9998679924  -0.01624800923
7  5  5.864772664e-17  0.005420703974  0.999985308  0.005420677427
7  6  1.784660076e-16  0.01235854301  0.9999236342  0.01235822842
7  7  -1.1943894e-16  0.02236848266  0.9997498359  0.02236661736
7  8  -2.043409152e-16  0.068574347  0.9976497007  0.06852061516
7  9  -1.391463315e-16  0.1143281979  0.9934716472  0.1140792978
7  10  -2.071646078e-16  0.04120960602  0.9991510043  0.0411979431
7  11  -2.294866085e-16  0.003403648387  0.9999942076  0.003403641816
7  12  -3.122564241e-16  -0.002790044571  0.9999961078  -0.002790040951
7  13  -2.051946692e-17  -0.003331855285  0.9999944494  -0.00333184912
7  14  3.262598643e-17  -0.003261580251  0.9999946811  -0.003261574468
7  15  1.896003921e-18  -0.00332985415  0.999994456  -0.003329847996
7  16  1.132244243e-16  -0.00363185953  0.9999934048  -0.003631851546
7  17  -1.77409436e-16  -0.003674047541  0.9999932507  -0.003674039276
7  18  -1.472388262e-17  0.002658090765  0.9999964673  0.002658087635
7  19  -1.693846536e-16  0.01269562656  0.9999194116  0.01269528552
7  20  2.752000143e-17  0.002523222665  0.9999968167  0.002523219988
7  21  -1.866671963e-16  -0.02053161253  0.9997892338  -0.02053017006
7  22  -1.542367151e-16  -0.008169020535  0.9999666337  -0.008168929679
7  23  -3.496314362e-17  0.009375290725  0.9999560523  0.009375153384
7  24  2.079485367e-17  0.009612694358  0.9999537984  0.009612546316
7  25  4.414819926e-18  -0.002279908479  0.999997401  -0.002279906504
7  26  1.001609619e-16  -0.003778857779  0.9999928601  -0.003778848786
7  27  3.483181637e-17  -0.003469653108  0.9999939808  -0.003469646147
7  28  -4.795325485e-17  -0.003313306244  0.999994511  -0.003313300182
7  29  1.039146397e-16  -0.00339810135  0.9999942265  -0.00339809481
7  30  4.048160429e-16  -0.003480651862  0.9999939425  -0.003480644834
7  31  -2.5568496e-16  -0.001532045917  0.9999988264  -0.001532045317
7  32  3.279009342e-17  0.01450491032  0.9998948056  0.0145044017
7  33  5.834818819e-17  0.06897413677  0.9976222271  0.06891945982
7  34  2.969554198e-16  0.1067949399  0.9943028382  0.1065920535
7  35  4.896876362e-17  0.04912454045  0.9987936324  0.04910478477
7  36  4.896876362e-17  0.04912454045  0.9987936324  0.04910478477

8  0  3.643405208e-17  0.2104994039  0.9779266871  0.2089483063
8  1  1.472276295e-16  0.03881420988  0.9992468231  0.03880446473
8  2  1.514554143e-17  0.009642040897  0.9999535159  0.009641891496
8  3  1.166281417e-16  0.004052055534  0.9999917904  0.004052044446
8  4  4.709505105e-16  0.003243070192  0.9999947413  0.003243064507
8  5  3.259853175e-16  0.005465096766  0.9999850664  0.005465069562
8  6  1.686080649e-16  0.01503053479  0.9998870436  0.01502996885
8  7  -1.364790828e-16  0.068574347  0.9976497007  0.06852061516
8  8  6.702821473e-17  0.3451182096  0.9410354679  0.338307919
8  9  -4.273796711e-16  0.2783748565  0.9615032866  0.2747934314
8  10  -2.365193535e-16  0.0560318539  0.9984306263  0.0560025392
8  11  -7.433600143e-17  0.01019724192  0.9999480086  0.0101970652
8  12  6.062969769e-17  0.0003847928234  0.999999926  0.0003847928139
8  13  3.902470439e-16  -0.002116533095  0.9999977601  -0.002116531514
8  14  6.445854047e-17  -0.002856926386  0.999995919  -0.0028569225
8  15  7.449062087e-17  -0.003245597757  0.9999947331  -0.003245592058
8  16  -2.074397393e-17  -0.003741490538  0.9999930006  -0.003741481808
8  17  -2.219520133e-16  -0.004616172273  0.9999893455  -0.004616155879
8  18  -4.666451171e-17  -0.00557409601  0.9999844648  -0.005574067145
8  19  -4.135322049e-16  -0.0001454647421  0.9999999894  -0.0001454647416
8  20  -1.355450277e-16  0.007954881457  0.9999683601  0.00795479756
8  21  2.942970413e-17  -0.01148297518  0.9999340714  -0.01148272283
8  22  1.010185557e-16  -0.0275011582  0.999621867  -0.02749769175
8  23  -2.182408245e-17  0.003089689357  0.9999952269  0.003089684441
8  24  1.701512534e-17  0.005592465263  0.9999843622  0.005592436111
8  25  2.163579075e-17  -0.004451171414  0.9999900936  -0.004451156715
8  26  1.976345709e-16  -0.005097258825  0.999987009  -0.005097236753
8  27  -2.248434033e-17  -0.004096224794  0.9999916105  -0.004096213338
8  28  -3.219414412e-16  -0.003469653108  0.9999939808  -0.003469646147
8  29  9.845546406e-17  -0.00308227481  0.9999952498  -0.003082269929
8  30  2.52280796e-16  -0.002628127576  0.9999965465  -0.002628124551
8  31  -2.087121164e-17  -0.001307894925  0.9999991447  -0.001307894552
8  32  3.195926157e-17  0.003931592589  0.9999922713  0.003931582461
8  33  -2.932361615e-17  0.0277991398  0.9996136288  0.02779555945
8  34  -5.529997869e-18  0.1422022615  0.9899062848  0.141723489
8  35  -1.487966452e-16  0.344101812  0.9413788372  0.3373512782
8  36  -1.487966452e-16  0.344101812  0.9413788372  0.3373512782

9  0  3.229315528e-17  0.2296757842  0.9737402577  0.2276618335
9  1  -1.514441671e-18  0.1829930414  0.9833034439  0.1819734521
9  2  3.003820172e-16  0.05322143249  0.9985840738  0.05319631091
9  3  2.001420937e-16  0.01309901682  0.9999142091  0.01309864223
9  4  -2.746962477e-16  0.005578144974  0.9999844422  0.005578116046
9  5  2.577518403e-16  0.007315735607  0.9999732401  0.007315670351
9  6  1.361359751e-16  0.02356286072  0.9997224086  0.0235606804
9  7  2.683454002e-16  0.1143281979  0.9934716472  0.1140792978
9  8  1.3665461e-16  0.2783748565  0.9615032866  0.2747934314
9  9  -2.086315822e-16  0.1162661541  0.9932487011  0.1160043869
9  10  -1.37684855e-16  0.03411066513  0.9994182877  0.03410405068
9  11  7.46864408e-17  0.01168592051  0.9999317204  0.01168565454
9  12  2.078758661e-16  0.003098040747  0.9999952011  0.003098035791
9  13  7.959210369e-18  -0.0004919214917  0.999999879  -0.0004919214718
9  14  -2.053218099e-16  -0.002007647409  0.9999979847  -0.002007646061
9  15  1.393260993e-16  -0.002759249406  0.9999961933  -0.002759245904
9  16  4.957024074e-18  -0.003404414715  0.999994205  -0.003404408139
9  17  2.530711449e-16  -0.004408436266  0.9999902829  -0.004408421987
9  18  1.897240101e-16  -0.006294562408  0.9999801893  -0.006294520841
9  19  -2.174148269e-16  -0.008335192895  0.9999652625  -0.00833509638
9  20  -1.693796015e-16  -0.001580397802  0.9999987512  -0.001580397144
9  21  -1.740801965e-16  0.001995672418  0.9999980086  0.001995671093
9  22  2.692287669e-17  -0.03721080643  0.9993077578  -0.03720221973
9  23  4.661119464e-18  -0.01146049841  0.9999343292  -0.01146024753
9  24  2.531583287e-16  0.004358343993  0.9999905024  0.004358330195
9  25  -3.129768056e-16  -0.006480965917  0.9999789986  -0.006480920547
9  26  -1.922968796e-16  -0.007204372753  0.9999740486  -0.007204310431
9  27  -7.764116973e-17  -0.005097258825  0.999987009  -0.005097236752
9  28  -1.429031038e-16  -0.003778857779  0.9999928601  -0.003778848786
9  29  -8.497781399e-17  -0.003017822394  0.9999954464  -0.003017817814
9  30  -5.195638501e-17  -0.002372394481  0.9999971859  -0.002372392255
9  31  1.391716614e-16  -0.001328265705  0.9999991179  -0.001328265314
9  32  1.342190066e-16  0.001067287207  0.9999994304  0.001067287005
9  33  1.976509084e-16  0.00696831134  0.9999757214  0.006968254947
9  34  2.941261377e-17  0.02244110116  0.9997482091  0.02243921764
9  35  1.333926415e-16  0.07645617546  0.9970786501  0.0763817092
9  36  1.333926415e-16  0.07645617546  0.9970786501  0.0763817092

10  0  3.564537873e-18  0.02790151901  0.9996107779  0.02789789895
10  1  4.27598244e-16  0.0511576788  0.9986917313  0.05113536752
10  2  2.775209243e-16  0.05146857277  0.9986757854  0.05144585229
10  3  -9.183665329e-18  0.02081000678  0.9997834796  0.02080850482
10  4  -4.365492917e-16  0.003899372914  0.9999923975  0.003899363032
10  5  2.225344847e-17  0.0013819789  0.9999990451  0.00138197846
10  6  -7.050634432e-17  0.01126320337  0.9999365708  0.01126296523
10  7  -9.868031352e-17  0.04120960602  0.9991510043  0.0411979431
10  8  -2.853226076e-16  0.0560318539  0.9984306263  0.0560025392
10  9  8.872428068e-17  0.03411066513  0.9994182877  0.03410405068
10  10  2.795530538e-16  0.01915684119  0.9998165133  0.0191556695
10  11  6.279701101e-17  0.0102639268  0.9999473264  0.01026374659
10  12  -3.160609495e-17  0.003538696413  0.9999937388  0.003538689028
10  13  3.881180341e-16  -0.0004220192962  0.9999999109  -0.0004220192837
10  14  -1.262139908e-16  -0.001756549911  0.9999984573  -0.001756549008
10  15  -2.819520481e-17  -0.001773596954  0.9999984272  -0.001773596025
10  16  -1.233823364e-16  -0.001591411162  0.9999987337  -0.001591410491
10  17  -1.55455337e-16  -0.001948610763  0.9999981015  -0.00194860953
10  18  -1.027304381e-16  -0.003491134389  0.999993906  -0.003491127297
10  19  -2.097761111e-17  -0.006302457954  0.9999801396  -0.006302416231
10  20  -8.023848138e-17  -0.006099795867  0.9999813963  -0.006099758041
10  21  -3.081204456e-16  0.003694454051  0.9999931755  0.003694445647
10  22  -3.607860553e-16  -0.02322401959  0.9997303346  -0.02322193198
10  23  -2.619073236e-16  -0.04805897341  0.9988453898  -0.04804047553
10  24  2.025546791e-16  0.00704590953  0.9999751777  0.007045851231
10  25  1.457189047e-16  -0.0008189282968  0.9999996647  -0.0008189282053
10  26  -4.638614831e-16  -0.006480965917  0.9999789986  -0.006480920548
10  27  -1.512624184e-16  -0.004451171414  0.9999900936  -0.004451156715
10  28  -2.155871625e-17  -0.002279908479  0.999997401  -0.002279906504
10  29  2.939985028e-16  -0.001346985089  0.9999990928  -0.001346984681
10  30  -2.516073541e-16  -0.001244090121  0.9999992261  -0.0012440898
10  31  3.249062628e-16  -0.001376299802  0.9999990529  -0.001376299368
10  32  -5.806657839e-17  -0.0009669075722  0.9999995325  -0.0009669074215
10  33  4.041406003e-16  0.001230033134  0.9999992435  0.001230032824
10  34  3.529011932e-17  0.006495756731  0.9999789026  0.00649571105
10  35  -7.832261097e-17  0.01484246037  0.9998898527  0.01484191541
10  36  -7.832261097e-17  0.01484246037  0.9998898527  0.01484191541

11  0  1.091451049e-16  0.008560321005  0.9999633607  0.008560216456
11  1  5.242513345e-16  0.01165342146  0.9999320997  0.0116531577
11  2  1.32721468e-16  0.01216978405  0.9999259491  0.01216948366
11  3  -2.426329673e-16  0.007161979197  0.9999743531  0.007161917969
11  4  6.053787361e-17  -0.000894874503  0.9999995996  -0.0008948743835
11  5  2.98375115e-16  -0.005155507194  0.9999867104  -0.005155484355
11  6  -1.810845712e-17  -0.003504496506  0.9999938593  -0.003504489332
11  7  1.194243301e-17  0.003403648387  0.9999942076  0.003403641815
11  8  -2.326185298e-16  0.01019724192  0.9999480086  0.0101970652
11  9  4.538537794e-17  0.01168592051  0.9999317204  0.01168565454
11  10  4.134502748e-17  0.0102639268  0.9999473264  0.01026374659
11  11  1.404071152e-16  0.006592562463  0.9999782691  0.006592514709
11  12  -2.078553412e-16  -0.006945655421  0.999975879  -0.006945599575
11  13  3.243746441e-16  -0.03433749553  0.9994105261  -0.03433074824
11  14  -1.217519307e-16  -0.03068997806  0.9995290996  -0.0306851606
11  15  -1.213486627e-16  -0.004559336623  0.9999896062  -0.004559320827
11  16  1.216982449e-16  0.009615613268  0.9999537703  0.009615465092
11  17  1.238276657e-16  0.01334204863  0.9999109962  0.0133416528
11  18  9.785796815e-17  0.01174841401  0.9999309882  0.01174814375
11  19  -1.719824313e-17  0.007769175874  0.9999698201  0.007769097717
11  20  -2.090972199e-16  0.004336040167  0.9999905994  0.00433602658
11  21  2.129635175e-17  0.004352328276  0.9999905286  0.004352314535
11  22  6.440127137e-17  -0.01811647934  0.9998359011  -0.01811548836
11  23  1.656051276e-16  -0.1286708089  0.9917333263  -0.1283160532
11  24  1.782747054e-16  -0.04241285068  0.9991007099  -0.0424001361
11  25  -1.029811832e-16  0.00704590953  0.9999751777  0.007045851231
11  26  4.681847028e-17  0.004358343993  0.9999905024  0.004358330196
11  27  7.961247768e-17  0.005592465263  0.9999843622  0.005592436111
11  28  1.676199743e-16  0.009612694357  0.9999537984  0.009612546316
11  29  -1.553103154e-16  0.01282245315  0.9999177935  0.01282210179
11  30  -1.711210429e-16  0.01307933827  0.9999144667  0.01307896536
11  31  1.795232936e-16  0.007522457353  0.9999717065  0.007522386408
11  32  -7.465814009e-18  -0.008692131792  0.9999622237  -0.008692022339
11  33  1.940275705e-16  -0.03365885807  0.9994335941  -0.03365250298
11  34  -1.036346594e-16  -0.0304123542  0.99953758  -0.03040766629
11  35  -9.185255488e-17  -0.002383900523  0.9999971585  -0.002383898265
11  36  -9.185255488e-17  -0.002383900523  0.9999971585  -0.002383898265

12  0  5.563460415e-17  -0.1739328651  0.984911775  -0.1730572026
12  1  -2.000658039e-16  0.0002303960376  0.9999999735  0.0002303960356
12  2  -5.60035894e-17  0.003978751972  0.9999920848  0.003978741475
12  3  -9.28444381e-17  0.002033864125  0.9999979317  0.002033862722
12  4  -3.994682004e-17  -0.001320514874  0.9999991281  -0.00132051449
12  5  1.944428677e-16  -0.003995988287  0.999992016  -0.003995977653
12  6  1.927417536e-17  -0.004560346055  0.9999896016  -0.004560330248
12  7  -3.818223946e-16  -0.002790044571  0.9999961078  -0.002790040951
12  8  -5.110282626e-17  0.0003847928234  0.999999926  0.0003847928139
12  9  3.303025778e-16  0.003098040747  0.9999952011  0.003098035791
12  10  -1.811823271e-16  0.003538696413  0.9999937388  0.003538689028
12  11  1.065496815e-16  -0.006945655421  0.999975879  -0.006945599576
12  12  2.534770384e-16  -0.3365053667  0.9439143216  -0.3301904807
12  13  9.32484893e-17  -0.5755779061  0.8388778769  -0.5443196742
12  14  -6.212556619e-17  -0.1449830194  0.9895083593  -0.1444756273
12  15  -1.469636255e-16  -0.02303447404  0.9997347182  -0.02303243713
12  16  -1.219747359e-16  0.007817415009  0.9999694442  0.007817335386
12  17  -2.324506923e-16  0.01471986615  0.9998916647  0.01471933458
12  18  -2.472147531e-16  0.01415436463  0.9998998287  0.01415389201
12  19  1.365114636e-16  0.01119664579  0.9999373182  0.01119641184
12  20  -1.539253415e-16  0.006811256234  0.9999768035  0.006811203568
12  21  -1.665293815e-16  -0.002891823509  0.9999958187  -0.002891819479
12  22  2.976655521e-17  -0.03937377167  0.9992249532  -0.03936359897
12  23  -1.026069422e-16  -0.1292093914  0.9916640737  -0.1288501648
12  24  -4.567372693e-17  -0.1286708089  0.9917333263  -0.1283160532
12  25  2.033669382e-16  -0.04805897342  0.9988453898  -0.04804047553
12  26  3.527854969e-16  -0.01146049841  0.9999343292  -0.01146024753
12  27  -3.076136126e-18  0.003089689357  0.9999952269  0.003089684441
12  28  1.849096535e-16  0.009375290725  0.9999560523  0.009375153383
12  29  2.239355819e-16  0.01338948553  0.9999103622  0.01338908546
12  30  9.795497361e-17  0.01590325802  0.9998735459  0.01590258767
12  31  1.318545964e-16  0.01397716624  0.999902321  0.01397671115
12  32  1.165384671e-16  -0.003268996803  0.9999946568  -0.003268990981
12  33  2.219740732e-16  -0.07313050812  0.9973271559  -0.07306534102
12  34  1.003288844e-17  -0.2838882909  0.9599736249  -0.2800904131
12  35  -1.171199328e-16  -0.5532177249  0.8508382479  -0.5254277077
12  36  -1.171199328e-16  -0.5532177249  0.8508382479  -0.5254277077

13  0  6.289549763e-17  -0.4325427603  0.9079028098  -0.4191807343
13  1  -1.671269693e-16  -0.2197597451  0.9759498519  -0.2179951526
13  2  4.887502712e-18  -0.006003408573  0.9999819796  -0.006003372511
13  3  2.320536194e-16  0.000295946003  0.9999999562  0.0002959459987
13  4  -8.632925277e-17  -0.001218032323  0.9999992582  -0.001218032021
13  5  6.525521983e-17  -0.002819760335  0.9999960245  -0.002819756598
13  6  -1.214369588e-16  -0.003600008996  0.99999352  -0.00360000122
13  7  -2.147708043e-16  -0.003331855285  0.9999944494  -0.00333184912
13  8  -3.860373758e-17  -0.002116533095  0.9999977601  -0.002116531514
13  9  1.598534421e-16  -0.0004919214918  0.999999879  -0.0004919214719
13  10  -1.114047455e-16  -0.0004220192961  0.9999999109  -0.0004220192836
13  11  -1.544957369e-16  -0.03433749553  0.9994105261  -0.03433074824
13  12  2.279943314e-17  -0.5755779061  0.8388778769  -0.5443196742
13  13  1.60483048e-16  -0.09515543748  0.9954761364  -0.09501190409
13  14  3.998580253e-17  -0.02294804088  0.9997367053  -0.02294602681
13  15  -6.199511554e-17  -0.01215174202  0.9999261685  -0.01215144296
13  16  1.155847987e-16  -0.005935564214  0.9999823846  -0.005935529361
13  17  -1.40811406e-16  -0.001310834848  0.9999991409  -0.001310834473
13  18  -5.036021173e-16  0.001469613903  0.9999989201  0.001469613374
13  19  -2.583760832e-17  0.001997613992  0.9999980048  0.001997612664
13  20  -5.961137583e-17  -0.001852504111  0.9999982841  -0.001852503052
13  21  9.047443625e-17  -0.0184536515  0.9998297362  -0.01845260416
13  22  6.145017179e-18  -0.04466031455  0.9990028939  -0.04464546987
13  23  -9.434362938e-17  -0.03937377167  0.9992249532  -0.03936359897
13  24  -8.234340644e-18  -0.01811647934  0.9998359011  -0.01811548836
13  25  -6.768208388e-17  -0.02322401959  0.9997303346  -0.02322193198
13  26  2.382163351e-16  -0.03721080643  0.9993077578  -0.03720221973
13  27  -2.79599219e-16  -0.0275011582  0.999621867  -0.02749769175
13  28  7.380726959e-17  -0.008169020536  0.9999666337  -0.008168929679
13  29  1.598711268e-16  0.0008303768656  0.9999996552  0.0008303767702
13  30  -4.739845996e-17  0.002283905356  0.9999973919  0.002283903371
13  31  1.750090827e-16  0.0005568451976  0.999999845  0.0005568451688
13  32  1.550569064e-16  -0.003504381257  0.9999938597  -0.003504374084
13  33  -4.609893131e-17  -0.009591932619  0.9999539978  -0.009591785535
13  34  9.741992855e-17  -0.01873691975  0.9998244691  -0.01873582344
13  35  -4.470255929e-17  -0.05957082217  0.9982261832  -0.05953559543
13  36  -4.470255929e-17  -0.05957082217  0.9982261832  -0.05953559543

14  0  2.831453807e-17  -0.01938227376  0.9998121696  -0.01938106022
14  1  -1.258936201e-17  -0.1042303637  0.9945729316  -0.1040417403
14  2  6.490018727e-17  -0.08017583621  0.996787639  -0.08008996657
14  3  2.260053188e-16  -0.00357941683  0.9999935939  -0.003579409187
14  4  2.829974605e-16  -0.001330040549  0.9999991155  -0.001330040157
14  5  -2.491939566e-17  -0.002409008509  0.9999970983  -0.002409006179
14  6  -2.297445855e-16  -0.00311480521  0.999995149  -0.003114800173
14  7  9.101582196e-17  -0.003261580251  0.9999946811  -0.003261574468
14  8  -4.92674664e-17  -0.002856926386  0.999995919  -0.0028569225
14  9  1.052879073e-16  -0.002007647409  0.9999979847  -0.002007646061
14  10  2.923366304e-16  -0.001756549911  0.9999984573  -0.001756549008
14  11  -1.671539152e-16  -0.03068997806  0.9995290996  -0.0306851606
14  12  -2.215832386e-16  -0.1449830194  0.9895083593  -0.1444756273
14  13  1.537089281e-16  -0.02294804088  0.9997367053  -0.02294602681
14  14  -1.64816947e-17  -0.01477834067  0.9998908023  -0.01477780274
14  15  1.008792992e-16  -0.01544489089  0.99988073  -0.01544427685
14  16  2.374015121e-16  -0.01521355683  0.9998842761  -0.01521296997
14  17  3.223121594e-16  -0.01296390319  0.9999159698  -0.01296354006
14  18  2.276496029e-16  -0.009655385621  0.9999533871  -0.009655235598
14  19  -2.098436181e-16  -0.007283197921  0.9999734776  -0.007283133531
14  20  -4.246848845e-16  -0.01049666601  0.9999449105  -0.01049647326
14  21  -2.03207397e-16  -0.02164750929  0.9997657018  -0.02164581861
14  22  1.649705367e-16  -0.0184536515  0.9998297362  -0.01845260416
14  23  -2.277377561e-17  -0.002891823509  0.9999958187  -0.002891819478
14  24  1.451095063e-17  0.004352328276  0.9999905286  0.004352314536
14  25  -2.024718737e-16  0.003694454051  0.9999931755  0.003694445647
14  26  1.079429181e-16  0.001995672418  0.9999980086  0.001995671093
14  27  2.70168844e-16  -0.01148297518  0.9999340714  -0.01148272283
14  28  9.405665965e-17  -0.02053161253  0.9997892338  -0.02053017006
14  29  1.646501849e-16  -0.01395408932  0.9999026433  -0.01395363648
14  30  1.109999873e-16  -0.007288894045  0.9999734361  -0.007288829505
14  31  -3.811250073e-18  -0.007932569689  0.9999685373  -0.007932486495
14  32  -9.046359585e-17  -0.01132270064  0.9999358989  -0.01132245871
14  33  -6.314736066e-17  -0.0145694239  0.9998938678  -0.01456890847
14  34  1.751388973e-16  -0.01613597216  0.999869818  -0.01613527195
14  35  7.482902296e-17  -0.0159517898  0.9998727729  -0.01595111329
14  36  7.482902296e-17  -0.0159517898  0.9998727729  -0.01595111329

15  0  1.090878017e-16  -0.01983286843  0.9998033351  -0.01983156827
15  1  -3.123268728e-16  -0.01466425373  0.9998924818  -0.01466372817
15  2  -3.786514228e-16  -0.0257926747  0.9996673874  -0.02578981498
15  3  -1.247045147e-16  -0.008081955864  0.9999673412  -0.008081867882
15  4  1.395353583e-16  0.0009336284471  0.9999995642  0.0009336283115
15  5  3.642120951e-16  -0.002092084772  0.9999978116  -0.002092083246
15  6  1.187279137e-16  -0.003021211858  0.9999954361  -0.003021207262
15  7  5.092223434e-16  -0.00332985415  0.999994456  -0.003329847996
15  8  -5.021783506e-17  -0.003245597757  0.9999947331  -0.003245592058
15  9  -4.737393284e-17  -0.002759249406  0.9999961933  -0.002759245904
15  10  2.529024785e-16  -0.001773596954  0.9999984272  -0.001773596024
15  11  -3.416301249e-17  -0.004559336621  0.9999896062  -0.004559320825
15  12  -1.173190681e-16  -0.02303447404  0.9997347182  -0.02303243712
15  13  9.929193034e-17  -0.01215174202  0.9999261685  -0.01215144296
15  14  -9.999551924e-17  -0.01544489089  0.99988073  -0.01544427685
15  15  6.057281195e-17  -0.02254049793  0.9997459737  -0.02253858928
15  16  2.417749744e-16  -0.02794568847  0.9996095447  -0.02794205119
15  17  1.223815299e-16  -0.02922816478  0.9995728876  -0.02922400343
15  18  9.368637668e-17  -0.0270223308  0.999634919  -0.02701904227
15  19  -2.619380182e-16  -0.02264377779  0.9997436406  -0.02264184278
15  20  -2.915187413e-16  -0.01718467403  0.9998523471  -0.01718382823
15  21  -6.206575636e-17  -0.01049666601  0.9999449105  -0.01049647326
15  22  1.556329117e-16  -0.001852504111  0.9999982841  -0.001852503052
15  23  -2.450468995e-16  0.006811256234  0.9999768035  0.006811203568
15  24  1.426765144e-16  0.004336040167  0.9999905994  0.00433602658
15  25  -7.139269317e-17  -0.006099795867  0.9999813963  -0.006099758041
15  26  -9.331798203e-17  -0.001580397802  0.9999987512  -0.001580397144
15  27  -7.752386379e-17  0.007954881456  0.9999683601  0.007954797559
15  28  -3.656841179e-16  0.002523222665  0.9999968167  0.002523219988
15  29  -8.985075006e-17  -0.006521676135  0.9999787339  -0.006521629905
15  30  1.4852244e-16  -0.01270518616  0.9999192902  -0.01270484435
15  31  -1.923932854e-16  -0.01855682342  0.9998278271  -0.01855575841
15  32  -3.660849184e-16  -0.02482044707  0.9996919885  -0.02481789869
15  33  -2.16702939e-16  -0.02867406545  0.9995889272  -0.02867013629
15  34  9.741318728e-17  -0.02947381058  0.9995656787  -0.02946954342
15  35  1.187249757e-16  -0.0263157976  0.9996537594  -0.02631276033
15  36  1.187249757e-16  -0.0263157976  0.9996537594  -0.02631276033

16  0  1.095479879e-17  -0.0340943567  0.9994188437  -0.03408775173
16  1  1.053587849e-16  -0.02215384056  0.9997546137  -0.02215202845
16  2  5.021474824e-17  -0.011182029  0.9999374818  -0.01118179597
16  3  1.810679828e-16  -0.002370829063  0.9999971896  -0.002370826842
16  4  2.790370087e-17  0.01508624992  0.9998862047  0.01508567767
16  5  9.244501066e-17  0.003556291195  0.9999936764  0.003556283699
16  6  1.382544545e-16  -0.002697978803  0.9999963605  -0.00269797553
16  7  2.121494989e-16  -0.00363185953  0.9999934048  -0.003631851546
16  8  -1.307270295e-16  -0.003741490538  0.9999930006  -0.003741481808
16  9  -2.292059181e-16  -0.003404414715  0.999994205  -0.003404408139
16  10  -1.52002276e-16  -0.001591411163  0.9999987337  -0.001591410491
16  11  -9.308143265e-17  0.009615613267  0.9999537703  0.009615465091
16  12  2.438249251e-17  0.007817415008  0.9999694442  0.007817335385
16  13  2.4881656e-16  -0.005935564213  0.9999823846  -0.005935529361
16  14  6.820410696e-17  -0.01521355683  0.9998842761  -0.01521296997
16  15  2.413603951e-16  -0.02794568847  0.9996095447  -0.02794205119
16  16  3.692659929e-16  -0.03809761613  0.9992743736  -0.0380884008
16  17  7.016808673e-17  -0.04120671311  0.9991511235  -0.04119505265
16  18  9.679277915e-17  -0.04007963575  0.9991969189  -0.04006890611
16  19  1.008818515e-16  -0.03568455075  0.999363374  -0.03567697786
16  20  8.904784003e-17  -0.02264377779  0.9997436406  -0.02264184278
16  21  -1.155210634e-19  -0.007283197921  0.9999734776  -0.007283133531
16  22  -3.742828773e-16  0.001997613992  0.9999980048  0.001997612664
16  23  -2.073905354e-16  0.01119664579  0.9999373182  0.01119641184
16  24  -9.946289516e-17  0.007769175875  0.9999698201  0.007769097717
16  25  -2.746231147e-16  -0.006302457954  0.9999801396  -0.00630241623
16  26  8.093870094e-17  -0.008335192895  0.9999652625  -0.00833509638
16  27  3.961332223e-16  -0.0001454647431  0.9999999894  -0.0001454647426
16  28  2.144936992e-16  0.01269562656  0.9999194116  0.01269528552
16  29  -1.487024519e-16  0.007027458703  0.9999753075  0.007027400861
16  30  -1.844081212e-16  -0.002146667041  0.9999976959  -0.002146665392
16  31  -1.835972174e-16  -0.01407163943  0.9999009961  -0.01407117505
16  32  1.707259788e-16  -0.02986430202  0.9995540949  -0.029859863
16  33  -1.422472174e-16  -0.03860256732  0.9992550134  -0.03859298072
16  34  -1.94738507e-16  -0.04102130961  0.9991587441  -0.04100980583
16  35  4.372706181e-17  -0.0403492164  0.9991860808  -0.04033826881
16  36  4.372706181e-17  -0.0403492164  0.9991860808  -0.04033826881

17  0  2.297337174e-16  -0.04289887581  0.9990799843  -0.04288571912
17  1  -1.29014702e-16  -0.03647997552  0.9993346795  -0.03647188487
17  2  -3.884379984e-17  -0.02126406184  0.9997739284  -0.02126245941
17  3  -9.840275665e-17  -0.007145325327  0.9999744723  -0.007145264526
17  4  -1.777795921e-16  0.005982468581  0.9999821051  0.005982432896
17  5  -7.409940093e-17  0.01929267483  0.9998139021  0.01929147804
17  6  1.442767396e-16  0.004063427625  0.9999917443  0.004063416443
17  7  -8.160115087e-18  -0.003674047541  0.9999932507  -0.003674039276
17  8  -4.231398363e-17  -0.004616172273  0.9999893455  -0.004616155879
17  9  -1.04624391e-16  -0.004408436266  0.9999902829  -0.004408421987
17  10  -1.785102902e-16  -0.001948610763  0.9999981015  -0.00194860953
17  11  -2.339551529e-17  0.01334204863  0.9999109962  0.0133416528
17  12  -8.774792988e-17  0.01471986615  0.9998916647  0.01471933458
17  13  -6.281997193e-17  -0.001310834848  0.9999991409  -0.001310834473
17  14  -1.494458359e-17  -0.01296390319  0.9999159698  -0.01296354006
17  15  -1.493671052e-17  -0.02922816478  0.9995728876  -0.02922400343
17  16  1.469821854e-17  -0.04120671311  0.9991511235  -0.04119505265
17  17  -1.525240036e-17  -0.04319693493  0.9990671575  -0.04318350211
17  18  8.527204061e-17  -0.04252965127  0.9990957507  -0.04251683136
17  19  3.569730263e-16  -0.04007963575  0.9991969189  -0.04006890611
17  20  2.467743357e-16  -0.0270223308  0.999634919  -0.02701904227
17  21  -1.70462706e-17  -0.009655385621  0.9999533871  -0.009655235598
17  22  7.43785982e-20  0.001469613903  0.9999989201  0.001469613374
17  23  2.599811603e-16  0.01415436463  0.9998998287  0.01415389201
17  24  7.376170131e-17  0.01174841401  0.9999309882  0.01174814375
17  25  2.415689997e-17  -0.003491134389  0.999993906  -0.003491127297
17  26  -1.04109224e-17  -0.006294562408  0.9999801893  -0.006294520841
17  27  -5.182869528e-17  -0.005574096011  0.9999844648  -0.005574067146
17  28  8.552196426e-17  0.002658090766  0.9999964673  0.002658087636
17  29  1.070627851e-16  0.01702418596  0.999855092  0.01702336364
17  30  1.393164159e-16  0.008078629162  0.9999673681  0.008078541288
17  31  1.128583451e-16  -0.003610330262  0.9999934828  -0.003610322418
17  32  -3.849337304e-17  -0.01797112465  0.9998385237  -0.01797015733
17  33  -1.323186503e-16  -0.03498420232  0.9993881152  -0.03497706659
17  34  -1.854125826e-16  -0.04214843429  0.9991118862  -0.04213595601
17  35  -1.093019723e-16  -0.04309468929  0.9990715676  -0.04308135163
17  36  -1.093019723e-16  -0.04309468929  0.9990715676  -0.04308135163

18  0  -9.19780776e-17  -0.04309468929  0.9990715676  -0.04308135163
18  1  -2.763264004e-16  -0.04214843429  0.9991118862  -0.04213595601
18  2  1.846282515e-16  -0.03498420232  0.9993881152  -0.03497706659
18  3  1.606886035e-16  -0.01797112465  0.9998385237  -0.01797015733
18  4  8.998932071e-17  -0.003610330261  0.9999934828  -0.003610322418
18  5  4.163300834e-17  0.008078629162  0.9999673681  0.008078541288
18  6  7.202822793e-17  0.01702418596  0.999855092  0.01702336364
18  7  -5.655182325e-17  0.002658090765  0.9999964673  0.002658087635
18  8  5.227659986e-17  -0.00557409601  0.9999844648  -0.005574067145
18  9  -4.388391611e-19  -0.006294562408  0.9999801893  -0.006294520841
18  10  -9.389351778e-17  -0.003491134389  0.999993906  -0.003491127297
18  11  -1.487285387e-16  0.01174841401  0.9999309882  0.01174814375
18  12  -1.428107089e-17  0.01415436463  0.9998998287  0.01415389201
18  13  -3.91510919e-17  0.001469613903  0.9999989201  0.001469613374
18  14  1.263437103e-17  -0.00965538562  0.9999533871  -0.009655235598
18  15  1.599768226e-16  -0.0270223308  0.999634919  -0.02701904227
18  16  2.198738982e-17  -0.04007963575  0.9991969189  -0.04006890611
18  17  9.50187482e-17  -0.04252965127  0.9990957507  -0.04251683136
18  18  -2.372385394e-16  -0.04319693493  0.9990671575  -0.04318350211
18  19  3.520152277e-16  -0.04120671311  0.9991511235  -0.04119505265
18  20  1.160422922e-16  -0.02922816478  0.9995728876  -0.02922400343
18  21  -1.114294679e-16  -0.01296390319  0.9999159698  -0.01296354006
18  22  -1.722421517e-16  -0.001310834848  0.9999991409  -0.001310834472
18  23  -9.419323011e-18  0.01471986615  0.9998916647  0.01471933458
18  24  9.632869652e-17  0.01334204863  0.9999109962  0.0133416528
18  25  1.783022739e-16  -0.001948610763  0.9999981015  -0.00194860953
18  26  1.055701448e-17  -0.004408436266  0.9999902829  -0.004408421987
18  27  -1.520587181e-16  -0.004616172273  0.9999893455  -0.004616155879
18  28  -1.005427335e-17  -0.003674047541  0.9999932507  -0.003674039276
18  29  -9.461490789e-17  0.004063427626  0.9999917443  0.004063416444
18  30  3.209863249e-17  0.01929267483  0.9998139021  0.01929147804
18  31  -1.815593377e-17  0.005982468581  0.9999821051  0.005982432895
18  32  -6.897663635e-17  -0.007145325327  0.9999744723  -0.007145264526
18  33  -1.4882142e-16  -0.02126406184  0.9997739284  -0.02126245941
18  34  7.06004347e-17  -0.03647997552  0.9993346795  -0.03647188487
18  35  6.745997579e-17  -0.0428988758  0.9990799843  -0.04288571912
18  36  6.745997579e-17  -0.0428988758  0.9990799843  -0.04288571912

19  0  -8.447956638e-17  -0.0403492164  0.9991860808  -0.04033826881
19  1  6.674835582e-17  -0.04102130961  0.9991587441  -0.04100980583
19  2  2.116797518e-16  -0.03860256732  0.9992550134  -0.03859298072
19  3  -1.92988753e-16  -0.02986430202  0.9995540949  -0.029859863
19  4  -2.248264894e-17  -0.01407163943  0.9999009961  -0.01407117505
19  5  1.8810439e-16  -0.00214666704  0.9999976959  -0.002146665392
19  6  -5.073798001e-17  0.007027458703  0.9999753075  0.007027400861
19  7  -1.285276088e-16  0.01269562656  0.9999194116  0.01269528552
19  8  2.241546858e-16  -0.0001454647419  0.9999999894  -0.0001454647414
19  9  2.05211109e-16  -0.008335192895  0.9999652625  -0.00833509638
19  10  1.276219593e-16  -0.006302457954  0.9999801396  -0.006302416231
19  11  3.119841654e-16  0.007769175874  0.9999698201  0.007769097716
19  12  -1.089904735e-16  0.01119664579  0.9999373182  0.01119641184
19  13  2.856893065e-17  0.001997613992  0.9999980048  0.001997612664
19  14  8.1844285e-17  -0.007283197921  0.9999734776  -0.007283133531
19  15  -6.648617071e-17  -0.02264377779  0.9997436406  -0.02264184278
19  16  3.700235246e-16  -0.03568455075  0.999363374  -0.03567697786
19  17  -1.957131447e-16  -0.04007963575  0.9991969189  -0.04006890611
19  18  -4.307517573e-16  -0.04120671311  0.9991511235  -0.04119505265
19  19  -2.054372224e-16  -0.03809761613  0.9992743736  -0.0380884008
19  20  -1.869495859e-16  -0.02794568847  0.9996095447  -0.02794205119
19  21  2.153749649e-16  -0.01521355683  0.9998842761  -0.01521296997
19  22  1.670550673e-16  -0.005935564214  0.9999823846  -0.005935529361
19  23  -2.482773058e-16  0.007817415008  0.9999694442  0.007817335385
19  24  -5.661581481e-17  0.009615613268  0.9999537703  0.009615465092
19  25  5.782677251e-17  -0.001591411162  0.9999987337  -0.001591410491
19  26  -7.713904041e-17  -0.003404414715  0.999994205  -0.003404408139
19  27  7.437986089e-17  -0.003741490538  0.9999930006  -0.003741481808
19  28  2.59280475e-17  -0.00363185953  0.9999934048  -0.003631851546
19  29  -2.4983774e-16  -0.002697978803  0.9999963605  -0.00269797553
19  30  1.212955438e-18  0.003556291195  0.9999936764  0.003556283698
19  31  2.533404723e-16  0.01508624992  0.9998862047  0.01508567767
19  32  3.293345357e-17  -0.002370829063  0.9999971896  -0.002370826842
19  33  -2.834740044e-17  -0.011182029  0.9999374818  -0.01118179597
19  34  -6.971005876e-18  -0.02215384056  0.9997546137  -0.02215202845
19  35  -1.741603015e-16  -0.0340943567  0.9994188437  -0.03408775173
19  36  -1.741603015e-16  -0.0340943567  0.9994188437  -0.03408775173

20  0  8.91897041e-17  -0.0263157976  0.9996537594  -0.02631276033
20  1  5.358944344e-18  -0.02947381058  0.9995656787  -0.02946954342
20  2  3.6495424e-16  -0.02867406545  0.9995889272  -0.02867013629
20  3  3.87481872e-17  -0.02482044707  0.9996919885  -0.02481789869
20  4  -2.701612599e-16  -0.01855682342  0.9998278271  -0.01855575842
20  5  -6.446033776e-17  -0.01270518616  0.9999192902  -0.01270484435
20  6  -1.842131105e-16  -0.006521676135  0.9999787339  -0.006521629905
20  7  1.80137409e-16  0.002523222666  0.9999968167  0.002523219988
20  8  2.878636652e-16  0.007954881457  0.9999683601  0.00795479756
20  9  2.30625443e-16  -0.001580397802  0.9999987512  -0.001580397144
20  10  -1.161721234e-16  -0.006099795867  0.9999813963  -0.006099758041
20  11  1.968408937e-16  0.004336040167  0.9999905994  0.00433602658
20  12  6.834190003e-17  0.006811256234  0.9999768035  0.006811203568
20  13  -1.135088802e-16  -0.001852504111  0.9999982841  -0.001852503052
20  14  1.941885159e-16  -0.01049666601  0.9999449105  -0.01049647326
20  15  9.347593577e-17  -0.01718467403  0.9998523471  -0.01718382823
20  16  6.006182467e-17  -0.02264377779  0.9997436406  -0.02264184278
20  17  -1.27681878e-16  -0.0270223308  0.999634919  -0.02701904227
20  18  -3.200250957e-17  -0.02922816478  0.9995728876  -0.02922400343
20  19  -6.167731652e-17  -0.02794568847  0.9996095447  -0.02794205119
20  20  -1.091145899e-16  -0.02254049793  0.9997459737  -0.02253858928
20  21  2.231551227e-16  -0.01544489089  0.99988073  -0.01544427685
20  22  1.125498294e-16  -0.01215174202  0.9999261685  -0.01215144296
20  23  -1.160555667e-16  -0.02303447404  0.9997347182  -0.02303243713
20  24  -1.502185751e-16  -0.004559336622  0.9999896062  -0.004559320826
20  25  1.751919502e-16  -0.001773596954  0.9999984272  -0.001773596025
20  26  -2.172253841e-16  -0.002759249406  0.9999961933  -0.002759245904
20  27  8.881386172e-17  -0.003245597757  0.9999947331  -0.003245592058
20  28  2.423313256e-16  -0.00332985415  0.999994456  -0.003329847996
20  29  2.884511352e-16  -0.003021211858  0.9999954361  -0.003021207262
20  30  -9.741037309e-17  -0.002092084772  0.9999978116  -0.002092083246
20  31  3.677947604e-17  0.0009336284471  0.9999995642  0.0009336283115
20  32  -8.216333205e-17  -0.008081955866  0.9999673412  -0.008081867884
20  33  1.758347992e-16  -0.0257926747  0.9996673874  -0.02578981498
20  34  2.660331137e-16  -0.01466425373  0.9998924818  -0.01466372817
20  35  -1.100241638e-16  -0.01983286843  0.9998033351  -0.01983156827
20  36  -1.100241638e-16  -0.01983286843  0.9998033351  -0.01983156827

21  0  1.32148655e-16  -0.0159517898  0.9998727729  -0.01595111329
21  1  1.900927968e-16  -0.01613597216  0.999869818  -0.01613527195
21  2  2.04847535e-17  -0.0145694239  0.9998938678  -0.01456890847
21  3  -2.415471049e-16  -0.01132270064  0.9999358989  -0.01132245871
21  4  -1.637516011e-16  -0.007932569689  0.9999685373  -0.007932486495
21  5  -4.139004393e-17  -0.007288894045  0.9999734361  -0.007288829504
21  6  -3.501069025e-16  -0.01395408932  0.9999026433  -0.01395363648
21  7  -1.364546444e-16  -0.02053161253  0.9997892338  -0.02053017006
21  8  -1.536868458e-17  -0.01148297518  0.9999340714  -0.01148272283
21  9  -2.587083048e-16  0.001995672417  0.9999980086  0.001995671093
21  10  -1.759235886e-16  0.003694454051  0.9999931755  0.003694445647
21  11  -1.850522934e-16  0.004352328276  0.9999905286  0.004352314536
21  12  -1.36222683e-16  -0.002891823509  0.9999958187  -0.002891819479
21  13  -3.674303931e-16  -0.0184536515  0.9998297362  -0.01845260416
21  14  -2.402180265e-17  -0.02164750929  0.9997657018  -0.02164581861
21  15  -3.206272165e-17  -0.01049666601  0.9999449105  -0.01049647326
21  16  -1.015838264e-16  -0.007283197921  0.9999734776  -0.007283133531
21  17  -9.018253049e-17  -0.009655385621  0.9999533871  -0.009655235598
21  18  9.055842147e-17  -0.01296390319  0.9999159698  -0.01296354006
21  19  2.888836751e-16  -0.01521355683  0.9998842761  -0.01521296997
21  20  -4.865626665e-18  -0.01544489089  0.99988073  -0.01544427685
21  21  -1.536222006e-16  -0.01477834067  0.9998908023  -0.01477780274
21  22  -2.43478289e-16  -0.02294804088  0.9997367053  -0.02294602681
21  23  -1.506624759e-16  -0.1449830194  0.9895083593  -0.1444756273
21  24  -2.697654404e-16  -0.03068997806  0.9995290996  -0.0306851606
21  25  2.845847399e-16  -0.001756549911  0.9999984573  -0.001756549008
21  26  7.625603051e-17  -0.002007647409  0.9999979847  -0.002007646061
21  27  -2.146941578e-16  -0.002856926386  0.999995919  -0.0028569225
21  28  1.282223683e-16  -0.003261580251  0.9999946811  -0.003261574468
21  29  3.445728357e-16  -0.00311480521  0.999995149  -0.003114800173
21  30  1.405293541e-16  -0.002409008509  0.9999970983  -0.002409006179
21  31  -8.061441083e-17  -0.001330040549  0.9999991155  -0.001330040157
21  32  1.710163167e-16  -0.00357941683  0.9999935939  -0.003579409187
21  33  -1.651371623e-16  -0.08017583621  0.996787639  -0.08008996657
21  34  1.493427748e-17  -0.1042303637  0.9945729316  -0.1040417403
21  35  2.638324026e-16  -0.01938227376  0.9998121696  -0.01938106022
21  36  2.638324026e-16  -0.01938227376  0.9998121696  -0.01938106022

22  0  -7.3324384e-17  -0.05957082217  0.9982261832  -0.05953559543
22  1  1.796042116e-16  -0.01873691975  0.9998244691  -0.01873582344
22  2  1.631383018e-16  -0.009591932619  0.9999539978  -0.009591785535
22  3  5.292499515e-17  -0.003504381257  0.9999938597  -0.003504374084
22  4  -2.253704716e-16  0.0005568451979  0.999999845  0.0005568451691
22  5  8.839259084e-17  0.002283905356  0.9999973919  0.002283903371
22  6  -1.072083831e-16  0.0008303768655  0.9999996552  0.0008303767701
22  7  -2.745192391e-17  -0.008169020535  0.9999666337  -0.008168929678
22  8  2.272263978e-16  -0.0275011582  0.999621867  -0.02749769175
22  9  -1.384530844e-16  -0.03721080643  0.9993077578  -0.03720221973
22  10  2.896981102e-16  -0.02322401959  0.9997303346  -0.02322193198
22  11  1.185296643e-16  -0.01811647934  0.9998359011  -0.01811548836
22  12  -9.165481459e-18  -0.03937377167  0.9992249532  -0.03936359897
22  13  -2.446431741e-16  -0.04466031455  0.9990028939  -0.04464546987
22  14  -1.346591437e-16  -0.0184536515  0.9998297362  -0.01845260416
22  15  4.144796819e-17  -0.001852504111  0.9999982841  -0.001852503051
22  16  1.554142175e-16  0.001997613992  0.9999980048  0.001997612664
22  17  1.842903295e-16  0.001469613903  0.9999989201  0.001469613374
22  18  3.2875911e-17  -0.001310834848  0.9999991409  -0.001310834473
22  19  1.796240657e-16  -0.005935564213  0.9999823846  -0.005935529361
22  20  -1.162534741e-16  -0.01215174202  0.9999261685  -0.01215144296
22  21  -1.050302607e-16  -0.02294804088  0.9997367053  -0.02294602681
22  22  9.940085009e-17  -0.09515543748  0.9954761364  -0.09501190409
22  23  -1.060174657e-16  -0.5755779061  0.8388778769  -0.5443196742
22  24  -1.165168491e-16  -0.03433749553  0.9994105261  -0.03433074824
22  25  2.254396999e-16  -0.0004220192961  0.9999999109  -0.0004220192836
22  26  3.731119519e-16  -0.0004919214917  0.999999879  -0.0004919214719
22  27  9.870695005e-17  -0.002116533095  0.9999977601  -0.002116531514
22  28  4.058754794e-17  -0.003331855285  0.9999944494  -0.00333184912
22  29  9.960700624e-17  -0.003600008996  0.99999352  -0.00360000122
22  30  4.30452585e-16  -0.002819760335  0.9999960245  -0.002819756598
22  31  1.213803846e-16  -0.001218032323  0.9999992582  -0.001218032021
22  32  1.345075372e-17  0.000295946003  0.9999999562  0.0002959459987
22  33  -1.493630861e-16  -0.006003408573  0.9999819796  -0.006003372512
22  34  2.671082037e-17  -0.2197597451  0.9759498519  -0.2179951526
22  35  -9.88114726e-17  -0.4325427603  0.9079028098  -0.4191807343
22  36  -9.88114726e-17  -0.4325427603  0.9079028098  -0.4191807343

23  0  -1.821647154e-17  -0.5532177249  0.8508382478  -0.5254277077
23  1  4.667971347e-17  -0.2838882908  0.9599736249  -0.2800904131
23  2  2.613170991e-16  -0.07313050811  0.9973271559  -0.07306534102
23  3  4.96810236e-17  -0.003268996803  0.9999946568  -0.003268990981
23  4  2.625727675e-17  0.01397716624  0.999902321  0.01397671115
23  5  -3.870624935e-17  0.01590325802  0.9998735459  0.01590258767
23  6  -3.287492472e-16  0.01338948553  0.9999103622  0.01338908546
23  7  6.403123227e-17  0.009375290725  0.9999560523  0.009375153384
23  8  -2.252698547e-16  0.003089689357  0.9999952269  0.003089684441
23  9  -1.27585324e-16  -0.01146049841  0.9999343292  -0.01146024753
23  10  -1.176456797e-16  -0.04805897342  0.9988453898  -0.04804047553
23  11  9.765155554e-17  -0.1286708089  0.9917333263  -0.1283160532
23  12  1.518000519e-16  -0.1292093914  0.9916640737  -0.1288501648
23  13  -5.501718948e-17  -0.03937377167  0.9992249532  -0.03936359897
23  14  -7.204195082e-17  -0.002891823509  0.9999958187  -0.002891819479
23  15  -3.310284992e-16  0.006811256234  0.9999768035  0.006811203568
23  16  2.067840657e-16  0.01119664579  0.9999373182  0.01119641184
23  17  1.403858242e-16  0.01415436463  0.9998998287  0.01415389201
23  18  5.369793328e-17  0.01471986615  0.9998916647  0.01471933458
23  19  2.423827783e-17  0.007817415008  0.9999694442  0.007817335385
23  20  -9.406832746e-17  -0.02303447404  0.9997347182  -0.02303243713
23  21  1.133492843e-16  -0.1449830194  0.9895083593  -0.1444756273
23  22  2.767070644e-16  -0.5755779061  0.8388778769  -0.5443196742
23  23  2.950508351e-16  -0.3365053667  0.9439143216  -0.3301904807
23  24  5.473095768e-17  -0.006945655421  0.999975879  -0.006945599575
23  25  -4.787219581e-19  0.003538696413  0.9999937388  0.003538689028
23  26  -2.451109465e-16  0.003098040747  0.9999952011  0.003098035791
23  27  -1.751709189e-16  0.0003847928233  0.999999926  0.0003847928138
23  28  -1.77802626e-16  -0.002790044571  0.9999961078  -0.002790040951
23  29  -2.610381276e-16  -0.004560346055  0.9999896016  -0.004560330248
23  30  1.739245501e-16  -0.003995988287  0.999992016  -0.003995977653
23  31  2.324060695e-17  -0.001320514874  0.9999991281  -0.00132051449
23  32  -2.672387759e-16  0.002033864124  0.9999979317  0.002033862722
23  33  -2.485604481e-16  0.003978751972  0.9999920848  0.003978741475
23  34  1.267885711e-16  0.0002303960376  0.9999999735  0.0002303960355
23  35  -2.241688613e-16  -0.1739328651  0.984911775  -0.1730572026
23  36  -2.241688613e-16  -0.1739328651  0.984911775  -0.1730572026

24  0  -1.469653757e-16  -0.002383900523  0.9999971585  -0.002383898265
24  1  -1.289789872e-16  -0.0304123542  0.99953758  -0.03040766629
24  2  5.321562821e-17  -0.03365885807  0.9994335941  -0.03365250298
24  3  3.006435978e-16  -0.008692131792  0.9999622237  -0.008692022339
24  4  1.967443718e-16  0.007522457353  0.9999717065  0.007522386408
24  5  5.01181278e-16  0.01307933827  0.9999144667  0.01307896536
24  6  1.070403021e-16  0.01282245315  0.9999177935  0.01282210179
24  7  1.593917622e-16  0.009612694357  0.9999537984  0.009612546316
24  8  1.30320369e-16  0.005592465263  0.9999843622  0.005592436112
24  9  -2.857765229e-16  0.004358343993  0.9999905024  0.004358330196
24  10  -2.467060264e-16  0.00704590953  0.9999751777  0.007045851231
24  11  -6.480382227e-17  -0.04241285068  0.9991007099  -0.0424001361
24  12  2.937115536e-16  -0.1286708089  0.9917333263  -0.1283160532
24  13  8.877006579e-17  -0.01811647934  0.9998359011  -0.01811548836
24  14  -3.358839083e-17  0.004352328277  0.9999905286  0.004352314536
24  15  -1.761216176e-16  0.004336040167  0.9999905994  0.00433602658
24  16  -3.027148039e-16  0.007769175874  0.9999698201  0.007769097717
24  17  -4.93269368e-17  0.01174841401  0.9999309882  0.01174814375
24  18  -9.643378706e-17  0.01334204863  0.9999109962  0.0133416528
24  19  -1.955282124e-16  0.009615613267  0.9999537703  0.009615465091
24  20  -1.094338635e-16  -0.004559336623  0.9999896062  -0.004559320826
24  21  -2.253232936e-16  -0.03068997806  0.9995290996  -0.0306851606
24  22  4.325244451e-16  -0.03433749553  0.9994105261  -0.03433074824
24  23  2.422297915e-16  -0.006945655421  0.999975879  -0.006945599575
24  24  2.272148121e-16  0.006592562463  0.9999782691  0.006592514709
24  25  2.140344232e-16  0.0102639268  0.9999473264  0.01026374659
24  26  -6.560555776e-17  0.01168592051  0.9999317204  0.01168565454
24  27  -3.453339664e-16  0.01019724192  0.9999480086  0.0101970652
24  28  -3.740815063e-16  0.003403648387  0.9999942076  0.003403641815
24  29  -3.385658901e-16  -0.003504496506  0.9999938593  -0.003504489332
24  30  3.358977835e-16  -0.005155507194  0.9999867104  -0.005155484355
24  31  -5.53525841e-17  -0.000894874503  0.9999995996  -0.0008948743835
24  32  1.479553111e-16  0.007161979196  0.9999743531  0.007161917969
24  33  4.143293642e-18  0.01216978405  0.9999259491  0.01216948366
24  34  -1.415321987e-17  0.01165342146  0.9999320997  0.0116531577
24  35  -1.518862675e-17  0.008560321005  0.9999633607  0.008560216456
24  36  -1.518862675e-17  0.008560321005  0.9999633607  0.008560216456

25  0  -2.401145254e-16  0.01484246037  0.9998898527  0.01484191541
25  1  -4.358712222e-17  0.006495756731  0.9999789026  0.00649571105
25  2  6.943908492e-17  0.001230033134  0.9999992435  0.001230032824
25  3  -4.446108431e-18  -0.0009669075722  0.9999995325  -0.0009669074216
25  4  -2.533726865e-17  -0.001376299802  0.9999990529  -0.001376299368
25  5  -6.557815799e-17  -0.001244090121  0.9999992261  -0.0012440898
25  6  -3.079876343e-17  -0.001346985089  0.9999990928  -0.001346984681
25  7  -4.732364004e-17  -0.002279908479  0.999997401  -0.002279906504
25  8  2.365622522e-16  -0.004451171414  0.9999900936  -0.004451156715
25  9  -5.806287945e-18  -0.006480965917  0.9999789986  -0.006480920548
25  10  3.22031168e-16  -0.0008189282969  0.9999996647  -0.0008189282054
25  11  7.596831653e-17  0.00704590953  0.9999751777  0.007045851231
25  12  3.643015474e-16  -0.04805897342  0.9988453898  -0.04804047553
25  13  -5.612451937e-17  -0.02322401959  0.9997303346  -0.02322193198
25  14  -8.495935427e-17  0.003694454051  0.9999931755  0.003694445647
25  15  1.124910193e-16  -0.006099795867  0.9999813963  -0.006099758041
25  16  -3.853993726e-18  -0.006302457954  0.9999801396  -0.00630241623
25  17  9.13858881e-18  -0.003491134389  0.999993906  -0.003491127297
25  18  -1.302631574e-16  -0.001948610763  0.9999981015  -0.00194860953
25  19  -1.052667264e-17  -0.001591411163  0.9999987337  -0.001591410491
25  20  -3.838993744e-17  -0.001773596954  0.9999984272  -0.001773596024
25  21  5.260386323e-17  -0.001756549911  0.9999984573  -0.001756549007
25  22  2.66720608e-16  -0.0004220192962  0.9999999109  -0.0004220192837
25  23  -3.064927435e-16  0.003538696413  0.9999937388  0.003538689028
25  24  1.17958919e-16  0.0102639268  0.9999473264  0.01026374659
25  25  2.377093757e-16  0.01915684119  0.9998165133  0.0191556695
25  26  1.889388541e-16  0.03411066513  0.9994182877  0.03410405068
25  27  1.404787742e-16  0.0560318539  0.9984306263  0.0560025392
25  28  1.570879415e-16  0.04120960602  0.9991510043  0.0411979431
25  29  -3.958713914e-17  0.01126320337  0.9999365708  0.01126296523
25  30  -3.319068166e-17  0.001381978899  0.9999990451  0.001381978459
25  31  -3.096283193e-16  0.003899372914  0.9999923975  0.003899363032
25  32  6.661903559e-17  0.02081000677  0.9997834796  0.02080850482
25  33  -2.884456748e-17  0.05146857277  0.9986757854  0.05144585229
25  34  -1.891623513e-16  0.0511576788  0.9986917313  0.05113536752
25  35  3.084841794e-17  0.02790151901  0.9996107779  0.02789789895
25  36  3.084841794e-17  0.02790151901  0.9996107779  0.02789789895

26  0  -3.152020728e-16  0.07645617546  0.9970786501  0.0763817092
26  1  3.497149997e-17  0.02244110116  0.9997482091  0.02243921764
26  2  2.982230305e-16  0.00696831134  0.9999757214  0.006968254947
26  3  2.625411743e-16  0.001067287207  0.9999994304  0.001067287005
26  4  -1.108177581e-16  -0.001328265705  0.9999991179  -0.001328265314
26  5  -2.909926783e-16  -0.002372394481  0.9999971859  -0.002372392255
26  6  3.220713929e-17  -0.003017822394  0.9999954464  -0.003017817814
26  7  2.660630891e-16  -0.003778857779  0.9999928601  -0.003778848786
26  8  3.026457573e-17  -0.005097258825  0.999987009  -0.005097236753
26  9  -5.35097893e-18  -0.007204372753  0.9999740486  -0.007204310431
26  10  1.412609702e-17  -0.006480965917  0.9999789986  -0.006480920548
26  11  -1.938350714e-16  0.004358343993  0.9999905024  0.004358330196
26  12  2.121518272e-16  -0.01146049841  0.9999343292  -0.01146024753
26  13  -4.483380897e-17  -0.03721080643  0.9993077578  -0.03720221973
26  14  9.336156049e-17  0.001995672418  0.9999980086  0.001995671093
26  15  -6.941110252e-17  -0.001580397802  0.9999987512  -0.001580397144
26  16  -6.613913574e-17  -0.008335192895  0.9999652625  -0.00833509638
26  17  -2.677421544e-16  -0.006294562408  0.9999801893  -0.006294520841
26  18  -1.86168932e-16  -0.004408436266  0.9999902829  -0.004408421987
26  19  4.38807017e-17  -0.003404414715  0.999994205  -0.003404408139
26  20  5.70999758e-17  -0.002759249406  0.9999961933  -0.002759245904
26  21  3.147943061e-16  -0.002007647409  0.9999979847  -0.002007646061
26  22  1.511151614e-16  -0.0004919214917  0.999999879  -0.0004919214719
26  23  1.446788193e-17  0.003098040747  0.9999952011  0.003098035791
26  24  -7.048528439e-17  0.01168592051  0.9999317204  0.01168565454
26  25  7.515514597e-17  0.03411066513  0.9994182877  0.03410405068
26  26  1.993338313e-17  0.1162661541  0.9932487011  0.116004387
26  27  -2.881976857e-16  0.2783748565  0.9615032866  0.2747934314
26  28  6.980757869e-17  0.1143281979  0.9934716472  0.1140792978
26  29  9.800029711e-17  0.02356286072  0.9997224086  0.0235606804
26  30  -1.315470024e-16  0.007315735607  0.9999732401  0.007315670351
26  31  1.360570162e-16  0.005578144974  0.9999844422  0.005578116046
26  32  2.659806146e-16  0.01309901682  0.9999142091  0.01309864223
26  33  2.180416269e-16  0.05322143249  0.9985840738  0.05319631091
26  34  9.88983352e-17  0.1829930414  0.9833034439  0.1819734521
26  35  -2.568300425e-16  0.2296757842  0.9737402577  0.2276618335
26  36  -2.568300425e-16  0.2296757842  0.9737402577  0.2276618335

27  0  -2.670982223e-16  0.344101812  0.9413788372  0.3373512782
27  1  4.14772442e-17  0.1422022615  0.9899062848  0.141723489
27  2  -1.060684843e-16  0.0277991398  0.9996136288  0.02779555945
27  3  1.38331416e-16  0.003931592589  0.9999922713  0.003931582461
27  4  -1.102215036e-16  -0.001307894925  0.9999991447  -0.001307894552
27  5  -1.214513219e-16  -0.002628127576  0.9999965465  -0.002628124551
27  6  2.717781889e-16  -0.00308227481  0.9999952498  -0.003082269929
27  7  1.259515896e-16  -0.003469653108  0.9999939808  -0.003469646147
27  8  1.202967842e-16  -0.004096224794  0.9999916105  -0.004096213338
27  9  -7.406617963e-18  -0.005097258825  0.999987009  -0.005097236753
27  10  9.421480454e-17  -0.004451171414  0.9999900936  -0.004451156715
27  11  1.961060508e-16  0.005592465263  0.9999843622  0.005592436111
27  12  2.029255822e-16  0.003089689357  0.9999952269  0.003089684441
27  13  1.74070033e-16  -0.0275011582  0.999621867  -0.02749769175
27  14  9.25819477e-18  -0.01148297518  0.9999340714  -0.01148272283
27  15  3.326087156e-17  0.007954881457  0.9999683601  0.007954797559
27  16  1.335242826e-16  -0.0001454647428  0.9999999894  -0.0001454647423
27  17  -2.825101316e-16  -0.005574096011  0.9999844648  -0.005574067146
27  18  6.360773036e-17  -0.004616172273  0.9999893455  -0.004616155879
27  19  1.670983558e-16  -0.003741490538  0.9999930006  -0.003741481808
27  20  -8.778256107e-17  -0.003245597757  0.9999947331  -0.003245592058
27  21  -3.458967192e-16  -0.002856926386  0.999995919  -0.0028569225
27  22  -2.401603344e-16  -0.002116533095  0.9999977601  -0.002116531514
27  23  3.777418517e-17  0.0003847928233  0.999999926  0.0003847928138
27  24  -1.97735459e-16  0.01019724192  0.9999480086  0.0101970652
27  25  1.224653872e-16  0.0560318539  0.9984306263  0.0560025392
27  26  -1.717247757e-16  0.2783748565  0.9615032866  0.2747934314
27  27  -1.735120755e-16  0.3451182096  0.9410354679  0.338307919
27  28  -7.7656596e-17  0.068574347  0.9976497007  0.06852061516
27  29  -7.149850708e-18  0.01503053479  0.9998870436  0.01502996885
27  30  1.26905595e-18  0.005465096766  0.9999850664  0.005465069562
27  31  1.552614554e-16  0.003243070192  0.9999947413  0.003243064507
27  32  -1.000328664e-16  0.004052055534  0.9999917904  0.004052044446
27  33  4.70940969e-17  0.009642040897  0.9999535159  0.009641891496
27  34  1.580060381e-16  0.03881420988  0.9992468231  0.03880446473
27  35  -8.621919786e-18  0.2104994039  0.9779266871  0.2089483063
27  36  -8.621919786e-18  0.2104994039  0.9779266871  0.2089483063

28  0  1.299986722e-16  0.04912454045  0.9987936324  0.04910478477
28  1  2.376921839e-16  0.1067949399  0.9943028382  0.1065920535
28  2  4.487872391e-17  0.06897413677  0.9976222271  0.06891945982
28  3  -1.288502808e-16  0.01450491032  0.9998948056  0.0145044017
28  4  5.119236968e-17  -0.001532045917  0.9999988264  -0.001532045318
28  5  -5.839872247e-17  -0.003480651862  0.9999939425  -0.003480644834
28  6  -2.846961328e-17  -0.00339810135  0.9999942265  -0.00339809481
28  7  -2.116464006e-16  -0.003313306244  0.999994511  -0.003313300182
28  8  1.782384617e-16  -0.003469653108  0.9999939808  -0.003469646147
28  9  -4.659315146e-17  -0.003778857779  0.9999928601  -0.003778848786
28  10  2.087227029e-16  -0.002279908479  0.999997401  -0.002279906504
28  11  8.044429266e-17  0.009612694357  0.9999537984  0.009612546316
28  12  -8.936355457e-17  0.009375290725  0.9999560523  0.009375153383
28  13  2.621073257e-16  -0.008169020535  0.9999666337  -0.008168929678
28  14  -2.241415055e-16  -0.02053161253  0.9997892338  -0.02053017006
28  15  -1.679111959e-16  0.002523222665  0.9999968167  0.002523219988
28  16  7.430186416e-17  0.01269562656  0.9999194116  0.01269528552
28  17  1.653974161e-18  0.002658090766  0.9999964673  0.002658087635
28  18  -2.060488392e-17  -0.003674047541  0.9999932507  -0.003674039276
28  19  -1.417312647e-16  -0.00363185953  0.9999934048  -0.003631851546
28  20  5.672520739e-17  -0.003329854149  0.999994456  -0.003329847996
28  21  -2.200512828e-16  -0.003261580251  0.9999946811  -0.003261574468
28  22  -2.474757007e-16  -0.003331855285  0.9999944494  -0.00333184912
28  23  1.224868468e-16  -0.002790044571  0.9999961078  -0.002790040951
28  24  1.48230575e-16  0.003403648387  0.9999942076  0.003403641815
28  25  1.532975623e-16  0.04120960602  0.9991510043  0.0411979431
28  26  2.629170668e-17  0.1143281979  0.9934716472  0.1140792978
28  27  -2.206102984e-16  0.068574347  0.9976497007  0.06852061516
28  28  -5.853166174e-17  0.02236848266  0.9997498359  0.02236661736
28  29  3.969937756e-17  0.01235854301  0.9999236342  0.01235822842
28  30  2.033000693e-16  0.005420703975  0.999985308  0.005420677428
28  31  1.925279722e-16  -0.01624872422  0.9998679924  -0.01624800923
28  32  -9.496249358e-17  -0.03654876274  0.9993321683  -0.03654062623
28  33  3.786525627e-17  -0.01297971656  0.9999157647  -0.01297935211
28  34  1.139893939e-16  0.008345853642  0.9999651736  0.008345756756
28  35  -5.518883885e-17  0.01794563298  0.9998389814  0.01794466978
28  36  -5.518883885e-17  0.01794563298  0.9998389814  0.01794466978

29  0  2.371965023e-16  0.07281924214  0.9973498504  0.07275490347
29  1  -9.184331994e-18  0.01377731335  0.9999050943  0.0137768775
29  2  1.049751454e-16  0.02190449945  0.999760106  0.02190274784
29  3  -1.809051537e-16  0.01891596576  0.9998210985  0.01891483772
29  4  -4.719097399e-16  0.0006595840221  0.9999997825  0.0006595839743
29  5  -3.078256524e-16  -0.005347611636  0.9999857016  -0.005347586148
29  6  1.812004058e-16  -0.004313163341  0.9999906983  -0.004313149968
29  7  -2.591428573e-16  -0.00339810135  0.9999942265  -0.00339809481
29  8  -5.063613939e-17  -0.00308227481  0.9999952498  -0.003082269929
29  9  -8.312459588e-17  -0.003017822394  0.9999954464  -0.003017817814
29  10  -1.269204292e-17  -0.001346985089  0.9999990928  -0.001346984681
29  11  2.51209122e-16  0.01282245315  0.9999177935  0.01282210179
29  12  4.498940818e-18  0.01338948553  0.9999103622  0.01338908546
29  13  -1.251566901e-16  0.0008303768655  0.9999996552  0.0008303767701
29  14  -2.003358499e-16  -0.01395408932  0.9999026433  -0.01395363648
29  15  8.712423024e-19  -0.006521676135  0.9999787339  -0.006521629905
29  16  -2.523944235e-16  0.007027458703  0.9999753075  0.007027400861
29  17  2.835471792e-16  0.01702418596  0.999855092  0.01702336364
29  18  -1.968887559e-16  0.004063427626  0.9999917443  0.004063416443
29  19  -9.484965311e-17  -0.002697978803  0.9999963605  -0.00269797553
29  20  1.344298274e-16  -0.003021211858  0.9999954361  -0.003021207262
29  21  -1.37199464e-16  -0.00311480521  0.999995149  -0.003114800173
29  22  -1.779614914e-16  -0.003600008996  0.99999352  -0.00360000122
29  23  -2.489429334e-16  -0.004560346055  0.9999896016  -0.004560330248
29  24  -9.489134805e-17  -0.003504496506  0.9999938593  -0.003504489332
29  25  -1.728024594e-16  0.01126320337  0.9999365708  0.01126296523
29  26  1.51741422e-16  0.02356286072  0.9997224086  0.0235606804
29  27  1.280758965e-16  0.01503053479  0.9998870436  0.01502996885
29  28  8.87105918e-17  0.01235854301  0.9999236342  0.01235822842
29  29  2.396616345e-16  0.132115701  0.9912854076  0.1317316994
29  30  3.175881878e-16  0.01206453908  0.9999272243  0.01206424641
29  31  2.234087867e-16  -0.3371531967  0.9437002162  -0.3308019073
29  32  1.636200659e-16  -1.296907793  0.2704770663  -0.9627264183
29  33  -1.511609383e-16  -0.4873144068  0.8835935849  -0.4682546068
29  34  -2.303942199e-16  -0.06100961492  0.9981394906  -0.0609717739
29  35  -3.299697465e-16  0.06724430238  0.9977399537  0.06719363633
29  36  -3.299697465e-16  0.06724430238  0.9977399537  0.06719363633

30  0  -1.658445415e-16  -0.008792265429  0.9999613483  -0.00879215215
30  1  -1.264648959e-16  0.01362678944  0.9999071567  0.01362636772
30  2  3.030845079e-16  0.005463669794  0.9999850742  0.005463642611
30  3  -7.520498396e-17  0.00726371142  0.9999736194  0.007263647546
30  4  1.293212651e-16  0.005768854097  0.9999833602  0.005768822099
30  5  -1.3868768e-17  -0.003508820681  0.9999938441  -0.003508813481
30  6  2.101016764e-16  -0.005347611636  0.9999857016  -0.005347586148
30  7  -1.396170001e-16  -0.003480651862  0.9999939425  -0.003480644834
30  8  -2.02639229e-16  -0.002628127576  0.9999965465  -0.002628124551
30  9  1.632065718e-16  -0.002372394481  0.9999971859  -0.002372392255
30  10  -1.311721084e-16  -0.001244090121  0.9999992261  -0.0012440898
30  11  -1.37188923e-16  0.01307933827  0.9999144667  0.01307896536
30  12  1.621208361e-16  0.01590325802  0.9998735459  0.01590258767
30  13  -1.403074955e-16  0.002283905356  0.9999973919  0.002283903371
30  14  5.104246635e-18  -0.007288894045  0.9999734361  -0.007288829504
30  15  6.265992175e-17  -0.01270518616  0.9999192902  -0.01270484435
30  16  4.920316114e-17  -0.00214666704  0.9999976959  -0.002146665392
30  17  -9.413090523e-17  0.008078629162  0.9999673681  0.008078541288
30  18  -3.225164821e-17  0.01929267483  0.9998139021  0.01929147804
30  19  9.210192424e-17  0.003556291196  0.9999936764  0.003556283699
30  20  -2.142683381e-17  -0.002092084772  0.9999978116  -0.002092083246
30  21  1.634826875e-17  -0.002409008509  0.9999970983  -0.002409006179
30  22  -2.793445157e-16  -0.002819760335  0.9999960245  -0.002819756598
30  23  -1.864516026e-16  -0.003995988287  0.999992016  -0.003995977653
30  24  -2.252216149e-16  -0.005155507194  0.9999867104  -0.005155484355
30  25  1.34461633e-17  0.001381978899  0.9999990451  0.001381978459
30  26  -1.561641062e-16  0.007315735607  0.9999732401  0.007315670351
30  27  -3.537358296e-16  0.005465096766  0.9999850664  0.005465069562
30  28  -8.196128207e-17  0.005420703974  0.999985308  0.005420677427
30  29  -2.778073225e-16  0.01206453907  0.9999272243  0.0120642464
30  30  -8.693387269e-17  -0.01995743467  0.999800857  -0.01995610985
30  31  1.045462214e-16  -0.01712264444  0.9998534111  -0.01712180776
30  32  1.188224183e-16  -0.01486244144  0.999889556  -0.01486189428
30  33  5.181800871e-17  -0.0142404023  0.9998986072  -0.01423992101
30  34  -1.453700054e-17  -0.01586180209  0.9998742043  -0.01586113697
30  35  -2.711958141e-16  -0.01882252014  0.9998228616  -0.01882140873
30  36  -2.711958141e-16  -0.01882252014  0.9998228616  -0.01882140873

31  0  -1.869371908e-16  -0.01925686784  0.9998145923  -0.0192556777
31  1  2.118660674e-17  -0.08016654372  0.9967883832  -0.08008070392
31  2  6.676765375e-17  -0.2809172128  0.9608015571  -0.2772370246
31  3  1.968971993e-17  0.0007816209092  0.9999996945  0.0007816208296
31  4  2.479903344e-16  0.004717135444  0.9999888743  0.00471711795
31  5  -4.784001067e-16  0.005768854097  0.9999833602  0.005768822099
31  6  -2.946310188e-17  0.0006595840216  0.9999997825  0.0006595839738
31  7  -2.017447886e-16  -0.001532045917  0.9999988264  -0.001532045317
31  8  -1.724183736e-16  -0.001307894925  0.9999991447  -0.001307894552
31  9  1.387016101e-16  -0.001328265705  0.9999991179  -0.001328265314
31  10  1.254450611e-16  -0.001376299802  0.9999990529  -0.001376299368
31  11  1.385902005e-16  0.007522457354  0.9999717065  0.007522386408
31  12  1.499587475e-17  0.01397716624  0.999902321  0.01397671115
31  13  -3.44858358e-16  0.0005568451977  0.999999845  0.0005568451689
31  14  -2.143908687e-16  -0.007932569689  0.9999685373  -0.007932486495
31  15  4.33151455e-16  -0.01855682342  0.9998278271  -0.01855575842
31  16  9.177136045e-17  -0.01407163943  0.9999009961  -0.01407117505
31  17  6.019273239e-19  -0.003610330262  0.9999934828  -0.003610322418
31  18  -1.607683033e-16  0.005982468581  0.9999821051  0.005982432896
31  19  6.140063425e-17  0.01508624992  0.9998862047  0.01508567767
31  20  1.789498465e-16  0.0009336284463  0.9999995642  0.0009336283107
31  21  2.841090122e-16  -0.001330040549  0.9999991155  -0.001330040157
31  22  -5.961368747e-17  -0.001218032323  0.9999992582  -0.001218032021
31  23  1.307259294e-16  -0.001320514874  0.9999991281  -0.00132051449
31  24  1.876251569e-16  -0.0008948745027  0.9999995996  -0.0008948743833
31  25  2.636756912e-17  0.003899372914  0.9999923975  0.003899363032
31  26  -1.926636007e-16  0.005578144974  0.9999844422  0.005578116046
31  27  -4.498577057e-17  0.003243070192  0.9999947413  0.003243064507
31  28  1.259891874e-16  -0.01624872422  0.9998679924  -0.01624800923
31  29  -1.800100636e-16  -0.3371531967  0.9437002162  -0.3308019073
31  30  -4.126636061e-17  -0.01712264444  0.9998534111  -0.01712180776
31  31  -1.248236584e-16  -0.02082613006  0.999783144  -0.02082462462
31  32  -1.004901796e-16  -0.02192184871  0.9997597259  -0.02192009293
31  33  -1.006218728e-16  -0.02103302393  0.9997788141  -0.02103147317
31  34  -7.032953093e-17  -0.02138663969  0.9997713145  -0.0213850094
31  35  -3.08261913e-16  -0.0219487681  0.9997591355  -0.02194700585
31  36  -3.08261913e-16  -0.0219487681  0.9997591355  -0.02194700585

32  0  -1.350540698e-16  -0.02660716099  0.9996460504  -0.02660402172
32  1  -1.229978364e-16  -0.0179691061  0.99983856  -0.01796813911
32  2  -2.863721071e-16  -0.2293283932  0.9738192867  -0.2273235512
32  3  -1.041028282e-17  -1.110810638  0.4439352837  -0.8960588507
32  4  -1.535519044e-16  0.0007816209091  0.9999996945  0.0007816208295
32  5  9.481922986e-17  0.00726371142  0.9999736194  0.007263647546
32  6  1.685683129e-16  0.01891596576  0.9998210985  0.01891483772
32  7  -5.929459334e-17  0.01450491032  0.9998948056  0.0145044017
32  8  -1.576467161e-16  0.003931592589  0.9999922713  0.003931582461
32  9  4.858381996e-17  0.001067287207  0.9999994304  0.001067287005
32  10  -5.479916487e-17  -0.0009669075722  0.9999995325  -0.0009669074215
32  11  -7.292835423e-17  -0.008692131793  0.9999622237  -0.008692022341
32  12  3.146917811e-16  -0.003268996804  0.9999946568  -0.003268990982
32  13  3.70259131e-16  -0.003504381257  0.9999938597  -0.003504374084
32  14  1.321332589e-16  -0.01132270064  0.9999358989  -0.01132245871
32  15  2.683992165e-16  -0.02482044707  0.9996919885  -0.02481789869
32  16  -3.735753255e-17  -0.02986430202  0.9995540949  -0.029859863
32  17  1.514273535e-16  -0.01797112465  0.9998385237  -0.01797015733
32  18  1.180586562e-16  -0.007145325327  0.9999744723  -0.007145264526
32  19  2.06946877e-16  -0.002370829064  0.9999971896  -0.002370826843
32  20  7.440667245e-17  -0.008081955868  0.9999673412  -0.008081867885
32  21  -6.226011847e-17  -0.003579416831  0.9999935939  -0.003579409187
32  22  1.113406765e-16  0.000295946003  0.9999999562  0.0002959459986
32  23  2.568718429e-16  0.002033864124  0.9999979317  0.002033862722
32  24  4.588297276e-17  0.007161979196  0.9999743531  0.007161917969
32  25  1.304901258e-17  0.02081000677  0.9997834796  0.02080850482
32  26  -8.65611224e-17  0.01309901682  0.9999142091  0.01309864223
32  27  8.603716506e-17  0.004052055534  0.9999917904  0.004052044446
32  28  6.262159477e-17  -0.03654876274  0.9993321683  -0.03654062623
32  29  -1.981385291e-16  -1.296907793  0.2704770663  -0.9627264183
32  30  -4.263751999e-16  -0.01486244144  0.999889556  -0.01486189428
32  31  -1.892032534e-17  -0.02192184871  0.9997597259  -0.02192009293
32  32  -8.035139638e-18  -0.03014291584  0.9995457367  -0.03013835143
32  33  -1.580398475e-17  -0.03339149069  0.999442556  -0.03338528583
32  34  -2.297804634e-16  -0.03355975614  0.9994369242  -0.03355345701
32  35  5.196175746e-17  -0.03243906655  0.9994738996  -0.03243337761
32  36  5.196175746e-17  -0.03243906655  0.9994738996  -0.03243337761

33  0  -1.408718815e-16  -0.03936742277  0.9992252031  -0.03935725499
33  1  -1.199482226e-16  -0.02702437612  0.9996348638  -0.02702108685
33  2  -8.038695971e-17  -0.0169934512  0.9998556148  -0.01699263332
33  3  -5.460065235e-17  -0.2293283932  0.9738192867  -0.2273235512
33  4  7.599616534e-19  -0.2809172128  0.9608015571  -0.2772370246
33  5  -1.689932817e-16  0.005463669794  0.9999850742  0.005463642611
33  6  -1.61358342e-16  0.02190449945  0.999760106  0.02190274784
33  7  2.576869745e-16  0.06897413677  0.9976222271  0.06891945982
33  8  -1.705484776e-16  0.0277991398  0.9996136288  0.02779555945
33  9  -1.336637844e-16  0.00696831134  0.9999757214  0.006968254947
33  10  -2.706984792e-16  0.001230033134  0.9999992435  0.001230032824
33  11  -1.563069502e-16  -0.03365885808  0.9994335941  -0.03365250298
33  12  -6.314638538e-17  -0.07313050812  0.9973271559  -0.07306534102
33  13  -9.87519279e-17  -0.009591932619  0.9999539978  -0.009591785535
33  14  1.267566764e-16  -0.0145694239  0.9998938678  -0.01456890847
33  15  -6.204439805e-17  -0.02867406545  0.9995889272  -0.02867013629
33  16  1.554219165e-16  -0.03860256732  0.9992550134  -0.03859298072
33  17  -4.43986648e-16  -0.03498420232  0.9993881152  -0.03497706659
33  18  -1.790697852e-16  -0.02126406184  0.9997739284  -0.02126245941
33  19  -2.439859595e-16  -0.011182029  0.9999374818  -0.01118179597
33  20  -1.629388666e-16  -0.0257926747  0.9996673874  -0.02578981498
33  21  -2.773218194e-16  -0.08017583621  0.996787639  -0.08008996656
33  22  3.030223352e-17  -0.006003408573  0.9999819796  -0.006003372511
33  23  -5.873678783e-17  0.003978751972  0.9999920848  0.003978741475
33  24  1.793560579e-17  0.01216978405  0.9999259491  0.01216948366
33  25  2.248087394e-17  0.05146857277  0.9986757854  0.05144585229
33  26  7.598197856e-17  0.05322143249  0.9985840738  0.05319631091
33  27  8.266002375e-17  0.009642040898  0.9999535159  0.009641891497
33  28  -1.055332402e-16  -0.01297971656  0.9999157647  -0.01297935211
33  29  2.023023461e-16  -0.4873144068  0.8835935849  -0.4682546068
33  30  1.565100756e-16  -0.0142404023  0.9998986072  -0.01423992101
33  31  -2.079323769e-16  -0.02103302393  0.9997788141  -0.02103147317
33  32  -1.610630963e-16  -0.03339149069  0.999442556  -0.03338528583
33  33  -4.582162265e-17  -0.04399962829  0.9990321725  -0.04398543269
33  34  -1.000220465e-16  -0.04809629805  0.998843596  -0.04807775704
33  35  -3.448931437e-17  -0.04668820726  0.9989103036  -0.04667124737
33  36  -3.448931437e-17  -0.04668820726  0.9989103036  -0.04667124737

34  0  -1.649157231e-16  -0.05878956648  0.9982723911  -0.05875570746
34  1  3.683997854e-17  -0.04094377901  0.9991619206  -0.04093234032
34  2  -1.514560821e-16  -0.02702437612  0.9996348638  -0.02702108685
34  3  7.086047201e-17  -0.0179691061  0.99983856  -0.01796813911
34  4  1.771559264e-16  -0.08016654372  0.9967883832  -0.08008070392
34  5  -1.494117515e-16  0.01362678946  0.9999071567  0.01362636774
34  6  -3.395207518e-16  0.01377731335  0.9999050943  0.0137768775
34  7  1.29972782e-16  0.1067949399  0.9943028382  0.1065920535
34  8  2.534775631e-16  0.1422022615  0.9899062848  0.141723489
34  9  -4.660490887e-17  0.02244110116  0.9997482091  0.02243921764
34  10  -8.386493074e-17  0.006495756731  0.9999789026  0.00649571105
34  11  -1.615867365e-16  -0.0304123542  0.99953758  -0.03040766629
34  12  7.362856317e-17  -0.2838882908  0.9599736249  -0.2800904131
34  13  -1.458663545e-16  -0.01873691975  0.9998244691  -0.01873582344
34  14  2.831777503e-17  -0.01613597216  0.999869818  -0.01613527195
34  15  1.993635779e-16  -0.02947381058  0.9995656787  -0.02946954342
34  16  3.439892138e-16  -0.04102130961  0.9991587441  -0.04100980583
34  17  1.137916294e-16  -0.04214843429  0.9991118862  -0.04213595601
34  18  -7.659833657e-17  -0.03647997552  0.9993346795  -0.03647188487
34  19  -1.293726953e-16  -0.02215384056  0.9997546137  -0.02215202845
34  20  -1.162513489e-16  -0.01466425373  0.9998924818  -0.01466372817
34  21  -2.149750601e-16  -0.1042303637  0.9945729316  -0.1040417403
34  22  1.667354518e-16  -0.2197597451  0.9759498519  -0.2179951526
34  23  8.999001389e-18  0.0002303960375  0.9999999735  0.0002303960355
34  24  -3.806358625e-17  0.01165342146  0.9999320997  0.0116531577
34  25  7.541921973e-17  0.0511576788  0.9986917313  0.05113536752
34  26  -2.654946383e-16  0.1829930414  0.9833034439  0.1819734521
34  27  2.162254042e-16  0.03881420987  0.9992468231  0.03880446473
34  28  9.862306502e-17  0.008345853641  0.9999651736  0.008345756756
34  29  -3.83801343e-17  -0.06100961492  0.9981394906  -0.06097177391
34  30  -1.910074389e-16  -0.01586180209  0.9998742043  -0.01586113697
34  31  -1.855083372e-16  -0.02138663969  0.9997713145  -0.0213850094
34  32  -1.127449195e-16  -0.03355975614  0.9994369242  -0.03355345701
34  33  -1.453299222e-16  -0.04809629805  0.998843596  -0.04807775704
34  34  -3.706418557e-17  -0.06820234673  0.9976751214  -0.06814948447
34  35  1.961510252e-17  -0.08754084813  0.9961707463  -0.08742908087
34  36  1.961510252e-17  -0.08754084813  0.9961707463  -0.08742908087

35  0  -2.342013058e-16  -0.3920324293  0.924134444  -0.3820674409
35  1  2.030309031e-16  -0.05878956648  0.9982723911  -0.05875570746
35  2  6.773861204e-17  -0.03936742277  0.9992252031  -0.03935725499
35  3  6.387358169e-17  -0.02660716099  0.9996460504  -0.02660402172
35  4  1.34727457e-17  -0.01925686784  0.9998145923  -0.0192556777
35  5  -1.155095288e-16  -0.008792265436  0.9999613483  -0.008792152157
35  6  -4.626905302e-17  0.07281924213  0.9973498504  0.07275490346
35  7  -2.455440774e-16  0.04912454045  0.9987936324  0.04910478477
35  8  1.617011581e-16  0.344101812  0.9413788372  0.3373512782
35  9  1.085869034e-16  0.07645617546  0.9970786501  0.0763817092
35  10  2.339063624e-17  0.01484246037  0.9998898527  0.01484191541
35  11  -1.241160552e-16  -0.002383900523  0.9999971585  -0.002383898265
35  12  1.622839204e-17  -0.5532177249  0.8508382479  -0.5254277077
35  13  2.825360407e-17  -0.05957082217  0.9982261832  -0.05953559543
35  14  -9.683203947e-19  -0.0159517898  0.9998727729  -0.01595111329
35  15  9.6669634e-17  -0.0263157976  0.9996537594  -0.02631276033
35  16  3.539763457e-16  -0.0403492164  0.9991860808  -0.04033826881
35  17  -1.274452272e-17  -0.04309468929  0.9990715676  -0.04308135163
35  18  -1.321239562e-18  -0.04289887581  0.9990799843  -0.04288571912
35  19  1.987153836e-16  -0.0340943567  0.9994188437  -0.03408775173
35  20  4.045821723e-17  -0.01983286843  0.9998033351  -0.01983156827
35  21  -1.373686665e-16  -0.01938227376  0.9998121696  -0.01938106022
35  22  -6.619538132e-17  -0.4325427603  0.9079028098  -0.4191807343
35  23  -1.900697833e-16  -0.1739328651  0.984911775  -0.1730572026
35  24  2.846409821e-17  0.008560321005  0.9999633607  0.008560216456
35  25  3.094043905e-16  0.02790151901  0.9996107779  0.02789789895
35  26  -3.634974086e-16  0.2296757842  0.9737402577  0.2276618335
35  27  5.234425211e-17  0.2104994039  0.9779266871  0.2089483063
35  28  -9.946644771e-17  0.01794563298  0.9998389814  0.01794466978
35  29  -3.069585553e-16  0.06724430238  0.9977399537  0.06719363633
35  30  -3.280943583e-16  -0.01882252014  0.9998228616  -0.01882140873
35  31  2.599194353e-17  -0.0219487681  0.9997591355  -0.02194700585
35  32  -1.105523634e-16  -0.03243906655  0.9994738996  -0.03243337761
35  33  -3.608485611e-18  -0.04668820726  0.9989103036  -0.04667124737
35  34  -3.327986368e-16  -0.08754084813  0.9961707463  -0.08742908087
35  35  9.481889958e-17  -0.6771855091  0.7793393689  -0.6266020652
35  36  9.481889958e-17  -0.6771855091  0.7793393689  -0.6266020652

36  0  -2.342013058e-16  -0.3920324293  0.7793393689  -0.6266020652
36  1  3.683997854e-17  -0.04094377901  0.7793393689  -0.6266020652
36  2  -8.038695971e-17  -0.0169934512  0.7793393689  -0.6266020652
36  3  -1.041028282e-17  -1.110810638  0.7793393689  -0.6266020652
36  4  2.479903344e-16  0.004717135444  0.7793393689  -0.6266020652
36  5  -1.3868768e-17  -0.003508820681  0.7793393689  -0.6266020652
36  6  1.812004058e-16  -0.004313163341  0.7793393689  -0.6266020652
36  7  -2.116464006e-16  -0.003313306244  0.7793393689  -0.6266020652
36  8  1.202967842e-16  -0.004096224794  0.7793393689  -0.6266020652
36  9  -5.35097893e-18  -0.007204372753  0.7793393689  -0.6266020652
36  10  3.22031168e-16  -0.0008189282969  0.7793393689  -0.6266020652
36  11  -6.480382227e-17  -0.04241285068  0.7793393689  -0.6266020652
36  12  1.518000519e-16  -0.1292093914  0.7793393689  -0.6266020652
36  13  -2.446431741e-16  -0.04466031455  0.7793393689  -0.6266020652
36  14  -2.402180265e-17  -0.02164750929  0.7793393689  -0.6266020652
36  15  9.347593577e-17  -0.01718467403  0.7793393689  -0.6266020652
36  16  3.700235246e-16  -0.03568455075  0.7793393689  -0.6266020652
36  17  9.50187482e-17  -0.04252965127  0.7793393689  -0.6266020652
36  18  8.527204061e-17  -0.04252965127  0.7793393689  -0.6266020652
36  19  1.008818515e-16  -0.03568455075  0.7793393689  -0.6266020652
36  20  -2.915187413e-16  -0.01718467403  0.7793393689  -0.6266020652
36  21  -2.03207397e-16  -0.02164750929  0.7793393689  -0.6266020652
36  22  6.145017179e-18  -0.04466031455  0.7793393689  -0.6266020652
36  23  -1.026069422e-16  -0.1292093914  0.7793393689  -0.6266020652
36  24  1.782747054e-16  -0.04241285068  0.7793393689  -0.6266020652
36  25  1.457189047e-16  -0.0008189282968  0.7793393689  -0.6266020652
36  26  -1.922968796e-16  -0.007204372753  0.7793393689  -0.6266020652
36  27  -2.248434033e-17  -0.004096224794  0.7793393689  -0.6266020652
36  28  -4.795325485e-17  -0.003313306244  0.7793393689  -0.6266020652
36  29  7.908439786e-17  -0.004313163341  0.7793393689  -0.6266020652
36  30  -6.094768509e-17  -0.003508820681  0.7793393689  -0.6266020652
36  31  -1.771720814e-16  0.004717135444  0.7793393689  -0.6266020652
36  32  7.213362379e-17  -1.110810638  0.7793393689  -0.6266020652
36  33  -1.44245682e-16  -0.0169934512  0.7793393689  -0.6266020652
36  34  2.922328535e-16  -0.04094377901  0.7793393689  -0.6266020652
36  35  -1.345073944e-16  -0.3920324293  0.7793393689  -0.6266020652
36  36  -1.345073944e-16  -0.3920324293  0.7793393689  -0.6266020652

#Chern no*2pi*Iota= -2.376997353e-15  -25.13274123
