#nx  ny  tilde_F(nx,ny).real()  tilde_F(nx,ny).imag()  ArgofLog.real()  ArgofLog.imag()
#Extra momentum point for pm3d corners2color c1
0  0  6.287867752e-17  0.02231093166  0.9997511215  0.02230908073
0  1  -3.559080845e-16  0.03104319566  0.9995181987  0.03103820995
0  2  2.464674898e-16  0.05399055836  0.9985428638  0.05396433195
0  3  1.809343715e-16  0.06565380253  0.9978455632  0.06560664677
0  4  4.032678111e-17  0.064726795  0.9979059523  0.06468160835
0  5  -2.300783115e-16  0.05615012381  0.9984239959  0.0561206231
0  6  -9.453550519e-17  0.03520549523  0.9993803506  0.03519822324
0  7  -1.141407655e-16  0.01805075221  0.9998370896  0.01804977198
0  8  1.891868951e-17  0.009243890704  0.9999572755  0.009243759056
0  9  -1.882263165e-16  0.004495426831  0.9999898956  0.004495411689
0  10  4.738996932e-17  -0.001064350128  0.9999994336  -0.001064349927
0  11  8.119424516e-17  -0.01538474541  0.9998816571  -0.01538413851
0  12  -3.148197253e-17  -0.0370868938  0.99931236  -0.0370783926
0  13  9.080642162e-17  -0.03113350503  0.9995153916  -0.03112847568
0  14  -1.159995372e-16  -0.01212589966  0.9999264822  -0.01212560251
0  15  4.006993387e-18  0.5091412117  0.8731634267  0.4874275641
0  16  -7.734588616e-17  -0.002937226025  0.9999956864  -0.002937221802
0  17  1.274451476e-16  -0.1190334087  0.9929238848  -0.1187525114
0  18  2.776467571e-17  -0.7086808842  0.7592210601  -0.6508328371
0  19  -1.95924488e-16  -0.01604966782  0.9998712068  -0.01604897879
0  20  5.170830005e-17  0.3172420889  0.9500993536  0.3119474607
0  21  -2.938673162e-16  0.1897715086  0.9820473621  0.1886345105
0  22  -2.37553369e-17  -0.02150700481  0.9997687333  -0.02150534683
0  23  -3.883007836e-17  -0.03811353072  0.9992737673  -0.03810430384
0  24  -1.091374611e-16  -0.02736060595  0.999625722  -0.02735719237
0  25  -4.906284697e-16  -0.006517610139  0.9999787605  -0.006517563995
0  26  -5.791072169e-17  0.002169383823  0.9999976469  0.002169382121
0  27  -3.603823062e-17  0.006624554472  0.9999780577  0.006624506019
0  28  5.565848186e-17  0.01278983597  0.9999182112  0.01278948728
0  29  7.842412157e-17  0.02539998631  0.9996774377  0.02539725523
0  30  5.654594225e-17  0.04627764505  0.9989293809  0.04626112863
0  31  3.962479736e-16  0.062304491  0.998059703  0.06226418938
0  32  -1.369175987e-16  0.06555504512  0.9978520374  0.06550810181
0  33  1.07514255e-16  0.06288083951  0.9980236513  0.06283940923
0  34  1.201405892e-17  0.04158116044  0.9991356281  0.04156917922
0  35  2.51077821e-16  0.02455957125  0.9996984289  0.02455710238
0  36  2.51077821e-16  0.02455957125  0.9996984289  0.02455710238

1  0  3.442137753e-16  0.03104319566  0.9995181987  0.03103820995
1  1  -1.546002874e-16  0.0352781805  0.9993777895  0.03527086338
1  2  7.370399258e-17  0.05330793379  0.9985794685  0.05328268953
1  3  9.103591361e-17  0.06920745734  0.9976061196  0.06915222373
1  4  3.015392041e-16  0.06666938285  0.9977784198  0.06662000507
1  5  -1.506121769e-16  0.05987434615  0.9982080668  0.05983857827
1  6  3.815027428e-19  0.04561282402  0.9989599155  0.04559700919
1  7  -2.636118071e-16  0.02637383752  0.9996522305  0.02637078011
1  8  -1.145606826e-16  0.01341488648  0.9999100218  0.01341448413
1  9  4.134063259e-17  0.006711876273  0.9999774754  0.006711825878
1  10  2.495832544e-16  0.001860906942  0.9999982685  0.001860905868
1  11  -1.029250926e-16  -0.007524346512  0.9999716922  -0.007524275513
1  12  3.746492723e-18  -0.03023208734  0.9995430453  -0.0302274823
1  13  -8.240639374e-17  -0.04044068767  0.9991823868  -0.04042966545
1  14  -1.137162917e-16  -0.02119233462  0.9997754509  -0.02119074836
1  15  4.09362934e-16  0.2553158199  0.9675835833  0.2525510033
1  16  2.340317645e-16  0.2519399519  0.968430647  0.2492831361
1  17  3.012120369e-16  -0.01728341951  0.9998506454  -0.01728255905
1  18  -3.266559767e-18  -0.2083869759  0.9783658931  -0.2068820419
1  19  4.450040302e-16  -0.06646155983  0.9977922434  -0.06641264231
1  20  1.549599573e-16  -0.005339756273  0.9999857435  -0.005339730898
1  21  -7.155096336e-17  0.5074554786  0.8739838584  0.4859549518
1  22  1.324805778e-16  -0.008832792794  0.9999609911  -0.008832677941
1  23  -1.38313312e-18  -0.03145574998  0.9995053087  -0.03145056284
1  24  1.039032427e-16  -0.04014953427  0.9991941157  -0.04013874839
1  25  2.074045217e-16  -0.01750964963  0.99984671  -0.01750875493
1  26  1.80361055e-16  -0.001750011719  0.9999984687  -0.001750010825
1  27  -1.635507368e-16  0.004293504026  0.9999907829  0.004293490835
1  28  1.665256447e-16  0.009421157914  0.9999556212  0.009421018547
1  29  -1.108959851e-16  0.01869147378  0.9998253195  0.01869038542
1  30  -1.964076707e-17  0.03550940294  0.9993696074  0.035501941
1  31  -7.497917706e-17  0.05394639898  0.9985452459  0.05392023686
1  32  -4.681025451e-16  0.06341449383  0.9979899747  0.06337199989
1  33  1.165449608e-16  0.07042791309  0.9975209795  0.07036970605
1  34  6.393084871e-17  0.06306473923  0.9980120783  0.06302294443
1  35  -1.360979622e-16  0.04158116044  0.9991356281  0.04156917922
1  36  -1.360979622e-16  0.04158116044  0.9991356281  0.04156917922

2  0  -6.017248053e-17  0.05399055836  0.9985428638  0.05396433195
2  1  3.72545705e-17  0.05330793379  0.9985794685  0.05328268953
2  2  3.238554722e-16  0.06009697635  0.9981947202  0.06006080804
2  3  1.393024298e-16  0.06834093305  0.9976656672  0.06828774794
2  4  1.47027972e-16  0.06808063168  0.9976834088  0.0680280519
2  5  6.880421196e-17  0.06063867465  0.9981620389  0.06060151959
2  6  -1.206302887e-17  0.05132920747  0.9986829454  0.05130667103
2  7  -1.199118342e-16  0.03640262296  0.9993374977  0.03639458367
2  8  -1.378546814e-17  0.02052469415  0.9997893759  0.02052325313
2  9  6.658881329e-18  0.01013003909  0.9999486916  0.01012986583
2  10  4.547517435e-16  0.00395918668  0.9999921624  0.003959176336
2  11  3.186428938e-16  -0.003183481193  0.9999949327  -0.003183475816
2  12  1.545525642e-16  -0.02207059927  0.9997564542  -0.02206880751
2  13  2.533760931e-16  -0.04875436721  0.9988117412  -0.04873505475
2  14  6.885661049e-17  -0.03380621548  0.9994286243  -0.03379977655
2  15  4.441521203e-17  -0.004346371026  0.9999905545  -0.004346357341
2  16  1.608796671e-16  0.5020396274  0.8766028877  0.4812144816
2  17  5.575809101e-17  -0.009485054544  0.9999550172  -0.009484912322
2  18  -1.80980718e-16  -0.03665304414  0.9993283524  -0.0366448378
2  19  -4.511347715e-17  -0.068287555  0.9976693108  -0.0682344944
2  20  -2.090827958e-16  -0.02210063343  0.9997557909  -0.02209883434
2  21  5.591961897e-17  0.1294859494  0.9916284012  0.1291244125
2  22  6.923930502e-17  0.3722215455  0.9315217005  0.3636857456
2  23  4.544697313e-17  -0.02025522156  0.99979487  -0.02025383656
2  24  -1.961807054e-16  -0.04532701589  0.9989729067  -0.04531149647
2  25  3.099425595e-17  -0.03817914792  0.9992712649  -0.03816987331
2  26  1.376930126e-16  -0.0105562641  0.9999442832  -0.01055606804
2  27  1.216262003e-16  0.0008479771042  0.9999996405  0.0008479770026
2  28  4.245707673e-16  0.006600538386  0.9999782165  0.006600490458
2  29  7.916861439e-17  0.01427274437  0.9998981461  0.01427225978
2  30  3.026728325e-17  0.02759057737  0.9996194042  0.02758707699
2  31  -2.10145063e-16  0.04409443469  0.9990279979  0.04408014713
2  32  -4.491557703e-16  0.05620346197  0.9984210011  0.05617387712
2  33  1.466104949e-16  0.06597793496  0.9978242455  0.06593007742
2  34  3.067768471e-16  0.07042791309  0.9975209795  0.07036970605
2  35  -1.783327888e-16  0.06288083951  0.9980236513  0.06283940923
2  36  -1.783327888e-16  0.06288083951  0.9980236513  0.06283940923

3  0  -4.880998923e-17  0.06565380253  0.9978455632  0.06560664677
3  1  9.105048085e-17  0.06920745734  0.9976061196  0.06915222373
3  2  -1.368028402e-17  0.06834093305  0.9976656672  0.06828774794
3  3  -2.225115747e-16  0.06564290238  0.9978462782  0.0655957701
3  4  -8.825248751e-17  0.0644836454  0.9979216501  0.06443896602
3  5  -4.053033562e-16  0.05948648236  0.9982312009  0.05945140501
3  6  5.770796309e-17  0.05167171753  0.9986653138  0.05164872697
3  7  -2.101001866e-16  0.04219910104  0.9991097501  0.04218657772
3  8  1.784308128e-16  0.0295353756  0.9995638625  0.02953108165
3  9  -8.537922113e-17  0.01653756293  0.9998632576  0.01653680913
3  10  1.821200418e-16  0.007086145278  0.9999748934  0.007086085974
3  11  -2.366148533e-17  -0.0004933287675  0.9999998783  -0.0004933287475
3  12  6.041207087e-17  -0.0152191059  0.9998841916  -0.0152185184
3  13  1.43526491e-16  -0.05349561822  0.9985694506  -0.05347010641
3  14  1.155234865e-16  -0.0590842239  0.998255035  -0.05904985327
3  15  1.622353196e-16  -0.01998237196  0.999800359  -0.01998104217
3  16  2.83409528e-16  0.4185898686  0.9136630281  0.4064724727
3  17  1.647010887e-16  -0.002093721557  0.9999978082  -0.002093720028
3  18  -1.365976159e-16  -0.02213220556  0.9997550927  -0.02213039875
3  19  2.100680992e-16  0.0002124341998  0.9999999774  0.0002124341982
3  20  -1.787344276e-16  -0.02237352308  0.9997497232  -0.02237165653
3  21  3.75007443e-17  -0.01583084859  0.9998746947  -0.01583018736
3  22  2.676970135e-16  0.2699496898  0.9637843145  0.2666829489
3  23  1.238658613e-16  0.1446623731  0.989554634  0.1441583376
3  24  -2.676687963e-16  -0.03739118236  0.9993010312  -0.03738247019
3  25  -2.156305875e-16  -0.06636338781  0.9977987584  -0.06631468671
3  26  2.543784359e-16  -0.03270450677  0.9994652553  -0.03269867704
3  27  2.798717551e-16  -0.006229622335  0.999980596  -0.006229582042
3  28  1.515117729e-16  0.003166139759  0.9999949878  0.00316613447
3  29  1.005942089e-17  0.01097865966  0.9999397351  0.01097843912
3  30  6.025153365e-17  0.02233113396  0.9997506706  0.022329278
3  31  1.061160385e-16  0.03580972893  0.9993589002  0.03580207606
3  32  5.149858982e-17  0.04693249537  0.9988988726  0.04691526789
3  33  3.179142416e-16  0.05620346197  0.9984210011  0.05617387712
3  34  2.910811339e-16  0.06341449383  0.9979899747  0.06337199989
3  35  2.681249546e-16  0.06555504512  0.9978520374  0.06550810181
3  36  2.681249546e-16  0.06555504512  0.9978520374  0.06550810181

4  0  1.224808924e-16  0.064726795  0.9979059523  0.06468160835
4  1  1.255020965e-16  0.06666938285  0.9977784198  0.06662000507
4  2  2.858626043e-17  0.06808063168  0.9976834088  0.0680280519
4  3  1.467034674e-16  0.0644836454  0.9979216501  0.06443896602
4  4  4.789155228e-17  0.06398640213  0.9979535685  0.06394274824
4  5  -1.4737518e-16  0.05852119373  0.9982881236  0.05848779623
4  6  1.290997811e-16  0.04868428069  0.9988151545  0.04866505138
4  7  8.848236071e-17  0.03970355042  0.9992119176  0.03969311998
4  8  4.077893266e-16  0.03206920273  0.9994858272  0.03206370617
4  9  3.530532118e-16  0.02340003237  0.9997262317  0.02339789694
4  10  -1.444985748e-16  0.01324204198  0.9999123254  0.01324165499
4  11  -1.042961791e-16  0.003431623554  0.999994112  0.003431616819
4  12  -1.268015155e-16  -0.00921574005  0.9999575354  -0.009215609602
4  13  -4.51068683e-17  -0.04631378596  0.9989277083  -0.04629723081
4  14  -1.369403277e-16  -0.1021101105  0.9947912907  -0.1019327616
4  15  2.515818261e-16  -0.04775184081  0.9988600975  -0.04773369528
4  16  3.904478421e-16  0.3176739284  0.9499645538  0.3123577221
4  17  7.163634633e-17  0.02108428312  0.9997777347  0.021082721
4  18  -1.129250049e-16  -0.02058049164  0.9997882292  -0.02057903883
4  19  -1.800209436e-16  -0.004141618202  0.9999914235  -0.004141606361
4  20  -2.066680893e-16  0.004446372058  0.9999901149  0.004446357407
4  21  -3.189693726e-16  -0.01763499195  0.9998445076  -0.0176340779
4  22  -6.095300702e-17  -0.01220016623  0.9999255789  -0.01219986357
4  23  4.577278699e-17  0.2839882796  0.9599456142  0.2801863983
4  24  2.753683317e-16  0.04081441736  0.9991672073  0.04080308675
4  25  1.760410061e-16  -0.08107542462  0.9967151877  -0.08098663264
4  26  -1.073264906e-16  -0.08378368809  0.9964921995  -0.08368569968
4  27  -3.47178055e-17  -0.02280727144  0.9997399255  -0.02280529421
4  28  -1.283014918e-16  -0.002129080842  0.9999977335  -0.002129079234
4  29  -1.575195255e-16  0.00801227516  0.9999679019  0.008012189434
4  30  2.871612708e-16  0.01828891017  0.9998327625  0.01828789063
4  31  2.099382252e-17  0.02797438835  0.9996087423  0.02797073985
4  32  7.557811081e-17  0.03580972893  0.9993589002  0.03580207606
4  33  -2.535827565e-17  0.04409443469  0.9990279979  0.04408014713
4  34  -2.168677756e-16  0.05394639898  0.9985452459  0.05392023686
4  35  -2.96821716e-16  0.062304491  0.998059703  0.06226418938
4  36  -2.96821716e-16  0.062304491  0.998059703  0.06226418938

5  0  -1.086546547e-16  0.05615012381  0.9984239959  0.0561206231
5  1  1.224206796e-16  0.05987434615  0.9982080668  0.05983857827
5  2  -6.266946395e-17  0.06063867465  0.9981620389  0.06060151959
5  3  3.113049808e-16  0.05948648236  0.9982312009  0.05945140501
5  4  4.265494584e-16  0.05852119373  0.9982881236  0.05848779623
5  5  -1.502293422e-16  0.05167766774  0.9986650065  0.05165466925
5  6  -1.273332442e-16  0.04031514001  0.9991874548  0.04030422012
5  7  -6.349141553e-17  0.03088904788  0.9995229713  0.03088413607
5  8  1.887300665e-16  0.0246171515  0.9996970132  0.02461466522
5  9  1.545158366e-16  0.02029060512  0.9997941527  0.02028921284
5  10  -3.588443446e-16  0.01578046921  0.999875491  0.01577981427
5  11  -1.729318386e-16  0.008731258969  0.9999618828  0.008731148031
5  12  -3.245980701e-16  -0.002523339308  0.9999968164  -0.00252333663
5  13  -3.668044889e-17  -0.02860704324  0.9995908464  -0.02860314158
5  14  1.286712136e-17  -0.1175638191  0.99309733  -0.117293193
5  15  -5.862006953e-17  -0.1222139373  0.9925411676  -0.1219099281
5  16  2.398976847e-17  0.2140104395  0.977187036  0.2123805467
5  17  -1.278764139e-16  0.07826556401  0.9969388138  0.07818568588
5  18  6.209402259e-17  -0.01903914653  0.9998187609  -0.0190379963
5  19  -1.051460088e-16  -0.005898082127  0.9999826064  -0.005898047931
5  20  1.457926794e-16  0.003486215582  0.9999939232  0.00348620852
5  21  -1.215284583e-16  -0.0001720520073  0.9999999852  -0.0001720520064
5  22  -3.302719086e-16  -0.01381665258  0.9999045516  -0.01381621299
5  23  -1.536116398e-16  -0.001867793314  0.9999982557  -0.001867792228
5  24  9.850883568e-17  0.256969738  0.9671645614  0.2541509613
5  25  2.366215644e-16  -0.01638523991  0.999865765  -0.01638450675
5  26  2.248168918e-18  -0.1536464044  0.9882195938  -0.1530425902
5  27  -2.493413125e-17  -0.06295881967  0.9980187481  -0.06291723508
5  28  3.318039354e-16  -0.01185433519  0.9999297382  -0.01185405755
5  29  -2.740557723e-17  0.003881150776  0.9999924683  0.003881141032
5  30  -2.382975839e-17  0.012885538  0.9999169826  0.01288518142
5  31  1.642609293e-16  0.01828891017  0.9998327625  0.01828789063
5  32  1.897175712e-16  0.02233113396  0.9997506706  0.022329278
5  33  -7.549016734e-17  0.02759057737  0.9996194042  0.02758707699
5  34  -5.690419037e-17  0.03550940294  0.9993696074  0.035501941
5  35  -7.203412147e-17  0.04627764505  0.9989293809  0.04626112863
5  36  -7.203412147e-17  0.04627764505  0.9989293809  0.04626112863

6  0  9.234147808e-17  0.03520549523  0.9993803506  0.03519822324
6  1  4.981433512e-16  0.04561282402  0.9989599155  0.04559700919
6  2  2.336592303e-16  0.05132920747  0.9986829454  0.05130667104
6  3  4.767429264e-17  0.05167171753  0.9986653138  0.05164872697
6  4  9.720708105e-17  0.04868428069  0.9988151545  0.04866505138
6  5  1.975748275e-16  0.04031514001  0.9991874548  0.04030422012
6  6  8.366851611e-17  0.0295333681  0.9995639218  0.02952907502
6  7  2.588872495e-18  0.02137406567  0.9997715834  0.02137243825
6  8  1.012685237e-16  0.01614080092  0.9998697401  0.01614010008
6  9  -1.736670817e-16  0.01257163069  0.9999209781  0.01257129954
6  10  -3.56619625e-16  0.009684833664  0.9999531024  0.009684682265
6  11  1.139676564e-16  0.006396423354  0.999979543  0.006396379736
6  12  1.483643629e-16  8.777028536e-06  1  8.777028536e-06
6  13  1.592762357e-16  -0.01665556401  0.9998612993  -0.01665479396
6  14  3.212898055e-16  -0.07637999776  0.9970844658  -0.07630575382
6  15  1.349399754e-16  -0.1877251411  0.9824313212  -0.1866244871
6  16  -1.108255644e-16  0.1765234076  0.9844601587  0.1756080749
6  17  2.649601676e-16  0.1173087621  0.9931272142  0.1170398928
6  18  2.991031808e-16  -0.008223153242  0.9999661901  -0.008223060567
6  19  -3.09761881e-16  -0.001475421144  0.9999989116  -0.001475420609
6  20  -4.898516577e-17  0.001732958397  0.9999984984  0.00173295753
6  21  2.018453611e-16  0.002045322156  0.9999979083  0.00204532073
6  22  1.950624337e-17  0.0003462369459  0.9999999401  0.000346236939
6  23  -2.098379025e-16  -0.005275655782  0.9999860838  -0.00527563131
6  24  7.000290944e-18  0.02643167525  0.9996507036  0.02642859768
6  25  -6.311045605e-18  0.2230098482  0.9752361919  0.2211659334
6  26  -6.079736484e-17  -0.06428362343  0.9979345193  -0.06423935847
6  27  1.455385415e-17  -0.1364519601  0.990704867  -0.1360289178
6  28  -1.294400917e-16  -0.03449999579  0.9994049342  -0.03449315227
6  29  4.399247497e-17  -0.005757253767  0.9999834271  -0.005757221963
6  30  -4.478856203e-17  0.003881150776  0.9999924683  0.003881141032
6  31  -6.688053998e-17  0.00801227516  0.9999679019  0.008012189433
6  32  4.41350261e-17  0.01097865966  0.9999397351  0.01097843912
6  33  1.036084616e-16  0.01427274437  0.9998981461  0.01427225978
6  34  9.00826961e-17  0.01869147378  0.9998253195  0.01869038542
6  35  -9.588965087e-17  0.02539998631  0.9996774377  0.02539725523
6  36  -9.588965087e-17  0.02539998631  0.9996774377  0.02539725523

7  0  -8.752868319e-17  0.01805075221  0.9998370896  0.01804977198
7  1  2.511789854e-16  0.02637383752  0.9996522305  0.02637078011
7  2  1.002898948e-16  0.03640262296  0.9993374977  0.03639458367
7  3  -2.446981904e-16  0.04219910104  0.9991097501  0.04218657772
7  4  -1.536963766e-16  0.03970355042  0.9992119176  0.03969311998
7  5  7.033567167e-18  0.03088904788  0.9995229713  0.03088413607
7  6  1.168084915e-16  0.02137406567  0.9997715834  0.02137243825
7  7  2.384084259e-17  0.0148348999  0.9998899649  0.01483435577
7  8  1.749923706e-16  0.01083656213  0.999941285  0.01083635003
7  9  -7.89688473e-18  0.008004367079  0.9999679652  0.008004281606
7  10  -6.598211526e-17  0.005149615603  0.9999867408  0.005149592843
7  11  1.24781113e-16  0.001184176541  0.9999992989  0.001184176264
7  12  -1.849115054e-17  -0.005568771127  0.9999844944  -0.005568742345
7  13  3.117191742e-16  -0.0202205291  0.9997955721  -0.0202191512
7  14  1.120428017e-16  -0.06219675664  0.9980664052  -0.06215666369
7  15  1.26078996e-16  -0.1676806101  0.9859745154  -0.1668959407
7  16  -1.179629758e-16  0.8869328133  0.6317924863  0.7751375711
7  17  3.635373171e-16  0.2145103645  0.9770807396  0.2128690404
7  18  9.158481503e-17  0.02135489849  0.9997719928  0.02135327545
7  19  -1.047226651e-16  0.005153149422  0.9999867226  0.005153126615
7  20  -2.148965297e-16  0.002874214901  0.9999958694  0.002874210943
7  21  2.030647911e-17  0.0022585197  0.9999974495  0.00225851778
7  22  -4.579348276e-17  0.00239653243  0.9999971283  0.002396530136
7  23  -1.496335634e-17  0.003409719009  0.9999941869  0.003409712402
7  24  -1.502549595e-16  0.008123804696  0.9999670021  0.008123715339
7  25  -3.336753124e-16  0.08309115342  0.9965499158  0.08299557426
7  26  -1.721489474e-16  0.3511076575  0.9389923233  0.3439381002
7  27  -1.078690115e-17  0.5706814058  0.8415330713  0.5402055996
7  28  -1.335905203e-16  -0.09339553042  0.9956418068  -0.09325981237
7  29  1.100298252e-16  -0.03449999579  0.9994049342  -0.03449315227
7  30  -6.554493562e-17  -0.01185433519  0.9999297382  -0.01185405755
7  31  6.519337112e-17  -0.002129080842  0.9999977335  -0.002129079234
7  32  1.748992515e-16  0.003166139759  0.9999949878  0.00316613447
7  33  -1.205319116e-16  0.006600538386  0.9999782165  0.006600490458
7  34  -8.799840234e-17  0.009421157914  0.9999556212  0.009421018547
7  35  3.196325723e-16  0.01278983597  0.9999182112  0.01278948728
7  36  3.196325723e-16  0.01278983597  0.9999182112  0.01278948728

8  0  -5.112105052e-16  0.009243890703  0.9999572755  0.009243759056
8  1  1.823171094e-16  0.01341488648  0.9999100218  0.01341448413
8  2  1.132776487e-16  0.02052469415  0.9997893759  0.02052325313
8  3  -2.046954478e-16  0.0295353756  0.9995638625  0.02953108165
8  4  -1.432340935e-17  0.03206920273  0.9994858272  0.03206370617
8  5  5.295678209e-17  0.0246171515  0.9996970132  0.02461466522
8  6  -7.064328793e-17  0.01614080092  0.9998697401  0.01614010008
8  7  -8.875018503e-17  0.01083656212  0.999941285  0.01083635003
8  8  -8.929902183e-17  0.007743009362  0.9999700231  0.007742931991
8  9  1.30457371e-16  0.005507944252  0.9999848313  0.005507916402
8  10  -3.06684266e-16  0.002944643127  0.9999956645  0.002944638871
8  11  2.643235877e-16  -0.0016210625  0.9999986861  -0.00162106179
8  12  3.500860101e-16  -0.01163877623  0.9999322702  -0.01163851347
8  13  6.880716097e-17  -0.03591301057  0.9993551971  -0.0359052913
8  14  3.252330692e-16  -0.0964523075  0.9953520812  -0.09630282698
8  15  2.552644644e-16  -0.1965537986  0.9807454112  -0.195290651
8  16  -6.495371241e-17  1.955975165  -0.3757248778  0.9267312535
8  17  2.699979352e-16  1.149523913  0.4089219493  0.9125693614
8  18  8.396336695e-17  0.05104304212  0.9986975867  0.05102088048
8  19  -5.524877551e-17  0.01161293421  0.9999325706  0.01161267319
8  20  2.171080843e-16  0.006127375806  0.9999812277  0.006127337464
8  21  1.95497831e-17  0.004232718121  0.9999910421  0.004232705482
8  22  -2.636985111e-16  0.003882978577  0.9999924612  0.003882968819
8  23  1.669447479e-17  0.004868004469  0.9999881513  0.004867985242
8  24  -1.55036883e-17  0.007942706253  0.9999684569  0.00794262274
8  25  -3.392931602e-16  0.01970487804  0.9998058652  0.01970360289
8  26  4.300618916e-17  0.3500619735  0.9393514605  0.342956023
8  27  1.761696008e-16  2.110392247  -0.5137893667  0.8579163634
8  28  2.476444401e-16  0.5706814058  0.8415330713  0.5402055996
8  29  3.649099546e-17  -0.1364519601  0.990704867  -0.1360289178
8  30  -3.284522485e-16  -0.06295881967  0.9980187481  -0.06291723508
8  31  1.316937207e-19  -0.02280727144  0.9997399255  -0.02280529421
8  32  8.465936406e-17  -0.006229622335  0.999980596  -0.006229582042
8  33  -1.061728988e-16  0.0008479771042  0.9999996405  0.0008479770026
8  34  8.317345483e-17  0.004293504026  0.9999907829  0.004293490835
8  35  2.874550332e-16  0.006624554472  0.9999780577  0.006624506019
8  36  2.874550332e-16  0.006624554472  0.9999780577  0.006624506019

9  0  3.484571799e-18  0.004495426831  0.9999898956  0.004495411689
9  1  2.105668536e-16  0.006711876273  0.9999774754  0.006711825878
9  2  1.458903978e-16  0.01013003909  0.9999486916  0.01012986583
9  3  2.204900194e-16  0.01653756293  0.9998632576  0.01653680913
9  4  9.682017171e-17  0.02340003237  0.9997262317  0.02339789694
9  5  -1.59292525e-16  0.02029060512  0.9997941527  0.02028921284
9  6  -2.421614337e-17  0.01257163069  0.9999209781  0.01257129954
9  7  2.422442826e-16  0.008004367079  0.9999679652  0.008004281606
9  8  -3.383909158e-16  0.005507944252  0.9999848313  0.005507916402
9  9  -1.978387559e-16  0.00348475408  0.9999939283  0.003484747027
9  10  -1.26743963e-16  0.0007493041597  0.9999997193  0.0007493040896
9  11  -1.096907265e-16  -0.004697733831  0.9999889657  -0.004697716553
9  12  2.107950246e-16  -0.01798332897  0.9998383043  -0.01798235969
9  13  -1.59968078e-17  -0.05263069161  0.9986153248  -0.05260639723
9  14  1.804842472e-16  -0.1279879121  0.9918207217  -0.1276387719
9  15  1.463468131e-16  -0.1838080738  0.9831548031  -0.1827748157
9  16  2.127469167e-16  0.2431391265  0.9705870116  0.240750603
9  17  -2.634552704e-16  0.459281676  0.8963711649  0.4433043364
9  18  7.868526814e-17  0.05246784391  0.9986238784  0.05244377432
9  19  8.323543256e-19  0.01430287096  0.9998977157  0.0143023833
9  20  2.000027093e-16  0.01092216922  0.9999403537  0.01092195207
9  21  -1.330479986e-16  0.01057814631  0.9999440519  0.01057794903
9  22  -2.938739311e-17  0.010575137  0.9999440838  0.0105749399
9  23  -1.161547996e-16  0.01075225028  0.9999421951  0.0107520431
9  24  -8.627256703e-17  0.01098416526  0.9999396747  0.01098394439
9  25  -3.095900313e-16  0.0118715663  0.9999295338  0.01187128745
9  26  -4.586016738e-17  0.02244096129  0.9997482122  0.02243907781
9  27  -3.800826634e-17  0.3500619735  0.9393514605  0.342956023
9  28  2.555713866e-16  0.3511076575  0.9389923233  0.3439381002
9  29  2.686878332e-16  -0.06428362343  0.9979345193  -0.06423935847
9  30  -5.580603068e-17  -0.1536464044  0.9882195938  -0.1530425902
9  31  2.428993712e-16  -0.08378368809  0.9964921995  -0.08368569968
9  32  -3.299477933e-17  -0.03270450677  0.9994652553  -0.03269867704
9  33  5.162707128e-17  -0.0105562641  0.9999442832  -0.01055606804
9  34  1.154074021e-16  -0.001750011719  0.9999984687  -0.001750010825
9  35  1.62351756e-16  0.002169383823  0.9999976469  0.002169382121
9  36  1.62351756e-16  0.002169383823  0.9999976469  0.002169382121

10  0  -1.821939693e-16  -0.001064350128  0.9999994336  -0.001064349927
10  1  3.750892025e-17  0.001860906942  0.9999982685  0.001860905868
10  2  -2.876399678e-16  0.00395918668  0.9999921624  0.003959176336
10  3  -2.272388428e-16  0.007086145278  0.9999748934  0.007086085974
10  4  9.595468173e-17  0.01324204198  0.9999123254  0.01324165499
10  5  -7.089282288e-17  0.01578046921  0.999875491  0.01577981427
10  6  9.483822825e-18  0.009684833664  0.9999531024  0.009684682265
10  7  3.405463114e-16  0.005149615603  0.9999867408  0.005149592843
10  8  -2.433235871e-17  0.002944643127  0.9999956645  0.002944638871
10  9  3.212264952e-17  0.0007493041598  0.9999997193  0.0007493040897
10  10  -3.219219591e-17  -0.002982713822  0.9999955517  -0.002982709399
10  11  -1.509072593e-16  -0.01047829064  0.9999451032  -0.0104780989
10  12  9.15119776e-17  -0.02619737212  0.9996568685  -0.02619437567
10  13  5.303794463e-17  -0.05488298908  0.9984943068  -0.05485544066
10  14  -1.818548918e-16  -0.08382488362  0.9964887512  -0.08372675063
10  15  -1.842397059e-16  -0.07552075909  0.9971496626  -0.07544899224
10  16  -1.476816897e-16  0.1628276546  0.9867728404  0.1621091038
10  17  -5.84724976e-16  0.1530282741  0.9883140053  0.1524317125
10  18  -2.598795677e-18  0.02884353345  0.9995840541  0.02883953422
10  19  1.324702804e-16  0.01299158949  0.9999156105  0.01299122404
10  20  7.595166115e-17  0.01248139419  0.9999221084  0.01248107013
10  21  -1.033235504e-17  0.02197025162  0.9997586637  0.02196848418
10  22  -9.015417421e-17  0.04401638275  0.9990314354  0.04400217093
10  23  -1.767035214e-16  0.05922567075  0.9982466726  0.05919105271
10  24  -2.44562133e-18  0.03743041485  0.9992995638  0.03742167524
10  25  2.12647472e-17  0.01710221474  0.9998537607  0.01710138106
10  26  -1.587660978e-16  0.0118715663  0.9999295338  0.01187128745
10  27  -1.114996183e-16  0.01970487804  0.9998058652  0.01970360289
10  28  1.294307043e-16  0.08309115342  0.9965499158  0.08299557427
10  29  3.196823115e-16  0.2230098482  0.9752361919  0.2211659334
10  30  3.506492816e-16  -0.01638523991  0.999865765  -0.01638450675
10  31  5.250658572e-16  -0.08107542462  0.9967151877  -0.08098663264
10  32  1.086503811e-16  -0.06636338781  0.9977987584  -0.06631468671
10  33  -1.939479692e-16  -0.03817914792  0.9992712649  -0.03816987331
10  34  -2.783816169e-16  -0.01750964963  0.99984671  -0.01750875493
10  35  -1.115193473e-16  -0.006517610139  0.9999787605  -0.006517563995
10  36  -1.115193473e-16  -0.006517610139  0.9999787605  -0.006517563995

11  0  6.756356519e-18  -0.01538474541  0.9998816571  -0.01538413851
11  1  -1.337412285e-16  -0.007524346512  0.9999716922  -0.007524275513
11  2  -3.555581685e-16  -0.003183481193  0.9999949327  -0.003183475816
11  3  -4.605577083e-17  -0.0004933287675  0.9999998783  -0.0004933287475
11  4  -3.229222438e-16  0.003431623555  0.999994112  0.003431616819
11  5  6.924270943e-17  0.008731258969  0.9999618828  0.008731148031
11  6  2.771911487e-16  0.006396423354  0.999979543  0.006396379736
11  7  4.919887739e-16  0.001184176541  0.9999992989  0.001184176264
11  8  -6.242198259e-17  -0.0016210625  0.9999986861  -0.00162106179
11  9  2.643000761e-17  -0.004697733831  0.9999889657  -0.004697716553
11  10  -1.337693278e-16  -0.01047829064  0.9999451032  -0.0104780989
11  11  -1.020571664e-16  -0.02071698436  0.999785411  -0.02071550246
11  12  2.475759023e-17  -0.0351765889  0.9993813676  -0.03516933481
11  13  -8.819604293e-17  -0.04669003834  0.9989102182  -0.04667307646
11  14  -1.777096671e-16  -0.04417647385  0.9990243783  -0.0441621064
11  15  3.024753855e-17  -0.02880825826  0.9995850708  -0.02880427369
11  16  -5.446478593e-17  0.2434411785  0.9705142482  0.2410437598
11  17  -1.741610048e-16  0.100085867  0.9949955892  0.09991885434
11  18  7.077733503e-17  0.0004149322952  0.9999999139  0.0004149322833
11  19  1.803220912e-16  0.007520495823  0.9999717212  0.007520424933
11  20  -1.028739971e-16  0.00837196446  0.9999649553  0.008371866662
11  21  -2.63841455e-17  0.01741142711  0.9998484249  0.01741054739
11  22  8.611144564e-17  0.08053380089  0.9967589058  0.08044677619
11  23  -5.547616758e-17  0.5248345896  0.8654068356  0.5010698642
11  24  -5.385548579e-18  0.3462680692  0.9406458393  0.3393897538
11  25  2.889236748e-16  0.03743041485  0.9992995638  0.03742167524
11  26  2.231533526e-16  0.01098416526  0.9999396747  0.01098394439
11  27  2.328080076e-16  0.007942706253  0.9999684569  0.00794262274
11  28  -2.264577087e-16  0.008123804696  0.9999670021  0.008123715339
11  29  1.937865797e-16  0.02643167525  0.9996507036  0.02642859768
11  30  1.428603437e-16  0.256969738  0.9671645614  0.2541509613
11  31  -2.741252955e-17  0.04081441736  0.9991672073  0.04080308675
11  32  8.265080066e-17  -0.03739118236  0.9993010312  -0.03738247019
11  33  -1.54108355e-16  -0.04532701589  0.9989729067  -0.04531149647
11  34  -8.109699976e-17  -0.04014953427  0.9991941157  -0.04013874839
11  35  -4.252533368e-16  -0.02736060595  0.999625722  -0.02735719237
11  36  -4.252533368e-16  -0.02736060595  0.999625722  -0.02735719237

12  0  -2.228947436e-17  -0.0370868938  0.99931236  -0.0370783926
12  1  2.236060632e-16  -0.03023208734  0.9995430453  -0.0302274823
12  2  1.95873829e-17  -0.02207059928  0.9997564542  -0.02206880751
12  3  -1.262042463e-16  -0.0152191059  0.9998841916  -0.0152185184
12  4  -2.6319873e-16  -0.00921574005  0.9999575354  -0.009215609602
12  5  -2.545614095e-16  -0.002523339308  0.9999968164  -0.00252333663
12  6  -7.324027964e-17  8.777028586e-06  1  8.777028586e-06
12  7  -1.504686941e-17  -0.005568771127  0.9999844944  -0.005568742345
12  8  5.657722827e-17  -0.01163877623  0.9999322702  -0.01163851347
12  9  3.391674324e-16  -0.01798332897  0.9998383043  -0.01798235969
12  10  3.332210824e-16  -0.02619737212  0.9996568685  -0.02619437567
12  11  -1.956349439e-16  -0.0351765889  0.9993813676  -0.03516933481
12  12  -9.779541676e-17  -0.04016956007  0.9991933117  -0.04015875805
12  13  -1.355025067e-16  -0.03649437922  0.999334154  -0.03648627898
12  14  -2.316214085e-16  -0.02618430023  0.9996572108  -0.02618130826
12  15  -2.078834167e-16  -0.01321666954  0.9999126611  -0.01321628476
12  16  1.020933733e-16  0.4126959978  0.9160428412  0.4010804321
12  17  -1.365453848e-16  0.03105135568  0.9995179454  0.03104636603
12  18  1.170601858e-16  -0.01470231877  0.9998919229  -0.01470178911
12  19  -1.394316709e-16  0.0003917744821  0.9999999233  0.0003917744721
12  20  1.08889067e-16  0.003961734963  0.9999921523  0.0039617246
12  21  -4.595795773e-18  0.00670657417  0.999977511  0.006706523895
12  22  2.272838805e-16  0.02417149899  0.9997078835  0.02416914531
12  23  9.980988353e-17  0.2743096092  0.9626124417  0.2708824228
12  24  2.952904603e-16  0.5248345896  0.8654068356  0.5010698642
12  25  7.632230156e-17  0.05922567075  0.9982466726  0.05919105271
12  26  1.343684309e-17  0.01075225028  0.9999421951  0.0107520431
12  27  9.119308711e-17  0.004868004469  0.9999881513  0.004867985242
12  28  -6.700777411e-17  0.003409719009  0.9999941869  0.003409712402
12  29  8.244485955e-17  -0.005275655782  0.9999860838  -0.00527563131
12  30  2.73871246e-16  -0.001867793314  0.9999982557  -0.001867792228
12  31  -2.600922975e-17  0.2839882796  0.9599456142  0.2801863983
12  32  -1.001680741e-16  0.1446623731  0.989554634  0.1441583376
12  33  -3.632039694e-17  -0.02025522156  0.99979487  -0.02025383656
12  34  1.684809226e-16  -0.03145574998  0.9995053087  -0.03145056284
12  35  7.83759481e-17  -0.03811353072  0.9992737673  -0.03810430384
12  36  7.83759481e-17  -0.03811353072  0.9992737673  -0.03810430384

13  0  6.672419936e-17  -0.03113350503  0.9995153916  -0.03112847568
13  1  -9.452363094e-17  -0.04044068767  0.9991823868  -0.04042966545
13  2  -1.231631106e-16  -0.04875436721  0.9988117412  -0.04873505475
13  3  1.538630115e-16  -0.05349561822  0.9985694506  -0.05347010641
13  4  2.350455835e-17  -0.04631378596  0.9989277083  -0.04629723081
13  5  -6.780658421e-17  -0.02860704324  0.9995908464  -0.02860314158
13  6  -2.952396197e-16  -0.01665556401  0.9998612993  -0.01665479396
13  7  -1.433154764e-16  -0.0202205291  0.9997955721  -0.0202191512
13  8  -1.18240459e-16  -0.03591301057  0.9993551971  -0.0359052913
13  9  1.09139772e-16  -0.05263069161  0.9986153248  -0.05260639723
13  10  3.672659877e-17  -0.05488298907  0.9984943068  -0.05485544066
13  11  5.158247773e-17  -0.04669003834  0.9989102182  -0.04667307646
13  12  -1.455135169e-16  -0.03649437922  0.999334154  -0.03648627898
13  13  2.924971011e-16  -0.02620950869  0.9996565505  -0.02620650807
13  14  1.125686456e-16  -0.01660446364  0.9998621491  -0.01660370065
13  15  -2.408594346e-17  0.002084092135  0.9999978283  0.002084090627
13  16  2.229126077e-16  0.6372787425  0.8037179086  0.5950105238
13  17  -3.406043105e-16  0.001151822539  0.9999993367  0.001151822284
13  18  -5.507704567e-17  -0.01940444688  0.9998117396  -0.01940322917
13  19  -6.16105136e-17  -0.005679590192  0.9999838712  -0.005679559657
13  20  2.806247771e-16  0.001677928464  0.9999985923  0.001677927677
13  21  -3.228366406e-18  0.002848766145  0.9999959423  0.002848762292
13  22  1.429520944e-17  0.006179721347  0.9999809056  0.006179682014
13  23  -8.3561281e-17  0.02417149899  0.9997078835  0.02416914531
13  24  1.12862477e-16  0.08053380089  0.9967589058  0.08044677619
13  25  -8.984890547e-17  0.04401638276  0.9990314354  0.04400217093
13  26  1.55841267e-16  0.010575137  0.9999440838  0.0105749399
13  27  1.355660861e-16  0.003882978577  0.9999924612  0.003882968819
13  28  1.266786356e-16  0.00239653243  0.9999971283  0.002396530136
13  29  -3.322091601e-16  0.0003462369458  0.9999999401  0.0003462369389
13  30  -2.365391059e-16  -0.01381665258  0.9999045516  -0.01381621299
13  31  -2.522920513e-17  -0.01220016623  0.9999255789  -0.01219986357
13  32  -3.41199188e-16  0.2699496898  0.9637843145  0.2666829489
13  33  -5.936037787e-17  0.3722215455  0.9315217005  0.3636857456
13  34  -7.322426745e-17  -0.008832792794  0.9999609911  -0.008832677941
13  35  -2.680476841e-16  -0.02150700481  0.9997687333  -0.02150534683
13  36  -2.680476841e-16  -0.02150700481  0.9997687333  -0.02150534683

14  0  -2.876647577e-16  -0.01212589966  0.9999264822  -0.01212560251
14  1  -1.536931729e-16  -0.02119233462  0.9997754509  -0.02119074836
14  2  1.387099883e-16  -0.03380621548  0.9994286243  -0.03379977655
14  3  6.086935563e-17  -0.0590842239  0.998255035  -0.05904985327
14  4  5.572670093e-17  -0.1021101105  0.9947912907  -0.1019327616
14  5  -1.485012057e-16  -0.1175638191  0.99309733  -0.117293193
14  6  -5.10331519e-16  -0.07637999776  0.9970844658  -0.07630575382
14  7  1.652593654e-16  -0.06219675664  0.9980664052  -0.06215666369
14  8  -1.564900447e-16  -0.0964523075  0.9953520812  -0.09630282698
14  9  1.969387556e-16  -0.1279879121  0.9918207217  -0.1276387719
14  10  -1.958692896e-16  -0.08382488362  0.9964887512  -0.08372675063
14  11  -8.055378627e-18  -0.04417647385  0.9990243783  -0.0441621064
14  12  -2.011803578e-17  -0.02618430023  0.9996572108  -0.02618130826
14  13  3.10845535e-16  -0.01660446364  0.9998621491  -0.01660370065
14  14  3.154937364e-16  -0.007447298406  0.999972269  -0.007447229566
14  15  -4.932630221e-17  0.4494415573  0.9006898653  0.4344626182
14  16  7.322621722e-17  0.3840418328  0.9271578556  0.3746709366
14  17  -4.821351981e-17  -0.00731834692  0.999973221  -0.007318281594
14  18  -3.46356095e-17  -0.02096562991  0.9997802292  -0.02096409401
14  19  -1.047334434e-16  -0.008540376741  0.9999635312  -0.008540272922
14  20  1.874326363e-17  0.00143316138  0.999998973  0.001433160889
14  21  6.280361057e-17  0.001852279493  0.9999982845  0.001852278434
14  22  -1.390185943e-16  0.002848766145  0.9999959423  0.002848762292
14  23  -3.375621411e-16  0.00670657417  0.999977511  0.006706523895
14  24  8.19257867e-17  0.01741142711  0.9998484249  0.01741054739
14  25  1.537330687e-16  0.02197025162  0.9997586637  0.02196848418
14  26  1.566935117e-16  0.01057814631  0.9999440519  0.01057794903
14  27  4.595208204e-17  0.004232718121  0.9999910421  0.004232705482
14  28  2.016543458e-17  0.0022585197  0.9999974495  0.00225851778
14  29  -2.993242038e-16  0.002045322156  0.9999979083  0.00204532073
14  30  -3.298557163e-16  -0.0001720520074  0.9999999852  -0.0001720520065
14  31  -1.169578662e-16  -0.01763499195  0.9998445076  -0.0176340779
14  32  6.52250439e-17  -0.01583084859  0.9998746947  -0.01583018736
14  33  -4.158351137e-18  0.1294859494  0.9916284012  0.1291244125
14  34  2.433946081e-16  0.5074554786  0.8739838584  0.4859549518
14  35  -1.122434091e-16  0.1897715086  0.9820473621  0.1886345105
14  36  -1.122434091e-16  0.1897715086  0.9820473621  0.1886345105

15  0  -1.627910152e-16  0.5091412117  0.8731634267  0.4874275641
15  1  6.261139892e-16  0.2553158199  0.9675835833  0.2525510033
15  2  2.659022651e-16  -0.004346371026  0.9999905545  -0.004346357341
15  3  1.094374126e-16  -0.01998237196  0.999800359  -0.01998104217
15  4  -1.083873021e-16  -0.04775184081  0.9988600975  -0.04773369528
15  5  3.315307126e-17  -0.1222139373  0.9925411676  -0.1219099281
15  6  -1.950177652e-16  -0.1877251411  0.9824313212  -0.1866244871
15  7  -2.065517196e-16  -0.1676806101  0.9859745154  -0.1668959407
15  8  -7.54433991e-17  -0.1965537986  0.9807454112  -0.195290651
15  9  2.03157984e-16  -0.1838080738  0.9831548031  -0.1827748157
15  10  -1.396262732e-16  -0.0755207591  0.9971496626  -0.07544899224
15  11  1.700476437e-16  -0.02880825826  0.9995850708  -0.02880427369
15  12  -3.884882092e-17  -0.01321666954  0.9999126611  -0.01321628476
15  13  -1.387466762e-16  0.002084092135  0.9999978283  0.002084090626
15  14  1.542012036e-16  0.4494415573  0.9006898653  0.4344626182
15  15  -1.365351527e-16  0.6312921077  0.8072655955  0.5901883244
15  16  2.85782014e-18  0.002026907853  0.9999979458  0.002026906465
15  17  2.43493416e-16  -0.01220887932  0.9999254726  -0.01220857602
15  18  1.006284017e-16  -0.02623528278  0.9996558747  -0.0262322733
15  19  5.867390334e-17  -0.00771357368  0.9999702505  -0.007713497188
15  20  5.385688974e-18  0.003705881107  0.9999931332  0.003705872625
15  21  1.019803756e-16  0.00143316138  0.999998973  0.001433160889
15  22  -1.520769906e-16  0.001677928464  0.9999985923  0.001677927677
15  23  -1.468733841e-16  0.003961734963  0.9999921523  0.0039617246
15  24  3.952182237e-17  0.00837196446  0.9999649553  0.008371866662
15  25  -9.001062932e-17  0.01248139419  0.9999221084  0.01248107013
15  26  1.261196844e-16  0.01092216922  0.9999403537  0.01092195207
15  27  3.128902844e-16  0.006127375806  0.9999812277  0.006127337464
15  28  -1.92240322e-16  0.002874214901  0.9999958694  0.002874210943
15  29  -2.33863675e-16  0.001732958397  0.9999984984  0.00173295753
15  30  -2.896710096e-16  0.003486215582  0.9999939232  0.00348620852
15  31  -1.358300552e-16  0.004446372058  0.9999901149  0.004446357407
15  32  1.649705705e-16  -0.02237352308  0.9997497232  -0.02237165653
15  33  1.655018761e-16  -0.02210063343  0.9997557909  -0.02209883434
15  34  1.045156799e-16  -0.005339756273  0.9999857435  -0.005339730898
15  35  -1.144418301e-16  0.3172420889  0.9500993536  0.3119474607
15  36  -1.144418301e-16  0.3172420889  0.9500993536  0.3119474607

16  0  -3.925979827e-17  -0.002937226025  0.9999956864  -0.002937221802
16  1  1.658927218e-16  0.2519399519  0.968430647  0.2492831361
16  2  -1.715900823e-16  0.5020396274  0.8766028877  0.4812144816
16  3  6.357830986e-17  0.4185898686  0.9136630281  0.4064724727
16  4  -1.579329306e-16  0.3176739284  0.9499645538  0.3123577221
16  5  3.007933229e-17  0.2140104395  0.977187036  0.2123805467
16  6  -6.929866041e-17  0.1765234076  0.9844601587  0.1756080749
16  7  -1.087465514e-16  0.8869328133  0.6317924863  0.7751375711
16  8  -7.349692103e-17  1.955975165  -0.3757248778  0.9267312535
16  9  -3.282665843e-17  0.2431391265  0.9705870116  0.240750603
16  10  1.283646642e-16  0.1628276546  0.9867728404  0.1621091038
16  11  2.569877024e-16  0.2434411785  0.9705142482  0.2410437598
16  12  1.353690378e-16  0.4126959978  0.9160428412  0.4010804321
16  13  3.338337978e-17  0.6372787425  0.8037179086  0.5950105238
16  14  2.751219352e-16  0.3840418328  0.9271578556  0.3746709366
16  15  -6.923374894e-17  0.002026907853  0.9999979458  0.002026906465
16  16  -3.143279218e-16  -0.009066522127  0.9999588994  -0.009066397914
16  17  -1.129819601e-16  -0.02302919718  0.9997348398  -0.02302716167
16  18  -8.64059463e-17  -0.07593943034  0.9971179869  -0.0758664635
16  19  -2.42206282e-16  -0.03528383635  0.99937759  -0.03527651571
16  20  -3.585454896e-16  -0.00771357368  0.9999702505  -0.007713497188
16  21  -8.722561596e-18  -0.008540376741  0.9999635312  -0.008540272922
16  22  3.256016268e-17  -0.005679590192  0.9999838712  -0.005679559656
16  23  8.770142399e-17  0.0003917744818  0.9999999233  0.0003917744718
16  24  -8.333577852e-17  0.007520495823  0.9999717212  0.007520424933
16  25  -3.254720249e-16  0.01299158949  0.9999156105  0.01299122404
16  26  2.613557301e-17  0.01430287096  0.9998977157  0.0143023833
16  27  1.933719625e-16  0.01161293421  0.9999325706  0.01161267319
16  28  1.053854602e-16  0.005153149422  0.9999867226  0.005153126615
16  29  -1.713024301e-16  -0.001475421144  0.9999989116  -0.001475420609
16  30  -1.237381911e-16  -0.005898082127  0.9999826064  -0.005898047931
16  31  -1.82066534e-16  -0.004141618201  0.9999914235  -0.004141606361
16  32  2.00314074e-16  0.0002124341987  0.9999999774  0.0002124341971
16  33  -7.873627566e-17  -0.068287555  0.9976693108  -0.0682344944
16  34  -4.810186162e-16  -0.06646155983  0.9977922434  -0.06641264231
16  35  -1.738696019e-16  -0.01604966782  0.9998712068  -0.01604897879
16  36  -1.738696019e-16  -0.01604966782  0.9998712068  -0.01604897879

17  0  -7.211344434e-17  -0.1190334087  0.9929238848  -0.1187525114
17  1  -2.111012006e-16  -0.01728341951  0.9998506454  -0.01728255905
17  2  7.737438116e-17  -0.009485054543  0.9999550172  -0.009484912322
17  3  8.76295122e-17  -0.002093721557  0.9999978082  -0.002093720028
17  4  1.92418041e-16  0.02108428312  0.9997777347  0.021082721
17  5  2.792227746e-16  0.07826556401  0.9969388138  0.07818568588
17  6  -1.0257869e-16  0.1173087621  0.9931272142  0.1170398928
17  7  -4.473715785e-16  0.2145103645  0.9770807396  0.2128690404
17  8  8.391582378e-17  1.149523913  0.4089219493  0.9125693614
17  9  -1.367255002e-16  0.459281676  0.8963711649  0.4433043364
17  10  3.881049042e-17  0.1530282741  0.9883140053  0.1524317125
17  11  -5.128037826e-17  0.100085867  0.9949955892  0.09991885434
17  12  6.381105283e-17  0.03105135568  0.9995179454  0.03104636603
17  13  2.237218585e-16  0.001151822539  0.9999993367  0.001151822284
17  14  3.749056796e-16  -0.00731834692  0.999973221  -0.007318281594
17  15  2.311730972e-16  -0.01220887932  0.9999254726  -0.01220857602
17  16  2.471513617e-16  -0.02302919718  0.9997348398  -0.02302716167
17  17  2.652942037e-16  -0.215034004  0.976969139  -0.2133806492
17  18  -1.757333559e-16  -0.7546020888  0.7285441696  -0.684998827
17  19  -1.615042553e-16  -0.07593943034  0.9971179869  -0.0758664635
17  20  -1.906817328e-16  -0.02623528278  0.9996558747  -0.0262322733
17  21  1.74409616e-16  -0.02096562991  0.9997802292  -0.02096409401
17  22  2.996372117e-16  -0.01940444688  0.9998117396  -0.01940322917
17  23  6.752177162e-17  -0.01470231877  0.9998919229  -0.01470178911
17  24  -1.175268076e-17  0.0004149322953  0.9999999139  0.0004149322834
17  25  5.410312312e-18  0.02884353345  0.9995840541  0.02883953422
17  26  9.130022713e-19  0.05246784391  0.9986238784  0.05244377432
17  27  -1.229340028e-17  0.05104304212  0.9986975867  0.05102088048
17  28  -2.000187563e-17  0.02135489849  0.9997719928  0.02135327545
17  29  -1.172688665e-16  -0.008223153242  0.9999661901  -0.008223060567
17  30  -8.540037737e-17  -0.01903914653  0.9998187609  -0.0190379963
17  31  -1.528383471e-16  -0.02058049164  0.9997882292  -0.02057903883
17  32  1.125593378e-16  -0.02213220556  0.9997550927  -0.02213039876
17  33  -1.299633885e-16  -0.03665304414  0.9993283524  -0.0366448378
17  34  3.403127093e-17  -0.2083869759  0.9783658931  -0.2068820419
17  35  9.354094864e-17  -0.7086808842  0.7592210601  -0.6508328371
17  36  9.354094864e-17  -0.7086808842  0.7592210601  -0.6508328371

18  0  -1.217802075e-16  -0.7086808842  0.7592210601  -0.6508328371
18  1  6.873624566e-17  -0.2083869759  0.9783658931  -0.2068820419
18  2  -1.249780713e-16  -0.03665304414  0.9993283524  -0.0366448378
18  3  -9.380991884e-17  -0.02213220556  0.9997550927  -0.02213039875
18  4  6.764018698e-17  -0.02058049164  0.9997882292  -0.02057903883
18  5  -1.855440585e-17  -0.01903914653  0.9998187609  -0.0190379963
18  6  1.521297407e-16  -0.008223153242  0.9999661901  -0.008223060567
18  7  -1.128988739e-16  0.02135489849  0.9997719928  0.02135327545
18  8  -1.746649015e-16  0.05104304212  0.9986975867  0.05102088048
18  9  8.633100509e-17  0.05246784391  0.9986238784  0.05244377432
18  10  2.500353645e-16  0.02884353345  0.9995840541  0.02883953422
18  11  6.037631344e-17  0.0004149322954  0.9999999139  0.0004149322835
18  12  4.296338535e-17  -0.01470231877  0.9998919229  -0.01470178911
18  13  -2.158953552e-16  -0.01940444688  0.9998117396  -0.01940322917
18  14  -5.285676928e-17  -0.02096562991  0.9997802292  -0.02096409401
18  15  -1.669336081e-16  -0.02623528278  0.9996558747  -0.0262322733
18  16  -9.488054224e-17  -0.07593943034  0.9971179869  -0.0758664635
18  17  1.060079437e-16  -0.7546020888  0.7285441696  -0.684998827
18  18  1.015050991e-16  -0.215034004  0.976969139  -0.2133806492
18  19  -2.780756814e-16  -0.02302919718  0.9997348398  -0.02302716167
18  20  -2.023637313e-16  -0.01220887932  0.9999254726  -0.01220857602
18  21  -2.49152465e-16  -0.00731834692  0.999973221  -0.007318281594
18  22  2.565946678e-16  0.001151822539  0.9999993367  0.001151822284
18  23  7.505260783e-19  0.03105135568  0.9995179454  0.03104636603
18  24  -2.038596414e-16  0.100085867  0.9949955892  0.09991885434
18  25  5.567026334e-17  0.1530282741  0.9883140053  0.1524317125
18  26  1.448839242e-16  0.459281676  0.8963711649  0.4433043364
18  27  -3.260731628e-16  1.149523913  0.4089219493  0.9125693614
18  28  1.553820532e-16  0.2145103645  0.9770807396  0.2128690404
18  29  1.414947045e-16  0.1173087621  0.9931272142  0.1170398928
18  30  1.260629939e-16  0.07826556401  0.9969388138  0.07818568588
18  31  -7.286538395e-18  0.02108428312  0.9997777347  0.021082721
18  32  1.895167752e-16  -0.002093721558  0.9999978082  -0.002093720028
18  33  -7.602765859e-17  -0.009485054543  0.9999550172  -0.009484912322
18  34  -5.475319381e-18  -0.01728341951  0.9998506454  -0.01728255905
18  35  7.863400199e-18  -0.1190334087  0.9929238848  -0.1187525114
18  36  7.863400199e-18  -0.1190334087  0.9929238848  -0.1187525114

19  0  -2.024598915e-16  -0.01604966782  0.9998712068  -0.01604897879
19  1  7.9088394e-18  -0.06646155983  0.9977922434  -0.06641264231
19  2  -3.652224157e-16  -0.068287555  0.9976693108  -0.0682344944
19  3  -6.182113775e-17  0.0002124341991  0.9999999774  0.0002124341975
19  4  -1.293567272e-16  -0.004141618201  0.9999914235  -0.004141606361
19  5  -4.178670734e-16  -0.005898082127  0.9999826064  -0.005898047931
19  6  -1.358314984e-16  -0.001475421144  0.9999989116  -0.001475420609
19  7  -1.306557954e-16  0.005153149422  0.9999867226  0.005153126615
19  8  1.296973717e-16  0.01161293421  0.9999325706  0.01161267319
19  9  2.591648302e-16  0.01430287096  0.9998977157  0.0143023833
19  10  1.572635205e-17  0.01299158949  0.9999156105  0.01299122404
19  11  -2.181234081e-16  0.007520495823  0.9999717212  0.007520424933
19  12  -1.614948668e-16  0.000391774482  0.9999999233  0.000391774472
19  13  -1.527487501e-16  -0.005679590192  0.9999838712  -0.005679559657
19  14  -1.10517984e-17  -0.008540376741  0.9999635312  -0.008540272922
19  15  -2.832851705e-16  -0.00771357368  0.9999702505  -0.007713497189
19  16  -3.583914432e-16  -0.03528383635  0.99937759  -0.03527651571
19  17  7.021112564e-17  -0.07593943034  0.9971179869  -0.0758664635
19  18  5.102015861e-17  -0.02302919718  0.9997348398  -0.02302716167
19  19  -2.811379783e-16  -0.009066522127  0.9999588994  -0.009066397914
19  20  2.992809886e-16  0.002026907853  0.9999979458  0.002026906466
19  21  5.252437411e-17  0.3840418328  0.9271578556  0.3746709366
19  22  1.955962665e-16  0.6372787425  0.8037179086  0.5950105238
19  23  1.453204428e-16  0.4126959978  0.9160428412  0.4010804321
19  24  1.949367742e-16  0.2434411785  0.9705142482  0.2410437598
19  25  3.159058181e-16  0.1628276546  0.9867728404  0.1621091038
19  26  1.295446595e-16  0.2431391265  0.9705870116  0.240750603
19  27  8.013089389e-17  1.955975165  -0.3757248778  0.9267312535
19  28  1.77421819e-16  0.8869328133  0.6317924863  0.7751375712
19  29  -1.867157203e-16  0.1765234076  0.9844601587  0.1756080749
19  30  8.996648662e-17  0.2140104395  0.977187036  0.2123805467
19  31  -1.335920216e-16  0.3176739284  0.9499645538  0.3123577221
19  32  -1.971951502e-16  0.4185898686  0.9136630281  0.4064724727
19  33  7.31561116e-17  0.5020396274  0.8766028877  0.4812144816
19  34  3.301099366e-17  0.2519399519  0.968430647  0.249283136
19  35  1.626096093e-16  -0.002937226025  0.9999956864  -0.002937221802
19  36  1.626096093e-16  -0.002937226025  0.9999956864  -0.002937221802

20  0  -5.988565036e-17  0.3172420889  0.9500993536  0.3119474607
20  1  -1.130523691e-16  -0.005339756274  0.9999857435  -0.005339730898
20  2  -4.194913207e-16  -0.02210063343  0.9997557909  -0.02209883434
20  3  -3.286499325e-16  -0.02237352308  0.9997497232  -0.02237165653
20  4  -1.632713194e-17  0.004446372058  0.9999901149  0.004446357407
20  5  1.809242994e-16  0.003486215582  0.9999939232  0.00348620852
20  6  -1.18455576e-16  0.001732958397  0.9999984984  0.00173295753
20  7  -6.095109996e-17  0.002874214901  0.9999958694  0.002874210943
20  8  -4.869924037e-17  0.006127375806  0.9999812277  0.006127337464
20  9  3.279126582e-16  0.01092216922  0.9999403537  0.01092195207
20  10  -5.142550087e-20  0.01248139419  0.9999221084  0.01248107013
20  11  3.964913664e-17  0.00837196446  0.9999649553  0.008371866662
20  12  1.860809496e-16  0.003961734963  0.9999921523  0.0039617246
20  13  -1.383150094e-16  0.001677928464  0.9999985923  0.001677927677
20  14  -1.415454493e-16  0.00143316138  0.999998973  0.001433160889
20  15  -2.747928301e-16  0.003705881107  0.9999931332  0.003705872625
20  16  -3.018349829e-16  -0.00771357368  0.9999702505  -0.007713497188
20  17  3.258230993e-16  -0.02623528278  0.9996558747  -0.0262322733
20  18  8.427531069e-17  -0.01220887932  0.9999254726  -0.01220857602
20  19  -2.859705242e-16  0.002026907853  0.9999979458  0.002026906465
20  20  -7.04790816e-18  0.6312921077  0.8072655955  0.5901883244
20  21  3.389897187e-16  0.4494415573  0.9006898653  0.4344626182
20  22  1.576715305e-16  0.002084092135  0.9999978283  0.002084090627
20  23  -2.562070635e-16  -0.01321666954  0.9999126611  -0.01321628476
20  24  -2.309764093e-16  -0.02880825826  0.9995850708  -0.02880427369
20  25  -1.750751121e-17  -0.07552075909  0.9971496626  -0.07544899224
20  26  -1.435939096e-16  -0.1838080738  0.9831548031  -0.1827748157
20  27  -6.734685296e-17  -0.1965537986  0.9807454112  -0.195290651
20  28  7.394958913e-17  -0.1676806101  0.9859745154  -0.1668959407
20  29  -1.291668753e-16  -0.1877251411  0.9824313212  -0.1866244871
20  30  -2.24513279e-16  -0.1222139373  0.9925411676  -0.1219099282
20  31  9.228062074e-17  -0.04775184081  0.9988600975  -0.04773369528
20  32  1.568281127e-16  -0.01998237196  0.999800359  -0.01998104217
20  33  1.821625676e-16  -0.004346371025  0.9999905545  -0.004346357341
20  34  -5.839830315e-17  0.2553158199  0.9675835833  0.2525510033
20  35  7.95477027e-17  0.5091412116  0.8731634267  0.4874275641
20  36  7.95477027e-17  0.5091412116  0.8731634267  0.4874275641

21  0  1.74863562e-16  0.1897715086  0.9820473621  0.1886345105
21  1  -1.211620239e-16  0.5074554786  0.8739838584  0.4859549518
21  2  -6.108149336e-17  0.1294859494  0.9916284012  0.1291244125
21  3  -1.932610212e-16  -0.01583084859  0.9998746947  -0.01583018736
21  4  -2.370390177e-16  -0.01763499195  0.9998445076  -0.0176340779
21  5  4.19659166e-16  -0.0001720520072  0.9999999852  -0.0001720520064
21  6  -1.751742898e-16  0.002045322156  0.9999979083  0.00204532073
21  7  -1.371387825e-16  0.0022585197  0.9999974495  0.00225851778
21  8  -1.853568617e-16  0.004232718121  0.9999910421  0.004232705482
21  9  4.361028796e-16  0.01057814631  0.9999440519  0.01057794903
21  10  5.599138519e-17  0.02197025162  0.9997586637  0.02196848418
21  11  1.246211172e-16  0.01741142711  0.9998484249  0.01741054739
21  12  2.53142928e-17  0.00670657417  0.999977511  0.006706523895
21  13  -3.831225596e-16  0.002848766145  0.9999959423  0.002848762292
21  14  -3.862588569e-16  0.001852279493  0.9999982845  0.001852278434
21  15  -2.897142923e-16  0.00143316138  0.999998973  0.001433160889
21  16  -6.033677609e-17  -0.008540376741  0.9999635312  -0.008540272922
21  17  5.339565444e-17  -0.02096562991  0.9997802292  -0.02096409401
21  18  -3.812706088e-16  -0.00731834692  0.999973221  -0.007318281594
21  19  -1.314305222e-16  0.3840418328  0.9271578556  0.3746709366
21  20  5.532711534e-17  0.4494415573  0.9006898653  0.4344626182
21  21  1.324338408e-16  -0.007447298406  0.999972269  -0.007447229566
21  22  -1.02971317e-18  -0.01660446364  0.9998621491  -0.01660370065
21  23  -1.06604301e-16  -0.02618430023  0.9996572108  -0.02618130826
21  24  -8.841940744e-17  -0.04417647385  0.9990243783  -0.0441621064
21  25  -7.125669188e-17  -0.08382488362  0.9964887512  -0.08372675063
21  26  -9.128284513e-17  -0.1279879121  0.9918207217  -0.1276387719
21  27  -2.299959056e-16  -0.0964523075  0.9953520812  -0.09630282698
21  28  -1.382197958e-16  -0.06219675664  0.9980664052  -0.06215666369
21  29  -1.14125231e-16  -0.07637999776  0.9970844658  -0.07630575382
21  30  -1.707402998e-16  -0.1175638191  0.99309733  -0.117293193
21  31  -5.321036075e-16  -0.1021101105  0.9947912907  -0.1019327616
21  32  -2.579203954e-16  -0.0590842239  0.998255035  -0.05904985327
21  33  -2.848776214e-16  -0.03380621547  0.9994286243  -0.03379977655
21  34  1.259592995e-17  -0.02119233462  0.9997754509  -0.02119074836
21  35  2.771008503e-16  -0.01212589966  0.9999264822  -0.01212560251
21  36  2.771008503e-16  -0.01212589966  0.9999264822  -0.01212560251

22  0  8.493218251e-17  -0.02150700481  0.9997687333  -0.02150534683
22  1  -1.055857685e-17  -0.008832792794  0.9999609911  -0.008832677941
22  2  1.555232968e-17  0.3722215455  0.9315217005  0.3636857456
22  3  2.392090759e-16  0.2699496898  0.9637843144  0.2666829489
22  4  -3.120331877e-16  -0.01220016623  0.9999255789  -0.01219986357
22  5  2.277148301e-16  -0.01381665258  0.9999045516  -0.01381621299
22  6  -1.133190528e-16  0.0003462369458  0.9999999401  0.0003462369389
22  7  -4.088677792e-16  0.00239653243  0.9999971283  0.002396530136
22  8  -1.389416462e-16  0.003882978577  0.9999924612  0.003882968819
22  9  5.944140721e-16  0.010575137  0.9999440838  0.0105749399
22  10  9.834920223e-17  0.04401638275  0.9990314354  0.04400217093
22  11  -2.082906335e-17  0.08053380089  0.9967589058  0.08044677619
22  12  -2.394966107e-16  0.02417149899  0.9997078835  0.02416914531
22  13  -1.365070396e-16  0.006179721347  0.9999809056  0.006179682014
22  14  -1.213071299e-16  0.002848766145  0.9999959423  0.002848762292
22  15  -1.850265734e-16  0.001677928464  0.9999985923  0.001677927677
22  16  -3.810253099e-17  -0.005679590192  0.9999838712  -0.005679559657
22  17  3.743206359e-17  -0.01940444688  0.9998117396  -0.01940322917
22  18  -3.135489451e-17  0.001151822539  0.9999993367  0.001151822284
22  19  1.204642896e-16  0.6372787425  0.8037179086  0.5950105238
22  20  1.962940041e-16  0.002084092135  0.9999978283  0.002084090627
22  21  2.333811185e-16  -0.01660446364  0.9998621491  -0.01660370065
22  22  -1.006576112e-16  -0.02620950869  0.9996565505  -0.02620650807
22  23  2.293875496e-17  -0.03649437922  0.999334154  -0.03648627898
22  24  -4.881210183e-17  -0.04669003834  0.9989102182  -0.04667307646
22  25  2.172387066e-16  -0.05488298907  0.9984943068  -0.05485544066
22  26  5.041290629e-17  -0.05263069161  0.9986153248  -0.05260639723
22  27  -1.597361409e-16  -0.03591301057  0.9993551971  -0.0359052913
22  28  -4.335610355e-17  -0.0202205291  0.9997955721  -0.0202191512
22  29  -4.340216061e-16  -0.01665556401  0.9998612993  -0.01665479396
22  30  -2.556663895e-16  -0.02860704324  0.9995908464  -0.02860314158
22  31  -1.082059811e-16  -0.04631378596  0.9989277083  -0.04629723081
22  32  1.283189548e-17  -0.05349561822  0.9985694506  -0.05347010641
22  33  -1.322040041e-16  -0.04875436721  0.9988117412  -0.04873505475
22  34  6.993020387e-17  -0.04044068767  0.9991823868  -0.04042966545
22  35  2.718084622e-16  -0.03113350503  0.9995153916  -0.03112847568
22  36  2.718084622e-16  -0.03113350503  0.9995153916  -0.03112847568

23  0  2.678195099e-18  -0.03811353072  0.9992737673  -0.03810430384
23  1  9.885026985e-17  -0.03145574998  0.9995053087  -0.03145056284
23  2  5.697773394e-17  -0.02025522156  0.99979487  -0.02025383656
23  3  4.351296271e-16  0.1446623731  0.989554634  0.1441583376
23  4  -3.406917841e-17  0.2839882796  0.9599456142  0.2801863983
23  5  8.247827477e-17  -0.001867793314  0.9999982557  -0.001867792228
23  6  2.63745403e-16  -0.005275655782  0.9999860838  -0.005275631309
23  7  2.104987177e-17  0.003409719009  0.9999941869  0.003409712402
23  8  4.545681059e-17  0.004868004469  0.9999881513  0.004867985242
23  9  2.856516954e-17  0.01075225028  0.9999421951  0.0107520431
23  10  1.54365077e-16  0.05922567075  0.9982466726  0.05919105271
23  11  1.589767423e-16  0.5248345896  0.8654068356  0.5010698642
23  12  -2.570939287e-16  0.2743096092  0.9626124417  0.2708824228
23  13  1.695979771e-17  0.02417149899  0.9997078835  0.02416914531
23  14  -9.673679416e-17  0.00670657417  0.999977511  0.006706523895
23  15  -1.695251331e-16  0.003961734963  0.9999921523  0.0039617246
23  16  -3.51026416e-16  0.0003917744821  0.9999999233  0.0003917744721
23  17  -1.652227105e-17  -0.01470231877  0.9998919229  -0.01470178911
23  18  7.599511226e-17  0.03105135568  0.9995179454  0.03104636603
23  19  1.217820882e-16  0.4126959978  0.9160428412  0.4010804321
23  20  3.072858456e-17  -0.01321666954  0.9999126611  -0.01321628476
23  21  -6.037147935e-17  -0.02618430023  0.9996572108  -0.02618130826
23  22  2.053477646e-16  -0.03649437922  0.999334154  -0.03648627898
23  23  2.594734608e-16  -0.04016956007  0.9991933117  -0.04015875805
23  24  4.021159434e-16  -0.0351765889  0.9993813676  -0.03516933481
23  25  -1.222844273e-16  -0.02619737212  0.9996568685  -0.02619437567
23  26  1.084508715e-16  -0.01798332897  0.9998383043  -0.01798235969
23  27  -1.256070757e-16  -0.01163877624  0.9999322702  -0.01163851347
23  28  -2.496181669e-16  -0.005568771127  0.9999844944  -0.005568742345
23  29  -1.83255005e-16  8.777028701e-06  1  8.777028701e-06
23  30  -2.960081544e-17  -0.002523339308  0.9999968164  -0.00252333663
23  31  -6.551983512e-17  -0.00921574005  0.9999575354  -0.009215609602
23  32  9.798777271e-17  -0.0152191059  0.9998841916  -0.0152185184
23  33  3.634107168e-16  -0.02207059928  0.9997564542  -0.02206880751
23  34  5.112789966e-17  -0.03023208734  0.9995430453  -0.0302274823
23  35  1.352707838e-16  -0.0370868938  0.99931236  -0.0370783926
23  36  1.352707838e-16  -0.0370868938  0.99931236  -0.0370783926

24  0  -4.120182441e-16  -0.02736060595  0.999625722  -0.02735719237
24  1  4.448371793e-17  -0.04014953427  0.9991941157  -0.04013874839
24  2  6.357651653e-17  -0.04532701589  0.9989729067  -0.04531149647
24  3  2.583999172e-17  -0.03739118236  0.9993010312  -0.03738247019
24  4  -1.908607574e-16  0.04081441736  0.9991672073  0.04080308675
24  5  -3.278387712e-16  0.256969738  0.9671645614  0.2541509612
24  6  -5.906083444e-19  0.02643167525  0.9996507036  0.02642859768
24  7  -2.676164643e-16  0.008123804696  0.9999670021  0.008123715339
24  8  -6.955474357e-17  0.007942706253  0.9999684569  0.00794262274
24  9  1.477691122e-16  0.01098416526  0.9999396747  0.01098394439
24  10  8.69612368e-17  0.03743041485  0.9992995638  0.03742167524
24  11  5.576094766e-17  0.3462680692  0.9406458393  0.3393897538
24  12  -3.174351094e-16  0.5248345896  0.8654068356  0.5010698642
24  13  -2.428938466e-16  0.08053380089  0.9967589058  0.08044677619
24  14  -1.50580823e-16  0.01741142711  0.9998484249  0.01741054739
24  15  2.560566507e-16  0.00837196446  0.9999649553  0.008371866662
24  16  2.810085182e-17  0.007520495823  0.9999717212  0.007520424933
24  17  1.829743297e-16  0.0004149322952  0.9999999139  0.0004149322833
24  18  1.198003392e-16  0.100085867  0.9949955892  0.09991885434
24  19  -1.563586885e-16  0.2434411785  0.9705142482  0.2410437598
24  20  1.449898117e-17  -0.02880825826  0.9995850708  -0.02880427369
24  21  2.558235575e-17  -0.04417647385  0.9990243783  -0.0441621064
24  22  4.763363961e-17  -0.04669003834  0.9989102182  -0.04667307646
24  23  1.473142933e-16  -0.0351765889  0.9993813676  -0.03516933481
24  24  3.048841274e-16  -0.02071698436  0.999785411  -0.02071550246
24  25  -2.474864557e-17  -0.01047829064  0.9999451032  -0.0104780989
24  26  2.699596644e-17  -0.004697733831  0.9999889657  -0.004697716552
24  27  -8.111609542e-17  -0.0016210625  0.9999986861  -0.00162106179
24  28  -1.632119626e-16  0.001184176541  0.9999992989  0.001184176264
24  29  -7.87790979e-17  0.006396423354  0.999979543  0.006396379736
24  30  -2.538970933e-16  0.008731258968  0.9999618828  0.008731148031
24  31  -1.307389357e-16  0.003431623554  0.999994112  0.003431616819
24  32  -8.519307084e-17  -0.0004933287676  0.9999998783  -0.0004933287476
24  33  2.811992339e-16  -0.003183481193  0.9999949327  -0.003183475816
24  34  -1.288563673e-16  -0.007524346512  0.9999716922  -0.007524275513
24  35  -4.79222843e-16  -0.01538474541  0.9998816571  -0.01538413851
24  36  -4.79222843e-16  -0.01538474541  0.9998816571  -0.01538413851

25  0  1.051544791e-17  -0.006517610139  0.9999787605  -0.006517563995
25  1  -7.784305209e-18  -0.01750964963  0.99984671  -0.01750875493
25  2  -8.725967617e-17  -0.03817914792  0.9992712649  -0.03816987331
25  3  1.145690363e-16  -0.06636338781  0.9977987584  -0.06631468671
25  4  1.663995174e-17  -0.08107542462  0.9967151877  -0.08098663264
25  5  -1.514474261e-16  -0.01638523991  0.999865765  -0.01638450675
25  6  -9.849797075e-17  0.2230098482  0.9752361919  0.2211659334
25  7  -1.906041853e-16  0.08309115342  0.9965499158  0.08299557427
25  8  -2.572816439e-16  0.01970487804  0.9998058652  0.01970360289
25  9  1.583835052e-16  0.0118715663  0.9999295338  0.01187128745
25  10  -3.773619007e-19  0.01710221474  0.9998537607  0.01710138106
25  11  1.353091888e-16  0.03743041485  0.9992995638  0.03742167524
25  12  2.341726953e-16  0.05922567075  0.9982466726  0.05919105271
25  13  2.135107483e-16  0.04401638275  0.9990314354  0.04400217093
25  14  -2.456723366e-17  0.02197025162  0.9997586637  0.02196848418
25  15  3.676828794e-18  0.01248139419  0.9999221084  0.01248107013
25  16  3.569677304e-16  0.01299158949  0.9999156105  0.01299122404
25  17  -1.786042227e-17  0.02884353345  0.9995840541  0.02883953422
25  18  2.998239308e-17  0.1530282741  0.9883140053  0.1524317125
25  19  -1.09172529e-16  0.1628276546  0.9867728404  0.1621091038
25  20  7.192743319e-17  -0.07552075909  0.9971496626  -0.07544899224
25  21  2.296935854e-16  -0.08382488362  0.9964887512  -0.08372675063
25  22  1.082452049e-16  -0.05488298907  0.9984943068  -0.05485544066
25  23  -1.343122737e-16  -0.02619737212  0.9996568685  -0.02619437567
25  24  4.10749809e-16  -0.01047829064  0.9999451032  -0.0104780989
25  25  -1.090277374e-16  -0.002982713822  0.9999955517  -0.002982709399
25  26  2.200283153e-16  0.0007493041598  0.9999997193  0.0007493040897
25  27  6.901695107e-17  0.002944643127  0.9999956645  0.002944638871
25  28  -5.461926736e-17  0.005149615603  0.9999867408  0.005149592843
25  29  2.199594454e-16  0.009684833664  0.9999531024  0.009684682265
25  30  -1.130742684e-16  0.01578046921  0.999875491  0.01577981427
25  31  1.565558118e-16  0.01324204198  0.9999123254  0.01324165499
25  32  1.165549918e-16  0.007086145278  0.9999748934  0.007086085974
25  33  2.37194326e-17  0.00395918668  0.9999921624  0.003959176336
25  34  3.466814201e-17  0.001860906942  0.9999982685  0.001860905868
25  35  -2.619457536e-17  -0.001064350128  0.9999994336  -0.001064349927
25  36  -2.619457536e-17  -0.001064350128  0.9999994336  -0.001064349927

26  0  1.571487166e-16  0.002169383823  0.9999976469  0.002169382121
26  1  -1.208122752e-16  -0.001750011719  0.9999984687  -0.001750010825
26  2  7.339704469e-17  -0.0105562641  0.9999442832  -0.01055606804
26  3  4.311367988e-17  -0.03270450677  0.9994652553  -0.03269867704
26  4  -9.017890769e-17  -0.08378368809  0.9964921995  -0.08368569968
26  5  -1.043532216e-17  -0.1536464044  0.9882195938  -0.1530425902
26  6  -5.484022123e-17  -0.06428362343  0.9979345193  -0.06423935847
26  7  2.80206719e-16  0.3511076575  0.9389923233  0.3439381002
26  8  -1.702021087e-16  0.3500619735  0.9393514605  0.342956023
26  9  1.24977118e-16  0.02244096129  0.9997482122  0.02243907781
26  10  -1.267826851e-16  0.0118715663  0.9999295338  0.01187128745
26  11  1.846385286e-16  0.01098416526  0.9999396747  0.01098394439
26  12  2.139068643e-16  0.01075225028  0.9999421951  0.0107520431
26  13  4.120052125e-16  0.010575137  0.9999440838  0.0105749399
26  14  -1.568316999e-17  0.01057814631  0.9999440519  0.01057794903
26  15  -7.934379203e-17  0.01092216922  0.9999403537  0.01092195207
26  16  3.509092127e-16  0.01430287096  0.9998977157  0.0143023833
26  17  -1.305690615e-16  0.05246784391  0.9986238784  0.05244377432
26  18  -2.943013944e-17  0.459281676  0.8963711649  0.4433043364
26  19  -1.698727576e-16  0.2431391265  0.9705870116  0.240750603
26  20  2.364561096e-16  -0.1838080738  0.9831548031  -0.1827748157
26  21  4.50763687e-17  -0.1279879121  0.9918207217  -0.1276387719
26  22  3.892534418e-16  -0.05263069161  0.9986153248  -0.05260639723
26  23  8.749882603e-17  -0.01798332897  0.9998383043  -0.01798235969
26  24  1.599066689e-17  -0.004697733831  0.9999889657  -0.004697716552
26  25  9.56790575e-18  0.0007493041598  0.9999997193  0.0007493040897
26  26  -1.436550717e-16  0.00348475408  0.9999939283  0.003484747027
26  27  1.653212023e-17  0.005507944252  0.9999848313  0.005507916402
26  28  1.563002661e-16  0.008004367079  0.9999679652  0.008004281606
26  29  -2.214278971e-16  0.01257163069  0.9999209781  0.01257129954
26  30  -2.035313691e-16  0.02029060512  0.9997941527  0.02028921284
26  31  -5.006776365e-17  0.02340003237  0.9997262317  0.02339789694
26  32  -2.371539088e-16  0.01653756293  0.9998632576  0.01653680913
26  33  1.290634674e-18  0.01013003909  0.9999486916  0.01012986583
26  34  1.406797111e-16  0.006711876272  0.9999774754  0.006711825878
26  35  -2.763275677e-16  0.004495426831  0.9999898956  0.004495411689
26  36  -2.763275677e-16  0.004495426831  0.9999898956  0.004495411689

27  0  -1.862575514e-16  0.006624554472  0.9999780577  0.006624506019
27  1  -5.333344125e-16  0.004293504026  0.9999907829  0.004293490835
27  2  -7.682927879e-17  0.0008479771042  0.9999996405  0.0008479770026
27  3  2.77652478e-16  -0.006229622335  0.999980596  -0.006229582042
27  4  -8.835522977e-17  -0.02280727144  0.9997399255  -0.02280529421
27  5  1.974629954e-16  -0.06295881967  0.9980187481  -0.06291723508
27  6  -1.372571365e-18  -0.1364519601  0.990704867  -0.1360289178
27  7  -3.020647003e-16  0.5706814058  0.8415330713  0.5402055996
27  8  -7.381864294e-17  2.110392247  -0.5137893667  0.8579163634
27  9  -4.582432143e-17  0.3500619735  0.9393514605  0.342956023
27  10  -3.216595932e-16  0.01970487804  0.9998058652  0.01970360289
27  11  -4.052310846e-16  0.007942706253  0.9999684569  0.00794262274
27  12  -9.116850677e-17  0.004868004469  0.9999881513  0.004867985242
27  13  3.758527884e-17  0.003882978577  0.9999924612  0.003882968819
27  14  1.825092652e-16  0.004232718121  0.9999910421  0.004232705482
27  15  -1.190604772e-16  0.006127375806  0.9999812277  0.006127337464
27  16  1.222255121e-16  0.01161293421  0.9999325706  0.01161267319
27  17  1.473399021e-16  0.05104304212  0.9986975867  0.05102088048
27  18  -3.518854603e-17  1.149523913  0.4089219493  0.9125693614
27  19  -1.191013731e-16  1.955975165  -0.3757248778  0.9267312535
27  20  -9.397180248e-17  -0.1965537986  0.9807454112  -0.195290651
27  21  -1.353771857e-16  -0.0964523075  0.9953520812  -0.09630282698
27  22  2.940533571e-16  -0.03591301057  0.9993551971  -0.0359052913
27  23  2.548077595e-16  -0.01163877623  0.9999322702  -0.01163851347
27  24  -2.427109495e-16  -0.0016210625  0.9999986861  -0.00162106179
27  25  -2.886778525e-18  0.002944643127  0.9999956645  0.002944638871
27  26  2.961323353e-17  0.005507944252  0.9999848313  0.005507916402
27  27  2.586195701e-16  0.007743009362  0.9999700231  0.007742931991
27  28  -1.46248032e-16  0.01083656213  0.999941285  0.01083635003
27  29  -5.137385141e-18  0.01614080092  0.9998697401  0.01614010008
27  30  -1.085201986e-16  0.0246171515  0.9996970132  0.02461466522
27  31  -6.176878651e-17  0.03206920273  0.9994858272  0.03206370617
27  32  2.044865423e-16  0.0295353756  0.9995638625  0.02953108165
27  33  5.925289372e-17  0.02052469415  0.9997893759  0.02052325313
27  34  -2.404908785e-16  0.01341488648  0.9999100218  0.01341448413
27  35  2.44843809e-16  0.009243890703  0.9999572755  0.009243759056
27  36  2.44843809e-16  0.009243890703  0.9999572755  0.009243759056

28  0  2.270967915e-17  0.01278983597  0.9999182112  0.01278948728
28  1  -2.042254927e-17  0.009421157914  0.9999556212  0.009421018547
28  2  5.070322347e-17  0.006600538386  0.9999782165  0.006600490458
28  3  1.963514636e-16  0.003166139759  0.9999949878  0.00316613447
28  4  1.971046243e-16  -0.002129080842  0.9999977335  -0.002129079234
28  5  3.940959734e-17  -0.01185433519  0.9999297382  -0.01185405755
28  6  -1.31122619e-16  -0.03449999579  0.9994049342  -0.03449315226
28  7  -2.903819568e-16  -0.09339553042  0.9956418068  -0.09325981237
28  8  2.014360929e-16  0.5706814058  0.8415330713  0.5402055996
28  9  -1.148253122e-16  0.3511076575  0.9389923233  0.3439381002
28  10  -1.0902914e-16  0.08309115342  0.9965499158  0.08299557427
28  11  6.120787472e-17  0.008123804696  0.9999670021  0.008123715339
28  12  9.243930648e-17  0.003409719009  0.9999941869  0.003409712402
28  13  -3.280602417e-17  0.00239653243  0.9999971283  0.002396530136
28  14  -1.626247468e-16  0.0022585197  0.9999974495  0.00225851778
28  15  -2.578555714e-16  0.002874214901  0.9999958694  0.002874210943
28  16  -2.14903204e-16  0.005153149422  0.9999867226  0.005153126615
28  17  1.367746513e-16  0.02135489849  0.9997719928  0.02135327545
28  18  -5.226921875e-16  0.2145103645  0.9770807396  0.2128690404
28  19  -1.612619109e-16  0.8869328133  0.6317924863  0.7751375712
28  20  -8.431897582e-17  -0.1676806101  0.9859745154  -0.1668959407
28  21  -2.736998144e-16  -0.06219675664  0.9980664052  -0.06215666369
28  22  1.213367211e-16  -0.0202205291  0.9997955721  -0.0202191512
28  23  2.463870634e-16  -0.005568771127  0.9999844944  -0.005568742345
28  24  -2.744763083e-18  0.001184176541  0.9999992989  0.001184176264
28  25  2.995960925e-17  0.005149615603  0.9999867408  0.005149592843
28  26  4.651479273e-17  0.008004367079  0.9999679652  0.008004281606
28  27  1.020203616e-16  0.01083656212  0.999941285  0.01083635003
28  28  -1.756623112e-16  0.0148348999  0.9998899649  0.01483435577
28  29  -8.808513099e-17  0.02137406567  0.9997715834  0.02137243825
28  30  -2.03973246e-17  0.03088904788  0.9995229713  0.03088413607
28  31  -3.171908982e-18  0.03970355042  0.9992119176  0.03969311998
28  32  1.441952589e-16  0.04219910104  0.9991097501  0.04218657772
28  33  6.071628618e-17  0.03640262296  0.9993374977  0.03639458367
28  34  1.458584257e-17  0.02637383752  0.9996522305  0.02637078011
28  35  2.186581355e-16  0.01805075221  0.9998370896  0.01804977198
28  36  2.186581355e-16  0.01805075221  0.9998370896  0.01804977198

29  0  -4.128518883e-17  0.02539998631  0.9996774377  0.02539725523
29  1  -2.921539787e-17  0.01869147378  0.9998253195  0.01869038542
29  2  -4.329214299e-16  0.01427274437  0.9998981461  0.01427225978
29  3  -2.114244048e-16  0.01097865966  0.9999397351  0.01097843912
29  4  1.357718435e-16  0.00801227516  0.9999679019  0.008012189434
29  5  1.530570235e-16  0.003881150776  0.9999924683  0.003881141032
29  6  -4.08436943e-17  -0.005757253767  0.9999834271  -0.005757221963
29  7  -1.94328479e-16  -0.03449999579  0.9994049342  -0.03449315226
29  8  -2.146054878e-16  -0.1364519601  0.990704867  -0.1360289178
29  9  2.427592597e-16  -0.06428362343  0.9979345193  -0.06423935848
29  10  -6.361585492e-17  0.2230098482  0.9752361919  0.2211659334
29  11  -1.186028666e-16  0.02643167525  0.9996507036  0.02642859768
29  12  9.181626331e-17  -0.005275655782  0.9999860838  -0.00527563131
29  13  1.080276121e-16  0.0003462369458  0.9999999401  0.0003462369389
29  14  2.307652088e-17  0.002045322156  0.9999979083  0.00204532073
29  15  -2.023586769e-16  0.001732958397  0.9999984984  0.00173295753
29  16  1.007161905e-16  -0.001475421144  0.9999989116  -0.001475420609
29  17  1.691825488e-16  -0.008223153242  0.9999661901  -0.008223060567
29  18  2.091788146e-18  0.1173087621  0.9931272142  0.1170398928
29  19  -8.13566025e-17  0.1765234076  0.9844601587  0.1756080749
29  20  -1.861241824e-16  -0.1877251411  0.9824313212  -0.1866244871
29  21  -3.952817537e-16  -0.07637999776  0.9970844658  -0.07630575382
29  22  -1.538620274e-16  -0.01665556401  0.9998612993  -0.01665479396
29  23  3.665379716e-17  8.777028457e-06  1  8.777028457e-06
29  24  -2.016822301e-17  0.006396423354  0.999979543  0.006396379736
29  25  -1.563649856e-16  0.009684833664  0.9999531024  0.009684682265
29  26  2.31363393e-16  0.01257163069  0.9999209781  0.01257129954
29  27  -4.448978848e-17  0.01614080092  0.9998697401  0.01614010008
29  28  -2.315280185e-17  0.02137406567  0.9997715834  0.02137243825
29  29  -5.360151482e-18  0.0295333681  0.9995639218  0.02952907502
29  30  2.079690292e-16  0.04031514001  0.9991874548  0.04030422012
29  31  -4.662584976e-17  0.04868428069  0.9988151545  0.04866505138
29  32  1.412249941e-16  0.05167171753  0.9986653138  0.05164872697
29  33  -2.338884678e-17  0.05132920747  0.9986829454  0.05130667103
29  34  -2.404868119e-16  0.04561282402  0.9989599155  0.04559700919
29  35  -1.735323571e-17  0.03520549523  0.9993803506  0.03519822324
29  36  -1.735323571e-17  0.03520549523  0.9993803506  0.03519822324

30  0  -3.390353126e-17  0.04627764505  0.9989293809  0.04626112863
30  1  4.598953473e-16  0.03550940294  0.9993696074  0.035501941
30  2  -1.110496718e-16  0.02759057737  0.9996194042  0.02758707699
30  3  -9.832656732e-17  0.02233113396  0.9997506706  0.022329278
30  4  -2.480298045e-16  0.01828891017  0.9998327625  0.01828789063
30  5  -1.505102515e-16  0.012885538  0.9999169826  0.01288518142
30  6  1.924698564e-17  0.003881150776  0.9999924683  0.003881141032
30  7  1.225986642e-16  -0.01185433519  0.9999297382  -0.01185405755
30  8  8.23988617e-17  -0.06295881967  0.9980187481  -0.06291723508
30  9  -1.067861586e-16  -0.1536464044  0.9882195938  -0.1530425902
30  10  2.108647129e-16  -0.01638523991  0.999865765  -0.01638450675
30  11  2.690840775e-16  0.256969738  0.9671645614  0.2541509613
30  12  7.473786112e-17  -0.001867793314  0.9999982557  -0.001867792228
30  13  -2.504791036e-16  -0.01381665258  0.9999045516  -0.01381621299
30  14  -1.415872379e-16  -0.0001720520072  0.9999999852  -0.0001720520063
30  15  -1.020866676e-16  0.003486215582  0.9999939232  0.00348620852
30  16  1.192273748e-16  -0.005898082127  0.9999826064  -0.005898047931
30  17  -2.470373879e-17  -0.01903914653  0.9998187609  -0.0190379963
30  18  -2.358486585e-16  0.07826556401  0.9969388138  0.07818568588
30  19  -4.393231295e-16  0.2140104395  0.977187036  0.2123805468
30  20  -2.956842068e-16  -0.1222139373  0.9925411676  -0.1219099282
30  21  7.64012744e-18  -0.1175638191  0.99309733  -0.117293193
30  22  -4.126911967e-16  -0.02860704324  0.9995908464  -0.02860314158
30  23  -8.186709347e-17  -0.002523339308  0.9999968164  -0.00252333663
30  24  1.507709082e-16  0.008731258968  0.9999618828  0.008731148031
30  25  -2.372787831e-16  0.01578046921  0.999875491  0.01577981427
30  26  6.75720038e-17  0.02029060512  0.9997941527  0.02028921284
30  27  7.381733173e-17  0.0246171515  0.9996970132  0.02461466522
30  28  -3.489192014e-17  0.03088904788  0.9995229713  0.03088413607
30  29  -6.586341838e-17  0.04031514001  0.9991874548  0.04030422012
30  30  2.225957811e-16  0.05167766774  0.9986650065  0.05165466925
30  31  -2.298086145e-16  0.05852119373  0.9982881236  0.05848779623
30  32  2.630313458e-16  0.05948648236  0.9982312009  0.05945140501
30  33  8.289071012e-17  0.06063867465  0.9981620389  0.06060151959
30  34  2.361696993e-17  0.05987434615  0.9982080668  0.05983857827
30  35  3.099767875e-16  0.05615012381  0.9984239959  0.0561206231
30  36  3.099767875e-16  0.05615012381  0.9984239959  0.0561206231

31  0  -1.775323701e-16  0.062304491  0.998059703  0.06226418938
31  1  -4.268015468e-18  0.05394639898  0.9985452459  0.05392023686
31  2  1.223863167e-16  0.04409443469  0.9990279979  0.04408014714
31  3  7.829504464e-17  0.03580972893  0.9993589002  0.03580207606
31  4  -8.22550128e-17  0.02797438835  0.9996087423  0.02797073985
31  5  1.041115168e-16  0.01828891017  0.9998327625  0.01828789063
31  6  -1.316595498e-16  0.00801227516  0.9999679019  0.008012189434
31  7  -2.890707092e-17  -0.002129080842  0.9999977335  -0.002129079234
31  8  1.033066096e-16  -0.02280727144  0.9997399255  -0.02280529421
31  9  -1.486359724e-16  -0.08378368809  0.9964921995  -0.08368569968
31  10  -1.202158121e-16  -0.08107542462  0.9967151877  -0.08098663264
31  11  -1.956748379e-16  0.04081441736  0.9991672073  0.04080308675
31  12  -2.302947076e-16  0.2839882796  0.9599456142  0.2801863983
31  13  3.394135742e-17  -0.01220016623  0.9999255789  -0.01219986357
31  14  7.440313591e-18  -0.01763499195  0.9998445076  -0.0176340779
31  15  1.340194898e-17  0.004446372058  0.9999901149  0.004446357407
31  16  -8.810250068e-18  -0.004141618201  0.9999914235  -0.004141606361
31  17  2.871161916e-17  -0.02058049164  0.9997882292  -0.02057903883
31  18  6.818377485e-17  0.02108428312  0.9997777347  0.021082721
31  19  1.900716473e-16  0.3176739284  0.9499645538  0.3123577221
31  20  -1.041794022e-18  -0.04775184081  0.9988600975  -0.04773369528
31  21  1.000608985e-16  -0.1021101105  0.9947912907  -0.1019327616
31  22  3.740895953e-17  -0.04631378596  0.9989277083  -0.04629723081
31  23  1.584691929e-16  -0.00921574005  0.9999575354  -0.009215609602
31  24  -1.857320425e-16  0.003431623554  0.999994112  0.003431616819
31  25  -2.018491952e-16  0.01324204198  0.9999123254  0.01324165499
31  26  -2.55901101e-16  0.02340003237  0.9997262317  0.02339789694
31  27  -2.254075014e-16  0.03206920273  0.9994858272  0.03206370617
31  28  -1.586483673e-17  0.03970355042  0.9992119176  0.03969311998
31  29  -1.371099993e-16  0.04868428069  0.9988151545  0.04866505138
31  30  -2.587080579e-16  0.05852119373  0.9982881236  0.05848779623
31  31  -2.32908494e-17  0.06398640213  0.9979535685  0.06394274824
31  32  2.352268355e-16  0.0644836454  0.9979216501  0.06443896602
31  33  5.104724933e-19  0.06808063168  0.9976834088  0.0680280519
31  34  -1.900881612e-16  0.06666938285  0.9977784198  0.06662000507
31  35  1.916169522e-16  0.064726795  0.9979059523  0.06468160835
31  36  1.916169522e-16  0.064726795  0.9979059523  0.06468160835

32  0  -3.013329354e-17  0.06555504512  0.9978520374  0.06550810181
32  1  -8.202410688e-17  0.06341449383  0.9979899747  0.06337199989
32  2  -1.451528996e-16  0.05620346197  0.9984210011  0.05617387712
32  3  -1.399064424e-16  0.04693249537  0.9988988726  0.04691526789
32  4  1.29161214e-16  0.03580972893  0.9993589002  0.03580207606
32  5  1.049009098e-16  0.02233113396  0.9997506706  0.022329278
32  6  -1.010231133e-16  0.01097865966  0.9999397351  0.01097843912
32  7  2.908305943e-16  0.003166139759  0.9999949878  0.00316613447
32  8  4.327836967e-16  -0.006229622335  0.999980596  -0.006229582042
32  9  -7.262323237e-17  -0.03270450677  0.9994652553  -0.03269867704
32  10  1.432550671e-16  -0.06636338781  0.9977987584  -0.06631468671
32  11  -1.845337e-16  -0.03739118236  0.9993010312  -0.03738247019
32  12  -1.185196798e-16  0.1446623731  0.989554634  0.1441583376
32  13  -1.693328707e-16  0.2699496898  0.9637843145  0.2666829489
32  14  9.005032512e-17  -0.01583084859  0.9998746947  -0.01583018736
32  15  9.320509305e-17  -0.02237352308  0.9997497232  -0.02237165653
32  16  2.904822237e-16  0.0002124341991  0.9999999774  0.0002124341976
32  17  2.685716682e-16  -0.02213220556  0.9997550927  -0.02213039875
32  18  -2.121767723e-16  -0.002093721558  0.9999978082  -0.002093720028
32  19  2.674042193e-16  0.4185898686  0.9136630281  0.4064724727
32  20  2.310846661e-16  -0.01998237196  0.999800359  -0.01998104217
32  21  2.472408819e-16  -0.0590842239  0.998255035  -0.05904985327
32  22  4.561014842e-16  -0.05349561822  0.9985694506  -0.05347010641
32  23  -4.515454406e-17  -0.0152191059  0.9998841916  -0.0152185184
32  24  -2.312124214e-16  -0.0004933287676  0.9999998783  -0.0004933287475
32  25  1.914511687e-16  0.007086145278  0.9999748934  0.007086085974
32  26  -7.97709428e-17  0.01653756293  0.9998632576  0.01653680913
32  27  -1.305968197e-16  0.0295353756  0.9995638625  0.02953108165
32  28  -3.26036905e-16  0.04219910104  0.9991097501  0.04218657772
32  29  -8.896360963e-17  0.05167171753  0.9986653138  0.05164872697
32  30  -4.99517829e-17  0.05948648236  0.9982312009  0.05945140501
32  31  -1.013347123e-16  0.0644836454  0.9979216501  0.06443896602
32  32  3.099445692e-16  0.06564290238  0.9978462782  0.0655957701
32  33  7.723412539e-18  0.06834093305  0.9976656672  0.06828774794
32  34  -5.106407814e-17  0.06920745734  0.9976061196  0.06915222373
32  35  -4.297500347e-17  0.06565380253  0.9978455632  0.06560664676
32  36  -4.297500347e-17  0.06565380253  0.9978455632  0.06560664676

33  0  -7.237808232e-17  0.06288083951  0.9980236513  0.06283940923
33  1  1.768256847e-17  0.07042791309  0.9975209795  0.07036970605
33  2  -6.268127391e-17  0.06597793496  0.9978242455  0.06593007742
33  3  -2.535551221e-16  0.05620346197  0.9984210011  0.05617387712
33  4  9.85929129e-17  0.04409443469  0.9990279979  0.04408014713
33  5  -3.193705362e-17  0.02759057737  0.9996194042  0.02758707699
33  6  6.656243858e-17  0.01427274437  0.9998981461  0.01427225978
33  7  2.707696399e-17  0.006600538386  0.9999782165  0.006600490458
33  8  3.7140879e-17  0.0008479771042  0.9999996405  0.0008479770026
33  9  1.418486585e-16  -0.0105562641  0.9999442832  -0.01055606804
33  10  -8.296211248e-17  -0.03817914792  0.9992712649  -0.03816987331
33  11  -2.194233899e-16  -0.04532701589  0.9989729067  -0.04531149647
33  12  -3.308906084e-16  -0.02025522156  0.99979487  -0.02025383656
33  13  2.748097216e-16  0.3722215455  0.9315217005  0.3636857455
33  14  2.330548845e-17  0.1294859494  0.9916284012  0.1291244125
33  15  -4.735758389e-18  -0.02210063343  0.9997557909  -0.02209883434
33  16  -6.309192575e-17  -0.068287555  0.9976693108  -0.0682344944
33  17  -1.486326875e-17  -0.03665304414  0.9993283524  -0.0366448378
33  18  -2.318816219e-16  -0.009485054544  0.9999550172  -0.009484912322
33  19  -5.010570533e-17  0.5020396274  0.8766028877  0.4812144816
33  20  -2.367830697e-17  -0.004346371025  0.9999905545  -0.004346357341
33  21  -2.72594971e-16  -0.03380621547  0.9994286243  -0.03379977655
33  22  2.213358014e-16  -0.04875436721  0.9988117412  -0.04873505475
33  23  -8.704983052e-17  -0.02207059927  0.9997564542  -0.02206880751
33  24  -1.191595174e-16  -0.003183481193  0.9999949327  -0.003183475816
33  25  1.939050778e-17  0.00395918668  0.9999921624  0.003959176336
33  26  1.284440699e-17  0.01013003909  0.9999486916  0.01012986583
33  27  6.576661646e-17  0.02052469415  0.9997893759  0.02052325313
33  28  2.496321388e-16  0.03640262296  0.9993374977  0.03639458367
33  29  8.450603776e-17  0.05132920747  0.9986829454  0.05130667104
33  30  -5.490880282e-16  0.06063867465  0.9981620389  0.06060151959
33  31  3.991520686e-17  0.06808063168  0.9976834088  0.0680280519
33  32  2.754915113e-16  0.06834093305  0.9976656672  0.06828774794
33  33  1.040690868e-16  0.06009697635  0.9981947202  0.06006080804
33  34  2.742723603e-16  0.05330793379  0.9985794685  0.05328268953
33  35  -2.51339386e-17  0.05399055836  0.9985428638  0.05396433195
33  36  -2.51339386e-17  0.05399055836  0.9985428638  0.05396433195

34  0  -1.97569971e-17  0.04158116044  0.9991356281  0.04156917922
34  1  -3.311094338e-16  0.06306473923  0.9980120783  0.06302294443
34  2  -2.464097081e-16  0.07042791309  0.9975209795  0.07036970605
34  3  -7.870303841e-17  0.06341449383  0.9979899747  0.06337199988
34  4  -1.012879602e-16  0.05394639898  0.9985452459  0.05392023686
34  5  -6.25019042e-17  0.03550940294  0.9993696074  0.035501941
34  6  -1.570636205e-16  0.01869147378  0.9998253195  0.01869038542
34  7  1.197033449e-16  0.009421157914  0.9999556212  0.009421018547
34  8  7.472740089e-17  0.004293504026  0.9999907829  0.004293490835
34  9  1.01029925e-16  -0.001750011719  0.9999984687  -0.001750010825
34  10  1.966973916e-16  -0.01750964963  0.99984671  -0.01750875493
34  11  -1.304864961e-16  -0.04014953427  0.9991941157  -0.04013874839
34  12  5.86266127e-17  -0.03145574998  0.9995053087  -0.03145056284
34  13  -4.290036353e-17  -0.008832792794  0.9999609911  -0.008832677941
34  14  1.638741621e-17  0.5074554786  0.8739838584  0.4859549518
34  15  1.506855488e-16  -0.005339756273  0.9999857435  -0.005339730898
34  16  7.872609181e-17  -0.06646155983  0.9977922434  -0.06641264231
34  17  -2.193037942e-16  -0.2083869759  0.9783658931  -0.206882042
34  18  1.032518864e-16  -0.01728341951  0.9998506454  -0.01728255905
34  19  2.134552639e-17  0.2519399519  0.968430647  0.249283136
34  20  -3.317817903e-16  0.2553158198  0.9675835833  0.2525510033
34  21  -1.929868596e-16  -0.02119233462  0.9997754509  -0.02119074836
34  22  -2.899386796e-16  -0.04044068767  0.9991823868  -0.04042966545
34  23  -1.421244853e-16  -0.03023208734  0.9995430453  -0.0302274823
34  24  2.146558854e-17  -0.007524346512  0.9999716922  -0.007524275513
34  25  -2.936728353e-16  0.001860906942  0.9999982685  0.001860905868
34  26  -1.081857374e-16  0.006711876272  0.9999774754  0.006711825878
34  27  -3.143667464e-16  0.01341488648  0.9999100218  0.01341448413
34  28  -4.887842122e-18  0.02637383752  0.9996522305  0.02637078011
34  29  1.446036534e-16  0.04561282402  0.9989599155  0.04559700919
34  30  -8.404639544e-17  0.05987434615  0.9982080668  0.05983857827
34  31  7.89768976e-17  0.06666938285  0.9977784198  0.06662000507
34  32  2.273050032e-16  0.06920745734  0.9976061196  0.06915222373
34  33  -7.534352313e-17  0.05330793379  0.9985794685  0.05328268953
34  34  3.599540134e-16  0.0352781805  0.9993777895  0.03527086338
34  35  8.648592846e-17  0.03104319566  0.9995181987  0.03103820995
34  36  8.648592846e-17  0.03104319566  0.9995181987  0.03103820995

35  0  1.748372859e-16  0.02455957125  0.9996984289  0.02455710238
35  1  -1.073668234e-16  0.04158116044  0.9991356281  0.04156917922
35  2  -2.803948799e-16  0.06288083951  0.9980236513  0.06283940923
35  3  1.138312509e-16  0.06555504512  0.9978520374  0.06550810181
35  4  1.419243586e-16  0.062304491  0.998059703  0.06226418938
35  5  1.733811843e-16  0.04627764505  0.9989293809  0.04626112863
35  6  1.103135201e-17  0.02539998631  0.9996774377  0.02539725523
35  7  9.428695787e-17  0.01278983597  0.9999182112  0.01278948728
35  8  2.071307736e-16  0.006624554472  0.9999780577  0.006624506019
35  9  1.824025017e-16  0.002169383823  0.9999976469  0.002169382121
35  10  1.739641172e-16  -0.006517610139  0.9999787605  -0.006517563995
35  11  -4.644172758e-17  -0.02736060595  0.999625722  -0.02735719237
35  12  4.959358517e-17  -0.03811353072  0.9992737673  -0.03810430384
35  13  2.684317577e-16  -0.02150700481  0.9997687333  -0.02150534683
35  14  2.558228925e-16  0.1897715086  0.9820473621  0.1886345105
35  15  2.807525554e-16  0.3172420889  0.9500993536  0.3119474607
35  16  3.749030568e-16  -0.01604966782  0.9998712068  -0.01604897879
35  17  2.536261152e-17  -0.7086808842  0.7592210601  -0.6508328371
35  18  1.466145632e-16  -0.1190334087  0.9929238848  -0.1187525114
35  19  2.31417233e-16  -0.002937226025  0.9999956864  -0.002937221802
35  20  2.200437866e-16  0.5091412116  0.8731634267  0.4874275641
35  21  2.805673208e-16  -0.01212589966  0.9999264822  -0.01212560251
35  22  -1.622548056e-17  -0.03113350503  0.9995153916  -0.03112847568
35  23  -7.75316785e-17  -0.0370868938  0.99931236  -0.0370783926
35  24  -2.076827209e-16  -0.01538474541  0.9998816571  -0.01538413851
35  25  -1.764038069e-16  -0.001064350128  0.9999994336  -0.001064349927
35  26  -5.899940756e-18  0.004495426831  0.9999898956  0.004495411689
35  27  -2.865757865e-16  0.009243890703  0.9999572755  0.009243759056
35  28  1.723908072e-16  0.01805075221  0.9998370896  0.01804977198
35  29  -3.540532474e-16  0.03520549523  0.9993803506  0.03519822324
35  30  3.387883229e-18  0.05615012381  0.9984239959  0.0561206231
35  31  -5.857470249e-17  0.064726795  0.9979059523  0.06468160835
35  32  2.922646681e-16  0.06565380253  0.9978455632  0.06560664677
35  33  -2.310610643e-17  0.05399055836  0.9985428638  0.05396433195
35  34  1.785082051e-16  0.03104319566  0.9995181987  0.03103820995
35  35  8.276091078e-17  0.02231093166  0.9997511215  0.02230908073
35  36  8.276091078e-17  0.02231093166  0.9997511215  0.02230908073

36  0  1.748372859e-16  0.02455957125  0.9997511215  0.02230908073
36  1  -3.311094338e-16  0.06306473923  0.9997511215  0.02230908073
36  2  -6.268127391e-17  0.06597793496  0.9997511215  0.02230908073
36  3  -1.399064424e-16  0.04693249537  0.9997511215  0.02230908073
36  4  -8.22550128e-17  0.02797438835  0.9997511215  0.02230908073
36  5  -1.505102515e-16  0.012885538  0.9997511215  0.02230908073
36  6  -4.08436943e-17  -0.005757253767  0.9997511215  0.02230908073
36  7  -2.903819568e-16  -0.09339553042  0.9997511215  0.02230908073
36  8  -7.381864294e-17  2.110392247  0.9997511215  0.02230908073
36  9  1.24977118e-16  0.02244096129  0.9997511215  0.02230908073
36  10  -3.773619007e-19  0.01710221474  0.9997511215  0.02230908073
36  11  5.576094766e-17  0.3462680692  0.9997511215  0.02230908073
36  12  -2.570939287e-16  0.2743096092  0.9997511215  0.02230908073
36  13  -1.365070396e-16  0.006179721347  0.9997511215  0.02230908073
36  14  -3.862588569e-16  0.001852279493  0.9997511215  0.02230908073
36  15  -2.747928301e-16  0.003705881107  0.9997511215  0.02230908073
36  16  -3.583914432e-16  -0.03528383635  0.9997511215  0.02230908073
36  17  1.060079437e-16  -0.7546020888  0.9997511215  0.02230908073
36  18  -1.757333559e-16  -0.7546020888  0.9997511215  0.02230908073
36  19  -2.42206282e-16  -0.03528383635  0.9997511215  0.02230908073
36  20  5.385688974e-18  0.003705881107  0.9997511215  0.02230908073
36  21  6.280361057e-17  0.001852279493  0.9997511215  0.02230908073
36  22  1.429520944e-17  0.006179721347  0.9997511215  0.02230908073
36  23  9.980988353e-17  0.2743096092  0.9997511215  0.02230908073
36  24  -5.385548579e-18  0.3462680692  0.9997511215  0.02230908073
36  25  2.12647472e-17  0.01710221474  0.9997511215  0.02230908073
36  26  -4.586016738e-17  0.02244096129  0.9997511215  0.02230908073
36  27  1.761696008e-16  2.110392247  0.9997511215  0.02230908073
36  28  -1.335905203e-16  -0.09339553042  0.9997511215  0.02230908073
36  29  4.399247497e-17  -0.005757253767  0.9997511215  0.02230908073
36  30  -2.382975839e-17  0.012885538  0.9997511215  0.02230908073
36  31  2.099382252e-17  0.02797438835  0.9997511215  0.02230908073
36  32  5.149858982e-17  0.04693249537  0.9997511215  0.02230908073
36  33  1.466104949e-16  0.06597793496  0.9997511215  0.02230908073
36  34  6.393084871e-17  0.06306473923  0.9997511215  0.02230908073
36  35  2.51077821e-16  0.02455957125  0.9997511215  0.02230908073
36  36  2.51077821e-16  0.02455957125  0.9997511215  0.02230908073

#Chern no*2pi*Iota= -1.247764719e-15  56.54866776
