#nx  ny  tilde_F(nx,ny).real()  tilde_F(nx,ny).imag()  ArgofLog.real()  ArgofLog.imag()
#Extra momentum point for pm3d corners2color c1
0  0  6.756480105e-17  -0.03940330285  0.9992237903  -0.03939310725
0  1  -4.974855484e-17  -0.1997581278  0.9801146018  -0.1984322741
0  2  -1.17020817e-16  -0.3824846122  0.9277401765  -0.3732266936
0  3  -1.966253704e-16  0.0163166754  0.999866886  0.01631595141
0  4  -6.821198649e-17  0.04647402509  0.9989202769  0.04645729752
0  5  -4.614761282e-17  0.04250426987  0.9990968295  0.04249147289
0  6  -2.789885751e-16  0.02703711571  0.9996345195  0.02703382179
0  7  -1.123764222e-16  -0.02848764162  0.9995942546  -0.0284837886
0  8  -1.706542163e-16  -0.04064273975  0.9991741975  -0.04063155151
0  9  -3.360563099e-17  -0.01089693418  0.999940629  -0.01089671852
0  10  4.258532429e-16  -0.01231303096  0.9999241956  -0.01231271983
0  11  -2.246792911e-17  -0.01767620767  0.9998437799  -0.0176752872
0  12  -5.146085757e-17  -0.02443841195  0.9997013969  -0.02443597944
0  13  -2.008185284e-16  0.01007742441  0.9999492232  0.01007725384
0  14  4.43428924e-16  1.048294693  0.4990495467  0.8665734533
0  15  -8.930698991e-19  0.1448860012  0.9895223714  0.1443796262
0  16  -4.309809591e-16  -0.04728204142  0.9988824125  -0.04726442617
0  17  -2.105604607e-16  -0.08201253941  0.9966388563  -0.08192063349
0  18  3.006835534e-17  -0.09217255901  0.9957551163  -0.09204210146
0  19  4.169847312e-17  -0.07348633114  0.9973010945  -0.07342020835
0  20  3.037285829e-17  0.06441469828  0.9979260906  0.06437016203
0  21  -2.424489713e-16  1.075293729  0.4754738615  0.8797298489
0  22  1.729663329e-17  0.05983968781  0.9982101401  0.059803982
0  23  4.060084957e-16  -0.02237427905  0.9997497063  -0.0223724123
0  24  8.088554226e-17  -0.02111107551  0.9997771695  -0.02110950742
0  25  -1.380022635e-16  -0.01465282258  0.9998926493  -0.01465229824
0  26  -1.488773502e-16  -0.01092202585  0.9999403553  -0.0109218087
0  27  -1.904818928e-16  -0.01686975465  0.9998577091  -0.0168689545
0  28  -8.351576008e-17  -0.05874771173  0.9982748494  -0.05871392496
0  29  5.916066267e-17  0.01111392199  0.999938241  0.01111369319
0  30  -9.183499283e-17  0.03690802005  0.9993189763  0.03689964126
0  31  -2.492525633e-16  0.0452514203  0.9989763292  0.04523597839
0  32  -2.819247961e-16  0.04563692856  0.9989588161  0.04562108865
0  33  -3.944712984e-16  -0.07934070726  0.9968541768  -0.07925749252
0  34  -2.880581787e-16  -0.4430291336  0.9034572868  -0.4286781204
0  35  -9.893678446e-17  -0.08540035111  0.9963556058  -0.0852965817
0  36  -9.893678446e-17  -0.08540035111  0.9963556058  -0.0852965817

1  0  1.53276049e-16  -0.1997581278  0.9801146018  -0.1984322741
1  1  1.989996836e-17  -0.2681188562  0.964270951  -0.2649179742
1  2  -1.977098976e-16  -0.3795335142  0.9288375637  -0.3704872202
1  3  -2.646183493e-17  -0.006648317927  0.9999779  -0.006648268951
1  4  5.692137461e-17  0.0490923852  0.9987952109  0.04907266829
1  5  8.049390127e-17  0.04232102068  0.9991045993  0.0423083885
1  6  2.891881579e-16  0.03324581539  0.9994474088  0.03323969138
1  7  3.086425634e-16  0.001674466309  0.9999985981  0.001674465527
1  8  3.246537724e-17  -0.1236692533  0.9923626991  -0.1233542596
1  9  -5.750628444e-17  -0.02851960358  0.9995933437  -0.02851573758
1  10  -4.84858451e-17  -0.01113132848  0.9999380474  -0.0111310986
1  11  -1.576684452e-16  -0.01329454179  0.9999116289  -0.01329415017
1  12  5.201067813e-17  -0.01544621127  0.9998807097  -0.01544559707
1  13  1.717124085e-17  -0.008459425452  0.9999642193  -0.008459324557
1  14  -2.117658824e-16  0.004570161216  0.9999895568  0.004570145307
1  15  -7.192394058e-17  0.003629162202  0.9999934146  0.003629154235
1  16  -1.047275794e-16  -0.003860574472  0.999992548  -0.003860564882
1  17  -1.70992193e-16  0.01147949824  0.9999341113  0.01147924612
1  18  1.009931393e-16  0.1089803636  0.9940675152  0.1087647701
1  19  -2.248239723e-17  0.05381872007  0.9985521222  0.05379274325
1  20  -2.64848391e-16  -0.007505077359  0.999971837  -0.007505006904
1  21  -1.21250717e-16  -0.0002655777653  0.9999999647  -0.0002655777622
1  22  -1.769002098e-16  0.005437725434  0.9999852156  0.005437698636
1  23  -1.286471569e-16  -0.00303764645  0.9999953864  -0.003037641778
1  24  -3.648836893e-17  -0.0139385017  0.9999028607  -0.01393805037
1  25  1.010026514e-16  -0.0147626578  0.9998910339  -0.01476212159
1  26  3.964903194e-16  -0.01198910556  0.9999281315  -0.01198881834
1  27  -8.322960073e-17  -0.01342739103  0.9999098539  -0.01342698755
1  28  -1.902292269e-16  -0.09182932128  0.9957866499  -0.09170031533
1  29  -2.571382978e-17  -0.0613410132  0.9981192299  -0.06130255226
1  30  -6.435181423e-17  0.025078098  0.999685561  0.02507546943
1  31  -2.912058074e-17  0.03915977725  0.9992333539  0.03914976951
1  32  -3.619041882e-17  0.04584891215  0.9989491227  0.0458328505
1  33  -5.039192261e-17  0.05706689244  0.9983721267  0.05703592318
1  34  -4.006508408e-16  -0.1093108353  0.9940315172  -0.1090932754
1  35  -7.448757161e-17  -0.4430291335  0.9034572868  -0.4286781203
1  36  -7.448757161e-17  -0.4430291335  0.9034572868  -0.4286781203

2  0  -2.251342972e-16  -0.3824846122  0.9277401765  -0.3732266936
2  1  1.229481944e-16  -0.3795335142  0.9288375637  -0.3704872202
2  2  -1.082634058e-16  -0.1470298135  0.9892105749  -0.1465006431
2  3  -6.580610836e-17  0.0262729082  0.999654887  0.02626988576
2  4  -9.160714728e-17  0.05088167707  0.9987058067  0.05085972493
2  5  -1.700072009e-16  0.04099018114  0.9991600201  0.04097870353
2  6  7.63736382e-17  0.03246031271  0.9994732103  0.03245461259
2  7  5.561653127e-17  0.01850516583  0.9998287843  0.0185041097
2  8  -1.497501611e-16  -0.1222584441  0.9925357408  -0.1219541029
2  9  -8.431622415e-17  -0.2524923198  0.9682928033  -0.249818028
2  10  1.05748584e-16  -0.02022633608  0.9997954546  -0.020224957
2  11  -8.168026831e-17  -0.01089894372  0.9999406071  -0.01089872794
2  12  1.291483155e-16  -0.0102114276  0.9999478638  -0.01021125014
2  13  -4.924109099e-18  -0.006123320823  0.9999812525  -0.006123282557
2  14  1.198015932e-16  -0.002178835255  0.9999976263  -0.002178833531
2  15  -3.34527739e-16  -0.004489437758  0.9999899225  -0.004489422678
2  16  -1.359680088e-16  -0.01357496697  0.9999078616  -0.01357455004
2  17  -3.271924173e-17  0.0167321119  0.9998600215  0.01673133118
2  18  3.832775155e-17  0.1970005289  0.9806580711  0.1957287601
2  19  2.267503767e-16  0.1995638441  0.9801531354  0.1982418501
2  20  9.892916572e-17  0.08253478913  0.9965959373  0.08244111666
2  21  5.618836536e-17  -0.01968340899  0.999806288  -0.019682138
2  22  -1.6120993e-16  -0.01042315713  0.9999456794  -0.0104229684
2  23  -2.340850268e-17  -0.003086173531  0.9999952378  -0.003086168632
2  24  6.540953938e-17  -0.004058533569  0.9999917642  -0.004058522427
2  25  -2.079960326e-16  -0.008753549555  0.9999616879  -0.008753437766
2  26  2.892963485e-17  -0.01079880633  0.9999416935  -0.01079859645
2  27  -1.73272305e-16  -0.01259471819  0.9999206876  -0.01259438522
2  28  7.720746224e-17  -0.06948142851  0.9975871365  -0.06942553645
2  29  1.725632019e-17  -0.3132087152  0.9513498227  -0.308112828
2  30  9.997371188e-17  0.0001917532446  0.9999999816  0.0001917532434
2  31  -1.075140004e-16  0.02828095857  0.9996001203  0.02827718881
2  32  -2.063963794e-16  0.03645167671  0.9993357112  0.03644360487
2  33  2.367260855e-16  0.04736567503  0.9988784561  0.04734796614
2  34  -1.676123968e-16  0.05706689244  0.9983721267  0.05703592319
2  35  -8.483613474e-17  -0.07934070723  0.9968541768  -0.07925749249
2  36  -8.483613474e-17  -0.07934070723  0.9968541768  -0.07925749249

3  0  9.918835121e-17  0.0163166754  0.999866886  0.01631595141
3  1  -2.384720426e-16  -0.006648317927  0.9999779  -0.006648268951
3  2  -1.636198784e-16  0.0262729082  0.999654887  0.02626988576
3  3  6.288448299e-17  0.04428495182  0.9990195818  0.04427047828
3  4  3.874554887e-17  0.04761865412  0.9988664461  0.04760065999
3  5  -6.205645619e-17  0.04126271013  0.9991488152  0.04125100207
3  6  2.486034657e-16  0.0315282587  0.9995030256  0.03152303561
3  7  2.214218958e-16  0.02100080142  0.9997794913  0.02099925777
3  8  -2.133518771e-18  -0.01097020886  0.9999398279  -0.01096998882
3  9  6.749013683e-18  -0.4889465831  0.8828281342  -0.4696961629
3  10  -1.077201196e-17  -0.1536002206  0.9882266608  -0.1529969503
3  11  -2.341046198e-16  -0.01502353222  0.9998871489  -0.01502296707
3  12  2.066382376e-17  -0.006924518406  0.9999760256  -0.006924463069
3  13  5.176023591e-17  -0.003085596115  0.9999952396  -0.003085591219
3  14  -1.824097935e-16  -0.002726993475  0.9999962818  -0.002726990095
3  15  -3.725509012e-16  -0.01007282558  0.9999492695  -0.01007265525
3  16  -2.902888961e-16  -0.0425660101  0.9990942042  -0.04255315728
3  17  -1.916783654e-16  -0.03541998727  0.9993727778  -0.03541258156
3  18  -1.712546092e-16  0.03913770174  0.9992342179  0.03912771091
3  19  -5.250579454e-17  0.03376615572  0.9994299775  0.03375973966
3  20  1.836960465e-16  0.0393294632  0.9992266963  0.03931932481
3  21  1.344634464e-17  0.01341290795  0.9999100483  0.01341250578
3  22  3.393422303e-16  -0.06003103858  0.9981986783  -0.05999498918
3  23  4.496039886e-17  -0.02791634026  0.9996103643  -0.02791271443
3  24  -1.904844263e-16  -0.006301447311  0.9999801459  -0.006301405608
3  25  -4.694967049e-17  -0.002563980194  0.999996713  -0.002563977385
3  26  4.553800772e-16  -0.004893443733  0.9999880271  -0.004893424204
3  27  5.58316285e-18  -0.009821761111  0.9999517669  -0.0098216032
3  28  -2.956651952e-17  -0.03797913214  0.9992788794  -0.03797000252
3  29  -1.967162617e-17  -0.5235802266  0.8660346781  -0.499983936
3  30  2.511937873e-16  -0.1067255608  0.9943102311  -0.1065230694
3  31  2.87236989e-16  0.01421136216  0.9998990203  0.01421088381
3  32  -7.527214646e-17  0.02645178897  0.9996501718  0.02644870437
3  33  -1.651048632e-16  0.03645167671  0.9993357112  0.03644360487
3  34  1.437660589e-16  0.04584891215  0.9989491227  0.04583285049
3  35  -8.142449888e-17  0.04563692856  0.9989588161  0.04562108865
3  36  -8.142449888e-17  0.04563692856  0.9989588161  0.04562108865

4  0  7.629749334e-17  0.04647402509  0.9989202769  0.04645729752
4  1  1.99151422e-16  0.0490923852  0.9987952109  0.04907266829
4  2  -2.115544686e-16  0.05088167707  0.9987058067  0.05085972493
4  3  -1.999102957e-16  0.04761865412  0.9988664461  0.04760065999
4  4  2.332817111e-16  0.04595914488  0.9989440644  0.04594296711
4  5  -7.337766478e-17  0.04286815787  0.9990813012  0.04285502942
4  6  -3.993182679e-17  0.0341101027  0.9994183069  0.03410348858
4  7  -5.230194479e-17  0.02189791701  0.9997602502  0.02189616698
4  8  -5.089812794e-17  0.003283367026  0.9999946098  0.003283361127
4  9  -4.828298349e-17  -0.1474354693  0.9891510647  -0.14690191
4  10  1.671231109e-16  -0.3134703905  0.9512691647  -0.3083617622
4  11  -3.878590853e-17  -0.0421816523  0.999110486  -0.0421691445
4  12  1.488621795e-16  -0.007526449937  0.9999716764  -0.007526378878
4  13  -5.046568985e-17  0.0008979186815  0.9999995969  0.0008979185608
4  14  2.015739322e-16  -0.0007232629585  0.9999997384  -0.0007232628954
4  15  -1.516753662e-16  -0.01824520963  0.9998335608  -0.01824419738
4  16  5.02631218e-17  -0.1124547153  0.9936836291  -0.1122178469
4  17  -6.888791254e-17  -0.06215264895  0.9980691458  -0.06211264123
4  18  -4.080533798e-16  0.006841592986  0.9999765964  0.006841539613
4  19  -2.03588411e-16  0.01592036694  0.9998732736  0.01591969442
4  20  -7.195638851e-17  0.01986099609  0.9998027769  0.01985969039
4  21  -9.330284004e-17  0.0121801122  0.9999258234  0.01217981104
4  22  3.408015443e-17  -0.0117780722  0.9999306393  -0.01177779989
4  23  -6.116589134e-17  -0.1059064312  0.9943971537  -0.1057085647
4  24  -1.436371546e-16  -0.06721214781  0.9977421138  -0.0671615544
4  25  7.939782258e-17  -0.008661728594  0.9999624875  -0.008661620286
4  26  2.405858165e-16  0.001142204171  0.9999993477  0.001142203922
4  27  1.93759102e-16  -0.00221926813  0.9999975374  -0.002219266309
4  28  -2.075707184e-16  -0.02165138846  0.9997656178  -0.02164969687
4  29  -4.436851041e-17  -0.1868661981  0.9825912585  -0.1857805659
4  30  -2.386965542e-17  -0.2790261089  0.9613241228  -0.2754195544
4  31  -1.642866986e-16  -0.02331686957  0.9997281741  -0.02331475682
4  32  1.361367719e-17  0.01421136216  0.9998990203  0.01421088381
4  33  -5.798199059e-18  0.02828095857  0.9996001203  0.02827718881
4  34  2.286640484e-16  0.03915977725  0.9992333539  0.03914976951
4  35  1.195700948e-16  0.0452514203  0.9989763292  0.04523597839
4  36  1.195700948e-16  0.0452514203  0.9989763292  0.04523597839

5  0  -1.21993679e-17  0.04250426987  0.9990968295  0.04249147289
5  1  2.55233719e-16  0.04232102068  0.9991045993  0.0423083885
5  2  -7.60820373e-17  0.04099018114  0.9991600201  0.04097870353
5  3  4.737843427e-17  0.04126271013  0.9991488152  0.04125100207
5  4  8.306312563e-17  0.04286815787  0.9990813012  0.04285502942
5  5  -2.707088245e-16  0.04046484401  0.9991814099  0.04045380203
5  6  -2.895600359e-16  0.03135794618  0.9995083799  0.03135280728
5  7  -2.135831243e-16  0.01616659258  0.9998693235  0.01616588837
5  8  4.293560107e-16  -0.0215970666  0.9997667924  -0.02159538771
5  9  2.251221743e-16  -0.2165905847  0.9766358113  -0.2149011214
5  10  -1.011223896e-16  -0.2989436384  0.9556481322  -0.2945108612
5  11  -2.007269694e-16  -0.06980009369  0.9975649623  -0.06974342921
5  12  -2.755291116e-16  -0.03203309074  0.9994869844  -0.03202761273
5  13  -2.25771998e-16  -0.003032097754  0.9999954032  -0.003032093108
5  14  -4.720064761e-17  0.003807620773  0.999992751  0.003807611573
5  15  -1.952691087e-16  -0.0293761931  0.9995685507  -0.0293719682
5  16  -2.316899841e-16  -0.2104153192  0.977944253  -0.2088660769
5  17  -7.267733257e-17  -0.0465571104  0.9989164135  -0.04654029296
5  18  2.639750534e-17  0.00814431247  0.9999668353  0.008144222436
5  19  1.777873951e-16  0.159562395  0.9872969073  0.1588861758
5  20  -6.447025955e-17  1.20046588  0.3619234971  0.9322077999
5  21  1.802047934e-16  0.8269164111  0.6771480249  0.7358468267
5  22  2.004110099e-16  0.09752695035  0.9952480153  0.09737241916
5  23  -2.178130646e-17  -0.008659940639  0.9999625029  -0.008659832398
5  24  -2.539438712e-17  -0.1326246139  0.9912182393  -0.1322361603
5  25  -1.189752887e-16  -0.1327587423  0.9912004938  -0.1323691096
5  26  2.483131075e-17  -0.006756048921  0.999977178  -0.006755997525
5  27  5.042739042e-17  0.005880059144  0.9999827125  0.00588002526
5  28  -1.330462926e-16  -0.01856644915  0.9998276484  -0.01856538248
5  29  -1.913878986e-16  -0.06636626613  0.9977985676  -0.06631755869
5  30  -3.294082021e-16  -0.1707614729  0.9854556534  -0.169932796
5  31  -7.969240711e-17  -0.2790261089  0.9613241228  -0.2754195544
5  32  1.338374988e-16  -0.1067255608  0.9943102311  -0.1065230694
5  33  8.258450057e-17  0.0001917532456  0.9999999816  0.0001917532445
5  34  1.907756092e-16  0.025078098  0.999685561  0.02507546943
5  35  9.71491865e-17  0.03690802005  0.9993189763  0.03689964126
5  36  9.71491865e-17  0.03690802005  0.9993189763  0.03689964126

6  0  1.374780628e-16  0.02703711571  0.9996345195  0.02703382179
6  1  2.125985053e-16  0.03324581539  0.9994474088  0.03323969138
6  2  2.195916732e-17  0.03246031271  0.9994732103  0.03245461259
6  3  1.397971129e-16  0.0315282587  0.9995030256  0.03152303561
6  4  -8.809981541e-17  0.0341101027  0.9994183069  0.03410348858
6  5  2.152662085e-17  0.03135794618  0.9995083799  0.03135280728
6  6  -5.295897278e-17  0.02072303534  0.9997852856  0.02072155214
6  7  -1.371676682e-17  -0.007968879231  0.9999682486  -0.00796879489
6  8  -1.761313087e-16  -0.1692990843  0.9857031074  -0.1684914957
6  9  1.797379522e-16  -0.59476836  0.8282783129  -0.5603169072
6  10  1.592889674e-16  -0.2856685097  0.9594734818  -0.2817989315
6  11  2.545743767e-16  -0.07137806682  0.9974536672  -0.07131747243
6  12  2.031664867e-16  -0.2827412153  0.9602942781  -0.2789890669
6  13  -1.292753946e-16  -2.179488978  -0.5717954049  -0.8203962549
6  14  -2.539294563e-16  -0.02898871034  0.9995798568  -0.02898465043
6  15  -4.169370993e-17  -0.03542528786  0.9993725901  -0.03541787883
6  16  -2.014907434e-17  -0.3211242595  0.9488811638  -0.3156335486
6  17  1.94648973e-16  -0.02126581135  0.9997738912  -0.02126420853
6  18  -1.854943896e-16  0.2411068597  0.9710742764  0.2387776155
6  19  1.367186298e-16  0.6182323476  0.8149042528  0.5795955994
6  20  3.486512318e-16  0.1312858348  0.991394386  0.1309090199
6  21  1.264632302e-16  0.09205436773  0.9957659879  0.09192441125
6  22  1.376307624e-16  0.3868415615  0.9261052463  0.3772652552
6  23  -1.226046301e-16  0.3876819128  0.925787884  0.3780433757
6  24  -2.878305689e-18  0.1222461257  0.992537243  0.1219418764
6  25  -2.205020179e-16  -0.1389786401  0.9903580034  -0.1385316751
6  26  -1.280350483e-16  -0.2283538842  0.9740403531  -0.2263744477
6  27  -2.541580109e-16  0.00744812254  0.9999722629  0.007448053676
6  28  1.832919825e-16  -0.09967893124  0.9950361674  -0.09951394675
6  29  -1.129834831e-16  -2.383263966  -0.7259864007  -0.6877090562
6  30  -2.524627239e-16  -0.06636626613  0.9977985676  -0.06631755869
6  31  -1.664861953e-16  -0.1868661981  0.9825912585  -0.1857805659
6  32  -1.638203846e-16  -0.5235802266  0.8660346781  -0.499983936
6  33  -8.272228221e-19  -0.3132087152  0.9513498227  -0.308112828
6  34  5.828823923e-17  -0.06134101319  0.9981192299  -0.06130255226
6  35  6.712062084e-17  0.01111392199  0.999938241  0.01111369319
6  36  6.712062084e-17  0.01111392199  0.999938241  0.01111369319

7  0  -2.556982465e-17  -0.02848764162  0.9995942546  -0.0284837886
7  1  1.160625722e-17  0.001674466309  0.9999985981  0.001674465526
7  2  -1.647322292e-16  0.01850516583  0.9998287843  0.0185041097
7  3  -1.051627994e-16  0.02100080142  0.9997794913  0.02099925777
7  4  2.318731308e-16  0.02189791701  0.9997602502  0.02189616698
7  5  2.933119747e-16  0.01616659258  0.9998693235  0.01616588837
7  6  3.321759133e-16  -0.007968879231  0.9999682486  -0.00796879489
7  7  9.655361711e-17  -0.05848009187  0.9982905267  -0.05844676469
7  8  -4.903879631e-17  -0.1005571894  0.9949483847  -0.1003878069
7  9  1.132842806e-16  -0.07674275686  0.9970567196  -0.07666745026
7  10  2.889978972e-17  -0.04177746268  0.9991274487  -0.04176531098
7  11  3.622325356e-16  -0.02536287549  0.9996783795  -0.02536015636
7  12  9.992229085e-17  -0.0165146276  0.9998636366  -0.01651387693
7  13  4.592396977e-17  -0.06549958571  0.9978556689  -0.06545276142
7  14  2.871763834e-17  -0.01754127051  0.9998461559  -0.01754037096
7  15  -7.225475369e-17  0.04325809378  0.9990645146  0.04324460384
7  16  7.694506947e-17  0.8171860968  0.6842758772  0.7292232332
7  17  6.564110357e-17  0.01706836393  0.999854339  0.01706753519
7  18  -5.720882933e-17  0.3232408001  0.9482109877  0.3176411856
7  19  -1.19173934e-16  0.002835632162  0.9999959796  0.002835628362
7  20  3.13131672e-16  -0.03708087588  0.9993125831  -0.03707237882
7  21  7.118846393e-17  -0.04664895124  0.998912135  -0.0466320341
7  22  9.001678324e-17  -0.04385645636  0.9990384598  -0.04384239888
7  23  -2.59643882e-17  -0.02033561739  0.9997932385  -0.02033421583
7  24  -2.511879888e-17  0.2051601945  0.9790283616  0.2037239975
7  25  -1.62542071e-16  0.1905704268  0.9818963452  0.1894190257
7  26  -3.365119481e-16  -0.2265660158  0.9744435238  -0.2246326309
7  27  -3.894923897e-16  1.06239876  0.4867781055  0.8735256585
7  28  -1.914394972e-16  0.001444264362  0.9999989571  0.00144426386
7  29  1.77208021e-17  -0.09967893124  0.9950361674  -0.09951394675
7  30  1.805123849e-16  -0.01856644915  0.9998276484  -0.01856538248
7  31  -1.230899023e-16  -0.02165138846  0.9997656178  -0.02164969687
7  32  -7.047656015e-17  -0.03797913214  0.9992788794  -0.03797000253
7  33  2.121336084e-16  -0.06948142852  0.9975871365  -0.06942553646
7  34  -7.742168235e-17  -0.09182932129  0.9957866499  -0.09170031533
7  35  -8.588368301e-18  -0.05874771173  0.9982748494  -0.05871392496
7  36  -8.588368301e-18  -0.05874771173  0.9982748494  -0.05871392496

8  0  -2.009187888e-16  -0.04064273975  0.9991741975  -0.04063155151
8  1  -1.443482347e-16  -0.1236692533  0.9923626991  -0.1233542596
8  2  -2.33490869e-16  -0.1222584441  0.9925357408  -0.1219541029
8  3  1.560199671e-16  -0.01097020886  0.9999398279  -0.01096998882
8  4  1.917618224e-16  0.003283367026  0.9999946098  0.003283361127
8  5  -1.715187703e-16  -0.0215970666  0.9997667924  -0.02159538771
8  6  3.116722921e-16  -0.1692990843  0.9857031074  -0.1684914957
8  7  2.229883129e-16  -0.1005571894  0.9949483847  -0.1003878069
8  8  -1.887679114e-16  -0.02227014791  0.9997520305  -0.02226830711
8  9  -8.08961056e-17  -0.01347448661  0.9999092205  -0.01347407887
8  10  -1.762911919e-16  -0.01239545188  0.9999231774  -0.01239513446
8  11  9.279312352e-17  -0.01119024487  0.9999373899  -0.01119001133
8  12  1.117386305e-16  -0.006036165851  0.9999817824  -0.006036129196
8  13  -7.980943154e-17  0.004326905594  0.999990639  0.004326892093
8  14  -3.481576821e-16  0.01410279207  0.9999005573  0.0141023246
8  15  -3.384216903e-16  0.06070939179  0.9981577508  0.0606721066
8  16  1.220046105e-16  0.4699279672  0.8916009086  0.452822062
8  17  -1.646716944e-17  -0.3606705219  0.9356604057  -0.3529016933
8  18  2.514727538e-16  0.03086994376  0.9995235611  0.03086504105
8  19  -8.062167551e-17  -0.003673958344  0.999993251  -0.003673950079
8  20  -1.575162136e-16  -0.03313752963  0.9994510023  -0.03313146526
8  21  -2.238749145e-16  -0.04537609124  0.9989706818  -0.04536052136
8  22  6.061818626e-17  -0.0474604138  0.9988739659  -0.04744259845
8  23  1.940002042e-16  -0.04137416741  0.9991442112  -0.04136236422
8  24  -5.619656362e-17  -0.02179978582  0.9997623941  -0.0217980592
8  25  1.378419236e-16  0.03312076219  0.9994515577  0.03311470703
8  26  -1.850877741e-16  0.06615700172  0.9978124236  0.06610875352
8  27  -1.718328242e-16  -0.9451217101  0.585644229  -0.8105682186
8  28  -2.565710258e-18  1.062398761  0.4867781054  0.8735256585
8  29  -4.66627042e-16  0.007448122541  0.9999722629  0.007448053677
8  30  -5.33546774e-17  0.005880059145  0.9999827125  0.005880025261
8  31  8.279652651e-17  -0.00221926813  0.9999975374  -0.002219266308
8  32  2.004872679e-16  -0.009821761111  0.9999517669  -0.009821603199
8  33  3.435400932e-16  -0.01259471819  0.9999206876  -0.01259438522
8  34  5.580382709e-17  -0.01342739103  0.9999098539  -0.01342698755
8  35  2.319644927e-16  -0.01686975465  0.9998577091  -0.01686895451
8  36  2.319644927e-16  -0.01686975465  0.9998577091  -0.01686895451

9  0  -2.77224043e-16  -0.01089693418  0.999940629  -0.01089671852
9  1  2.150930053e-16  -0.02851960358  0.9995933437  -0.02851573758
9  2  -3.210273408e-17  -0.2524923198  0.9682928033  -0.249818028
9  3  -8.246657409e-17  -0.4889465831  0.8828281342  -0.4696961629
9  4  -1.390205869e-16  -0.1474354693  0.9891510647  -0.14690191
9  5  -6.101291419e-18  -0.2165905847  0.9766358113  -0.2149011214
9  6  2.143530616e-16  -0.59476836  0.8282783129  -0.5603169072
9  7  -1.652469302e-16  -0.07674275686  0.9970567196  -0.07666745026
9  8  1.875019633e-16  -0.01347448661  0.9999092205  -0.01347407887
9  9  3.048323323e-16  -0.01032450697  0.9999467028  -0.01032432355
9  10  -3.19856064e-17  -0.01120351573  0.9999372413  -0.01120328136
9  11  3.258440998e-16  -0.01155745448  0.9999332134  -0.01155719719
9  12  2.397751463e-16  -0.00819286478  0.9999664387  -0.008192773126
9  13  -2.347890827e-17  -0.000887904367  0.9999996058  -0.0008879042503
9  14  1.669664133e-16  0.002498752712  0.9999968781  0.002498750112
9  15  6.98767695e-17  -0.03933428802  0.9992265066  -0.03932414589
9  16  8.103595619e-17  -0.3774318682  0.9296141448  -0.3685343157
9  17  1.32600134e-16  0.01062704272  0.9999435335  0.0106268427
9  18  3.988455133e-16  0.0322863974  0.9994788395  0.03228078841
9  19  1.082983831e-16  0.02733843512  0.9996263283  0.02733502983
9  20  -4.86976984e-17  -0.01162997592  0.9999323726  -0.01162971375
9  21  1.754966114e-17  -0.03016167243  0.9995451712  -0.0301570995
9  22  2.021298493e-16  -0.03747079747  0.9992980518  -0.03746202954
9  23  -5.972706585e-17  -0.03591380637  0.9993551686  -0.03590608659
9  24  -2.807816617e-16  -0.02449596363  0.9996999889  -0.0244935139
9  25  -4.149530102e-17  0.003147175019  0.9999950476  0.003147169824
9  26  8.791042436e-17  0.04917877537  0.9987909677  0.0491589542
9  27  -1.89180306e-16  0.06615700173  0.9978124236  0.06610875352
9  28  -1.087343025e-17  -0.2265660158  0.9744435238  -0.2246326309
9  29  -1.3920901e-16  -0.2283538842  0.9740403531  -0.2263744477
9  30  8.351972098e-17  -0.006756048921  0.999977178  -0.006755997525
9  31  -3.613751556e-17  0.001142204171  0.9999993477  0.001142203922
9  32  1.22111031e-16  -0.004893443733  0.9999880271  -0.004893424204
9  33  1.279427289e-16  -0.01079880633  0.9999416935  -0.01079859645
9  34  -1.854945661e-16  -0.01198910556  0.9999281315  -0.01198881834
9  35  1.81172899e-16  -0.01092202585  0.9999403553  -0.0109218087
9  36  1.81172899e-16  -0.01092202585  0.9999403553  -0.0109218087

10  0  -5.693751641e-17  -0.01231303096  0.9999241956  -0.01231271983
10  1  -3.154007142e-17  -0.01113132848  0.9999380474  -0.0111310986
10  2  8.674113127e-17  -0.02022633608  0.9997954546  -0.020224957
10  3  2.807909383e-17  -0.1536002206  0.9882266608  -0.1529969503
10  4  1.223239319e-16  -0.3134703905  0.9512691647  -0.3083617622
10  5  8.428422571e-18  -0.2989436384  0.9556481322  -0.2945108612
10  6  2.812354609e-16  -0.2856685097  0.9594734818  -0.2817989315
10  7  -6.914002168e-18  -0.04177746268  0.9991274487  -0.04176531098
10  8  -4.038140616e-17  -0.01239545188  0.9999231774  -0.01239513446
10  9  -3.77579553e-17  -0.01120351573  0.9999372413  -0.01120328136
10  10  -1.197475645e-16  -0.01310651719  0.9999141108  -0.01310614195
10  11  -1.246902731e-16  -0.01484874358  0.9998897594  -0.01484819794
10  12  1.785985403e-16  -0.01243819176  0.9999226467  -0.01243787105
10  13  3.469432058e-16  -0.00492713912  0.9999878617  -0.004927119184
10  14  2.77938263e-16  -0.002231755575  0.9999975096  -0.002231753722
10  15  3.066328388e-18  -0.0280598571  0.999606348  -0.02805617507
10  16  -1.95803864e-16  -0.2354872126  0.9724007819  -0.2333167791
10  17  -1.913810281e-16  0.04834813092  0.9988314568  0.04832929715
10  18  1.800178131e-16  0.1488420476  0.9889434572  0.1482930827
10  19  4.559375223e-16  0.01269687559  0.9999193958  0.01269653444
10  20  4.914879116e-17  -0.009956558123  0.9999504339  -0.00995639362
10  21  -9.96651354e-18  -0.03762608438  0.9992922224  -0.037617207
10  22  -3.084026228e-17  -0.06529703449  0.997868906  -0.06525064319
10  23  -3.842618145e-17  -0.07602160644  0.9971117491  -0.07594840251
10  24  2.06287929e-16  -0.05510315594  0.9984822052  -0.05507527469
10  25  -1.885532501e-16  -0.02573218112  0.9996689457  -0.02572934148
10  26  5.333174791e-18  0.00314717502  0.9999950476  0.003147169824
10  27  9.418544555e-17  0.03312076219  0.9994515577  0.03311470703
10  28  -8.59619393e-17  0.1905704268  0.9818963452  0.1894190257
10  29  4.699319333e-17  -0.1389786401  0.9903580034  -0.1385316751
10  30  -7.961759078e-17  -0.1327587423  0.9912004938  -0.1323691096
10  31  -4.382265031e-16  -0.008661728594  0.9999624875  -0.008661620286
10  32  -5.494053011e-17  -0.002563980194  0.999996713  -0.002563977384
10  33  1.601916874e-16  -0.008753549555  0.9999616879  -0.008753437766
10  34  3.907935191e-17  -0.0147626578  0.9998910339  -0.01476212159
10  35  -2.038286362e-16  -0.01465282258  0.9998926493  -0.01465229824
10  36  -2.038286362e-16  -0.01465282258  0.9998926493  -0.01465229824

11  0  -9.783447534e-17  -0.01767620767  0.9998437799  -0.0176752872
11  1  -9.890088958e-17  -0.01329454179  0.9999116289  -0.01329415017
11  2  -1.89811573e-17  -0.01089894372  0.9999406071  -0.01089872794
11  3  1.205545085e-16  -0.01502353222  0.9998871489  -0.01502296707
11  4  -4.028900406e-17  -0.0421816523  0.999110486  -0.0421691445
11  5  2.724504834e-16  -0.0698000937  0.9975649623  -0.06974342921
11  6  -4.112170446e-17  -0.07137806682  0.9974536672  -0.07131747243
11  7  -7.055821348e-17  -0.02536287549  0.9996783795  -0.02536015636
11  8  4.313279481e-17  -0.01119024487  0.9999373899  -0.01119001133
11  9  1.747307655e-17  -0.01155745448  0.9999332134  -0.01155719719
11  10  -2.291997674e-16  -0.01484874358  0.9998897594  -0.01484819794
11  11  -2.327529909e-16  -0.01915328737  0.9998165814  -0.01915211633
11  12  -2.993905559e-17  -0.01896716489  0.9998201287  -0.01896602766
11  13  4.749104105e-17  -0.008300253469  0.9999655531  -0.008300158163
11  14  -1.831930433e-17  -0.003025365147  0.9999954236  -0.003025360532
11  15  -1.725791281e-16  -0.01538969045  0.9998815811  -0.01538908297
11  16  1.36243736e-16  -0.1546833721  0.9880603623  -0.1540672596
11  17  -9.826450984e-18  -0.0399836786  0.9992007592  -0.03997302584
11  18  -2.518403188e-16  0.3245304413  0.9478005561  0.3188637731
11  19  2.668201532e-16  -0.006033278601  0.9999817998  -0.006033241999
11  20  -1.862687777e-16  -0.02020610282  0.9997958637  -0.02020472787
11  21  -4.715061766e-17  -0.0347164491  0.9993974446  -0.03470947596
11  22  2.425366992e-16  -0.08053974507  0.9967584275  -0.08045270111
11  23  -5.344994795e-17  -0.1405078353  0.9901450036  -0.1400459633
11  24  2.159059639e-16  -0.1183978393  0.9929991597  -0.1181214154
11  25  -1.447601958e-16  -0.05510315594  0.9984822052  -0.05507527469
11  26  -3.710150958e-16  -0.02449596363  0.9996999889  -0.0244935139
11  27  -4.364765623e-16  -0.02179978582  0.9997623941  -0.0217980592
11  28  -1.385455381e-16  0.2051601945  0.9790283616  0.2037239975
11  29  5.293304277e-17  0.1222461257  0.992537243  0.1219418764
11  30  -6.182988765e-17  -0.1326246139  0.9912182393  -0.1322361603
11  31  -2.62306694e-17  -0.06721214781  0.9977421138  -0.0671615544
11  32  -1.912944261e-16  -0.006301447311  0.9999801459  -0.006301405608
11  33  6.106514943e-17  -0.004058533568  0.9999917642  -0.004058522427
11  34  1.537596268e-16  -0.0139385017  0.9999028607  -0.01393805037
11  35  3.377084073e-16  -0.02111107551  0.9997771695  -0.02110950742
11  36  3.377084073e-16  -0.02111107551  0.9997771695  -0.02110950742

12  0  1.020360412e-16  -0.02443841195  0.9997013969  -0.02443597944
12  1  7.260142806e-17  -0.01544621127  0.9998807097  -0.01544559707
12  2  2.396367758e-16  -0.0102114276  0.9999478638  -0.01021125014
12  3  2.577600534e-16  -0.006924518406  0.9999760256  -0.006924463068
12  4  -7.990349929e-17  -0.007526449937  0.9999716764  -0.007526378878
12  5  -1.512128833e-16  -0.03203309074  0.9994869844  -0.03202761273
12  6  -2.358252782e-16  -0.2827412153  0.9602942781  -0.2789890669
12  7  -3.964596774e-17  -0.0165146276  0.9998636366  -0.01651387693
12  8  3.00299463e-16  -0.006036165851  0.9999817824  -0.006036129196
12  9  3.071552169e-16  -0.00819286478  0.9999664387  -0.008192773125
12  10  -2.572928463e-16  -0.01243819176  0.9999226467  -0.01243787105
12  11  -2.139391537e-16  -0.01896716489  0.9998201287  -0.01896602766
12  12  -8.190695493e-17  -0.02580796025  0.9996669931  -0.02580509544
12  13  7.70523229e-17  -0.01142395574  0.9999347473  -0.01142370725
12  14  2.296216826e-16  -0.0009987761536  0.9999995012  -0.0009987759876
12  15  -1.770783197e-16  -0.007704081695  0.9999703237  -0.007704005485
12  16  -5.087579068e-17  -0.07847577267  0.9969223565  -0.07839524932
12  17  5.45126961e-17  -0.06206758443  0.9980744258  -0.06202774073
12  18  -8.101854732e-17  0.1167742252  0.9931896344  0.1165090129
12  19  1.629105639e-16  0.2687809321  0.9640953439  0.2655563366
12  20  -2.009861694e-16  -0.04054227196  0.9991782747  -0.04053116648
12  21  -1.157528649e-16  -0.03410844941  0.9994183632  -0.03410183624
12  22  -4.109364411e-16  -0.05066246158  0.998716932  -0.05064079193
12  23  -4.009864837e-17  -0.113374313  0.9935800137  -0.1131315885
12  24  1.904768261e-16  -0.1405078353  0.9901450036  -0.1400459633
12  25  -1.101003443e-16  -0.07602160644  0.9971117491  -0.07594840251
12  26  -2.459275326e-16  -0.03591380637  0.9993551686  -0.03590608659
12  27  -2.893880157e-16  -0.04137416741  0.9991442112  -0.04136236422
12  28  5.702109002e-17  -0.02033561739  0.9997932385  -0.02033421583
12  29  2.292081173e-16  0.3876819128  0.925787884  0.3780433757
12  30  6.056869642e-17  -0.008659940639  0.9999625029  -0.008659832398
12  31  9.165578805e-17  -0.1059064312  0.9943971537  -0.1057085647
12  32  -2.638471615e-17  -0.02791634026  0.9996103643  -0.02791271443
12  33  7.234056499e-17  -0.003086173531  0.9999952378  -0.003086168632
12  34  -3.746326232e-17  -0.003037646451  0.9999953864  -0.003037641779
12  35  1.453277331e-16  -0.02237427905  0.9997497063  -0.0223724123
12  36  1.453277331e-16  -0.02237427905  0.9997497063  -0.0223724123

13  0  4.489880578e-16  0.01007742441  0.9999492232  0.01007725384
13  1  2.502426714e-16  -0.008459425452  0.9999642193  -0.008459324557
13  2  -5.711554124e-17  -0.006123320823  0.9999812525  -0.006123282557
13  3  -1.370005497e-16  -0.003085596115  0.9999952396  -0.003085591219
13  4  1.414523423e-17  0.0008979186815  0.9999995969  0.0008979185609
13  5  -1.431833258e-16  -0.003032097754  0.9999954032  -0.003032093108
13  6  4.232883026e-17  -2.179488978  -0.5717954049  -0.8203962549
13  7  -6.736692796e-17  -0.06549958571  0.9978556689  -0.06545276142
13  8  1.91899451e-16  0.004326905594  0.999990639  0.004326892093
13  9  8.263913601e-17  -0.0008879043669  0.9999996058  -0.0008879042503
13  10  -1.227620615e-16  -0.00492713912  0.9999878617  -0.004927119184
13  11  -7.198355579e-17  -0.008300253469  0.9999655531  -0.008300158163
13  12  1.737991602e-16  -0.01142395574  0.9999347473  -0.01142370725
13  13  -8.909500354e-17  0.03909544667  0.9992358704  0.03908548817
13  14  8.880286632e-17  0.04594611533  0.9989446629  0.04592995131
13  15  -2.061683738e-16  -0.001534476163  0.9999988227  -0.001534475561
13  16  -2.926960181e-16  -0.0282874709  0.9995999362  -0.02828369854
13  17  4.54820308e-18  -0.05218701891  0.9986385666  -0.05216333371
13  18  2.656909653e-16  0.005111245428  0.9999869376  0.005111223173
13  19  -9.910444284e-17  0.4367072979  0.9061492478  0.4229580838
13  20  6.339512064e-17  0.02064488741  0.9997869019  0.02064342093
13  21  1.879109675e-16  -0.05131977627  0.9986834293  -0.05129725225
13  22  -1.005924777e-16  -0.03774976307  0.9992875623  -0.03774079786
13  23  6.529451986e-17  -0.05066246158  0.998716932  -0.05064079193
13  24  4.424282894e-17  -0.08053974507  0.9967584275  -0.08045270111
13  25  2.834238452e-16  -0.06529703449  0.997868906  -0.06525064319
13  26  2.204426604e-16  -0.03747079747  0.9992980518  -0.03746202954
13  27  5.451549258e-17  -0.0474604138  0.9988739659  -0.04744259845
13  28  -2.460656026e-16  -0.04385645636  0.9990384598  -0.04384239888
13  29  2.687370436e-16  0.3868415615  0.9261052463  0.3772652552
13  30  2.258886315e-16  0.09752695035  0.9952480153  0.09737241917
13  31  1.000986511e-16  -0.0117780722  0.9999306393  -0.01177779989
13  32  -2.835064151e-16  -0.06003103858  0.9981986783  -0.05999498918
13  33  -2.611266544e-16  -0.01042315713  0.9999456794  -0.0104229684
13  34  -1.755511532e-16  0.005437725433  0.9999852156  0.005437698635
13  35  -1.125468568e-16  0.0598396878  0.9982101401  0.05980398198
13  36  -1.125468568e-16  0.0598396878  0.9982101401  0.05980398198

14  0  5.337103341e-17  1.048294693  0.4990495467  0.8665734533
14  1  1.205171974e-16  0.004570161216  0.9999895568  0.004570145307
14  2  -2.14632989e-17  -0.002178835255  0.9999976263  -0.002178833531
14  3  8.4810965e-17  -0.002726993475  0.9999962818  -0.002726990095
14  4  3.194416368e-16  -0.0007232629585  0.9999997384  -0.0007232628954
14  5  -1.083358625e-16  0.003807620773  0.999992751  0.003807611573
14  6  -2.21566466e-16  -0.02898871034  0.9995798568  -0.02898465043
14  7  -8.427704509e-17  -0.01754127051  0.9998461559  -0.01754037096
14  8  -1.15116118e-16  0.01410279207  0.9999005573  0.0141023246
14  9  -1.057865043e-16  0.002498752712  0.9999968781  0.002498750112
14  10  -3.277643097e-16  -0.002231755575  0.9999975096  -0.002231753722
14  11  -1.510601355e-16  -0.003025365147  0.9999954236  -0.003025360532
14  12  -1.870982113e-17  -0.0009987761536  0.9999995012  -0.0009987759875
14  13  9.875188304e-20  0.04594611533  0.9989446629  0.04592995131
14  14  3.010955053e-16  2.016005457  -0.4306466337  0.9025206241
14  15  -1.29425868e-16  0.07113658839  0.9974708597  0.0710766068
14  16  -3.330907938e-16  -0.008581025973  0.9999631832  -0.008580920664
14  17  -7.658339179e-17  -0.009784861608  0.9999521286  -0.00978470547
14  18  -1.12753588e-16  0.0152655415  0.9998834839  0.0152649486
14  19  7.30714712e-17  0.07248520928  0.9973740973  0.0724217518
14  20  -1.232349088e-16  0.8485055873  0.6611051315  0.7502932794
14  21  -3.115320825e-16  -0.02137907451  0.9997714763  -0.02137744594
14  22  -6.955534158e-17  -0.05131977627  0.9986834293  -0.05129725225
14  23  -4.902848444e-17  -0.03410844941  0.9994183632  -0.03410183624
14  24  7.48584798e-17  -0.0347164491  0.9993974446  -0.03470947596
14  25  1.321846838e-16  -0.03762608438  0.9992922224  -0.037617207
14  26  4.227335868e-17  -0.03016167243  0.9995451712  -0.0301570995
14  27  -1.230520722e-16  -0.04537609124  0.9989706818  -0.04536052136
14  28  -6.245476254e-17  -0.04664895125  0.998912135  -0.0466320341
14  29  -1.110237352e-16  0.09205436772  0.9957659879  0.09192441124
14  30  -4.261189338e-17  0.8269164111  0.6771480249  0.7358468267
14  31  2.612479266e-17  0.0121801122  0.9999258234  0.01217981104
14  32  -5.912517037e-17  0.01341290795  0.9999100483  0.01341250578
14  33  1.227416789e-16  -0.01968340899  0.999806288  -0.019682138
14  34  1.659300407e-16  -0.000265577766  0.9999999647  -0.0002655777629
14  35  2.646923673e-16  1.075293729  0.4754738617  0.8797298488
14  36  2.646923673e-16  1.075293729  0.4754738617  0.8797298488

15  0  -2.887037592e-16  0.1448860012  0.9895223714  0.1443796262
15  1  -1.51133951e-16  0.003629162202  0.9999934146  0.003629154235
15  2  -1.479171308e-16  -0.004489437758  0.9999899225  -0.004489422678
15  3  1.09978227e-17  -0.01007282558  0.9999492695  -0.01007265525
15  4  1.942895062e-16  -0.01824520964  0.9998335608  -0.01824419738
15  5  3.046095247e-16  -0.0293761931  0.9995685507  -0.0293719682
15  6  -3.383218831e-16  -0.03542528786  0.9993725901  -0.03541787883
15  7  1.736057644e-16  0.04325809378  0.9990645146  0.04324460384
15  8  1.488855594e-16  0.06070939179  0.9981577508  0.0606721066
15  9  3.664286116e-16  -0.03933428802  0.9992265066  -0.03932414589
15  10  -6.160232546e-17  -0.0280598571  0.999606348  -0.02805617507
15  11  -1.149962361e-16  -0.01538969045  0.9998815811  -0.01538908297
15  12  3.663904743e-17  -0.007704081695  0.9999703237  -0.007704005485
15  13  1.721756263e-17  -0.001534476163  0.9999988227  -0.001534475561
15  14  1.090224067e-16  0.07113658839  0.9974708597  0.0710766068
15  15  -1.56053032e-16  0.1551900008  0.9879821806  0.1545678195
15  16  1.487277041e-16  -0.0129297112  0.9999164124  -0.01292935094
15  17  1.101503297e-16  0.02418999203  0.9997074364  0.02418763294
15  18  2.96918603e-17  0.08174260941  0.9966609328  0.08165160779
15  19  6.404682815e-17  0.0191975577  0.9998157325  0.01919637853
15  20  -1.983280008e-16  0.4499753071  0.9004578426  0.4349432993
15  21  -1.804853089e-16  0.8485055873  0.6611051315  0.7502932794
15  22  2.26405341e-16  0.02064488741  0.9997869019  0.02064342093
15  23  3.663145385e-17  -0.04054227196  0.9991782747  -0.04053116648
15  24  2.621560063e-16  -0.02020610282  0.9997958637  -0.02020472787
15  25  -1.532337805e-16  -0.009956558124  0.9999504339  -0.00995639362
15  26  9.261435817e-17  -0.01162997592  0.9999323726  -0.01162971375
15  27  -4.196284099e-17  -0.03313752963  0.9994510023  -0.03313146526
15  28  1.650390202e-16  -0.03708087588  0.9993125831  -0.03707237882
15  29  -2.284205253e-17  0.1312858347  0.991394386  0.1309090198
15  30  -2.42689575e-16  1.20046588  0.361923497  0.9322078
15  31  -4.944145214e-17  0.01986099609  0.9998027769  0.01985969039
15  32  -4.352748534e-17  0.0393294632  0.9992266963  0.0393193248
15  33  1.515085431e-16  0.08253478913  0.9965959373  0.08244111666
15  34  3.269171147e-16  -0.007505077359  0.999971837  -0.007505006904
15  35  -5.705197187e-17  0.06441469826  0.9979260906  0.06437016202
15  36  -5.705197187e-17  0.06441469826  0.9979260906  0.06437016202

16  0  2.707246977e-16  -0.04728204142  0.9988824125  -0.04726442617
16  1  2.981220515e-17  -0.003860574472  0.999992548  -0.003860564882
16  2  1.342698794e-16  -0.01357496697  0.9999078616  -0.01357455004
16  3  1.658097436e-16  -0.0425660101  0.9990942042  -0.04255315728
16  4  5.490776145e-17  -0.1124547153  0.9936836291  -0.1122178469
16  5  1.318596155e-16  -0.2104153192  0.977944253  -0.2088660769
16  6  2.936453699e-17  -0.3211242595  0.9488811638  -0.3156335486
16  7  -4.207606464e-17  0.8171860968  0.6842758772  0.7292232332
16  8  7.121832811e-17  0.4699279672  0.8916009085  0.4528220621
16  9  1.915996276e-16  -0.3774318683  0.9296141448  -0.3685343157
16  10  1.671097906e-16  -0.2354872126  0.9724007819  -0.2333167791
16  11  3.367541114e-16  -0.1546833721  0.9880603623  -0.1540672596
16  12  8.362229644e-19  -0.07847577267  0.9969223565  -0.07839524932
16  13  1.159036874e-18  -0.0282874709  0.9995999362  -0.02828369854
16  14  1.020755025e-16  -0.008581025973  0.9999631832  -0.008580920664
16  15  4.588468102e-16  -0.0129297112  0.9999164124  -0.01292935094
16  16  2.541655735e-16  -0.06820347861  0.9976750442  -0.06815061372
16  17  1.780756061e-16  -0.02014942532  0.9997970072  -0.02014806191
16  18  2.742642017e-16  0.1809949536  0.9836650797  0.1800083635
16  19  1.008401221e-16  0.07874261712  0.9969014017  0.07866126972
16  20  1.423577957e-16  0.0191975577  0.9998157325  0.01919637853
16  21  -3.30082624e-16  0.07248520928  0.9973740973  0.07242175179
16  22  1.408315852e-16  0.4367072979  0.9061492478  0.4229580838
16  23  -7.236160445e-17  0.2687809321  0.9640953439  0.2655563366
16  24  3.578276784e-16  -0.006033278601  0.9999817998  -0.006033241999
16  25  -5.804755352e-17  0.01269687559  0.9999193958  0.01269653444
16  26  2.279283952e-17  0.02733843512  0.9996263283  0.02733502983
16  27  -5.471345988e-17  -0.003673958344  0.999993251  -0.003673950079
16  28  -8.075245713e-17  0.002835632161  0.9999959796  0.00283562836
16  29  -1.667241521e-17  0.6182323476  0.8149042528  0.5795955993
16  30  5.632009528e-18  0.159562395  0.9872969073  0.1588861758
16  31  -3.162164583e-16  0.01592036694  0.9998732736  0.01591969442
16  32  -2.285555575e-16  0.03376615572  0.9994299775  0.03375973966
16  33  4.664930197e-17  0.1995638441  0.9801531354  0.1982418501
16  34  1.98689776e-16  0.05381872007  0.9985521222  0.05379274326
16  35  4.856898599e-16  -0.07348633114  0.9973010945  -0.07342020835
16  36  4.856898599e-16  -0.07348633114  0.9973010945  -0.07342020835

17  0  1.061726137e-16  -0.08201253941  0.9966388563  -0.08192063349
17  1  -2.18399961e-16  0.01147949824  0.9999341113  0.01147924612
17  2  -7.386127327e-17  0.0167321119  0.9998600215  0.01673133118
17  3  -1.520093655e-17  -0.03541998727  0.9993727778  -0.03541258156
17  4  -5.529926145e-18  -0.06215264895  0.9980691458  -0.06211264123
17  5  -2.213845294e-16  -0.0465571104  0.9989164135  -0.04654029296
17  6  2.934651885e-16  -0.02126581135  0.9997738912  -0.02126420853
17  7  3.150492988e-17  0.01706836393  0.999854339  0.01706753519
17  8  7.674543353e-17  -0.3606705219  0.9356604057  -0.3529016933
17  9  4.60972574e-17  0.01062704272  0.9999435335  0.01062684269
17  10  1.879546137e-16  0.04834813092  0.9988314568  0.04832929716
17  11  3.238760084e-16  -0.0399836786  0.9992007592  -0.03997302584
17  12  1.079756212e-16  -0.06206758443  0.9980744258  -0.06202774073
17  13  -1.018267291e-16  -0.05218701891  0.9986385666  -0.05216333371
17  14  1.183061923e-16  -0.009784861607  0.9999521286  -0.009784705468
17  15  -8.001331858e-17  0.02418999202  0.9997074364  0.02418763294
17  16  -3.262744202e-16  -0.02014942532  0.9997970072  -0.02014806191
17  17  9.838553059e-17  -0.08525589514  0.996367917  -0.0851526513
17  18  2.719166899e-16  0.02485219858  0.9996912  0.02484964041
17  19  9.157065289e-17  0.1809949536  0.9836650797  0.1800083635
17  20  3.334306941e-16  0.08174260941  0.9966609328  0.08165160779
17  21  -2.251586288e-16  0.0152655415  0.9998834839  0.0152649486
17  22  -9.74067728e-18  0.005111245428  0.9999869376  0.005111223173
17  23  1.471083017e-16  0.1167742252  0.9931896344  0.1165090129
17  24  1.576746898e-16  0.3245304413  0.9478005562  0.318863773
17  25  1.499127995e-16  0.1488420476  0.9889434572  0.1482930827
17  26  2.818309329e-17  0.0322863974  0.9994788395  0.03228078841
17  27  1.702668692e-16  0.03086994376  0.9995235611  0.03086504105
17  28  2.304870968e-16  0.3232408001  0.9482109877  0.3176411856
17  29  1.561591887e-16  0.2411068597  0.9710742764  0.2387776155
17  30  -1.464389146e-16  0.008144312471  0.9999668353  0.008144222436
17  31  3.994190116e-17  0.006841592986  0.9999765964  0.006841539613
17  32  -1.220701663e-16  0.03913770174  0.9992342179  0.03912771091
17  33  1.268191389e-16  0.1970005289  0.9806580711  0.1957287601
17  34  -4.629327456e-16  0.1089803636  0.9940675152  0.1087647701
17  35  -1.943883081e-16  -0.09217255901  0.9957551163  -0.09204210147
17  36  -1.943883081e-16  -0.09217255901  0.9957551163  -0.09204210147

18  0  1.96591866e-16  -0.09217255901  0.9957551163  -0.09204210146
18  1  -5.639636159e-17  0.1089803636  0.9940675152  0.1087647701
18  2  1.583391728e-17  0.1970005289  0.9806580711  0.1957287601
18  3  -1.27430037e-16  0.03913770174  0.9992342179  0.03912771091
18  4  -1.519095434e-16  0.006841592985  0.9999765964  0.006841539613
18  5  -4.32981681e-16  0.00814431247  0.9999668353  0.008144222435
18  6  -1.214145615e-16  0.2411068597  0.9710742764  0.2387776155
18  7  1.852593105e-16  0.3232408001  0.9482109877  0.3176411856
18  8  2.630796362e-16  0.03086994376  0.9995235611  0.03086504105
18  9  -7.018092437e-17  0.0322863974  0.9994788395  0.03228078841
18  10  -1.697803781e-17  0.1488420476  0.9889434572  0.1482930827
18  11  -7.049047299e-17  0.3245304413  0.9478005561  0.3188637731
18  12  1.587921637e-16  0.1167742252  0.9931896344  0.1165090129
18  13  -7.310902231e-17  0.005111245428  0.9999869376  0.005111223173
18  14  2.727514663e-17  0.0152655415  0.9998834839  0.0152649486
18  15  9.145705562e-17  0.08174260941  0.9966609328  0.08165160779
18  16  -1.35386774e-16  0.1809949536  0.9836650797  0.1800083635
18  17  -3.287569348e-16  0.02485219858  0.9996912  0.02484964041
18  18  -2.54269661e-16  -0.08525589514  0.996367917  -0.0851526513
18  19  5.427334561e-17  -0.02014942532  0.9997970072  -0.02014806191
18  20  2.645118349e-16  0.02418999203  0.9997074364  0.02418763294
18  21  2.914961661e-16  -0.009784861606  0.9999521286  -0.009784705467
18  22  3.812913418e-16  -0.05218701891  0.9986385666  -0.05216333371
18  23  -7.71582198e-17  -0.06206758443  0.9980744258  -0.06202774073
18  24  -4.237702754e-16  -0.0399836786  0.9992007592  -0.03997302584
18  25  -3.911007187e-16  0.04834813092  0.9988314568  0.04832929716
18  26  -1.309908182e-16  0.01062704272  0.9999435335  0.01062684269
18  27  5.849645712e-17  -0.3606705219  0.9356604057  -0.3529016933
18  28  -3.429989843e-17  0.01706836393  0.999854339  0.01706753519
18  29  1.563520642e-16  -0.02126581135  0.9997738912  -0.02126420853
18  30  -1.016703013e-16  -0.04655711039  0.9989164135  -0.04654029296
18  31  1.36417281e-16  -0.06215264895  0.9980691458  -0.06211264123
18  32  -1.71348876e-16  -0.03541998727  0.9993727778  -0.03541258156
18  33  -8.16640782e-17  0.0167321119  0.9998600215  0.01673133118
18  34  -2.440891386e-16  0.01147949824  0.9999341113  0.01147924612
18  35  -1.49842021e-16  -0.08201253941  0.9966388563  -0.08192063349
18  36  -1.49842021e-16  -0.08201253941  0.9966388563  -0.08192063349

19  0  -1.791215343e-17  -0.07348633114  0.9973010945  -0.07342020835
19  1  1.285456328e-16  0.05381872007  0.9985521222  0.05379274325
19  2  7.26002209e-17  0.1995638441  0.9801531354  0.1982418501
19  3  -9.802792905e-17  0.03376615572  0.9994299775  0.03375973966
19  4  1.35686121e-17  0.01592036694  0.9998732736  0.01591969442
19  5  -5.826919815e-17  0.159562395  0.9872969073  0.1588861758
19  6  -2.630275952e-16  0.6182323476  0.8149042528  0.5795955994
19  7  -1.494975438e-16  0.002835632162  0.9999959796  0.002835628362
19  8  3.658852722e-16  -0.003673958344  0.999993251  -0.003673950079
19  9  -5.16093576e-17  0.02733843512  0.9996263283  0.02733502983
19  10  6.486022951e-18  0.01269687559  0.9999193958  0.01269653445
19  11  2.02231555e-16  -0.006033278601  0.9999817998  -0.006033241999
19  12  -1.269178141e-16  0.2687809321  0.9640953439  0.2655563366
19  13  1.646474271e-16  0.4367072979  0.9061492478  0.4229580838
19  14  1.077774437e-16  0.07248520928  0.9973740973  0.07242175179
19  15  -2.744721022e-16  0.0191975577  0.9998157325  0.01919637853
19  16  -1.314594782e-16  0.07874261712  0.9969014017  0.07866126972
19  17  -1.394498354e-16  0.1809949536  0.9836650797  0.1800083635
19  18  4.516970258e-17  -0.02014942532  0.9997970072  -0.02014806191
19  19  -1.715333643e-16  -0.06820347861  0.9976750442  -0.06815061372
19  20  -1.742321928e-16  -0.0129297112  0.9999164124  -0.01292935094
19  21  2.01577167e-16  -0.008581025973  0.9999631832  -0.008580920664
19  22  7.595636307e-17  -0.0282874709  0.9995999362  -0.02828369854
19  23  2.666875721e-17  -0.07847577267  0.9969223565  -0.07839524932
19  24  2.944259243e-16  -0.1546833721  0.9880603623  -0.1540672596
19  25  -4.005964316e-17  -0.2354872126  0.9724007819  -0.2333167791
19  26  -1.142623517e-16  -0.3774318682  0.9296141448  -0.3685343157
19  27  -1.84290212e-17  0.4699279671  0.8916009086  0.452822062
19  28  -2.53662291e-16  0.8171860969  0.6842758772  0.7292232333
19  29  8.597638311e-17  -0.3211242595  0.9488811638  -0.3156335486
19  30  6.984368584e-17  -0.2104153192  0.977944253  -0.2088660769
19  31  2.744056208e-17  -0.1124547153  0.9936836291  -0.1122178469
19  32  -9.95843068e-17  -0.0425660101  0.9990942042  -0.04255315728
19  33  1.659181643e-16  -0.01357496697  0.9999078616  -0.01357455004
19  34  -1.690351023e-16  -0.003860574472  0.999992548  -0.003860564883
19  35  -4.339823379e-16  -0.04728204142  0.9988824125  -0.04726442617
19  36  -4.339823379e-16  -0.04728204142  0.9988824125  -0.04726442617

20  0  6.757821326e-17  0.06441469828  0.9979260906  0.06437016203
20  1  -6.313018623e-17  -0.007505077358  0.999971837  -0.007505006903
20  2  -4.034206666e-16  0.08253478913  0.9965959373  0.08244111666
20  3  3.906771705e-17  0.0393294632  0.9992266963  0.03931932481
20  4  1.418916418e-17  0.01986099609  0.9998027769  0.01985969039
20  5  1.241430231e-16  1.20046588  0.3619234971  0.9322077999
20  6  -5.981291798e-17  0.1312858348  0.991394386  0.1309090199
20  7  -2.869044665e-18  -0.03708087588  0.9993125831  -0.03707237882
20  8  1.823965198e-16  -0.03313752963  0.9994510023  -0.03313146526
20  9  3.602021934e-16  -0.01162997592  0.9999323726  -0.01162971375
20  10  3.159089719e-17  -0.009956558123  0.9999504339  -0.00995639362
20  11  -8.432165961e-17  -0.02020610282  0.9997958637  -0.02020472787
20  12  -3.968637747e-16  -0.04054227196  0.9991782747  -0.04053116648
20  13  -4.344147522e-16  0.02064488741  0.9997869019  0.02064342093
20  14  -7.537797255e-17  0.8485055873  0.6611051315  0.7502932794
20  15  -1.189583967e-16  0.4499753071  0.9004578426  0.4349432993
20  16  -1.30970508e-16  0.0191975577  0.9998157325  0.01919637853
20  17  -2.428479799e-16  0.08174260941  0.9966609328  0.08165160779
20  18  -3.251446008e-16  0.02418999203  0.9997074364  0.02418763294
20  19  -3.545210227e-16  -0.0129297112  0.9999164124  -0.01292935094
20  20  4.604596383e-17  0.1551900008  0.9879821806  0.1545678195
20  21  -6.129832626e-17  0.07113658839  0.9974708597  0.0710766068
20  22  6.234196627e-17  -0.001534476163  0.9999988227  -0.001534475561
20  23  -7.894251569e-17  -0.007704081695  0.9999703237  -0.007704005485
20  24  1.405400471e-17  -0.01538969045  0.9998815811  -0.01538908297
20  25  -6.824391736e-17  -0.0280598571  0.999606348  -0.02805617507
20  26  -3.184968487e-16  -0.03933428802  0.9992265066  -0.0393241459
20  27  -9.178955137e-17  0.06070939179  0.9981577508  0.0606721066
20  28  -2.461726995e-16  0.04325809379  0.9990645146  0.04324460384
20  29  1.949772536e-16  -0.03542528786  0.9993725901  -0.03541787882
20  30  -6.602199043e-17  -0.0293761931  0.9995685507  -0.0293719682
20  31  -1.093728042e-18  -0.01824520964  0.9998335608  -0.01824419738
20  32  3.164777574e-16  -0.01007282558  0.9999492695  -0.01007265525
20  33  6.063760315e-17  -0.004489437759  0.9999899225  -0.004489422678
20  34  -3.091785152e-17  0.003629162201  0.9999934146  0.003629154235
20  35  -3.430498792e-16  0.1448860011  0.9895223714  0.1443796262
20  36  -3.430498792e-16  0.1448860011  0.9895223714  0.1443796262

21  0  -1.693186089e-16  1.075293729  0.4754738615  0.8797298489
21  1  -3.073107003e-17  -0.0002655777653  0.9999999647  -0.0002655777621
21  2  -6.94092093e-17  -0.01968340899  0.999806288  -0.019682138
21  3  1.533646454e-18  0.01341290795  0.9999100483  0.01341250578
21  4  5.380764513e-17  0.0121801122  0.9999258234  0.01217981104
21  5  1.561567604e-17  0.8269164111  0.6771480249  0.7358468267
21  6  -2.884045484e-16  0.09205436773  0.9957659879  0.09192441125
21  7  2.397263104e-16  -0.04664895124  0.998912135  -0.0466320341
21  8  6.922280332e-17  -0.04537609124  0.9989706818  -0.04536052136
21  9  5.8359116e-17  -0.03016167243  0.9995451712  -0.0301570995
21  10  7.550312097e-18  -0.03762608438  0.9992922224  -0.037617207
21  11  -2.048121118e-16  -0.0347164491  0.9993974446  -0.03470947596
21  12  -1.562477206e-16  -0.03410844941  0.9994183632  -0.03410183624
21  13  -1.124390126e-16  -0.05131977627  0.9986834293  -0.05129725225
21  14  -2.794543679e-16  -0.02137907451  0.9997714763  -0.02137744594
21  15  -1.52441615e-17  0.8485055873  0.6611051315  0.7502932794
21  16  9.169925957e-17  0.07248520928  0.9973740973  0.0724217518
21  17  -9.624764407e-17  0.0152655415  0.9998834839  0.0152649486
21  18  1.389141603e-17  -0.009784861606  0.9999521286  -0.009784705468
21  19  -1.379594997e-16  -0.008581025973  0.9999631832  -0.008580920664
21  20  1.916597592e-16  0.07113658839  0.9974708597  0.0710766068
21  21  2.578308104e-16  2.016005457  -0.4306466337  0.9025206241
21  22  5.429826035e-17  0.04594611533  0.9989446629  0.04592995131
21  23  1.291308737e-16  -0.0009987761535  0.9999995012  -0.0009987759874
21  24  2.748240162e-17  -0.003025365147  0.9999954236  -0.003025360532
21  25  -6.913425536e-17  -0.002231755575  0.9999975096  -0.002231753722
21  26  2.608798773e-16  0.002498752712  0.9999968781  0.002498750111
21  27  4.074257333e-16  0.01410279207  0.9999005573  0.0141023246
21  28  2.0541726e-16  -0.01754127051  0.9998461559  -0.01754037096
21  29  9.643519429e-17  -0.02898871034  0.9995798568  -0.02898465043
21  30  5.077115033e-17  0.003807620773  0.999992751  0.003807611573
21  31  4.933371169e-17  -0.0007232629586  0.9999997384  -0.0007232628955
21  32  -2.390537927e-16  -0.002726993475  0.9999962818  -0.002726990095
21  33  -1.378936393e-16  -0.002178835255  0.9999976263  -0.002178833531
21  34  3.823043538e-16  0.004570161216  0.9999895568  0.004570145307
21  35  3.290126659e-17  1.048294693  0.499049547  0.8665734531
21  36  3.290126659e-17  1.048294693  0.499049547  0.8665734531

22  0  -1.001372409e-16  0.05983968781  0.9982101401  0.05980398199
22  1  1.015452622e-16  0.005437725434  0.9999852156  0.005437698636
22  2  1.459090336e-16  -0.01042315713  0.9999456794  -0.0104229684
22  3  3.278693525e-17  -0.06003103858  0.9981986783  -0.05999498918
22  4  2.15586494e-16  -0.0117780722  0.9999306393  -0.01177779989
22  5  2.797105475e-16  0.09752695035  0.9952480153  0.09737241916
22  6  -6.683472892e-18  0.3868415615  0.9261052463  0.3772652552
22  7  3.206816921e-16  -0.04385645636  0.9990384598  -0.04384239888
22  8  -2.168807309e-16  -0.0474604138  0.9988739659  -0.04744259845
22  9  -1.974701826e-16  -0.03747079747  0.9992980518  -0.03746202954
22  10  -1.24963471e-16  -0.06529703449  0.997868906  -0.06525064319
22  11  -4.315909041e-16  -0.08053974507  0.9967584275  -0.08045270111
22  12  -6.967177203e-17  -0.05066246158  0.998716932  -0.05064079193
22  13  3.293700294e-18  -0.03774976307  0.9992875623  -0.03774079786
22  14  9.343045311e-17  -0.05131977627  0.9986834293  -0.05129725225
22  15  -9.795067478e-17  0.02064488741  0.9997869019  0.02064342093
22  16  -7.803183688e-17  0.4367072979  0.9061492478  0.4229580838
22  17  -2.797434085e-16  0.005111245428  0.9999869376  0.005111223173
22  18  -6.480215317e-17  -0.05218701891  0.9986385666  -0.05216333371
22  19  -2.900694075e-17  -0.0282874709  0.9995999362  -0.02828369854
22  20  2.409442523e-16  -0.001534476163  0.9999988227  -0.001534475561
22  21  1.911312431e-16  0.04594611533  0.9989446629  0.04592995131
22  22  -9.106951536e-17  0.03909544668  0.9992358704  0.03908548817
22  23  -8.010671001e-17  -0.01142395574  0.9999347473  -0.01142370725
22  24  -2.84988454e-16  -0.008300253469  0.9999655531  -0.008300158163
22  25  -1.788718633e-16  -0.00492713912  0.9999878617  -0.004927119184
22  26  -1.69224409e-16  -0.0008879043672  0.9999996058  -0.0008879042505
22  27  -1.68672776e-16  0.004326905593  0.999990639  0.004326892092
22  28  -3.421885916e-16  -0.06549958572  0.9978556689  -0.06545276142
22  29  -1.234589081e-16  -2.179488978  -0.5717954048  -0.8203962549
22  30  -1.775507943e-16  -0.003032097755  0.9999954032  -0.003032093109
22  31  1.650067513e-16  0.0008979186814  0.9999995969  0.0008979185608
22  32  -1.790644949e-16  -0.003085596115  0.9999952396  -0.003085591219
22  33  9.849364959e-17  -0.006123320823  0.9999812525  -0.006123282557
22  34  -1.426446419e-16  -0.008459425452  0.9999642193  -0.008459324557
22  35  -2.392964595e-16  0.01007742441  0.9999492232  0.01007725384
22  36  -2.392964595e-16  0.01007742441  0.9999492232  0.01007725384

23  0  -9.548974015e-17  -0.02237427905  0.9997497063  -0.0223724123
23  1  -4.362826866e-17  -0.00303764645  0.9999953864  -0.003037641779
23  2  -6.69421749e-17  -0.003086173531  0.9999952378  -0.003086168632
23  3  1.303945661e-16  -0.02791634026  0.9996103643  -0.02791271443
23  4  -2.929055076e-17  -0.1059064312  0.9943971537  -0.1057085647
23  5  -2.09300678e-17  -0.008659940639  0.9999625029  -0.008659832398
23  6  2.692641755e-17  0.3876819128  0.925787884  0.3780433757
23  7  -2.226314669e-17  -0.02033561739  0.9997932385  -0.02033421583
23  8  -5.510997972e-17  -0.04137416741  0.9991442112  -0.04136236422
23  9  7.259412774e-17  -0.03591380637  0.9993551686  -0.03590608659
23  10  9.780921509e-17  -0.07602160644  0.9971117491  -0.07594840251
23  11  8.663062078e-17  -0.1405078353  0.9901450036  -0.1400459633
23  12  1.964987417e-17  -0.113374313  0.9935800137  -0.1131315885
23  13  1.642270763e-16  -0.05066246158  0.998716932  -0.05064079193
23  14  1.378258093e-16  -0.03410844941  0.9994183632  -0.03410183624
23  15  -4.148488945e-17  -0.04054227196  0.9991782747  -0.04053116648
23  16  8.946173284e-18  0.2687809321  0.9640953439  0.2655563366
23  17  3.267537616e-16  0.1167742252  0.9931896344  0.1165090129
23  18  -3.853277826e-17  -0.06206758443  0.9980744258  -0.06202774073
23  19  -3.227327877e-16  -0.07847577266  0.9969223565  -0.07839524932
23  20  -7.783810226e-17  -0.007704081695  0.9999703237  -0.007704005485
23  21  4.843605969e-17  -0.0009987761535  0.9999995012  -0.0009987759875
23  22  1.683177425e-16  -0.01142395574  0.9999347473  -0.01142370725
23  23  -7.09138849e-17  -0.02580796025  0.9996669931  -0.02580509544
23  24  -1.493239025e-16  -0.01896716489  0.9998201287  -0.01896602766
23  25  -3.455017983e-16  -0.01243819176  0.9999226467  -0.01243787105
23  26  -1.717248731e-16  -0.00819286478  0.9999664387  -0.008192773126
23  27  -2.313444508e-16  -0.006036165851  0.9999817824  -0.006036129196
23  28  -3.441063095e-16  -0.0165146276  0.9998636366  -0.01651387693
23  29  -8.93393494e-17  -0.2827412153  0.9602942781  -0.2789890669
23  30  -7.988599983e-17  -0.03203309074  0.9994869844  -0.03202761273
23  31  1.143233853e-16  -0.007526449937  0.9999716764  -0.007526378878
23  32  -3.984839037e-16  -0.006924518406  0.9999760256  -0.006924463068
23  33  -4.664239698e-17  -0.0102114276  0.9999478638  -0.01021125014
23  34  -3.027383594e-17  -0.01544621127  0.9998807097  -0.01544559707
23  35  -6.025900737e-18  -0.02443841195  0.9997013969  -0.02443597944
23  36  -6.025900737e-18  -0.02443841195  0.9997013969  -0.02443597944

24  0  -1.366295264e-16  -0.02111107551  0.9997771695  -0.02110950742
24  1  -8.001937606e-17  -0.0139385017  0.9999028607  -0.01393805037
24  2  -7.392180837e-17  -0.004058533568  0.9999917642  -0.004058522427
24  3  -9.985333268e-17  -0.006301447311  0.9999801459  -0.006301405608
24  4  7.78556991e-18  -0.06721214781  0.9977421138  -0.06716155439
24  5  -2.579080768e-18  -0.1326246139  0.9912182393  -0.1322361603
24  6  -1.430718639e-16  0.1222461257  0.992537243  0.1219418764
24  7  6.771667538e-17  0.2051601945  0.9790283616  0.2037239975
24  8  -1.264732491e-16  -0.02179978582  0.9997623941  -0.0217980592
24  9  5.222425942e-17  -0.02449596363  0.9996999889  -0.0244935139
24  10  -1.56379834e-16  -0.05510315594  0.9984822052  -0.05507527469
24  11  7.135480412e-17  -0.1183978393  0.9929991597  -0.1181214154
24  12  2.234140599e-16  -0.1405078353  0.9901450036  -0.1400459633
24  13  1.067940544e-16  -0.08053974507  0.9967584275  -0.08045270111
24  14  -1.69620143e-16  -0.0347164491  0.9993974446  -0.03470947596
24  15  -4.474385596e-16  -0.02020610282  0.9997958637  -0.02020472787
24  16  2.253186894e-16  -0.006033278601  0.9999817998  -0.006033241998
24  17  2.820840839e-16  0.3245304413  0.9478005561  0.318863773
24  18  8.814159656e-17  -0.0399836786  0.9992007592  -0.03997302584
24  19  1.044570525e-16  -0.1546833721  0.9880603623  -0.1540672596
24  20  3.077826091e-16  -0.01538969045  0.9998815811  -0.01538908297
24  21  2.098708637e-16  -0.003025365147  0.9999954236  -0.003025360532
24  22  -2.438673428e-18  -0.008300253469  0.9999655531  -0.008300158162
24  23  -1.666146951e-16  -0.01896716489  0.9998201287  -0.01896602766
24  24  3.669916099e-16  -0.01915328737  0.9998165814  -0.01915211633
24  25  -1.604883852e-16  -0.01484874358  0.9998897594  -0.01484819794
24  26  2.663468481e-16  -0.01155745448  0.9999332134  -0.01155719719
24  27  1.59216223e-16  -0.01119024487  0.9999373899  -0.01119001133
24  28  1.676736267e-16  -0.02536287549  0.9996783795  -0.02536015636
24  29  -1.154241529e-17  -0.07137806682  0.9974536672  -0.07131747243
24  30  8.102061367e-17  -0.0698000937  0.9975649623  -0.06974342921
24  31  3.572572485e-16  -0.0421816523  0.999110486  -0.0421691445
24  32  -2.216841539e-16  -0.01502353222  0.9998871489  -0.01502296707
24  33  3.285064395e-16  -0.01089894372  0.9999406071  -0.01089872794
24  34  1.688503006e-16  -0.01329454179  0.9999116289  -0.01329415017
24  35  1.335892415e-17  -0.01767620767  0.9998437799  -0.0176752872
24  36  1.335892415e-17  -0.01767620767  0.9998437799  -0.0176752872

25  0  -2.587848733e-16  -0.01465282258  0.9998926493  -0.01465229824
25  1  6.400549064e-17  -0.0147626578  0.9998910339  -0.01476212159
25  2  -3.313390501e-16  -0.008753549555  0.9999616879  -0.008753437766
25  3  -6.523009463e-17  -0.002563980194  0.999996713  -0.002563977385
25  4  2.028378373e-16  -0.008661728594  0.9999624875  -0.008661620286
25  5  1.719290551e-17  -0.1327587423  0.9912004938  -0.1323691096
25  6  -2.229948624e-16  -0.1389786401  0.9903580034  -0.1385316751
25  7  -1.683784514e-16  0.1905704268  0.9818963452  0.1894190257
25  8  1.201837966e-16  0.03312076219  0.9994515577  0.03311470703
25  9  -1.299843973e-16  0.003147175019  0.9999950476  0.003147169824
25  10  2.77402887e-16  -0.02573218112  0.9996689457  -0.02572934148
25  11  8.266693519e-17  -0.05510315594  0.9984822052  -0.05507527469
25  12  -1.744495769e-17  -0.07602160644  0.9971117491  -0.07594840251
25  13  -3.803983345e-17  -0.06529703449  0.997868906  -0.06525064319
25  14  6.105438435e-17  -0.03762608438  0.9992922224  -0.037617207
25  15  -7.125519016e-17  -0.009956558124  0.9999504339  -0.009956393621
25  16  1.432394918e-16  0.01269687559  0.9999193958  0.01269653444
25  17  8.505056493e-18  0.1488420476  0.9889434572  0.1482930827
25  18  -1.858682833e-16  0.04834813092  0.9988314568  0.04832929715
25  19  -1.576822123e-16  -0.2354872126  0.9724007819  -0.2333167791
25  20  1.887978884e-16  -0.0280598571  0.999606348  -0.02805617507
25  21  2.687360447e-16  -0.002231755575  0.9999975096  -0.002231753722
25  22  -7.859045188e-17  -0.00492713912  0.9999878617  -0.004927119184
25  23  2.764580411e-17  -0.01243819176  0.9999226467  -0.01243787105
25  24  3.525811914e-18  -0.01484874358  0.9998897594  -0.01484819794
25  25  -5.628641091e-17  -0.01310651719  0.9999141108  -0.01310614195
25  26  1.100905905e-16  -0.01120351573  0.9999372413  -0.01120328136
25  27  -5.46098627e-17  -0.01239545188  0.9999231774  -0.01239513446
25  28  -7.529776707e-17  -0.04177746268  0.9991274487  -0.04176531098
25  29  1.455880628e-16  -0.2856685097  0.9594734818  -0.2817989315
25  30  -1.179828191e-16  -0.2989436384  0.9556481322  -0.2945108612
25  31  1.777057224e-16  -0.3134703905  0.9512691647  -0.3083617622
25  32  -3.568642297e-16  -0.1536002206  0.9882266608  -0.1529969503
25  33  -9.812706975e-17  -0.02022633608  0.9997954546  -0.020224957
25  34  -6.706180804e-17  -0.01113132848  0.9999380474  -0.0111310986
25  35  -2.272770407e-18  -0.01231303096  0.9999241956  -0.01231271983
25  36  -2.272770407e-18  -0.01231303096  0.9999241956  -0.01231271983

26  0  5.876174875e-18  -0.01092202585  0.9999403553  -0.0109218087
26  1  -2.400025423e-17  -0.01198910556  0.9999281315  -0.01198881834
26  2  -2.023980107e-16  -0.01079880633  0.9999416935  -0.01079859645
26  3  4.277362271e-17  -0.004893443733  0.9999880271  -0.004893424204
26  4  3.133114142e-16  0.001142204171  0.9999993477  0.001142203922
26  5  2.764123187e-17  -0.006756048921  0.999977178  -0.006755997525
26  6  -1.492700394e-16  -0.2283538842  0.9740403531  -0.2263744477
26  7  6.124708426e-17  -0.2265660158  0.9744435238  -0.2246326309
26  8  2.012069832e-16  0.06615700172  0.9978124236  0.06610875352
26  9  -1.219810233e-16  0.04917877537  0.9987909677  0.04915895419
26  10  1.78207863e-16  0.00314717502  0.9999950476  0.003147169824
26  11  7.352985977e-17  -0.02449596363  0.9996999889  -0.0244935139
26  12  -2.761953001e-16  -0.03591380637  0.9993551686  -0.03590608659
26  13  -1.693757287e-17  -0.03747079747  0.9992980518  -0.03746202954
26  14  2.011526673e-16  -0.03016167243  0.9995451712  -0.0301570995
26  15  2.860495766e-16  -0.01162997592  0.9999323726  -0.01162971375
26  16  1.447942367e-16  0.02733843512  0.9996263283  0.02733502983
26  17  -8.876238065e-17  0.0322863974  0.9994788395  0.03228078841
26  18  -1.777260614e-16  0.01062704272  0.9999435335  0.01062684269
26  19  4.295135099e-17  -0.3774318682  0.9296141448  -0.3685343157
26  20  8.621825074e-17  -0.03933428802  0.9992265066  -0.0393241459
26  21  7.551883725e-17  0.002498752712  0.9999968781  0.002498750111
26  22  1.737555342e-16  -0.0008879043672  0.9999996058  -0.0008879042505
26  23  -6.479654988e-18  -0.00819286478  0.9999664387  -0.008192773126
26  24  -1.693045444e-16  -0.01155745448  0.9999332134  -0.01155719719
26  25  1.121944539e-16  -0.01120351573  0.9999372413  -0.01120328136
26  26  -2.186323239e-17  -0.01032450697  0.9999467028  -0.01032432355
26  27  4.96637345e-17  -0.01347448661  0.9999092205  -0.01347407887
26  28  -2.443542154e-16  -0.07674275686  0.9970567196  -0.07666745025
26  29  1.576451139e-16  -0.59476836  0.8282783129  -0.5603169072
26  30  -1.904802129e-16  -0.2165905847  0.9766358113  -0.2149011214
26  31  -6.961639297e-17  -0.1474354693  0.9891510647  -0.14690191
26  32  -8.788803108e-17  -0.4889465831  0.8828281342  -0.4696961629
26  33  1.602307394e-16  -0.2524923198  0.9682928033  -0.249818028
26  34  1.313106218e-17  -0.02851960358  0.9995933437  -0.02851573758
26  35  6.245091403e-17  -0.01089693418  0.999940629  -0.01089671852
26  36  6.245091403e-17  -0.01089693418  0.999940629  -0.01089671852

27  0  -3.55743726e-17  -0.01686975465  0.9998577091  -0.01686895451
27  1  1.548306789e-16  -0.01342739103  0.9999098539  -0.01342698755
27  2  -1.654734915e-16  -0.01259471819  0.9999206876  -0.01259438522
27  3  -9.27554202e-17  -0.009821761111  0.9999517669  -0.0098216032
27  4  4.744198397e-17  -0.00221926813  0.9999975374  -0.002219266309
27  5  -5.805849074e-17  0.005880059144  0.9999827125  0.00588002526
27  6  -2.858788711e-16  0.007448122539  0.9999722629  0.007448053676
27  7  -1.102930971e-18  1.062398761  0.4867781055  0.8735256585
27  8  3.284508223e-17  -0.94512171  0.5856442291  -0.8105682186
27  9  1.042482801e-16  0.06615700172  0.9978124236  0.06610875351
27  10  -3.237195646e-16  0.03312076219  0.9994515577  0.03311470703
27  11  1.557093086e-17  -0.02179978582  0.9997623941  -0.0217980592
27  12  3.194768819e-17  -0.04137416741  0.9991442112  -0.04136236422
27  13  1.866662679e-16  -0.0474604138  0.9988739659  -0.04744259845
27  14  -2.231846594e-16  -0.04537609124  0.9989706818  -0.04536052136
27  15  5.344388378e-17  -0.03313752963  0.9994510023  -0.03313146526
27  16  1.635356241e-16  -0.003673958344  0.999993251  -0.003673950079
27  17  2.589443927e-16  0.03086994376  0.9995235611  0.03086504105
27  18  -7.715453719e-17  -0.3606705219  0.9356604057  -0.3529016933
27  19  4.302142254e-17  0.4699279671  0.8916009086  0.4528220619
27  20  2.008636348e-16  0.06070939179  0.9981577508  0.0606721066
27  21  -4.078940474e-17  0.01410279207  0.9999005573  0.0141023246
27  22  -6.970034986e-17  0.004326905594  0.999990639  0.004326892092
27  23  -3.343689429e-17  -0.006036165851  0.9999817824  -0.006036129196
27  24  2.13783817e-16  -0.01119024487  0.9999373899  -0.01119001133
27  25  1.188624178e-16  -0.01239545188  0.9999231774  -0.01239513446
27  26  5.416501617e-17  -0.01347448661  0.9999092205  -0.01347407887
27  27  8.169383279e-17  -0.02227014791  0.9997520305  -0.02226830711
27  28  -6.147172934e-17  -0.1005571894  0.9949483847  -0.1003878069
27  29  4.00603333e-16  -0.1692990843  0.9857031074  -0.1684914957
27  30  1.494085489e-16  -0.0215970666  0.9997667924  -0.02159538771
27  31  -1.206816657e-17  0.003283367026  0.9999946098  0.003283361127
27  32  -3.519970456e-16  -0.01097020886  0.9999398279  -0.01096998882
27  33  1.153865396e-16  -0.1222584441  0.9925357408  -0.1219541029
27  34  -7.395320611e-17  -0.1236692533  0.9923626991  -0.1233542596
27  35  -4.214622383e-17  -0.04064273975  0.9991741975  -0.04063155151
27  36  -4.214622383e-17  -0.04064273975  0.9991741975  -0.04063155151

28  0  -3.293343359e-16  -0.05874771173  0.9982748494  -0.05871392496
28  1  -1.782412725e-17  -0.09182932128  0.9957866499  -0.09170031533
28  2  -5.620030185e-17  -0.06948142851  0.9975871365  -0.06942553645
28  3  -1.851180353e-16  -0.03797913214  0.9992788794  -0.03797000252
28  4  -6.918743792e-17  -0.02165138846  0.9997656178  -0.02164969687
28  5  1.318418856e-16  -0.01856644915  0.9998276484  -0.01856538248
28  6  -1.418435033e-16  -0.09967893124  0.9950361674  -0.09951394675
28  7  -2.82112664e-16  0.001444264363  0.9999989571  0.001444263861
28  8  -6.755575846e-17  1.062398761  0.4867781054  0.8735256585
28  9  1.018026858e-16  -0.2265660158  0.9744435238  -0.2246326309
28  10  5.966156286e-17  0.1905704268  0.9818963452  0.1894190257
28  11  1.605763691e-16  0.2051601945  0.9790283616  0.2037239975
28  12  -1.454980432e-16  -0.02033561739  0.9997932385  -0.02033421583
28  13  4.342604733e-17  -0.04385645636  0.9990384598  -0.04384239888
28  14  -4.012362826e-18  -0.04664895125  0.998912135  -0.0466320341
28  15  -1.694069692e-16  -0.03708087588  0.9993125831  -0.03707237882
28  16  -2.755946029e-16  0.002835632161  0.9999959796  0.00283562836
28  17  -4.125262675e-16  0.3232408001  0.9482109877  0.3176411856
28  18  -7.942948656e-17  0.01706836393  0.999854339  0.01706753519
28  19  3.315972415e-16  0.8171860969  0.6842758771  0.7292232333
28  20  1.8151979e-16  0.04325809379  0.9990645146  0.04324460384
28  21  3.433131183e-16  -0.01754127051  0.9998461559  -0.01754037096
28  22  -2.714325319e-17  -0.06549958572  0.9978556689  -0.06545276142
28  23  -3.688286941e-16  -0.0165146276  0.9998636366  -0.01651387693
28  24  -1.832275312e-16  -0.02536287549  0.9996783795  -0.02536015636
28  25  -1.90011002e-16  -0.04177746268  0.9991274487  -0.04176531098
28  26  -1.81410067e-17  -0.07674275686  0.9970567196  -0.07666745026
28  27  2.694668583e-16  -0.1005571894  0.9949483847  -0.1003878069
28  28  1.934518832e-16  -0.05848009187  0.9982905267  -0.05844676469
28  29  1.430155025e-16  -0.007968879232  0.9999682486  -0.007968794891
28  30  1.062929073e-16  0.01616659257  0.9998693235  0.01616588837
28  31  1.529965881e-16  0.02189791701  0.9997602502  0.02189616698
28  32  -2.118038451e-16  0.02100080141  0.9997794913  0.02099925777
28  33  -2.017029566e-17  0.01850516583  0.9998287843  0.0185041097
28  34  1.346815468e-16  0.001674466309  0.9999985981  0.001674465527
28  35  1.661366842e-17  -0.02848764162  0.9995942546  -0.0284837886
28  36  1.661366842e-17  -0.02848764162  0.9995942546  -0.0284837886

29  0  -1.603336344e-16  0.01111392199  0.999938241  0.01111369319
29  1  7.879406523e-17  -0.0613410132  0.9981192299  -0.06130255226
29  2  -4.723215432e-17  -0.3132087152  0.9513498227  -0.308112828
29  3  -1.318250207e-17  -0.5235802266  0.8660346781  -0.499983936
29  4  -1.192210283e-16  -0.1868661981  0.9825912585  -0.1857805659
29  5  2.103266303e-16  -0.06636626613  0.9977985676  -0.06631755869
29  6  2.744417815e-16  -2.383263966  -0.7259864007  -0.6877090562
29  7  -4.134891915e-18  -0.09967893124  0.9950361674  -0.09951394675
29  8  7.249956559e-17  0.007448122541  0.9999722629  0.007448053677
29  9  1.581771334e-16  -0.2283538842  0.9740403531  -0.2263744477
29  10  -2.545258652e-16  -0.1389786401  0.9903580034  -0.1385316751
29  11  3.690492951e-16  0.1222461257  0.992537243  0.1219418764
29  12  -2.937089747e-16  0.3876819128  0.925787884  0.3780433757
29  13  1.195613367e-17  0.3868415615  0.9261052463  0.3772652552
29  14  -1.136072136e-16  0.09205436771  0.9957659879  0.09192441124
29  15  -2.204132166e-16  0.1312858347  0.991394386  0.1309090198
29  16  -1.296421698e-16  0.6182323476  0.8149042528  0.5795955993
29  17  -2.401640687e-16  0.2411068597  0.9710742764  0.2387776155
29  18  3.640630526e-16  -0.02126581135  0.9997738912  -0.02126420853
29  19  4.916715044e-17  -0.3211242595  0.9488811638  -0.3156335486
29  20  -6.687686076e-17  -0.03542528786  0.9993725901  -0.03541787883
29  21  2.102302749e-16  -0.02898871034  0.9995798568  -0.02898465043
29  22  6.979383767e-19  -2.179488978  -0.5717954048  -0.8203962549
29  23  -6.965579593e-18  -0.2827412153  0.9602942781  -0.2789890669
29  24  -1.314151494e-16  -0.07137806682  0.9974536672  -0.07131747243
29  25  1.7542005e-17  -0.2856685097  0.9594734818  -0.2817989315
29  26  -3.75943498e-17  -0.59476836  0.8282783129  -0.5603169072
29  27  2.580276358e-16  -0.1692990843  0.9857031074  -0.1684914957
29  28  -3.082975432e-16  -0.007968879232  0.9999682486  -0.007968794891
29  29  3.17999907e-17  0.02072303534  0.9997852856  0.02072155214
29  30  1.341851457e-16  0.03135794618  0.9995083799  0.03135280728
29  31  5.246964268e-17  0.0341101027  0.9994183069  0.03410348857
29  32  -5.791379526e-17  0.03152825869  0.9995030256  0.03152303561
29  33  2.940868971e-17  0.03246031271  0.9994732103  0.03245461259
29  34  2.233592031e-16  0.03324581538  0.9994474088  0.03323969138
29  35  3.848494477e-17  0.02703711571  0.9996345195  0.02703382179
29  36  3.848494477e-17  0.02703711571  0.9996345195  0.02703382179

30  0  -1.681448297e-17  0.03690802005  0.9993189763  0.03689964126
30  1  8.878931273e-17  0.025078098  0.999685561  0.02507546943
30  2  8.021230291e-17  0.0001917532445  0.9999999816  0.0001917532433
30  3  1.569521812e-16  -0.1067255608  0.9943102311  -0.1065230694
30  4  -1.257506459e-16  -0.2790261089  0.9613241228  -0.2754195543
30  5  -1.59701861e-16  -0.1707614729  0.9854556534  -0.169932796
30  6  2.211360303e-16  -0.06636626613  0.9977985676  -0.06631755869
30  7  3.162334427e-17  -0.01856644915  0.9998276484  -0.01856538248
30  8  1.114808432e-16  0.005880059145  0.9999827125  0.005880025261
30  9  1.648253642e-17  -0.006756048921  0.999977178  -0.006755997525
30  10  -1.906327804e-16  -0.1327587423  0.9912004938  -0.1323691096
30  11  1.399343856e-16  -0.1326246139  0.9912182393  -0.1322361603
30  12  -7.96630004e-17  -0.008659940639  0.9999625029  -0.008659832398
30  13  -2.523156757e-17  0.09752695035  0.9952480153  0.09737241917
30  14  2.084613258e-16  0.8269164111  0.6771480249  0.7358468267
30  15  1.55787468e-16  1.20046588  0.361923497  0.9322078
30  16  1.87965593e-17  0.159562395  0.9872969073  0.1588861758
30  17  -1.115155651e-16  0.008144312471  0.9999668353  0.008144222436
30  18  2.368147484e-16  -0.0465571104  0.9989164135  -0.04654029296
30  19  -3.587822196e-17  -0.2104153192  0.977944253  -0.2088660769
30  20  4.913341589e-17  -0.0293761931  0.9995685507  -0.0293719682
30  21  2.874677417e-17  0.003807620773  0.999992751  0.003807611573
30  22  -9.179431247e-17  -0.003032097755  0.9999954032  -0.003032093109
30  23  -1.713969712e-16  -0.03203309075  0.9994869844  -0.03202761273
30  24  -2.802956247e-16  -0.0698000937  0.9975649623  -0.06974342921
30  25  2.431727474e-17  -0.2989436384  0.9556481322  -0.2945108612
30  26  2.242287685e-16  -0.2165905847  0.9766358113  -0.2149011214
30  27  8.761032187e-17  -0.0215970666  0.9997667924  -0.02159538771
30  28  -1.718970857e-16  0.01616659257  0.9998693235  0.01616588837
30  29  2.058403629e-16  0.03135794618  0.9995083799  0.03135280728
30  30  -7.13563635e-17  0.04046484401  0.9991814099  0.04045380203
30  31  -2.078826121e-16  0.04286815786  0.9990813012  0.04285502942
30  32  9.205120604e-17  0.04126271013  0.9991488152  0.04125100207
30  33  -3.15856107e-16  0.04099018114  0.9991600201  0.04097870352
30  34  -1.630594304e-16  0.04232102068  0.9991045993  0.0423083885
30  35  -1.213327083e-16  0.04250426986  0.9990968295  0.04249147289
30  36  -1.213327083e-16  0.04250426986  0.9990968295  0.04249147289

31  0  -9.781206349e-17  0.0452514203  0.9989763292  0.04523597839
31  1  1.095373995e-16  0.03915977725  0.9992333539  0.03914976951
31  2  1.026049532e-17  0.02828095857  0.9996001203  0.02827718881
31  3  3.597339352e-17  0.01421136216  0.9998990203  0.01421088381
31  4  2.02171909e-16  -0.02331686957  0.9997281741  -0.02331475682
31  5  -1.5916104e-16  -0.2790261089  0.9613241228  -0.2754195544
31  6  8.727750139e-17  -0.1868661981  0.9825912585  -0.1857805659
31  7  -2.544368507e-17  -0.02165138846  0.9997656178  -0.02164969687
31  8  -4.927628203e-17  -0.00221926813  0.9999975374  -0.002219266308
31  9  2.3934948e-16  0.001142204171  0.9999993477  0.001142203923
31  10  3.009267572e-16  -0.008661728594  0.9999624875  -0.008661620286
31  11  2.516400626e-16  -0.06721214781  0.9977421138  -0.0671615544
31  12  1.885126236e-16  -0.1059064312  0.9943971537  -0.1057085647
31  13  7.314385214e-17  -0.0117780722  0.9999306393  -0.01177779989
31  14  6.514620245e-18  0.0121801122  0.9999258234  0.01217981104
31  15  4.897907634e-17  0.01986099609  0.9998027769  0.01985969039
31  16  3.219139445e-17  0.01592036694  0.9998732736  0.01591969442
31  17  1.309803455e-16  0.006841592986  0.9999765964  0.006841539613
31  18  3.433363673e-16  -0.06215264895  0.9980691458  -0.06211264123
31  19  1.907404258e-17  -0.1124547153  0.9936836291  -0.1122178469
31  20  -8.843964216e-17  -0.01824520964  0.9998335608  -0.01824419738
31  21  3.102067792e-17  -0.0007232629585  0.9999997384  -0.0007232628955
31  22  -5.905763433e-17  0.0008979186814  0.9999995969  0.0008979185608
31  23  -1.69177253e-16  -0.007526449937  0.9999716764  -0.007526378878
31  24  -1.460017592e-16  -0.0421816523  0.999110486  -0.0421691445
31  25  -7.307268201e-18  -0.3134703905  0.9512691647  -0.3083617622
31  26  1.45622278e-17  -0.1474354693  0.9891510647  -0.14690191
31  27  1.052911367e-16  0.003283367026  0.9999946098  0.003283361126
31  28  8.299668775e-17  0.02189791701  0.9997602502  0.02189616698
31  29  -2.720674808e-16  0.0341101027  0.9994183069  0.03410348858
31  30  -1.299361742e-16  0.04286815786  0.9990813012  0.04285502942
31  31  7.414598031e-18  0.04595914488  0.9989440644  0.0459429671
31  32  1.03821517e-16  0.04761865412  0.9988664461  0.04760065999
31  33  6.26426708e-17  0.05088167707  0.9987058067  0.05085972493
31  34  1.428075959e-16  0.0490923852  0.9987952109  0.04907266829
31  35  -5.262450063e-17  0.04647402508  0.9989202769  0.04645729752
31  36  -5.262450063e-17  0.04647402508  0.9989202769  0.04645729752

32  0  -4.935728655e-16  0.04563692856  0.9989588161  0.04562108865
32  1  -7.756576188e-17  0.04584891215  0.9989491227  0.0458328505
32  2  3.994321042e-17  0.03645167671  0.9993357112  0.03644360487
32  3  -1.688207586e-16  0.02645178897  0.9996501718  0.02644870437
32  4  8.681830847e-17  0.01421136216  0.9998990203  0.01421088381
32  5  1.913573812e-16  -0.1067255608  0.9943102311  -0.1065230694
32  6  -2.289554734e-17  -0.5235802266  0.8660346781  -0.499983936
32  7  7.411938245e-17  -0.03797913214  0.9992788794  -0.03797000253
32  8  4.230411806e-17  -0.009821761111  0.9999517669  -0.009821603199
32  9  1.169721155e-16  -0.004893443733  0.9999880271  -0.004893424204
32  10  2.114033509e-16  -0.002563980194  0.999996713  -0.002563977385
32  11  1.938915506e-16  -0.006301447311  0.9999801459  -0.006301405608
32  12  -3.058851601e-17  -0.02791634026  0.9996103643  -0.02791271443
32  13  1.385483039e-16  -0.06003103858  0.9981986783  -0.05999498918
32  14  -8.563403253e-17  0.01341290795  0.9999100483  0.01341250578
32  15  2.899939289e-16  0.0393294632  0.9992266963  0.0393193248
32  16  -4.615343588e-17  0.03376615572  0.9994299775  0.03375973966
32  17  1.620694915e-16  0.03913770173  0.9992342179  0.03912771091
32  18  1.322946996e-16  -0.03541998727  0.9993727778  -0.03541258156
32  19  5.840046726e-17  -0.0425660101  0.9990942042  -0.04255315728
32  20  8.730778355e-17  -0.01007282558  0.9999492695  -0.01007265525
32  21  5.69100411e-17  -0.002726993475  0.9999962818  -0.002726990095
32  22  -2.847500087e-16  -0.003085596115  0.9999952396  -0.003085591219
32  23  -1.661489095e-16  -0.006924518406  0.9999760256  -0.006924463068
32  24  2.315890223e-17  -0.01502353222  0.9998871489  -0.01502296708
32  25  -1.757998965e-16  -0.1536002206  0.9882266608  -0.1529969503
32  26  -1.379027609e-16  -0.4889465831  0.8828281342  -0.4696961629
32  27  1.264951626e-16  -0.01097020886  0.9999398279  -0.01096998882
32  28  -1.763509703e-16  0.02100080141  0.9997794913  0.02099925777
32  29  2.714265008e-16  0.03152825869  0.9995030256  0.03152303561
32  30  2.4298478e-16  0.04126271013  0.9991488152  0.04125100207
32  31  3.314800144e-16  0.04761865412  0.9988664461  0.04760065999
32  32  8.041922157e-17  0.04428495182  0.9990195818  0.04427047828
32  33  3.420985433e-16  0.02627290821  0.999654887  0.02626988576
32  34  3.029752094e-16  -0.006648317915  0.9999779  -0.006648268939
32  35  2.144059201e-16  0.01631667541  0.999866886  0.01631595142
32  36  2.144059201e-16  0.01631667541  0.999866886  0.01631595142

33  0  -5.550983043e-17  -0.07934070726  0.9968541768  -0.07925749252
33  1  -2.940088436e-16  0.05706689243  0.9983721267  0.05703592318
33  2  2.809374674e-16  0.04736567503  0.9988784561  0.04734796614
33  3  -7.502238376e-17  0.03645167671  0.9993357112  0.03644360487
33  4  -3.171914504e-16  0.02828095857  0.9996001203  0.02827718881
33  5  -1.954711611e-16  0.0001917532453  0.9999999816  0.0001917532442
33  6  -1.853288217e-16  -0.3132087153  0.9513498227  -0.308112828
33  7  1.403040514e-17  -0.06948142852  0.9975871365  -0.06942553646
33  8  1.361188365e-17  -0.01259471819  0.9999206876  -0.01259438522
33  9  -9.67462665e-17  -0.01079880633  0.9999416935  -0.01079859645
33  10  -1.242974481e-16  -0.008753549555  0.9999616879  -0.008753437766
33  11  -1.137793337e-16  -0.004058533569  0.9999917642  -0.004058522427
33  12  -3.543493731e-16  -0.003086173531  0.9999952378  -0.003086168632
33  13  -1.146019766e-16  -0.01042315713  0.9999456794  -0.0104229684
33  14  -1.90585043e-16  -0.01968340899  0.999806288  -0.019682138
33  15  2.694941203e-16  0.08253478913  0.9965959373  0.08244111666
33  16  -2.891132981e-17  0.1995638441  0.9801531354  0.1982418501
33  17  1.289134614e-16  0.1970005289  0.9806580711  0.1957287601
33  18  -1.111637201e-17  0.0167321119  0.9998600215  0.01673133118
33  19  -3.068587984e-16  -0.01357496697  0.9999078616  -0.01357455004
33  20  2.753529033e-16  -0.004489437759  0.9999899225  -0.004489422678
33  21  4.50951827e-16  -0.002178835255  0.9999976263  -0.002178833531
33  22  -1.901844148e-16  -0.006123320823  0.9999812525  -0.006123282557
33  23  -1.571696417e-16  -0.0102114276  0.9999478638  -0.01021125014
33  24  1.8137868e-18  -0.01089894372  0.9999406071  -0.01089872794
33  25  -9.350714214e-17  -0.02022633608  0.9997954546  -0.020224957
33  26  1.474794611e-16  -0.2524923198  0.9682928033  -0.249818028
33  27  2.903934951e-17  -0.1222584441  0.9925357408  -0.1219541029
33  28  -2.077852609e-16  0.01850516583  0.9998287843  0.0185041097
33  29  4.198486285e-17  0.03246031271  0.9994732103  0.03245461259
33  30  1.745763911e-16  0.04099018114  0.9991600201  0.04097870352
33  31  8.270702018e-17  0.05088167706  0.9987058067  0.05085972493
33  32  1.205723414e-16  0.02627290821  0.999654887  0.02626988576
33  33  1.545288005e-16  -0.1470298135  0.9892105749  -0.1465006431
33  34  -2.042930415e-16  -0.3795335142  0.9288375637  -0.3704872202
33  35  1.571488111e-17  -0.3824846122  0.9277401765  -0.3732266936
33  36  1.571488111e-17  -0.3824846122  0.9277401765  -0.3732266936

34  0  9.592418308e-17  -0.4430291336  0.9034572868  -0.4286781204
34  1  3.575242295e-17  -0.1093108353  0.9940315172  -0.1090932754
34  2  5.013190577e-17  0.05706689244  0.9983721267  0.05703592319
34  3  -4.505269856e-16  0.04584891215  0.9989491227  0.04583285049
34  4  -3.589191864e-16  0.03915977725  0.9992333539  0.03914976951
34  5  -4.881958904e-16  0.025078098  0.999685561  0.02507546943
34  6  -3.445305377e-16  -0.06134101319  0.9981192299  -0.06130255225
34  7  3.569140767e-17  -0.09182932129  0.9957866499  -0.09170031533
34  8  -5.847774465e-17  -0.01342739103  0.9999098539  -0.01342698755
34  9  2.554045961e-17  -0.01198910556  0.9999281315  -0.01198881834
34  10  -7.332726796e-17  -0.0147626578  0.9998910339  -0.01476212159
34  11  1.923778736e-16  -0.0139385017  0.9999028607  -0.01393805037
34  12  -6.187863502e-17  -0.003037646451  0.9999953864  -0.003037641779
34  13  3.103026163e-17  0.005437725433  0.9999852156  0.005437698635
34  14  -3.027090589e-17  -0.0002655777661  0.9999999647  -0.000265577763
34  15  -5.05251621e-17  -0.007505077359  0.999971837  -0.007505006903
34  16  7.612803024e-17  0.05381872007  0.9985521222  0.05379274326
34  17  -1.625413149e-16  0.1089803636  0.9940675152  0.1087647701
34  18  -2.320892508e-17  0.01147949824  0.9999341113  0.01147924612
34  19  -4.039245212e-16  -0.003860574472  0.999992548  -0.003860564883
34  20  2.604358253e-17  0.003629162201  0.9999934146  0.003629154235
34  21  1.78643554e-17  0.004570161216  0.9999895568  0.004570145307
34  22  -3.046567864e-16  -0.008459425452  0.9999642193  -0.008459324557
34  23  -1.359733539e-16  -0.01544621127  0.9998807097  -0.01544559707
34  24  -1.470011331e-16  -0.01329454179  0.9999116289  -0.01329415017
34  25  -1.745783048e-16  -0.01113132848  0.9999380474  -0.0111310986
34  26  -1.979602718e-17  -0.02851960358  0.9995933437  -0.02851573758
34  27  -2.772279893e-16  -0.1236692533  0.9923626991  -0.1233542596
34  28  1.353153458e-16  0.001674466309  0.9999985981  0.001674465527
34  29  -5.930977555e-18  0.03324581538  0.9994474088  0.03323969138
34  30  -1.605766214e-16  0.04232102068  0.9991045993  0.0423083885
34  31  -1.618094535e-16  0.0490923852  0.9987952109  0.04907266829
34  32  3.354471997e-17  -0.006648317915  0.9999779  -0.006648268939
34  33  1.439136882e-16  -0.3795335142  0.9288375637  -0.3704872202
34  34  4.391023926e-17  -0.2681188562  0.964270951  -0.2649179742
34  35  3.187573132e-16  -0.1997581278  0.9801146018  -0.1984322741
34  36  3.187573132e-16  -0.1997581278  0.9801146018  -0.1984322741

35  0  4.230821291e-16  -0.08540035111  0.9963556058  -0.0852965817
35  1  2.048044026e-16  -0.4430291335  0.9034572868  -0.4286781203
35  2  -4.025641928e-17  -0.07934070723  0.9968541768  -0.07925749249
35  3  -2.463739981e-16  0.04563692856  0.9989588161  0.04562108865
35  4  -7.216946257e-17  0.0452514203  0.9989763292  0.04523597839
35  5  -1.152366853e-16  0.03690802005  0.9993189763  0.03689964126
35  6  -1.3623701e-16  0.01111392199  0.999938241  0.01111369319
35  7  1.463386374e-17  -0.05874771173  0.9982748494  -0.05871392496
35  8  -3.352001109e-16  -0.01686975465  0.9998577091  -0.01686895451
35  9  -1.640038278e-17  -0.01092202585  0.9999403553  -0.0109218087
35  10  1.170800291e-16  -0.01465282258  0.9998926493  -0.01465229824
35  11  7.674852037e-17  -0.02111107551  0.9997771695  -0.02110950742
35  12  -1.609584437e-16  -0.02237427905  0.9997497063  -0.0223724123
35  13  -1.729115617e-16  0.0598396878  0.9982101401  0.05980398198
35  14  2.288186852e-16  1.075293729  0.4754738617  0.8797298488
35  15  1.033259329e-16  0.06441469826  0.9979260906  0.06437016202
35  16  -6.084516083e-17  -0.07348633114  0.9973010945  -0.07342020835
35  17  1.016444636e-16  -0.09217255901  0.9957551163  -0.09204210147
35  18  9.488181146e-17  -0.08201253941  0.9966388563  -0.08192063349
35  19  -2.460557807e-16  -0.04728204142  0.9988824125  -0.04726442617
35  20  1.291769795e-17  0.1448860011  0.9895223714  0.1443796262
35  21  7.877539903e-17  1.048294693  0.499049547  0.8665734531
35  22  -8.667301271e-17  0.01007742441  0.9999492232  0.01007725384
35  23  -4.147392441e-16  -0.02443841195  0.9997013969  -0.02443597944
35  24  -3.494502026e-17  -0.01767620767  0.9998437799  -0.0176752872
35  25  1.604081958e-16  -0.01231303096  0.9999241956  -0.01231271983
35  26  -5.623696176e-17  -0.01089693418  0.999940629  -0.01089671852
35  27  1.178334047e-16  -0.04064273975  0.9991741975  -0.04063155151
35  28  -1.497434419e-17  -0.02848764161  0.9995942546  -0.0284837886
35  29  -2.189124913e-16  0.02703711571  0.9996345195  0.02703382179
35  30  7.617696311e-17  0.04250426986  0.9990968295  0.04249147289
35  31  -1.420253406e-16  0.04647402508  0.9989202769  0.04645729752
35  32  1.708703366e-16  0.01631667541  0.999866886  0.01631595141
35  33  8.655900495e-17  -0.3824846122  0.9277401765  -0.3732266936
35  34  3.70177658e-16  -0.1997581278  0.9801146018  -0.1984322741
35  35  1.313707093e-16  -0.03940330285  0.9992237903  -0.03939310725
35  36  1.313707093e-16  -0.03940330285  0.9992237903  -0.03939310725

36  0  4.230821291e-16  -0.08540035111  0.9992237903  -0.03939310725
36  1  3.575242295e-17  -0.1093108353  0.9992237903  -0.03939310725
36  2  2.809374674e-16  0.04736567503  0.9992237903  -0.03939310725
36  3  -1.688207586e-16  0.02645178897  0.9992237903  -0.03939310725
36  4  2.02171909e-16  -0.02331686957  0.9992237903  -0.03939310725
36  5  -1.59701861e-16  -0.1707614729  0.9992237903  -0.03939310725
36  6  2.744417815e-16  -2.383263966  0.9992237903  -0.03939310725
36  7  -2.82112664e-16  0.001444264363  0.9992237903  -0.03939310725
36  8  3.284508223e-17  -0.94512171  0.9992237903  -0.03939310725
36  9  -1.219810233e-16  0.04917877537  0.9992237903  -0.03939310725
36  10  2.77402887e-16  -0.02573218112  0.9992237903  -0.03939310725
36  11  7.135480412e-17  -0.1183978393  0.9992237903  -0.03939310725
36  12  1.964987417e-17  -0.113374313  0.9992237903  -0.03939310725
36  13  3.293700294e-18  -0.03774976307  0.9992237903  -0.03939310725
36  14  -2.794543679e-16  -0.02137907451  0.9992237903  -0.03939310725
36  15  -1.189583967e-16  0.4499753071  0.9992237903  -0.03939310725
36  16  -1.314594782e-16  0.07874261712  0.9992237903  -0.03939310725
36  17  -3.287569348e-16  0.02485219858  0.9992237903  -0.03939310725
36  18  2.719166899e-16  0.02485219858  0.9992237903  -0.03939310725
36  19  1.008401221e-16  0.07874261712  0.9992237903  -0.03939310725
36  20  -1.983280008e-16  0.4499753071  0.9992237903  -0.03939310725
36  21  -3.115320825e-16  -0.02137907451  0.9992237903  -0.03939310725
36  22  -1.005924777e-16  -0.03774976307  0.9992237903  -0.03939310725
36  23  -4.009864837e-17  -0.113374313  0.9992237903  -0.03939310725
36  24  2.159059639e-16  -0.1183978393  0.9992237903  -0.03939310725
36  25  -1.885532501e-16  -0.02573218112  0.9992237903  -0.03939310725
36  26  8.791042436e-17  0.04917877537  0.9992237903  -0.03939310725
36  27  -1.718328242e-16  -0.9451217101  0.9992237903  -0.03939310725
36  28  -1.914394972e-16  0.001444264362  0.9992237903  -0.03939310725
36  29  -1.129834831e-16  -2.383263966  0.9992237903  -0.03939310725
36  30  -3.294082021e-16  -0.1707614729  0.9992237903  -0.03939310725
36  31  -1.642866986e-16  -0.02331686957  0.9992237903  -0.03939310725
36  32  -7.527214646e-17  0.02645178897  0.9992237903  -0.03939310725
36  33  2.367260855e-16  0.04736567503  0.9992237903  -0.03939310725
36  34  -4.006508408e-16  -0.1093108353  0.9992237903  -0.03939310725
36  35  -9.893678446e-17  -0.08540035111  0.9992237903  -0.03939310725
36  36  -9.893678446e-17  -0.08540035111  0.9992237903  -0.03939310725

#Chern no*2pi*Iota= -6.721657745e-15  -6.283185308
