#nx  ny  tilde_F(nx,ny).real()  tilde_F(nx,ny).imag()  ArgofLog.real()  ArgofLog.imag()
#Extra momentum point for pm3d corners2color c1
0  0  -1.929843461e-16  -0.04833373384  0.9988321525  -0.0483149169
0  1  -1.808726921e-16  -0.1786951477  0.9840764623  -0.1777456507
0  2  1.549766847e-16  -0.3138986293  0.951137025  -0.3087691042
0  3  1.008182222e-16  -0.1043888539  0.9945564295  -0.104199369
0  4  -1.304787578e-16  -0.4491231268  0.9008281658  -0.434175789
0  5  1.863480406e-16  -0.1781605642  0.9841713416  -0.1772195543
0  6  9.692406117e-17  -0.005337728413  0.9999857544  -0.005337703066
0  7  -2.896629855e-16  -0.03902042691  0.9992387997  -0.03901052562
0  8  1.01150349e-16  -0.04698617398  0.9988963528  -0.04696888732
0  9  -1.901819453e-16  -0.00631135519  0.9999800835  -0.00631131329
0  10  -1.584257329e-16  0.0004217345346  0.9999999111  0.0004217345221
0  11  -2.828083687e-16  0.1397643324  0.9902488545  0.1393097489
0  12  9.741300119e-17  1.003173545  0.5376291437  0.8431814181
0  13  2.601038879e-16  0.02715186436  0.9996314108  0.02714852831
0  14  1.566334778e-16  -0.002534955659  0.999996787  -0.002534952944
0  15  6.058870743e-17  -0.02115722463  0.9997761943  -0.02115564623
0  16  -1.687784295e-16  -0.01718420886  0.9998523551  -0.01718336313
0  17  2.046811091e-16  0.1289275582  0.9917003485  0.1285706758
0  18  1.668058088e-17  0.1960944071  0.9808350226  0.1948400843
0  19  -1.600162149e-16  0.01604156941  0.9998713368  0.01604088141
0  20  7.881444041e-17  -0.02382130154  0.9997162862  -0.02381904868
0  21  1.779428843e-16  -0.01108260259  0.9999385886  -0.01108237572
0  22  -6.668319699e-17  0.008930463948  0.9999601237  0.008930345243
0  23  -1.347763121e-16  0.3969366865  0.922249581  0.386595021
0  24  -2.473230335e-17  0.7580515695  0.7261769496  0.6875078457
0  25  -8.556172456e-17  0.008873057719  0.9999606347  0.008872941289
0  26  2.443730241e-16  -0.002626667428  0.9999965503  -0.002626664408
0  27  1.974900285e-16  -0.01592143481  0.9998732566  -0.01592076216
0  28  -1.648155532e-16  -0.06714029098  0.9977469372  -0.06708985964
0  29  -3.207072303e-17  -0.009291217604  0.9999568369  -0.009291083924
0  30  -3.959215478e-16  -0.02362352117  0.9997209776  -0.02362132397
0  31  5.650188311e-17  -0.5411732017  0.857104906  -0.5151419029
0  32  -2.352685853e-17  -0.1035738931  0.9946410176  -0.1033888101
0  33  2.29442113e-17  -0.2114986335  0.9777174116  -0.2099253751
0  34  3.895188418e-17  -0.2838543304  0.9599831363  -0.2800578118
0  35  1.073336773e-17  -0.08802188328  0.9961285746  -0.08790826389
0  36  1.073336773e-17  -0.08802188328  0.9961285746  -0.08790826389

1  0  5.082501924e-17  -0.1786951477  0.9840764623  -0.1777456507
1  1  2.865855641e-17  -0.2296802627  0.9737392381  -0.2276661944
1  2  -1.168236508e-16  -0.3362393374  0.9440021285  -0.3299393601
1  3  -2.929213719e-16  -0.1345034912  0.9909680343  -0.1340983032
1  4  2.560712482e-16  -0.1331958016  0.9911425459  -0.1328023103
1  5  1.702363705e-16  -0.3085756231  0.9527671222  -0.3037018455
1  6  1.587537459e-16  -0.009743964407  0.999952528  -0.009743810218
1  7  1.044113551e-16  -0.01596785926  0.9998725164  -0.01596718071
1  8  2.953891813e-16  -0.1335807861  0.9910913457  -0.133183875
1  9  5.245825111e-17  -0.0302711291  0.9995418644  -0.03026650619
1  10  2.203899426e-16  -0.002937882932  0.9999956844  -0.002937878706
1  11  -1.130007086e-16  0.008307604185  0.9999654921  0.008307508625
1  12  -1.175524177e-16  0.1162702013  0.9932482316  0.1160084069
1  13  1.633618218e-16  0.04193811537  0.9991207261  0.04192582295
1  14  -2.668192678e-16  0.006612299099  0.9999781388  0.006612250915
1  15  -2.327150781e-16  -0.003734547511  0.9999930266  -0.00373453883
1  16  -1.041701624e-16  -0.006692795116  0.9999776033  -0.006692745151
1  17  2.422568762e-18  0.02316695141  0.9997316582  0.02316487915
1  18  -1.573790504e-16  0.1403953379  0.9901607522  0.1399345736
1  19  1.011346409e-17  0.102223628  0.9947797132  0.1020456871
1  20  -6.048099597e-17  0.004212883544  0.9999911258  0.004212871082
1  21  8.478140916e-17  -0.006314392928  0.9999800643  -0.006314350967
1  22  -1.206073392e-16  0.00130786628  0.9999991447  0.001307865907
1  23  -1.817921698e-16  0.01751661931  0.9998465879  0.01751572355
1  24  -1.507681242e-16  0.1170350607  0.9931592109  0.1167680681
1  25  1.413010639e-16  0.03568917299  0.9993632091  0.03568159716
1  26  1.746884166e-16  0.0009665325534  0.9999995329  0.0009665324029
1  27  1.614468924e-16  -0.00817200931  0.9999666093  -0.008171918353
1  28  -1.383062001e-18  -0.09520490552  0.9954714351  -0.09506114822
1  29  1.663201595e-16  -0.07628499025  0.9970917109  -0.07621102296
1  30  5.858096376e-17  -0.005628048531  0.9999841626  -0.005628018819
1  31  5.182017808e-17  -0.09263399598  0.9957125386  -0.09250156988
1  32  -9.28484887e-17  -0.3221100246  0.9485695623  -0.3165687689
1  33  1.738581199e-16  -0.08650658028  0.9962606386  -0.08639872692
1  34  5.034941178e-17  -0.2487533512  0.9692200946  -0.2461958738
1  35  -7.962621253e-17  -0.2838543304  0.9599831363  -0.2800578118
1  36  -7.962621253e-17  -0.2838543304  0.9599831363  -0.2800578118

2  0  6.736808558e-18  -0.3138986293  0.951137025  -0.3087691042
2  1  2.439763859e-16  -0.3362393374  0.9440021285  -0.3299393601
2  2  2.849398821e-16  -0.2897688605  0.9583099448  -0.2857307294
2  3  4.545170811e-17  -0.1195894816  0.9928576963  -0.119304631
2  4  1.931713351e-16  -0.08948814433  0.9959986074  -0.0893687534
2  5  1.715291358e-16  -0.2714346183  0.9633872469  -0.2681138051
2  6  9.032571801e-17  -0.01260979902  0.9999204975  -0.01260946485
2  7  -1.290776575e-16  -0.004989731399  0.9999875513  -0.004989710693
2  8  -1.402738213e-16  -0.1265758976  0.9919999607  -0.1262381798
2  9  -5.439963836e-17  -0.2711050418  0.9634755586  -0.2677962808
2  10  1.566014666e-16  -0.01646892182  0.9998643904  -0.01646817737
2  11  1.285614519e-16  0.001986982262  0.999998026  0.001986980954
2  12  -2.480437039e-17  0.02836206841  0.9995978235  0.02835826613
2  13  -1.404362692e-16  0.04359618317  0.9990498369  0.04358237447
2  14  -8.74800548e-17  0.01098069062  0.9999397128  0.01098046995
2  15  2.786500562e-16  -0.0001980519602  0.9999999804  -0.0001980519589
2  16  2.146732009e-16  -0.01213783135  0.9999263374  -0.01213753331
2  17  -2.920313191e-17  0.0169723223  0.9998559736  0.01697150747
2  18  4.063855148e-17  0.2084672125  0.9783492904  0.206960542
2  19  1.658716368e-16  0.2143012721  0.9771252275  0.2126647356
2  20  9.813054519e-17  0.09978855006  0.9950252528  0.09962302085
2  21  1.907763267e-16  -0.009556055601  0.9999543412  -0.009555910161
2  22  -3.197877485e-17  -0.006686385822  0.9999776462  -0.006686336
2  23  3.095680415e-16  0.004843629553  0.9999882696  0.004843610614
2  24  -2.786418911e-17  0.02374680892  0.9997180578  0.02374457713
2  25  2.533691826e-16  0.04755143811  0.9988696434  0.04753352007
2  26  5.88796228e-17  0.01039720404  0.9999459496  0.01039701672
2  27  5.617084076e-17  -0.003386714329  0.9999942651  -0.003386707855
2  28  -5.550390347e-17  -0.06673641138  0.9977739521  -0.06668688454
2  29  1.320280239e-16  -0.3285445137  0.9465129815  -0.322665734
2  30  6.585368213e-19  -0.01937802424  0.999812252  -0.0193768115
2  31  2.387867872e-16  -0.005155589111  0.99998671  -0.005155566272
2  32  -9.978827657e-17  -0.1105110286  0.9938998683  -0.1102862265
2  33  -1.82148086e-16  -0.2253597695  0.9747137771  -0.2234570489
2  34  -3.142395527e-16  -0.08650658028  0.9962606386  -0.08639872692
2  35  -2.276110213e-16  -0.2114986335  0.9777174116  -0.2099253751
2  36  -2.276110213e-16  -0.2114986335  0.9777174116  -0.2099253751

3  0  -2.014334211e-16  -0.1043888539  0.9945564295  -0.104199369
3  1  1.274092304e-17  -0.1345034912  0.9909680343  -0.1340983032
3  2  9.278827445e-17  -0.1195894816  0.9928576963  -0.119304631
3  3  2.094943582e-17  -0.07554930118  0.9971475087  -0.07547745294
3  4  1.52822845e-16  -0.1654637422  0.9863420786  -0.1647097571
3  5  -1.144282725e-16  -0.3244772161  0.9478175264  -0.3188133257
3  6  4.135861452e-17  -0.01278171603  0.999918315  -0.012781368
3  7  9.910116148e-17  -0.001847621116  0.9999982931  -0.001847620065
3  8  -1.293518607e-16  -0.02229757547  0.9997514194  -0.02229572785
3  9  5.335192871e-17  -0.483219473  0.8855036429  -0.4646324337
3  10  1.904784927e-17  -0.1605000404  0.9871474944  -0.1598118402
3  11  1.008343851e-16  -0.006759528745  0.9999771545  -0.00675947727
3  12  -3.630793654e-17  0.01441267681  0.9998961392  0.01441217784
3  13  -1.630033574e-16  0.04307123607  0.9990725777  0.04305792017
3  14  -3.624419215e-17  0.02031922453  0.9997935717  0.02031782635
3  15  -1.392779803e-16  -0.001535275914  0.9999988215  -0.001535275311
3  16  1.18144311e-16  -0.04102535893  0.999158578  -0.04101385173
3  17  2.925449282e-16  -0.03310044959  0.9994522301  -0.03309440556
3  18  2.51861789e-16  0.05055603188  0.998722316  0.0505344985
3  19  1.172622697e-16  0.04848075497  0.9988250384  0.0484617658
3  20  -2.461555999e-16  0.05065344822  0.9987173884  0.05063179013
3  21  4.586794262e-16  0.01548735177  0.9998800734  0.01548673264
3  22  1.723212136e-20  -0.05199429113  0.9986486013  -0.05197086735
3  23  1.533934981e-16  -0.02069747057  0.999785815  -0.02069599285
3  24  1.013804319e-16  0.007577707496  0.9999712893  0.007577634976
3  25  -6.260641442e-18  0.03605088512  0.9993502372  0.03604307661
3  26  -3.377878128e-16  0.03096389482  0.9995206569  0.03095894722
3  27  -3.049301416e-16  0.004414677846  0.9999902553  0.004414663506
3  28  -3.829899981e-17  -0.0313174401  0.9995096491  -0.03131232109
3  29  -8.118053448e-17  -0.5173967087  0.8691097613  -0.4946192705
3  30  2.023538309e-16  -0.1204564392  0.9927538911  -0.1201653515
3  31  3.684942414e-16  -0.00424350416  0.9999909963  -0.004243491425
3  32  3.710681314e-16  -0.004909764333  0.9999879471  -0.004909744608
3  33  4.781962142e-17  -0.1105110286  0.9938998683  -0.1102862265
3  34  4.066557637e-17  -0.3221100246  0.9485695623  -0.3165687689
3  35  -4.378190058e-16  -0.1035738931  0.9946410176  -0.1033888101
3  36  -4.378190058e-16  -0.1035738931  0.9946410176  -0.1033888101

4  0  -1.215856521e-17  -0.4491231268  0.9008281658  -0.434175789
4  1  3.797950842e-17  -0.1331958016  0.9911425459  -0.1328023103
4  2  1.73608154e-17  -0.08948814433  0.9959986074  -0.0893687534
4  3  -2.138869938e-16  -0.1654637422  0.9863420786  -0.1647097571
4  4  2.019388368e-16  -0.7666477685  0.720240238  -0.693724729
4  5  -1.181384678e-16  -0.2439794155  0.9703843689  -0.2415660915
4  6  -2.746498532e-16  -0.01063435946  0.9999434557  -0.01063415902
4  7  1.991285088e-16  -0.002265362901  0.9999974341  -0.002265360964
4  8  2.878938245e-17  -0.009408092659  0.9999557442  -0.009407953871
4  9  2.436935234e-16  -0.1408681454  0.9900944794  -0.1404027135
4  10  5.656216167e-17  -0.3087905983  0.9527018117  -0.3039066598
4  11  -1.332618108e-16  -0.03939436954  0.9992241422  -0.03938418087
4  12  1.810991781e-16  0.005808340556  0.9999831316  0.005808307897
4  13  1.344702541e-16  0.03890782661  0.999243186  0.03889801079
4  14  -3.031269436e-17  0.04012553419  0.9991950788  0.04011476765
4  15  -1.956898021e-16  -0.003918542023  0.9999923225  -0.003918531995
4  16  -2.07351761e-16  -0.1165297247  0.9932180912  -0.1162661741
4  17  1.186819237e-16  -0.06070805086  0.9981578322  -0.06067076814
4  18  3.258728347e-16  0.01508122038  0.9998862806  0.0150806487
4  19  5.149293877e-17  0.02367902737  0.9997196649  0.02367681465
4  20  6.285257197e-17  0.02445267175  0.9997010483  0.02445023498
4  21  1.59889574e-16  0.01980187428  0.9998039493  0.01980058021
4  22  -2.088574901e-16  -0.01393493865  0.9999029103  -0.01393448766
4  23  -4.784914067e-17  -0.1057103582  0.9944178612  -0.1055135883
4  24  3.841323934e-17  -0.05893866616  0.9982636196  -0.05890454889
4  25  -1.769558027e-16  0.01699354518  0.9998556132  0.01699272729
4  26  -3.323325895e-16  0.04868827337  0.9988149601  0.04866903934
4  27  1.720755442e-16  0.02184705561  0.9997613626  0.02184531774
4  28  2.065170539e-16  -0.01100831027  0.9999394092  -0.01100808794
4  29  2.846856516e-16  -0.1773740153  0.984310429  -0.1764454006
4  30  1.674484498e-16  -0.274728271  0.9624989493  -0.2712854081
4  31  -2.866178769e-17  -0.03201860556  0.9994874482  -0.03201313498
4  32  2.53448467e-16  -0.004243504161  0.9999909963  -0.004243491425
4  33  -2.100392075e-16  -0.005155589111  0.99998671  -0.005155566271
4  34  3.156159369e-16  -0.09263399598  0.9957125386  -0.09250156987
4  35  3.841403074e-18  -0.5411732017  0.857104906  -0.5151419029
4  36  3.841403074e-18  -0.5411732017  0.857104906  -0.5151419029

5  0  1.275653616e-16  -0.1781605642  0.9841713416  -0.1772195543
5  1  8.660814782e-17  -0.3085756231  0.9527671222  -0.3037018455
5  2  -7.529131315e-17  -0.2714346183  0.9633872469  -0.2681138051
5  3  -2.064042091e-18  -0.3244772161  0.9478175264  -0.3188133257
5  4  8.640216451e-18  -0.2439794155  0.9703843689  -0.2415660915
5  5  -1.278251511e-16  -0.04062249351  0.99917502  -0.04061132198
5  6  -3.183027681e-16  -0.00655234092  0.9999785335  -0.006552294035
5  7  -3.988944712e-17  -0.006352585875  0.9999798224  -0.006352543148
5  8  -2.326432045e-16  -0.03470772705  0.9993977473  -0.03470075916
5  9  -6.038812304e-17  -0.2164164962  0.9766732083  -0.2147310972
5  10  2.435297256e-17  -0.2871284358  0.9590610538  -0.2831993911
5  11  -1.296255307e-16  -0.05890058829  0.9982658618  -0.0588665371
5  12  -4.715055516e-17  -0.005587245838  0.9999843914  -0.005587216769
5  13  8.808158602e-17  0.0306785318  0.9995294508  0.03067371973
5  14  -1.58361206e-16  0.06056281398  0.9981666333  0.06052579817
5  15  1.104915991e-16  -0.0001238417704  0.9999999923  -0.00012384177
5  16  3.124436659e-16  -0.2296639927  0.9737429421  -0.2276503517
5  17  5.602297729e-16  -0.05852190016  0.9982880823  -0.05848850145
5  18  5.083446333e-17  0.00127126321  0.9999991919  0.001271262868
5  19  -1.049417539e-16  0.01035364332  0.9999464015  0.01035345834
5  20  7.979933244e-17  0.01032536235  0.9999466939  0.01032517888
5  21  2.163109278e-16  0.01030137907  0.9999469413  0.01030119687
5  22  -1.249666375e-16  0.007276899598  0.9999735235  0.007276835375
5  23  -2.579608929e-16  -0.02236505644  0.9997499125  -0.02236319201
5  24  -3.72341786e-16  -0.1488238062  0.9889461621  -0.148275043
5  25  3.55972208e-18  -0.1296795063  0.9916033897  -0.1293163467
5  26  -4.44422135e-17  0.03917226449  0.9992328649  0.03916224718
5  27  1.326000029e-16  0.05187748451  0.9986546651  0.05185421823
5  28  6.049343527e-17  0.01035610913  0.999946376  0.01035592401
5  29  2.251047518e-17  -0.03303162824  0.9994545054  -0.03302562183
5  30  1.2120912e-16  -0.1584469735  0.9874735181  -0.157784825
5  31  -8.954862572e-17  -0.274728271  0.9624989493  -0.2712854081
5  32  1.425656575e-17  -0.1204564392  0.9927538911  -0.1201653515
5  33  -1.270071504e-17  -0.01937802424  0.999812252  -0.0193768115
5  34  1.258968267e-16  -0.00562804853  0.9999841626  -0.005628018819
5  35  1.965000568e-16  -0.02362352117  0.9997209776  -0.02362132397
5  36  1.965000568e-16  -0.02362352117  0.9997209776  -0.02362132397

6  0  3.463519759e-18  -0.005337728413  0.9999857544  -0.005337703066
6  1  -7.695204606e-18  -0.009743964407  0.999952528  -0.009743810218
6  2  7.879582472e-17  -0.01260979902  0.9999204975  -0.01260946485
6  3  1.480609694e-18  -0.01278171603  0.999918315  -0.012781368
6  4  7.193862117e-17  -0.01063435946  0.9999434557  -0.01063415902
6  5  -7.294823208e-17  -0.00655234092  0.9999785335  -0.006552294035
6  6  -1.545780581e-16  -0.004050907989  0.9999917951  -0.00405089691
6  7  -3.108224455e-16  -0.02084564084  0.9997827375  -0.02084413116
6  8  -1.316647729e-16  -0.1738675902  0.9849230692  -0.1729929122
6  9  2.198532922e-16  -0.599439377  0.8256520367  -0.5641796826
6  10  -8.900222907e-17  -0.2846560592  0.9597582974  -0.2808273679
6  11  -2.768794272e-17  -0.05616546752  0.9984231347  -0.05613594262
6  12  3.359813679e-16  -0.008175605416  0.9999665799  -0.00817551434
6  13  -8.503917913e-17  0.02447129139  0.9997005929  0.02446884905
6  14  -1.249282317e-16  0.06943218751  0.9975905539  0.06937641417
6  15  -2.519466132e-16  0.02614042902  0.9996583584  0.02613745207
6  16  1.821075762e-16  -0.3621223061  0.9351470828  -0.354259698
6  17  2.154803391e-16  -0.09450645453  0.9955375878  -0.09436583708
6  18  -3.258199231e-17  -0.02148058317  0.9997693011  -0.0214789313
6  19  4.699211913e-17  -0.004168506441  0.9999913118  -0.004168494368
6  20  1.67940978e-17  -0.007280517107  0.9999734972  -0.007280452789
6  21  1.019481223e-16  -0.008450830933  0.9999642919  -0.008450730345
6  22  -9.795225823e-17  -0.005906807595  0.9999825549  -0.005906773247
6  23  -1.27285237e-16  -0.006139668896  0.9999811523  -0.006139630323
6  24  -1.038519599e-17  -0.04891162781  0.9988040648  -0.04889212788
6  25  -1.123681096e-16  -0.1875237936  0.9824688776  -0.1864266732
6  26  -1.799190632e-16  -0.2429344055  0.970636278  -0.2405518984
6  27  1.779307217e-16  0.07150090313  0.9974448993  0.07143999542
6  28  -4.228412481e-17  0.04582274859  0.9989503215  0.04580671442
6  29  -2.510701671e-17  0.004950366594  0.999987747  0.004950346374
6  30  -3.910160276e-17  -0.03303162824  0.9994545054  -0.03302562183
6  31  1.068844341e-16  -0.1773740153  0.984310429  -0.1764454006
6  32  -3.297346706e-17  -0.5173967086  0.8691097613  -0.4946192705
6  33  5.056457812e-17  -0.3285445137  0.9465129815  -0.322665734
6  34  1.893962304e-16  -0.07628499025  0.9970917109  -0.07621102297
6  35  1.199004089e-16  -0.009291217603  0.9999568369  -0.009291083924
6  36  1.199004089e-16  -0.009291217603  0.9999568369  -0.009291083924

7  0  -2.810529082e-16  -0.03902042691  0.9992387997  -0.03901052562
7  1  -1.408449867e-16  -0.01596785926  0.9998725164  -0.01596718071
7  2  1.30424312e-16  -0.004989731399  0.9999875513  -0.004989710693
7  3  5.594404556e-17  -0.001847621116  0.9999982931  -0.001847620065
7  4  1.103018596e-16  -0.002265362901  0.9999974341  -0.002265360964
7  5  -1.144611052e-16  -0.006352585875  0.9999798224  -0.006352543148
7  6  -2.391955283e-16  -0.02084564084  0.9997827375  -0.02084413116
7  7  2.182119866e-16  -0.0635093266  0.9979839605  -0.06346664176
7  8  -1.792901172e-16  -0.1062613008  0.9943595784  -0.1060614394
7  9  -4.47165987e-16  -0.07805223773  0.9969554702  -0.07797301085
7  10  -3.572817681e-16  -0.03817407839  0.9992714583  -0.03816480747
7  11  -2.096980286e-16  -0.01749381316  0.9998469872  -0.01749292089
7  12  2.655092089e-18  -0.0003350258482  0.9999999439  -0.0003350258419
7  13  6.194231975e-18  0.02728867434  0.9996276872  0.02728528762
7  14  2.109422717e-16  0.07245585656  0.9973762226  0.07239247613
7  15  -3.961265385e-17  0.1165968873  0.9932102803  0.1163328809
7  16  3.821422326e-16  0.6158482726  0.816283735  0.5776511611
7  17  1.196161907e-16  -0.2134762811  0.9773003414  -0.2118585439
7  18  -1.767925201e-16  -0.07481158815  0.9972029181  -0.07474182376
7  19  -2.596264355e-16  -0.01455169425  0.999894126  -0.01455118069
7  20  1.169579085e-16  -0.02962068455  0.9995613396  -0.02961635328
7  21  -1.25629153e-17  -0.03833933052  0.9992651379  -0.03832993869
7  22  -5.560128347e-17  -0.03591440932  0.9993551469  -0.03590668915
7  23  -2.97643982e-18  -0.02338614543  0.9997265566  -0.02338401379
7  24  -9.406414679e-17  -0.01432092207  0.9998974573  -0.01432043257
7  25  4.977539238e-17  -0.1559066883  0.9878711501  -0.1552758542
7  26  1.391441737e-16  -0.233110774  0.9729524986  -0.2310052717
7  27  -1.446263432e-17  0.799914875  0.6967677718  0.7172967811
7  28  -1.616175913e-16  0.0880983351  0.9961218509  0.08798441947
7  29  -8.17230228e-17  0.04582274859  0.9989503215  0.04580671442
7  30  6.866826784e-17  0.01035610913  0.999946376  0.01035592401
7  31  6.988941984e-18  -0.01100831027  0.9999394092  -0.01100808794
7  32  -6.253656828e-17  -0.0313174401  0.9995096491  -0.03131232109
7  33  -1.194837322e-16  -0.06673641137  0.9977739521  -0.06668688454
7  34  -1.008852383e-16  -0.09520490551  0.9954714351  -0.09506114821
7  35  1.699273476e-16  -0.06714029098  0.9977469372  -0.06708985964
7  36  1.699273476e-16  -0.06714029098  0.9977469372  -0.06708985964

8  0  5.471544711e-17  -0.04698617398  0.9988963528  -0.04696888733
8  1  -1.871547432e-16  -0.1335807861  0.9910913457  -0.133183875
8  2  -1.830030189e-16  -0.1265758976  0.9919999607  -0.1262381798
8  3  4.805446619e-16  -0.02229757547  0.9997514194  -0.02229572785
8  4  -2.011221739e-16  -0.009408092659  0.9999557442  -0.009407953871
8  5  -4.605138776e-16  -0.03470772705  0.9993977473  -0.03470075916
8  6  -3.897295727e-16  -0.1738675902  0.9849230692  -0.1729929122
8  7  4.34419516e-17  -0.1062613008  0.9943595784  -0.1060614394
8  8  -6.217105148e-17  -0.0232010926  0.9997308667  -0.02319901116
8  9  1.130923651e-16  -0.01026278517  0.9999473381  -0.01026260501
8  10  1.467397786e-16  -0.005685628392  0.9999838369  -0.005685597759
8  11  -1.760734489e-16  -0.0005339595384  0.9999998574  -0.0005339595131
8  12  4.428448083e-18  0.01049704427  0.9999449065  0.01049685149
8  13  3.008288375e-18  0.03602611188  0.9993511298  0.03601831946
8  14  7.161577634e-17  0.07209706597  0.9974021321  0.07203462227
8  15  4.04225695e-17  0.1030231244  0.9946978101  0.1028409772
8  16  4.814072456e-17  0.8191128758  0.6828695559  0.7305403272
8  17  -6.975207978e-17  -0.02535614899  0.9996785501  -0.02535343202
8  18  -2.555769971e-17  -0.3613899603  0.9354062725  -0.353574752
8  19  1.228382567e-16  0.03214223338  0.9994834829  0.03213669919
8  20  2.15624198e-16  -0.009741210074  0.9999525548  -0.009741056015
8  21  -6.177149146e-17  -0.02630395423  0.9996540709  -0.02630092106
8  22  -2.167477013e-16  -0.02919224385  0.9995739367  -0.02918809782
8  23  -8.423172447e-19  -0.02162142755  0.999766266  -0.02161974297
8  24  8.239440867e-17  0.001966281973  0.9999980669  0.001966280706
8  25  -4.88154015e-18  0.03927238709  0.9992289389  0.03926229276
8  26  -8.015499286e-17  -0.384109916  0.9271323447  -0.3747340597
8  27  1.045864076e-16  0.08594192129  0.9963092656  0.08583616565
8  28  9.432765756e-17  0.7999148748  0.6967677719  0.717296781
8  29  3.122345026e-16  0.07150090313  0.9974448993  0.07143999542
8  30  1.51385522e-16  0.05187748451  0.9986546651  0.05185421823
8  31  -8.575878718e-17  0.02184705561  0.9997613626  0.02184531774
8  32  -2.584161032e-17  0.004414677846  0.9999902553  0.004414663506
8  33  -3.23390081e-17  -0.003386714329  0.9999942651  -0.003386707855
8  34  5.518759305e-17  -0.008172009309  0.9999666093  -0.008171918353
8  35  3.545538933e-16  -0.01592143481  0.9998732566  -0.01592076216
8  36  3.545538933e-16  -0.01592143481  0.9998732566  -0.01592076216

9  0  -5.169883354e-17  -0.00631135519  0.9999800835  -0.00631131329
9  1  -8.116281016e-17  -0.03027112909  0.9995418644  -0.03026650619
9  2  1.453314849e-16  -0.2711050418  0.9634755586  -0.2677962808
9  3  1.310814464e-16  -0.483219473  0.8855036429  -0.4646324337
9  4  -1.108029807e-17  -0.1408681454  0.9900944794  -0.1404027135
9  5  3.915752644e-17  -0.2164164962  0.9766732083  -0.2147310972
9  6  1.145854939e-17  -0.599439377  0.8256520367  -0.5641796826
9  7  -1.041081569e-16  -0.07805223773  0.9969554702  -0.07797301085
9  8  8.226640573e-17  -0.01026278517  0.9999473381  -0.01026260501
9  9  -2.011588578e-17  -0.003980933354  0.9999920761  -0.003980922839
9  10  -6.415140145e-17  -0.001343971029  0.9999990969  -0.001343970624
9  11  -2.970088871e-17  0.003592483685  0.999993547  0.003592475957
9  12  5.368028306e-17  0.01787426121  0.9998402596  0.01787330945
9  13  1.157804671e-16  0.04410903327  0.9990273543  0.04409473153
9  14  3.438670894e-16  0.05449188811  0.9985156844  0.05446492439
9  15  2.228448221e-16  0.00534604238  0.9999857099  0.005346016915
9  16  -7.222684171e-17  -0.3501183125  0.9393321372  -0.3430089446
9  17  -2.050915517e-16  -0.1411442409  0.9900556771  -0.1406760687
9  18  -2.388365927e-16  2.916173377  -0.9747004781  0.2235150508
9  19  -2.795184166e-16  0.1745016827  0.9848131777  0.1736174097
9  20  6.295082247e-17  0.06411705839  0.9979452055  0.06407313657
9  21  1.10617215e-16  0.01526968114  0.9998834207  0.01526908776
9  22  6.619193002e-17  0.003589256723  0.9999935586  0.003589249017
9  23  -4.091265907e-17  0.00553526748  0.9999846804  0.005535239214
9  24  5.24045542e-17  0.02443569287  0.9997014633  0.02443326117
9  25  6.143126374e-17  0.08777429381  0.9961503092  0.08766163025
9  26  -4.018373924e-16  -2.86183026  -0.9611210751  -0.2761272876
9  27  7.034817974e-17  -0.384109916  0.9271323447  -0.3747340597
9  28  -1.593416732e-16  -0.233110774  0.9729524986  -0.2310052717
9  29  1.108915415e-16  -0.2429344055  0.970636278  -0.2405518984
9  30  -9.957355247e-18  0.03917226449  0.9992328649  0.03916224718
9  31  8.728693011e-18  0.04868827337  0.9988149601  0.04866903934
9  32  5.395497466e-17  0.03096389482  0.9995206569  0.03095894722
9  33  1.236050419e-16  0.01039720404  0.9999459496  0.01039701672
9  34  1.313361091e-16  0.0009665325538  0.9999995329  0.0009665324033
9  35  3.441399976e-16  -0.002626667428  0.9999965503  -0.002626664408
9  36  3.441399976e-16  -0.002626667428  0.9999965503  -0.002626664408

10  0  5.971799961e-17  0.0004217345346  0.9999999111  0.0004217345221
10  1  -8.062762944e-17  -0.002937882932  0.9999956844  -0.002937878706
10  2  1.242778007e-17  -0.01646892182  0.9998643904  -0.01646817737
10  3  -1.304573577e-16  -0.1605000404  0.9871474944  -0.1598118402
10  4  -1.778313512e-16  -0.3087905983  0.9527018117  -0.3039066598
10  5  -4.006643177e-17  -0.2871284358  0.9590610538  -0.2831993911
10  6  7.703680105e-17  -0.2846560592  0.9597582974  -0.2808273679
10  7  7.203305e-17  -0.03817407839  0.9992714583  -0.03816480747
10  8  2.703815933e-16  -0.005685628392  0.9999838369  -0.005685597759
10  9  1.065272149e-16  -0.001343971029  0.9999990969  -0.001343970624
10  10  -1.696186263e-16  0.002115870572  0.9999977615  0.002115868993
10  11  1.071421024e-16  0.01444842379  0.9998956233  0.01444792109
10  12  7.153354638e-17  0.04893891687  0.9988027302  0.04891938428
10  13  -1.321484308e-16  0.04917097216  0.9987913513  0.04915116042
10  14  1.586382475e-16  0.02852594315  0.9995931629  0.02852207457
10  15  -1.382017721e-16  -0.007936207175  0.9999685085  -0.007936123867
10  16  -8.505693941e-17  -0.2433975228  0.9705247702  -0.241001391
10  17  -2.828701417e-16  -0.1558853072  0.9878744698  -0.1552547324
10  18  -1.07684106e-16  -0.06085469231  0.9981489246  -0.0608171388
10  19  -1.44155146e-16  0.06998236027  0.9975522339  0.0699252508
10  20  5.49721021e-17  0.110241055  0.9939296065  0.1100178957
10  21  9.860673345e-17  0.09492177176  0.9954983102  0.09477929284
10  22  -2.331815327e-16  0.04592177057  0.9989457808  0.04590563223
10  23  -1.245345031e-16  0.03072943962  0.9995278879  0.03072460356
10  24  -1.342485495e-16  0.06573665055  0.9978401243  0.06568931607
10  25  2.254640972e-16  0.1191906056  0.992905205  0.1189085944
10  26  2.500901399e-17  0.08777429381  0.9961503092  0.08766163025
10  27  -3.321563563e-17  0.03927238709  0.9992289389  0.03926229277
10  28  2.171353624e-16  -0.1559066883  0.9878711501  -0.1552758542
10  29  -4.214914115e-17  -0.1875237936  0.9824688776  -0.1864266732
10  30  1.142763742e-16  -0.1296795063  0.9916033897  -0.1293163467
10  31  2.60614074e-16  0.01699354518  0.9998556132  0.01699272729
10  32  -2.91300609e-17  0.03605088512  0.9993502372  0.03604307661
10  33  1.214292161e-17  0.04755143812  0.9988696434  0.04753352007
10  34  -4.105711053e-16  0.035689173  0.9993632091  0.03568159716
10  35  -2.085283696e-17  0.008873057721  0.9999606347  0.00887294129
10  36  -2.085283696e-17  0.008873057721  0.9999606347  0.00887294129

11  0  3.373445818e-17  0.1397643324  0.9902488545  0.1393097489
11  1  -3.519293836e-16  0.008307604185  0.9999654921  0.008307508626
11  2  -3.765179384e-17  0.001986982262  0.999998026  0.001986980954
11  3  -3.268930179e-16  -0.006759528745  0.9999771545  -0.00675947727
11  4  -2.747558568e-16  -0.03939436954  0.9992241422  -0.03938418087
11  5  2.563341476e-16  -0.05890058829  0.9982658618  -0.0588665371
11  6  2.206867576e-17  -0.05616546752  0.9984231347  -0.05613594262
11  7  -2.698865639e-16  -0.01749381316  0.9998469872  -0.01749292089
11  8  -5.300962494e-17  -0.0005339595385  0.9999998574  -0.0005339595131
11  9  2.072428815e-16  0.003592483685  0.999993547  0.003592475957
11  10  6.377725229e-17  0.01444842379  0.9998956233  0.01444792109
11  11  9.490898329e-17  0.2638984199  0.9653804293  0.2608459827
11  12  -1.886301589e-16  0.7133166894  0.7561957787  0.654345432
11  13  2.744773651e-16  0.04574852132  0.9989537189  0.04573256493
11  14  9.091986937e-18  0.0135899373  0.9999076582  0.013589519
11  15  3.336891865e-17  -0.005127661082  0.9999868536  -0.005127638612
11  16  -6.653709804e-17  -0.1629408177  0.9867544893  -0.162220769
11  17  -2.175916114e-16  -0.06953999722  0.9975830686  -0.06948396372
11  18  6.630189992e-17  -0.02919538032  0.9995738452  -0.02919123295
11  19  -2.244379974e-16  -0.00749417994  0.9999719188  -0.007494109791
11  20  1.566822028e-16  0.01614917343  0.9998696049  0.0161484715
11  21  2.436122552e-16  0.04629085565  0.9989287697  0.04627432508
11  22  -1.587084365e-16  0.0882665884  0.9961070332  0.08815201901
11  23  1.226021458e-16  0.1133428595  0.9935835716  0.1131003369
11  24  -7.069344641e-17  0.1228752197  0.9924603337  0.1225662515
11  25  -4.09921985e-17  0.06573665055  0.9978401243  0.06568931607
11  26  -2.622449835e-17  0.02443569287  0.9997014633  0.02443326117
11  27  -1.012417977e-16  0.001966281972  0.9999980669  0.001966280705
11  28  -9.557481678e-17  -0.01432092207  0.9998974573  -0.01432043257
11  29  8.960402006e-17  -0.04891162781  0.9988040648  -0.04889212787
11  30  -1.831608568e-16  -0.1488238062  0.9889461621  -0.148275043
11  31  3.274951293e-16  -0.05893866615  0.9982636196  -0.05890454889
11  32  1.848258807e-16  0.007577707497  0.9999712893  0.007577634976
11  33  2.146244566e-16  0.02374680892  0.9997180578  0.02374457714
11  34  -1.359850508e-17  0.1170350607  0.9931592109  0.1167680681
11  35  -3.356194591e-16  0.7580515696  0.7261769495  0.6875078458
11  36  -3.356194591e-16  0.7580515696  0.7261769495  0.6875078458

12  0  1.58848079e-17  1.003173545  0.5376291437  0.8431814181
12  1  -6.474507807e-17  0.1162702013  0.9932482316  0.1160084069
12  2  -1.782203787e-16  0.02836206841  0.9995978235  0.02835826613
12  3  -2.55883805e-16  0.01441267681  0.9998961392  0.01441217784
12  4  -4.165171498e-16  0.005808340556  0.9999831316  0.005808307897
12  5  1.894855796e-16  -0.005587245839  0.9999843914  -0.005587216769
12  6  8.824616061e-17  -0.008175605416  0.9999665799  -0.00817551434
12  7  3.467411004e-16  -0.0003350258482  0.9999999439  -0.0003350258419
12  8  8.461450974e-17  0.01049704427  0.9999449065  0.01049685149
12  9  1.355557306e-16  0.01787426121  0.9998402596  0.01787330945
12  10  -3.094478836e-17  0.04893891687  0.9988027302  0.04891938428
12  11  -1.747268074e-16  0.7133166894  0.7561957787  0.654345432
12  12  -3.959424344e-18  0.7541423704  0.7288589991  0.6846638295
12  13  1.962673018e-16  0.03198288563  0.9994885911  0.03197743333
12  14  -1.845935579e-16  0.008560906948  0.9999633557  0.008560802378
12  15  -8.641333227e-17  -0.001660107168  0.999998622  -0.001660106405
12  16  -1.680423944e-16  -0.08188091425  0.9966496304  -0.08178945003
12  17  3.576810413e-16  -0.06181954522  0.9980897804  -0.06178017723
12  18  -3.92709243e-17  -0.005952108868  0.9999822863  -0.005952073724
12  19  -2.114346307e-16  -0.01408523821  0.9999008047  -0.01408477248
12  20  -2.192274594e-16  -0.02803612316  0.9996070136  -0.02803245046
12  21  2.030943528e-17  -0.004897055776  0.9999880094  -0.004897036203
12  22  1.449728754e-16  0.01674156201  0.9998598633  0.01674077997
12  23  1.448872014e-16  0.06354189731  0.9979818928  0.06349914677
12  24  1.860440935e-17  0.1133428595  0.9935835716  0.1131003369
12  25  -5.543573929e-18  0.03072943962  0.9995278879  0.03072460356
12  26  9.020163143e-17  0.00553526748  0.9999846804  0.005535239214
12  27  1.087351049e-16  -0.02162142755  0.999766266  -0.02161974297
12  28  1.883229633e-16  -0.02338614543  0.9997265566  -0.02338401379
12  29  3.895867636e-16  -0.006139668896  0.9999811523  -0.006139630323
12  30  -1.354632081e-16  -0.02236505644  0.9997499125  -0.02236319201
12  31  -2.941029029e-17  -0.1057103582  0.9944178612  -0.1055135883
12  32  -6.024670532e-17  -0.02069747057  0.999785815  -0.02069599285
12  33  1.59024198e-16  0.004843629554  0.9999882696  0.004843610615
12  34  8.266440523e-17  0.01751661931  0.9998465879  0.01751572355
12  35  -1.786883072e-16  0.3969366865  0.922249581  0.386595021
12  36  -1.786883072e-16  0.3969366865  0.922249581  0.386595021

13  0  -4.547477306e-17  0.02715186436  0.9996314108  0.02714852831
13  1  -3.806908091e-16  0.04193811537  0.9991207261  0.04192582295
13  2  -1.146805416e-16  0.04359618318  0.9990498369  0.04358237447
13  3  -2.554546317e-16  0.04307123607  0.9990725777  0.04305792017
13  4  -1.070192972e-16  0.03890782661  0.999243186  0.03889801079
13  5  4.274740063e-17  0.0306785318  0.9995294508  0.03067371973
13  6  -1.499752657e-16  0.02447129139  0.9997005929  0.02446884905
13  7  -1.284998976e-16  0.02728867434  0.9996276872  0.02728528762
13  8  -6.700626808e-17  0.03602611188  0.9993511298  0.03601831946
13  9  5.963183487e-17  0.04410903327  0.9990273543  0.04409473153
13  10  1.184576874e-16  0.04917097216  0.9987913513  0.04915116042
13  11  -7.581419766e-17  0.04574852131  0.9989537189  0.04573256493
13  12  1.94400089e-17  0.03198288563  0.9994885911  0.03197743333
13  13  1.773823812e-17  0.01457272616  0.9998938197  0.01457221037
13  14  3.643015567e-18  0.002857165006  0.9999959183  0.002857161118
13  15  6.276723171e-17  -0.001785207385  0.9999984065  -0.001785206437
13  16  5.118688764e-17  -0.02847632939  0.9995945767  -0.02847248096
13  17  1.598428739e-16  -0.0478475391  0.9988555249  -0.04782928427
13  18  -1.20493489e-16  0.008589886654  0.9999631072  0.008589781019
13  19  2.591163689e-16  0.002024689974  0.9999979503  0.002024688591
13  20  1.190188862e-17  -0.02205807849  0.9997567305  -0.02205628978
13  21  -1.113136985e-16  -0.03901237462  0.9992391138  -0.03900247946
13  22  -2.452037862e-16  -0.009731356152  0.9999526507  -0.009731202561
13  23  -1.656622974e-16  0.01674156201  0.9998598633  0.01674077997
13  24  1.801800858e-17  0.0882665884  0.9961070332  0.08815201901
13  25  8.400364099e-17  0.04592177057  0.9989457808  0.04590563223
13  26  -9.483973689e-17  0.003589256723  0.9999935586  0.003589249017
13  27  2.038474625e-16  -0.02919224385  0.9995739367  -0.02918809782
13  28  3.31372116e-16  -0.03591440932  0.9993551469  -0.03590668915
13  29  3.076989482e-16  -0.005906807595  0.9999825549  -0.005906773246
13  30  -1.335237752e-16  0.007276899598  0.9999735235  0.007276835376
13  31  -1.007291418e-16  -0.01393493865  0.9999029103  -0.01393448766
13  32  -1.653274849e-16  -0.05199429113  0.9986486013  -0.05197086735
13  33  4.505900432e-16  -0.006686385822  0.9999776462  -0.006686336
13  34  1.682847696e-16  0.00130786628  0.9999991447  0.001307865907
13  35  1.31455253e-16  0.008930463949  0.9999601237  0.008930345244
13  36  1.31455253e-16  0.008930463949  0.9999601237  0.008930345244

14  0  -1.213481373e-16  -0.002534955658  0.999996787  -0.002534952943
14  1  -1.474212078e-16  0.006612299099  0.9999781388  0.006612250915
14  2  1.646620338e-16  0.01098069062  0.9999397128  0.01098046995
14  3  8.548270843e-17  0.02031922453  0.9997935717  0.02031782635
14  4  -3.014301378e-16  0.04012553419  0.9991950788  0.04011476765
14  5  5.732129301e-17  0.06056281398  0.9981666333  0.06052579817
14  6  -2.347739819e-16  0.06943218751  0.9975905539  0.06937641417
14  7  1.241328392e-16  0.07245585656  0.9973762226  0.07239247613
14  8  2.85627164e-16  0.07209706597  0.9974021321  0.07203462227
14  9  1.368859137e-16  0.05449188811  0.9985156844  0.05446492439
14  10  -2.244387932e-17  0.02852594315  0.9995931629  0.02852207457
14  11  -2.197812823e-16  0.0135899373  0.9999076582  0.013589519
14  12  1.053349298e-16  0.008560906948  0.9999633557  0.008560802378
14  13  -1.810166951e-16  0.002857165006  0.9999959183  0.002857161118
14  14  -6.392490704e-17  -0.008358113059  0.9999650712  -0.008358015746
14  15  -2.15356565e-16  -0.01073289571  0.999942403  -0.01073268965
14  16  1.053573811e-16  -0.009816498327  0.9999518186  -0.009816340669
14  17  1.772908842e-16  -0.007000712108  0.9999754951  -0.007000654924
14  18  -1.308328513e-17  0.02975642129  0.9995573104  0.02975203021
14  19  3.520596637e-16  0.01638728428  0.9998657315  0.01638655084
14  20  -3.160314919e-17  0.0005987162111  0.9999998208  0.0005987161753
14  21  6.926973573e-17  -0.02565331352  0.9996709718  -0.0256504999
14  22  2.107233802e-16  -0.03901237462  0.9992391138  -0.03900247946
14  23  -4.27741848e-16  -0.004897055776  0.9999880094  -0.004897036203
14  24  -3.691461703e-16  0.04629085566  0.9989287697  0.04627432508
14  25  -2.084721764e-16  0.09492177176  0.9954983102  0.09477929284
14  26  -2.235864166e-16  0.01526968114  0.9998834207  0.01526908776
14  27  -2.058474431e-16  -0.02630395423  0.9996540709  -0.02630092106
14  28  -1.119256212e-16  -0.03833933052  0.9992651379  -0.03832993869
14  29  1.332529089e-16  -0.008450830933  0.9999642919  -0.008450730345
14  30  -6.924543444e-17  0.01030137907  0.9999469413  0.01030119687
14  31  -1.154917773e-16  0.01980187428  0.9998039493  0.01980058021
14  32  2.612303979e-16  0.01548735177  0.9998800734  0.01548673265
14  33  5.218440889e-16  -0.009556055601  0.9999543412  -0.009555910161
14  34  1.834597726e-16  -0.006314392927  0.9999800643  -0.006314350967
14  35  8.895411118e-17  -0.01108260259  0.9999385886  -0.01108237572
14  36  8.895411118e-17  -0.01108260259  0.9999385886  -0.01108237572

15  0  -7.853964082e-17  -0.02115722463  0.9997761943  -0.02115564623
15  1  2.599511764e-16  -0.003734547511  0.9999930266  -0.00373453883
15  2  -5.34342477e-17  -0.0001980519602  0.9999999804  -0.0001980519589
15  3  -2.075753703e-17  -0.001535275914  0.9999988215  -0.001535275311
15  4  -2.01139092e-17  -0.003918542023  0.9999923225  -0.003918531994
15  5  -1.812349033e-16  -0.0001238417707  0.9999999923  -0.0001238417704
15  6  1.672507596e-16  0.02614042902  0.9996583584  0.02613745207
15  7  3.257438354e-16  0.1165968873  0.9932102803  0.1163328809
15  8  -1.916724002e-16  0.1030231244  0.9946978101  0.1028409772
15  9  2.535776521e-17  0.00534604238  0.9999857099  0.005346016915
15  10  6.621410545e-17  -0.007936207175  0.9999685085  -0.007936123867
15  11  7.794319398e-17  -0.005127661083  0.9999868536  -0.005127638612
15  12  -2.842427965e-17  -0.001660107168  0.999998622  -0.001660106405
15  13  -3.229701914e-16  -0.001785207385  0.9999984065  -0.001785206437
15  14  -1.887149418e-16  -0.01073289571  0.999942403  -0.01073268965
15  15  -4.828919486e-17  -0.02850735714  0.9995936928  -0.02850349612
15  16  -3.563809378e-17  -0.01377537481  0.999905121  -0.01377493915
15  17  1.034662996e-16  0.02761755823  0.9996186595  0.02761404758
15  18  6.21604802e-17  0.1108841958  0.9938586439  0.1106571096
15  19  9.199856204e-17  0.03373099072  0.9994311641  0.03372459468
15  20  -2.281376731e-16  0.01718491194  0.999852343  0.01718406611
15  21  1.140836808e-16  0.0005987162112  0.9999998208  0.0005987161754
15  22  -4.318946393e-17  -0.02205807849  0.9997567305  -0.02205628978
15  23  -1.491071641e-16  -0.02803612316  0.9996070136  -0.02803245046
15  24  -6.101039209e-17  0.01614917343  0.9998696049  0.0161484715
15  25  -4.339601667e-17  0.110241055  0.9939296065  0.1100178957
15  26  -6.613129372e-17  0.06411705839  0.9979452055  0.06407313657
15  27  4.377435452e-17  -0.009741210074  0.9999525548  -0.009741056016
15  28  -3.837753434e-17  -0.02962068455  0.9995613396  -0.02961635328
15  29  1.179985761e-16  -0.007280517107  0.9999734972  -0.007280452789
15  30  -5.205157415e-17  0.01032536235  0.9999466939  0.01032517888
15  31  -3.431821111e-16  0.02445267175  0.9997010483  0.02445023498
15  32  1.466789834e-16  0.05065344822  0.9987173884  0.05063179014
15  33  4.417173247e-16  0.09978855007  0.9950252528  0.09962302085
15  34  2.779343047e-16  0.004212883543  0.9999911258  0.004212871081
15  35  1.590314424e-17  -0.02382130154  0.9997162862  -0.02381904868
15  36  1.590314424e-17  -0.02382130154  0.9997162862  -0.02381904868

16  0  1.860116769e-16  -0.01718420886  0.9998523551  -0.01718336313
16  1  2.398361708e-16  -0.006692795116  0.9999776033  -0.006692745151
16  2  1.943818054e-16  -0.01213783135  0.9999263374  -0.01213753331
16  3  1.216532422e-17  -0.04102535893  0.999158578  -0.04101385173
16  4  7.146966613e-17  -0.1165297247  0.9932180912  -0.1162661741
16  5  -3.383289914e-18  -0.2296639927  0.9737429421  -0.2276503517
16  6  -8.529396072e-17  -0.3621223061  0.9351470828  -0.354259698
16  7  5.425336354e-17  0.6158482726  0.816283735  0.5776511611
16  8  -1.777084177e-16  0.8191128758  0.6828695559  0.7305403272
16  9  1.143477719e-16  -0.3501183125  0.9393321372  -0.3430089446
16  10  1.146750094e-16  -0.2433975228  0.9705247702  -0.241001391
16  11  1.929374502e-16  -0.1629408177  0.9867544893  -0.162220769
16  12  -2.227701833e-18  -0.08188091425  0.9966496304  -0.08178945003
16  13  1.087480431e-16  -0.02847632939  0.9995945767  -0.02847248096
16  14  2.788745906e-16  -0.009816498328  0.9999518186  -0.009816340669
16  15  9.67409748e-17  -0.01377537481  0.999905121  -0.01377493915
16  16  1.80124804e-16  -0.01523317178  0.9998839775  -0.01523258265
16  17  -3.630662003e-17  0.03840447132  0.9992626389  0.03839503153
16  18  -5.320175367e-17  0.2153528972  0.9769010437  0.2136921873
16  19  -2.773353628e-16  0.1145455621  0.993446827  0.1142952403
16  20  1.523285302e-16  0.03373099072  0.9994311641  0.03372459468
16  21  1.018110999e-16  0.01638728428  0.9998657315  0.01638655084
16  22  -1.20420764e-16  0.002024689974  0.9999979503  0.002024688591
16  23  1.612907234e-16  -0.01408523821  0.9999008047  -0.01408477248
16  24  -2.540868232e-17  -0.00749417994  0.9999719188  -0.007494109791
16  25  1.227456877e-16  0.06998236027  0.9975522339  0.0699252508
16  26  1.872807633e-16  0.1745016827  0.9848131777  0.1736174097
16  27  7.652483539e-18  0.03214223338  0.9994834829  0.03213669919
16  28  1.097938947e-16  -0.01455169425  0.999894126  -0.01455118069
16  29  2.261182555e-17  -0.00416850644  0.9999913118  -0.004168494368
16  30  -3.812123845e-17  0.01035364332  0.9999464015  0.01035345834
16  31  -9.068907793e-17  0.02367902738  0.9997196649  0.02367681465
16  32  -2.432744784e-16  0.04848075497  0.9988250384  0.0484617658
16  33  2.514252073e-16  0.2143012721  0.9771252275  0.2126647356
16  34  -1.395811596e-16  0.102223628  0.9947797132  0.1020456871
16  35  -2.692551881e-16  0.0160415694  0.9998713368  0.01604088141
16  36  -2.692551881e-16  0.0160415694  0.9998713368  0.01604088141

17  0  -2.332031167e-16  0.1289275582  0.9917003485  0.1285706758
17  1  -3.007969838e-16  0.02316695141  0.9997316582  0.02316487915
17  2  -7.671473402e-17  0.0169723223  0.9998559736  0.01697150747
17  3  -4.557885001e-17  -0.0331004496  0.9994522301  -0.03309440557
17  4  2.304734264e-16  -0.06070805086  0.9981578322  -0.06067076814
17  5  3.789641296e-17  -0.05852190016  0.9982880823  -0.05848850145
17  6  -9.059413014e-18  -0.09450645453  0.9955375878  -0.09436583708
17  7  -4.927617103e-16  -0.2134762811  0.9773003414  -0.2118585439
17  8  -3.734016962e-16  -0.02535614899  0.9996785501  -0.02535343202
17  9  -4.343747e-17  -0.1411442409  0.9900556771  -0.1406760687
17  10  -6.820653577e-17  -0.1558853072  0.9878744698  -0.1552547324
17  11  -2.350181742e-16  -0.06953999722  0.9975830686  -0.06948396372
17  12  9.023141477e-17  -0.06181954522  0.9980897804  -0.06178017723
17  13  7.38255714e-17  -0.0478475391  0.9988555249  -0.04782928426
17  14  -5.208338124e-17  -0.007000712108  0.9999754951  -0.007000654924
17  15  -2.112352918e-17  0.02761755823  0.9996186595  0.02761404758
17  16  -1.262172485e-16  0.03840447132  0.9992626389  0.03839503153
17  17  -8.052139738e-18  0.2105388058  0.9779184534  0.2089868383
17  18  -2.254734727e-16  0.1437430301  0.9896867468  0.1432485368
17  19  6.423912597e-17  0.2153528972  0.9769010437  0.2136921873
17  20  1.920798573e-16  0.1108841958  0.9938586439  0.1106571096
17  21  2.601327098e-17  0.02975642129  0.9995573104  0.02975203021
17  22  4.579975656e-17  0.008589886654  0.9999631072  0.008589781019
17  23  -7.100876355e-17  -0.005952108869  0.9999822863  -0.005952073724
17  24  -1.919806627e-16  -0.02919538032  0.9995738452  -0.02919123295
17  25  2.293623557e-16  -0.06085469232  0.9981489246  -0.0608171388
17  26  6.763860037e-17  2.916173377  -0.9747004781  0.2235150508
17  27  -2.117899714e-16  -0.3613899603  0.9354062725  -0.353574752
17  28  -9.143734654e-17  -0.07481158815  0.9972029181  -0.07474182376
17  29  -1.11556054e-16  -0.02148058317  0.9997693011  -0.0214789313
17  30  -1.161138922e-16  0.00127126321  0.9999991919  0.001271262868
17  31  -5.63977408e-16  0.01508122038  0.9998862806  0.0150806487
17  32  -1.449521263e-16  0.05055603188  0.998722316  0.0505344985
17  33  6.642301089e-17  0.2084672125  0.9783492904  0.206960542
17  34  5.40842567e-18  0.1403953379  0.9901607522  0.1399345736
17  35  2.075437816e-16  0.1960944071  0.9808350226  0.1948400843
17  36  2.075437816e-16  0.1960944071  0.9808350226  0.1948400843

18  0  3.791004934e-16  0.1960944071  0.9808350226  0.1948400843
18  1  2.794336267e-16  0.1403953379  0.9901607522  0.1399345736
18  2  -5.037395056e-17  0.2084672125  0.9783492904  0.206960542
18  3  -2.291565073e-16  0.05055603188  0.998722316  0.0505344985
18  4  -2.694854911e-17  0.01508122038  0.9998862806  0.0150806487
18  5  1.452569243e-17  0.00127126321  0.9999991919  0.001271262868
18  6  1.651541375e-16  -0.02148058317  0.9997693011  -0.0214789313
18  7  -7.669004327e-17  -0.07481158815  0.9972029181  -0.07474182376
18  8  1.17498837e-16  -0.3613899603  0.9354062725  -0.353574752
18  9  8.532109748e-17  2.916173377  -0.9747004781  0.2235150508
18  10  -1.324330693e-16  -0.06085469231  0.9981489246  -0.0608171388
18  11  -3.834972284e-16  -0.02919538032  0.9995738452  -0.02919123295
18  12  -2.270281616e-16  -0.005952108868  0.9999822863  -0.005952073724
18  13  -1.456621802e-16  0.008589886654  0.9999631072  0.008589781019
18  14  5.538077854e-18  0.02975642129  0.9995573104  0.02975203021
18  15  -2.708858508e-16  0.1108841958  0.9938586439  0.1106571096
18  16  -2.829721875e-16  0.2153528972  0.9769010437  0.2136921873
18  17  3.359895758e-16  0.1437430301  0.9896867468  0.1432485368
18  18  -2.605563236e-16  0.2105388058  0.9779184534  0.2089868383
18  19  -1.430944682e-16  0.03840447132  0.9992626389  0.03839503153
18  20  -1.380762941e-16  0.02761755823  0.9996186595  0.02761404757
18  21  3.336860502e-17  -0.007000712109  0.9999754951  -0.007000654925
18  22  2.194198686e-16  -0.0478475391  0.9988555249  -0.04782928427
18  23  3.088222038e-16  -0.06181954522  0.9980897804  -0.06178017723
18  24  1.034843135e-16  -0.06953999722  0.9975830686  -0.06948396372
18  25  1.825849907e-16  -0.1558853072  0.9878744698  -0.1552547324
18  26  -4.365756955e-16  -0.1411442409  0.9900556771  -0.1406760687
18  27  -1.061738271e-16  -0.02535614899  0.9996785501  -0.02535343202
18  28  -1.016655505e-16  -0.2134762811  0.9773003414  -0.2118585439
18  29  2.449394874e-16  -0.09450645453  0.9955375878  -0.09436583708
18  30  3.375217261e-16  -0.05852190016  0.9982880823  -0.05848850145
18  31  -1.853803561e-17  -0.06070805086  0.9981578322  -0.06067076814
18  32  1.641346961e-16  -0.0331004496  0.9994522301  -0.03309440557
18  33  4.293458499e-16  0.01697232229  0.9998559736  0.01697150747
18  34  4.089147031e-16  0.02316695141  0.9997316582  0.02316487915
18  35  3.104359621e-16  0.1289275582  0.9917003485  0.1285706758
18  36  3.104359621e-16  0.1289275582  0.9917003485  0.1285706758

19  0  3.169487413e-16  0.01604156941  0.9998713368  0.01604088141
19  1  3.013972313e-16  0.102223628  0.9947797132  0.1020456871
19  2  -1.365773328e-17  0.2143012721  0.9771252275  0.2126647356
19  3  -6.067717675e-17  0.04848075497  0.9988250384  0.0484617658
19  4  2.009788808e-16  0.02367902737  0.9997196649  0.02367681465
19  5  3.468825407e-16  0.01035364332  0.9999464015  0.01035345834
19  6  2.722396714e-17  -0.004168506441  0.9999913118  -0.004168494368
19  7  -1.492089383e-16  -0.01455169425  0.999894126  -0.01455118069
19  8  -2.407318761e-17  0.03214223338  0.9994834829  0.03213669919
19  9  -2.539682293e-17  0.1745016827  0.9848131777  0.1736174097
19  10  2.439533904e-17  0.06998236027  0.9975522339  0.0699252508
19  11  4.001355145e-17  -0.00749417994  0.9999719188  -0.007494109791
19  12  1.86402359e-17  -0.01408523821  0.9999008047  -0.01408477248
19  13  -3.475445957e-16  0.002024689974  0.9999979503  0.002024688591
19  14  -9.91048183e-17  0.01638728428  0.9998657315  0.01638655084
19  15  6.849193873e-17  0.03373099072  0.9994311641  0.03372459468
19  16  -2.596741932e-16  0.1145455621  0.993446827  0.1142952403
19  17  2.706886965e-17  0.2153528972  0.9769010437  0.2136921873
19  18  -1.296382267e-16  0.03840447132  0.9992626389  0.03839503153
19  19  2.174926845e-17  -0.01523317178  0.9998839775  -0.01523258265
19  20  -1.353896566e-16  -0.01377537481  0.999905121  -0.01377493915
19  21  -1.169388512e-16  -0.009816498328  0.9999518186  -0.009816340669
19  22  1.62002417e-16  -0.02847632939  0.9995945767  -0.02847248096
19  23  -1.450069083e-16  -0.08188091425  0.9966496304  -0.08178945003
19  24  -2.739818528e-16  -0.1629408177  0.9867544893  -0.162220769
19  25  2.357769116e-16  -0.2433975228  0.9705247702  -0.2410013911
19  26  -5.531174036e-17  -0.3501183125  0.9393321372  -0.3430089446
19  27  1.720307805e-17  0.8191128759  0.6828695558  0.7305403272
19  28  -3.01893728e-16  0.6158482725  0.8162837351  0.5776511611
19  29  -1.012509259e-16  -0.3621223061  0.9351470828  -0.354259698
19  30  1.604097955e-16  -0.2296639927  0.9737429421  -0.2276503517
19  31  1.041631613e-16  -0.1165297247  0.9932180912  -0.1162661741
19  32  -1.756259229e-16  -0.04102535893  0.999158578  -0.04101385173
19  33  -2.707926259e-16  -0.01213783135  0.9999263374  -0.01213753331
19  34  -9.416870035e-18  -0.006692795116  0.9999776033  -0.006692745151
19  35  2.009461769e-17  -0.01718420886  0.9998523551  -0.01718336313
19  36  2.009461769e-17  -0.01718420886  0.9998523551  -0.01718336313

20  0  -1.138380383e-16  -0.02382130154  0.9997162862  -0.02381904868
20  1  1.712649189e-16  0.004212883544  0.9999911258  0.004212871082
20  2  -2.176847521e-18  0.09978855006  0.9950252528  0.09962302085
20  3  1.319754861e-16  0.05065344822  0.9987173884  0.05063179013
20  4  1.730044243e-16  0.02445267175  0.9997010483  0.02445023498
20  5  4.266103205e-17  0.01032536235  0.9999466939  0.01032517888
20  6  -1.41912692e-16  -0.007280517107  0.9999734972  -0.007280452789
20  7  -3.679496284e-16  -0.02962068455  0.9995613396  -0.02961635328
20  8  6.883231349e-17  -0.009741210073  0.9999525548  -0.009741056015
20  9  3.155197913e-17  0.06411705838  0.9979452055  0.06407313657
20  10  3.33724651e-16  0.110241055  0.9939296065  0.1100178957
20  11  -2.374853348e-17  0.01614917343  0.9998696049  0.0161484715
20  12  -1.248495897e-16  -0.02803612316  0.9996070136  -0.02803245046
20  13  -1.100031667e-16  -0.02205807849  0.9997567305  -0.02205628978
20  14  -6.539484946e-18  0.0005987162112  0.9999998208  0.0005987161754
20  15  -1.291739211e-17  0.01718491194  0.999852343  0.01718406611
20  16  1.365967464e-16  0.03373099072  0.9994311641  0.03372459468
20  17  4.321513841e-16  0.1108841958  0.9938586439  0.1106571096
20  18  3.757399039e-17  0.02761755823  0.9996186595  0.02761404757
20  19  3.780938179e-16  -0.01377537481  0.999905121  -0.01377493915
20  20  -2.602992039e-17  -0.02850735714  0.9995936928  -0.02850349612
20  21  -3.553962311e-16  -0.01073289571  0.999942403  -0.01073268965
20  22  1.034853355e-16  -0.001785207385  0.9999984065  -0.001785206437
20  23  1.990332061e-16  -0.001660107168  0.999998622  -0.001660106405
20  24  6.055214584e-17  -0.005127661082  0.9999868536  -0.005127638612
20  25  -7.338560405e-17  -0.007936207175  0.9999685085  -0.007936123867
20  26  9.027456641e-17  0.005346042382  0.9999857099  0.005346016917
20  27  3.344106877e-16  0.1030231244  0.9946978101  0.1028409772
20  28  2.40488216e-16  0.1165968873  0.9932102803  0.1163328809
20  29  -1.852786772e-17  0.02614042902  0.9996583584  0.02613745207
20  30  -1.669819354e-16  -0.000123841769  0.9999999923  -0.0001238417687
20  31  -3.905448065e-16  -0.003918542022  0.9999923225  -0.003918531994
20  32  6.997958065e-17  -0.001535275914  0.9999988215  -0.001535275311
20  33  -1.349609386e-16  -0.0001980519598  0.9999999804  -0.0001980519585
20  34  1.456621535e-16  -0.00373454751  0.9999930266  -0.00373453883
20  35  -7.033930017e-17  -0.02115722463  0.9997761943  -0.02115564623
20  36  -7.033930017e-17  -0.02115722463  0.9997761943  -0.02115564623

21  0  -2.644818491e-16  -0.01108260259  0.9999385886  -0.01108237572
21  1  -4.490984068e-17  -0.006314392928  0.9999800643  -0.006314350967
21  2  5.052804687e-17  -0.009556055601  0.9999543412  -0.009555910162
21  3  1.479389029e-16  0.01548735177  0.9998800734  0.01548673265
21  4  -2.997014246e-17  0.01980187428  0.9998039493  0.01980058021
21  5  1.454560036e-16  0.01030137907  0.9999469413  0.01030119687
21  6  -2.334265955e-16  -0.008450830933  0.9999642919  -0.008450730345
21  7  1.095430631e-16  -0.03833933052  0.9992651379  -0.03832993869
21  8  -1.710761527e-16  -0.02630395423  0.9996540709  -0.02630092106
21  9  -7.346831183e-17  0.01526968114  0.9998834207  0.01526908776
21  10  2.292264008e-16  0.09492177176  0.9954983102  0.09477929284
21  11  -1.951368102e-16  0.04629085565  0.9989287697  0.04627432508
21  12  -1.873506976e-16  -0.004897055776  0.9999880094  -0.004897036203
21  13  1.023276736e-17  -0.03901237462  0.9992391138  -0.03900247946
21  14  -8.836620308e-17  -0.02565331352  0.9996709718  -0.0256504999
21  15  1.852940796e-16  0.0005987162111  0.9999998208  0.0005987161753
21  16  9.944498889e-17  0.01638728428  0.9998657315  0.01638655084
21  17  -1.057999254e-17  0.02975642129  0.9995573104  0.02975203021
21  18  -3.861680824e-17  -0.007000712108  0.9999754951  -0.007000654924
21  19  2.613010376e-16  -0.009816498328  0.9999518186  -0.009816340669
21  20  1.25903898e-16  -0.01073289571  0.999942403  -0.01073268965
21  21  -1.7588354e-16  -0.008358113059  0.9999650712  -0.008358015745
21  22  7.628146081e-17  0.002857165006  0.9999959183  0.002857161118
21  23  3.496624473e-16  0.008560906948  0.9999633557  0.008560802378
21  24  -7.666861378e-17  0.01358993731  0.9999076582  0.013589519
21  25  -1.770209469e-16  0.02852594315  0.9995931629  0.02852207457
21  26  -2.093282344e-16  0.05449188811  0.9985156844  0.05446492439
21  27  -1.073185841e-16  0.07209706597  0.9974021321  0.07203462227
21  28  2.016473867e-16  0.07245585656  0.9973762226  0.07239247613
21  29  -6.93609041e-17  0.06943218751  0.9975905539  0.06937641417
21  30  1.264186582e-16  0.06056281398  0.9981666333  0.06052579817
21  31  -1.79658068e-16  0.04012553419  0.9991950788  0.04011476765
21  32  1.470776841e-16  0.02031922453  0.9997935717  0.02031782635
21  33  -6.592058095e-17  0.01098069062  0.9999397128  0.01098046995
21  34  -1.642665681e-16  0.0066122991  0.9999781388  0.006612250915
21  35  -3.66087511e-16  -0.002534955658  0.999996787  -0.002534952943
21  36  -3.66087511e-16  -0.002534955658  0.999996787  -0.002534952943

22  0  -4.226210553e-16  0.008930463948  0.9999601237  0.008930345243
22  1  -1.389391276e-16  0.00130786628  0.9999991447  0.001307865907
22  2  -1.33752456e-18  -0.006686385822  0.9999776462  -0.006686336
22  3  -5.73473702e-17  -0.05199429113  0.9986486013  -0.05197086735
22  4  -1.420610636e-16  -0.01393493865  0.9999029103  -0.01393448766
22  5  1.136151365e-16  0.007276899598  0.9999735235  0.007276835376
22  6  -1.304955177e-16  -0.005906807595  0.9999825549  -0.005906773247
22  7  2.973267682e-17  -0.03591440932  0.9993551469  -0.03590668915
22  8  -7.978273001e-17  -0.02919224385  0.9995739367  -0.02918809782
22  9  -2.567062411e-17  0.003589256723  0.9999935586  0.003589249017
22  10  -2.137846834e-17  0.04592177057  0.9989457808  0.04590563223
22  11  9.719588651e-17  0.0882665884  0.9961070332  0.08815201901
22  12  1.135923431e-16  0.01674156201  0.9998598633  0.01674077997
22  13  -3.767480616e-16  -0.009731356152  0.9999526507  -0.009731202561
22  14  -1.03540181e-18  -0.03901237462  0.9992391138  -0.03900247946
22  15  8.222292922e-17  -0.02205807849  0.9997567305  -0.02205628978
22  16  6.939217213e-17  0.002024689974  0.9999979503  0.002024688591
22  17  3.499478769e-17  0.008589886654  0.9999631072  0.008589781019
22  18  -1.069060222e-16  -0.0478475391  0.9988555249  -0.04782928426
22  19  -9.786853041e-17  -0.02847632939  0.9995945767  -0.02847248096
22  20  3.754869438e-16  -0.001785207385  0.9999984065  -0.001785206437
22  21  1.391657414e-16  0.002857165006  0.9999959183  0.002857161118
22  22  1.19786198e-16  0.01457272616  0.9998938197  0.01457221037
22  23  7.859404305e-17  0.03198288563  0.9994885911  0.03197743333
22  24  -3.571177071e-16  0.04574852132  0.9989537189  0.04573256493
22  25  8.734684995e-17  0.04917097216  0.9987913513  0.04915116042
22  26  1.379286948e-16  0.04410903327  0.9990273543  0.04409473153
22  27  2.003865617e-16  0.03602611188  0.9993511298  0.03601831946
22  28  1.964484971e-16  0.02728867434  0.9996276872  0.02728528762
22  29  -2.244715656e-16  0.02447129139  0.9997005929  0.02446884905
22  30  4.560732986e-16  0.0306785318  0.9995294508  0.03067371973
22  31  1.00115075e-16  0.03890782661  0.999243186  0.03889801079
22  32  3.661263633e-16  0.04307123607  0.9990725777  0.04305792017
22  33  1.809255855e-16  0.04359618318  0.9990498369  0.04358237447
22  34  9.769524555e-17  0.04193811537  0.9991207261  0.04192582296
22  35  5.086492525e-17  0.02715186436  0.9996314108  0.02714852832
22  36  5.086492525e-17  0.02715186436  0.9996314108  0.02714852832

23  0  -2.162299718e-16  0.3969366865  0.922249581  0.386595021
23  1  -2.665661435e-16  0.01751661931  0.9998465879  0.01751572355
23  2  5.409426925e-17  0.004843629553  0.9999882696  0.004843610614
23  3  -5.610377209e-16  -0.02069747057  0.999785815  -0.02069599285
23  4  -2.97315641e-16  -0.1057103582  0.9944178612  -0.1055135883
23  5  -1.600473203e-16  -0.02236505644  0.9997499125  -0.02236319201
23  6  2.965246356e-16  -0.006139668896  0.9999811523  -0.006139630323
23  7  6.056258618e-17  -0.02338614543  0.9997265566  -0.02338401379
23  8  -7.229936775e-17  -0.02162142755  0.999766266  -0.02161974297
23  9  1.122804071e-16  0.00553526748  0.9999846804  0.005535239214
23  10  -3.919219232e-17  0.03072943962  0.9995278879  0.03072460356
23  11  3.655926664e-17  0.1133428595  0.9935835716  0.1131003369
23  12  -1.005041375e-16  0.06354189731  0.9979818928  0.06349914677
23  13  -1.223979031e-16  0.01674156201  0.9998598633  0.01674077997
23  14  -7.395297848e-17  -0.004897055776  0.9999880094  -0.004897036203
23  15  -2.557181132e-16  -0.02803612316  0.9996070136  -0.02803245046
23  16  3.868255716e-17  -0.01408523821  0.9999008047  -0.01408477248
23  17  1.666923417e-16  -0.005952108869  0.9999822863  -0.005952073724
23  18  2.069656518e-16  -0.06181954522  0.9980897804  -0.06178017723
23  19  -2.086729694e-16  -0.08188091425  0.9966496304  -0.08178945003
23  20  4.197992494e-17  -0.001660107168  0.999998622  -0.001660106405
23  21  1.192894799e-16  0.008560906948  0.9999633557  0.008560802378
23  22  2.648127051e-17  0.03198288563  0.9994885911  0.03197743333
23  23  -9.473377391e-17  0.7541423704  0.7288589991  0.6846638295
23  24  2.287172485e-16  0.7133166894  0.7561957787  0.6543454319
23  25  1.500860419e-16  0.04893891687  0.9988027302  0.04891938428
23  26  1.597543926e-16  0.01787426121  0.9998402596  0.01787330945
23  27  -2.536371076e-16  0.01049704427  0.9999449065  0.01049685149
23  28  -1.067596737e-17  -0.0003350258485  0.9999999439  -0.0003350258422
23  29  2.676811189e-17  -0.008175605416  0.9999665799  -0.00817551434
23  30  3.143494215e-17  -0.005587245839  0.9999843914  -0.005587216769
23  31  3.099896076e-16  0.005808340556  0.9999831316  0.005808307897
23  32  4.025533234e-16  0.01441267681  0.9998961392  0.01441217784
23  33  3.349134186e-17  0.02836206842  0.9995978235  0.02835826613
23  34  -8.272402821e-18  0.1162702014  0.9932482316  0.1160084069
23  35  4.163002752e-17  1.003173545  0.5376291436  0.8431814181
23  36  4.163002752e-17  1.003173545  0.5376291436  0.8431814181

24  0  -2.384871157e-16  0.7580515695  0.7261769496  0.6875078457
24  1  -2.487132352e-16  0.1170350607  0.9931592109  0.1167680681
24  2  -7.209076425e-17  0.02374680892  0.9997180578  0.02374457713
24  3  -2.485333432e-16  0.007577707496  0.9999712893  0.007577634976
24  4  1.366320329e-16  -0.05893866615  0.9982636196  -0.05890454889
24  5  1.721926509e-16  -0.1488238062  0.9889461621  -0.148275043
24  6  5.506538962e-17  -0.04891162781  0.9988040648  -0.04889212788
24  7  2.443321314e-16  -0.01432092207  0.9998974573  -0.01432043257
24  8  9.257745296e-17  0.001966281973  0.9999980669  0.001966280706
24  9  -1.229305882e-17  0.02443569287  0.9997014633  0.02443326117
24  10  7.538237045e-17  0.06573665055  0.9978401243  0.06568931607
24  11  7.383892748e-17  0.1228752197  0.9924603337  0.1225662515
24  12  2.35322623e-16  0.1133428595  0.9935835716  0.1131003369
24  13  1.269753592e-16  0.0882665884  0.9961070332  0.08815201901
24  14  -2.679825175e-17  0.04629085566  0.9989287697  0.04627432508
24  15  -7.843688151e-17  0.01614917343  0.9998696049  0.0161484715
24  16  4.245156271e-16  -0.007494179939  0.9999719188  -0.007494109791
24  17  2.16443145e-17  -0.02919538032  0.9995738452  -0.02919123295
24  18  -1.213756227e-16  -0.06953999722  0.9975830686  -0.06948396372
24  19  -1.274659069e-16  -0.1629408177  0.9867544893  -0.162220769
24  20  -1.142066982e-16  -0.005127661082  0.9999868536  -0.005127638612
24  21  1.819097851e-16  0.01358993731  0.9999076582  0.013589519
24  22  4.484220088e-16  0.04574852132  0.9989537189  0.04573256493
24  23  3.979521462e-17  0.7133166894  0.7561957787  0.654345432
24  24  2.508119977e-16  0.2638984199  0.9653804293  0.2608459827
24  25  1.037534013e-16  0.01444842379  0.9998956233  0.01444792109
24  26  5.184141453e-16  0.003592483685  0.999993547  0.003592475957
24  27  -1.115011681e-16  -0.0005339595386  0.9999998574  -0.0005339595132
24  28  -2.275344902e-16  -0.01749381316  0.9998469872  -0.01749292089
24  29  -1.237259461e-16  -0.05616546752  0.9984231347  -0.05613594262
24  30  -2.182945193e-16  -0.05890058829  0.9982658618  -0.0588665371
24  31  1.504114527e-16  -0.03939436954  0.9992241422  -0.03938418087
24  32  2.630470905e-16  -0.006759528745  0.9999771545  -0.00675947727
24  33  1.671755396e-17  0.001986982262  0.999998026  0.001986980955
24  34  -1.737678978e-16  0.008307604186  0.9999654921  0.008307508626
24  35  -1.910069056e-16  0.1397643324  0.9902488545  0.1393097489
24  36  -1.910069056e-16  0.1397643324  0.9902488545  0.1393097489

25  0  -1.071130662e-17  0.008873057719  0.9999606347  0.008872941289
25  1  -1.944944073e-16  0.03568917299  0.9993632091  0.03568159716
25  2  6.689481492e-18  0.04755143811  0.9988696434  0.04753352007
25  3  -1.881802088e-16  0.03605088512  0.9993502372  0.03604307661
25  4  4.068304064e-17  0.01699354518  0.9998556132  0.01699272729
25  5  1.152411916e-16  -0.1296795063  0.9916033897  -0.1293163467
25  6  -1.301892188e-16  -0.1875237936  0.9824688776  -0.1864266732
25  7  1.312222379e-16  -0.1559066883  0.9878711501  -0.1552758542
25  8  -6.262886029e-17  0.03927238709  0.9992289389  0.03926229277
25  9  -3.315104182e-16  0.08777429381  0.9961503092  0.08766163025
25  10  -3.73225445e-16  0.1191906056  0.992905205  0.1189085944
25  11  -1.822470766e-16  0.06573665055  0.9978401243  0.06568931607
25  12  1.857363347e-16  0.03072943962  0.9995278879  0.03072460356
25  13  -8.483195682e-17  0.04592177057  0.9989457808  0.04590563223
25  14  6.089146607e-17  0.09492177176  0.9954983102  0.09477929284
25  15  -7.920255192e-17  0.110241055  0.9939296065  0.1100178957
25  16  5.71934452e-17  0.06998236027  0.9975522339  0.0699252508
25  17  -1.222606495e-16  -0.06085469232  0.9981489246  -0.0608171388
25  18  3.708311696e-17  -0.1558853072  0.9878744698  -0.1552547324
25  19  -2.52710396e-16  -0.2433975228  0.9705247702  -0.2410013911
25  20  -1.147854225e-16  -0.007936207175  0.9999685085  -0.007936123867
25  21  -7.67747914e-17  0.02852594315  0.9995931629  0.02852207457
25  22  2.251546257e-16  0.04917097216  0.9987913513  0.04915116042
25  23  -1.214817394e-16  0.04893891687  0.9988027302  0.04891938428
25  24  2.10733113e-16  0.01444842379  0.9998956233  0.01444792109
25  25  8.028987438e-17  0.002115870572  0.9999977615  0.002115868993
25  26  1.91166992e-16  -0.001343971029  0.9999990969  -0.001343970624
25  27  -1.085424137e-16  -0.005685628392  0.9999838369  -0.005685597759
25  28  -7.452216391e-17  -0.03817407839  0.9992714583  -0.03816480747
25  29  -2.595892376e-16  -0.2846560592  0.9597582974  -0.2808273679
25  30  -2.261023926e-16  -0.2871284358  0.9590610538  -0.2831993911
25  31  2.814408413e-16  -0.3087905983  0.9527018117  -0.3039066598
25  32  3.133059404e-16  -0.1605000404  0.9871474944  -0.1598118402
25  33  -3.304518747e-16  -0.01646892182  0.9998643904  -0.01646817737
25  34  1.337119122e-16  -0.002937882932  0.9999956844  -0.002937878706
25  35  4.505907866e-16  0.000421734535  0.9999999111  0.0004217345225
25  36  4.505907866e-16  0.000421734535  0.9999999111  0.0004217345225

26  0  1.125550725e-16  -0.002626667428  0.9999965503  -0.002626664408
26  1  -9.113719891e-17  0.0009665325534  0.9999995329  0.0009665324029
26  2  -1.388320939e-16  0.01039720404  0.9999459496  0.01039701672
26  3  -1.137567895e-16  0.03096389482  0.9995206569  0.03095894722
26  4  3.228884414e-16  0.04868827337  0.9988149601  0.04866903934
26  5  -1.125632856e-16  0.03917226449  0.9992328649  0.03916224718
26  6  -2.048206318e-16  -0.2429344055  0.970636278  -0.2405518984
26  7  -4.364536302e-17  -0.233110774  0.9729524986  -0.2310052717
26  8  3.245886625e-16  -0.384109916  0.9271323447  -0.3747340597
26  9  -9.536867111e-17  -2.86183026  -0.9611210751  -0.2761272875
26  10  -4.568016675e-18  0.08777429381  0.9961503092  0.08766163025
26  11  2.226953608e-17  0.02443569287  0.9997014633  0.02443326117
26  12  -2.09849134e-16  0.00553526748  0.9999846804  0.005535239214
26  13  -9.946094361e-18  0.003589256723  0.9999935586  0.003589249016
26  14  -1.24879749e-16  0.01526968114  0.9998834207  0.01526908776
26  15  -1.281786971e-16  0.06411705839  0.9979452055  0.06407313657
26  16  -9.663916359e-17  0.1745016827  0.9848131777  0.1736174097
26  17  -1.623869129e-16  2.916173377  -0.9747004781  0.2235150508
26  18  -1.436815135e-16  -0.1411442409  0.9900556771  -0.1406760687
26  19  -2.324369579e-16  -0.3501183125  0.9393321372  -0.3430089446
26  20  -6.05189309e-17  0.005346042381  0.9999857099  0.005346016916
26  21  -1.254127428e-16  0.05449188811  0.9985156844  0.05446492439
26  22  -6.764842335e-17  0.04410903327  0.9990273543  0.04409473153
26  23  4.658949729e-17  0.01787426121  0.9998402596  0.01787330945
26  24  1.432712447e-16  0.003592483685  0.999993547  0.003592475957
26  25  -7.135081836e-17  -0.001343971029  0.9999990969  -0.001343970624
26  26  1.848482673e-16  -0.003980933354  0.9999920761  -0.003980922839
26  27  1.577874194e-16  -0.01026278517  0.9999473381  -0.01026260501
26  28  -1.488340555e-16  -0.07805223773  0.9969554702  -0.07797301085
26  29  -3.548439446e-16  -0.599439377  0.8256520367  -0.5641796826
26  30  -2.947429334e-16  -0.2164164962  0.9766732083  -0.2147310972
26  31  -5.029501427e-17  -0.1408681454  0.9900944794  -0.1404027135
26  32  -1.292026712e-16  -0.483219473  0.8855036429  -0.4646324337
26  33  -2.382467857e-16  -0.2711050418  0.9634755586  -0.2677962808
26  34  1.468249441e-16  -0.03027112909  0.9995418644  -0.03026650619
26  35  -8.744578389e-17  -0.00631135519  0.9999800835  -0.00631131329
26  36  -8.744578389e-17  -0.00631135519  0.9999800835  -0.00631131329

27  0  1.379519633e-16  -0.01592143481  0.9998732566  -0.01592076216
27  1  -5.870866464e-18  -0.00817200931  0.9999666093  -0.008171918353
27  2  3.20128341e-17  -0.003386714329  0.9999942651  -0.003386707855
27  3  -9.393085253e-17  0.004414677846  0.9999902553  0.004414663506
27  4  -2.085334335e-18  0.02184705561  0.9997613626  0.02184531774
27  5  -3.888865842e-16  0.05187748451  0.9986546651  0.05185421823
27  6  1.522006966e-16  0.07150090313  0.9974448993  0.07143999542
27  7  -2.196377448e-16  0.799914875  0.6967677718  0.7172967811
27  8  1.182169079e-16  0.0859419213  0.9963092656  0.08583616566
27  9  -6.84595994e-17  -0.384109916  0.9271323447  -0.3747340597
27  10  -1.020527455e-16  0.03927238709  0.9992289389  0.03926229277
27  11  -5.367470521e-17  0.001966281972  0.9999980669  0.001966280705
27  12  -3.789182981e-16  -0.02162142755  0.999766266  -0.02161974297
27  13  3.27279394e-17  -0.02919224385  0.9995739367  -0.02918809782
27  14  2.311288482e-16  -0.02630395423  0.9996540709  -0.02630092106
27  15  3.030504607e-17  -0.009741210074  0.9999525548  -0.009741056015
27  16  1.048221882e-16  0.03214223338  0.9994834829  0.03213669919
27  17  1.50627909e-17  -0.3613899603  0.9354062725  -0.353574752
27  18  -3.303410997e-17  -0.02535614899  0.9996785501  -0.02535343202
27  19  -1.399486273e-16  0.8191128759  0.6828695558  0.7305403272
27  20  -1.018205241e-16  0.1030231244  0.9946978101  0.1028409772
27  21  -1.669095034e-16  0.07209706597  0.9974021321  0.07203462227
27  22  -1.604854642e-16  0.03602611188  0.9993511298  0.03601831946
27  23  1.414149783e-16  0.01049704427  0.9999449065  0.01049685149
27  24  7.770150151e-17  -0.0005339595385  0.9999998574  -0.0005339595131
27  25  -2.125307393e-16  -0.005685628392  0.9999838369  -0.005685597759
27  26  1.741844507e-17  -0.01026278517  0.9999473381  -0.01026260501
27  27  -2.102360754e-16  -0.0232010926  0.9997308667  -0.02319901117
27  28  -5.382179135e-16  -0.1062613008  0.9943595784  -0.1060614394
27  29  -4.509649654e-16  -0.1738675902  0.9849230692  -0.1729929122
27  30  -1.524427265e-16  -0.03470772705  0.9993977473  -0.03470075916
27  31  1.447071871e-16  -0.009408092659  0.9999557442  -0.009407953871
27  32  4.333948502e-17  -0.02229757547  0.9997514194  -0.02229572785
27  33  2.261730825e-16  -0.1265758976  0.9919999607  -0.1262381798
27  34  2.208892325e-16  -0.1335807861  0.9910913457  -0.133183875
27  35  7.943731676e-18  -0.04698617398  0.9988963528  -0.04696888732
27  36  7.943731676e-18  -0.04698617398  0.9988963528  -0.04696888732

28  0  4.417023781e-16  -0.06714029098  0.9977469372  -0.06708985964
28  1  2.950682489e-17  -0.09520490552  0.9954714351  -0.09506114822
28  2  -4.828132553e-17  -0.06673641138  0.9977739521  -0.06668688454
28  3  -7.099005175e-17  -0.0313174401  0.9995096491  -0.03131232109
28  4  8.052158693e-17  -0.01100831027  0.9999394092  -0.01100808794
28  5  -3.697085174e-16  0.01035610913  0.999946376  0.01035592401
28  6  1.42252982e-16  0.04582274859  0.9989503215  0.04580671442
28  7  -1.177793296e-16  0.0880983351  0.9961218509  0.08798441947
28  8  7.700580069e-17  0.7999148748  0.6967677719  0.717296781
28  9  1.276892166e-17  -0.233110774  0.9729524986  -0.2310052717
28  10  1.990669496e-16  -0.1559066883  0.9878711501  -0.1552758542
28  11  5.215609862e-17  -0.01432092207  0.9998974573  -0.01432043257
28  12  -3.524003696e-16  -0.02338614543  0.9997265566  -0.02338401379
28  13  -2.557695995e-16  -0.03591440932  0.9993551469  -0.03590668915
28  14  1.252627331e-16  -0.03833933052  0.9992651379  -0.03832993869
28  15  -9.383594813e-18  -0.02962068455  0.9995613396  -0.02961635328
28  16  -1.321636223e-16  -0.01455169425  0.999894126  -0.01455118069
28  17  6.54307359e-17  -0.07481158815  0.9972029181  -0.07474182376
28  18  6.620158365e-17  -0.2134762811  0.9773003414  -0.2118585439
28  19  5.785726197e-17  0.6158482725  0.8162837351  0.5776511611
28  20  -6.229377582e-17  0.1165968873  0.9932102803  0.1163328809
28  21  -1.24330535e-16  0.07245585656  0.9973762226  0.07239247613
28  22  -2.813844128e-16  0.02728867434  0.9996276872  0.02728528762
28  23  3.513637668e-16  -0.0003350258485  0.9999999439  -0.0003350258423
28  24  -1.96514197e-17  -0.01749381316  0.9998469872  -0.01749292089
28  25  -4.739749791e-17  -0.03817407839  0.9992714583  -0.03816480747
28  26  -1.442646195e-16  -0.07805223773  0.9969554702  -0.07797301085
28  27  -1.678252162e-16  -0.1062613008  0.9943595784  -0.1060614394
28  28  6.833682028e-17  -0.0635093266  0.9979839605  -0.06346664176
28  29  2.781942236e-16  -0.02084564084  0.9997827375  -0.02084413116
28  30  -1.860573007e-16  -0.006352585875  0.9999798224  -0.006352543148
28  31  2.355013144e-17  -0.002265362901  0.9999974341  -0.002265360964
28  32  2.076361092e-16  -0.001847621116  0.9999982931  -0.001847620065
28  33  2.268538985e-16  -0.004989731399  0.9999875513  -0.004989710693
28  34  2.345844744e-17  -0.01596785926  0.9998725164  -0.01596718071
28  35  1.380891325e-16  -0.03902042691  0.9992387997  -0.03901052562
28  36  1.380891325e-16  -0.03902042691  0.9992387997  -0.03901052562

29  0  -1.624300597e-16  -0.009291217604  0.9999568369  -0.009291083924
29  1  -2.413419179e-16  -0.07628499025  0.9970917109  -0.07621102296
29  2  -8.104267581e-17  -0.3285445137  0.9465129815  -0.322665734
29  3  1.125391103e-16  -0.5173967087  0.8691097613  -0.4946192705
29  4  -2.264293523e-16  -0.1773740153  0.984310429  -0.1764454006
29  5  -3.7030119e-16  -0.03303162824  0.9994545054  -0.03302562183
29  6  1.124340439e-16  0.004950366594  0.999987747  0.004950346374
29  7  -6.846991044e-17  0.04582274859  0.9989503215  0.04580671442
29  8  -2.098359674e-16  0.07150090313  0.9974448993  0.07143999542
29  9  -7.782290044e-17  -0.2429344055  0.970636278  -0.2405518984
29  10  1.041759897e-16  -0.1875237936  0.9824688776  -0.1864266732
29  11  1.498484946e-16  -0.04891162781  0.9988040648  -0.04889212787
29  12  -7.140840323e-17  -0.006139668896  0.9999811523  -0.006139630323
29  13  -1.072241245e-16  -0.005906807595  0.9999825549  -0.005906773246
29  14  -3.463121084e-16  -0.008450830933  0.9999642919  -0.008450730345
29  15  -2.120680871e-16  -0.007280517107  0.9999734972  -0.007280452789
29  16  1.104373314e-18  -0.00416850644  0.9999913118  -0.004168494368
29  17  -5.922052173e-17  -0.02148058317  0.9997693011  -0.0214789313
29  18  -5.085671805e-17  -0.09450645453  0.9955375878  -0.09436583708
29  19  1.786206636e-16  -0.3621223061  0.9351470828  -0.354259698
29  20  -1.033652493e-16  0.02614042902  0.9996583584  0.02613745207
29  21  -1.083061465e-16  0.06943218751  0.9975905539  0.06937641417
29  22  8.645408794e-17  0.02447129139  0.9997005929  0.02446884905
29  23  3.439836634e-16  -0.008175605417  0.9999665799  -0.00817551434
29  24  2.152086816e-16  -0.05616546752  0.9984231347  -0.05613594262
29  25  3.562290929e-16  -0.2846560592  0.9597582974  -0.2808273679
29  26  -5.684530711e-17  -0.599439377  0.8256520367  -0.5641796826
29  27  -4.51977112e-17  -0.1738675902  0.9849230692  -0.1729929122
29  28  -1.544577772e-16  -0.02084564084  0.9997827375  -0.02084413116
29  29  2.350264957e-17  -0.004050907989  0.9999917951  -0.00405089691
29  30  5.220231879e-17  -0.006552340921  0.9999785335  -0.006552294035
29  31  1.275383326e-16  -0.01063435946  0.9999434557  -0.01063415903
29  32  -5.407910948e-17  -0.01278171603  0.999918315  -0.012781368
29  33  -1.223261603e-16  -0.01260979902  0.9999204975  -0.01260946485
29  34  9.640750584e-17  -0.009743964407  0.999952528  -0.009743810217
29  35  3.470039246e-16  -0.005337728412  0.9999857544  -0.005337703066
29  36  3.470039246e-16  -0.005337728412  0.9999857544  -0.005337703066

30  0  2.264149275e-16  -0.02362352117  0.9997209776  -0.02362132397
30  1  -2.125823433e-18  -0.00562804853  0.9999841626  -0.005628018819
30  2  -1.639186326e-17  -0.01937802424  0.999812252  -0.0193768115
30  3  1.862789424e-16  -0.1204564392  0.9927538911  -0.1201653515
30  4  4.187311176e-17  -0.274728271  0.9624989493  -0.2712854081
30  5  1.969972941e-17  -0.1584469735  0.9874735181  -0.157784825
30  6  -6.206233861e-17  -0.03303162824  0.9994545054  -0.03302562183
30  7  -5.74213449e-17  0.01035610913  0.999946376  0.01035592401
30  8  1.539767264e-16  0.05187748451  0.9986546651  0.05185421823
30  9  -2.5542629e-17  0.03917226449  0.9992328649  0.03916224718
30  10  -4.025447847e-16  -0.1296795063  0.9916033897  -0.1293163467
30  11  -4.274699194e-17  -0.1488238062  0.9889461621  -0.148275043
30  12  -1.194398246e-16  -0.02236505644  0.9997499125  -0.02236319201
30  13  -2.788689931e-17  0.007276899598  0.9999735235  0.007276835376
30  14  -1.560729905e-16  0.01030137907  0.9999469413  0.01030119687
30  15  -1.08293151e-16  0.01032536235  0.9999466939  0.01032517888
30  16  -1.247493532e-16  0.01035364332  0.9999464015  0.01035345834
30  17  4.259726943e-17  0.00127126321  0.9999991919  0.001271262868
30  18  -2.398510528e-16  -0.05852190016  0.9982880823  -0.05848850145
30  19  5.396301442e-17  -0.2296639927  0.9737429421  -0.2276503517
30  20  -4.355582255e-16  -0.0001238417695  0.9999999923  -0.0001238417692
30  21  2.346765685e-17  0.06056281398  0.9981666333  0.06052579817
30  22  -1.48340053e-16  0.0306785318  0.9995294508  0.03067371973
30  23  -5.068849927e-17  -0.005587245839  0.9999843914  -0.005587216769
30  24  2.094252676e-16  -0.05890058829  0.9982658618  -0.0588665371
30  25  7.825570864e-17  -0.2871284358  0.9590610538  -0.2831993911
30  26  9.166489074e-17  -0.2164164962  0.9766732083  -0.2147310972
30  27  -1.457931212e-16  -0.03470772705  0.9993977473  -0.03470075916
30  28  -2.866800159e-16  -0.006352585875  0.9999798224  -0.006352543148
30  29  -2.687853336e-16  -0.00655234092  0.9999785335  -0.006552294035
30  30  -5.468789818e-17  -0.04062249351  0.99917502  -0.04061132198
30  31  5.2321723e-17  -0.2439794155  0.9703843689  -0.2415660916
30  32  -1.914293342e-16  -0.3244772161  0.9478175264  -0.3188133257
30  33  -1.03763716e-16  -0.2714346183  0.9633872469  -0.2681138051
30  34  -7.892980137e-17  -0.3085756231  0.9527671222  -0.3037018455
30  35  1.775115795e-16  -0.1781605642  0.9841713416  -0.1772195543
30  36  1.775115795e-16  -0.1781605642  0.9841713416  -0.1772195543

31  0  3.500733995e-16  -0.5411732017  0.857104906  -0.5151419029
31  1  4.783508773e-17  -0.09263399598  0.9957125386  -0.09250156987
31  2  2.422863302e-16  -0.005155589111  0.99998671  -0.005155566272
31  3  -4.046083376e-18  -0.004243504161  0.9999909963  -0.004243491425
31  4  -1.218462557e-16  -0.03201860556  0.9994874482  -0.03201313498
31  5  1.398200585e-16  -0.274728271  0.9624989493  -0.2712854081
31  6  -2.087713145e-17  -0.1773740153  0.984310429  -0.1764454006
31  7  -1.895467037e-16  -0.01100831027  0.9999394092  -0.01100808794
31  8  9.40381219e-17  0.02184705561  0.9997613626  0.02184531774
31  9  1.36010526e-16  0.04868827337  0.9988149601  0.04866903934
31  10  -9.972073467e-17  0.01699354518  0.9998556132  0.01699272729
31  11  5.826187912e-17  -0.05893866615  0.9982636196  -0.05890454889
31  12  -1.597536661e-16  -0.1057103582  0.9944178612  -0.1055135883
31  13  1.820266638e-16  -0.01393493865  0.9999029103  -0.01393448766
31  14  6.584418211e-17  0.01980187428  0.9998039493  0.01980058021
31  15  7.568925632e-17  0.02445267175  0.9997010483  0.02445023498
31  16  1.88143586e-16  0.02367902738  0.9997196649  0.02367681465
31  17  1.358193078e-16  0.01508122038  0.9998862806  0.0150806487
31  18  -2.837156057e-16  -0.06070805087  0.9981578322  -0.06067076815
31  19  -8.305250103e-17  -0.1165297247  0.9932180912  -0.1162661741
31  20  -3.207764484e-17  -0.003918542022  0.9999923225  -0.003918531994
31  21  2.354279336e-16  0.0401255342  0.9991950788  0.04011476765
31  22  -1.10382995e-19  0.03890782661  0.999243186  0.03889801079
31  23  -1.001667269e-16  0.005808340556  0.9999831316  0.005808307897
31  24  -8.845965752e-18  -0.03939436954  0.9992241422  -0.03938418087
31  25  -1.755436066e-16  -0.3087905983  0.9527018118  -0.3039066598
31  26  -3.458701743e-16  -0.1408681454  0.9900944794  -0.1404027135
31  27  1.295011183e-16  -0.009408092658  0.9999557442  -0.009407953871
31  28  1.724479125e-17  -0.002265362901  0.9999974341  -0.002265360964
31  29  -3.122091557e-16  -0.01063435946  0.9999434557  -0.01063415903
31  30  2.625976452e-17  -0.2439794155  0.9703843689  -0.2415660916
31  31  -1.378536944e-17  -0.7666477685  0.720240238  -0.693724729
31  32  -1.044838118e-16  -0.1654637421  0.9863420786  -0.1647097571
31  33  -1.115320122e-16  -0.08948814433  0.9959986074  -0.0893687534
31  34  3.921017485e-16  -0.1331958016  0.9911425459  -0.1328023103
31  35  -6.602745389e-17  -0.4491231268  0.9008281658  -0.434175789
31  36  -6.602745389e-17  -0.4491231268  0.9008281658  -0.434175789

32  0  8.069527969e-18  -0.1035738931  0.9946410176  -0.1033888101
32  1  -4.307558342e-17  -0.3221100246  0.9485695623  -0.3165687689
32  2  -3.18755936e-17  -0.1105110286  0.9938998683  -0.1102862265
32  3  -2.797994866e-17  -0.004909764333  0.9999879471  -0.004909744608
32  4  -1.496033609e-16  -0.004243504161  0.9999909963  -0.004243491425
32  5  1.465074472e-16  -0.1204564392  0.9927538911  -0.1201653515
32  6  4.555588123e-17  -0.5173967087  0.8691097613  -0.4946192705
32  7  -6.254946737e-17  -0.0313174401  0.9995096491  -0.03131232109
32  8  5.698970178e-17  0.004414677846  0.9999902553  0.004414663506
32  9  -5.870465804e-17  0.03096389482  0.9995206569  0.03095894722
32  10  -2.084797994e-16  0.03605088512  0.9993502372  0.03604307661
32  11  -1.125463193e-16  0.007577707497  0.9999712893  0.007577634976
32  12  -1.521869861e-17  -0.02069747057  0.999785815  -0.02069599285
32  13  2.740973413e-16  -0.05199429113  0.9986486013  -0.05197086735
32  14  -1.206754966e-16  0.01548735177  0.9998800734  0.01548673264
32  15  -7.295510721e-17  0.05065344822  0.9987173884  0.05063179014
32  16  9.325512783e-17  0.04848075497  0.9988250384  0.0484617658
32  17  -2.559745435e-17  0.05055603188  0.998722316  0.0505344985
32  18  -3.520089656e-17  -0.0331004496  0.9994522301  -0.03309440557
32  19  -5.457716503e-18  -0.04102535893  0.999158578  -0.04101385173
32  20  2.362484099e-17  -0.001535275913  0.9999988215  -0.00153527531
32  21  9.123597555e-18  0.02031922453  0.9997935717  0.02031782635
32  22  2.522738459e-17  0.04307123607  0.9990725777  0.04305792017
32  23  -1.54237965e-16  0.01441267681  0.9998961392  0.01441217784
32  24  -2.380422604e-16  -0.006759528745  0.9999771545  -0.00675947727
32  25  -6.114133675e-17  -0.1605000404  0.9871474944  -0.1598118402
32  26  8.351567843e-17  -0.483219473  0.8855036429  -0.4646324337
32  27  2.600442343e-17  -0.02229757547  0.9997514194  -0.02229572785
32  28  -7.368693549e-17  -0.001847621116  0.9999982931  -0.001847620065
32  29  -4.054693989e-17  -0.01278171603  0.999918315  -0.012781368
32  30  2.147888283e-16  -0.3244772161  0.9478175264  -0.3188133257
32  31  6.143049572e-17  -0.1654637421  0.9863420786  -0.1647097571
32  32  4.946499415e-16  -0.07554930119  0.9971475087  -0.07547745294
32  33  1.043783207e-16  -0.1195894816  0.9928576963  -0.119304631
32  34  3.999415821e-16  -0.1345034912  0.9909680343  -0.1340983032
32  35  -2.940578689e-17  -0.1043888539  0.9945564295  -0.104199369
32  36  -2.940578689e-17  -0.1043888539  0.9945564295  -0.104199369

33  0  4.378643637e-17  -0.2114986335  0.9777174116  -0.2099253751
33  1  1.010048378e-16  -0.08650658028  0.9962606386  -0.08639872692
33  2  -1.44703561e-16  -0.2253597695  0.9747137771  -0.2234570489
33  3  3.471954281e-17  -0.1105110286  0.9938998683  -0.1102862265
33  4  -2.918757269e-16  -0.005155589111  0.99998671  -0.005155566272
33  5  -1.993118586e-16  -0.01937802424  0.999812252  -0.0193768115
33  6  -1.442975948e-16  -0.3285445137  0.9465129815  -0.322665734
33  7  1.111250161e-16  -0.06673641137  0.9977739521  -0.06668688454
33  8  3.886312837e-16  -0.003386714329  0.9999942651  -0.003386707854
33  9  -1.036407728e-16  0.01039720404  0.9999459496  0.01039701672
33  10  -2.630537174e-17  0.04755143812  0.9988696434  0.04753352007
33  11  -1.684812834e-16  0.02374680892  0.9997180578  0.02374457714
33  12  2.210176315e-16  0.004843629554  0.9999882696  0.004843610615
33  13  2.702507095e-16  -0.006686385822  0.9999776462  -0.006686336
33  14  2.997544876e-17  -0.009556055601  0.9999543412  -0.009555910161
33  15  -7.995016856e-17  0.09978855007  0.9950252528  0.09962302085
33  16  3.830383271e-17  0.2143012721  0.9771252275  0.2126647356
33  17  5.5803008e-17  0.2084672125  0.9783492904  0.206960542
33  18  2.332240725e-16  0.0169723223  0.9998559736  0.01697150747
33  19  -1.596908893e-17  -0.01213783135  0.9999263374  -0.01213753331
33  20  -2.224393904e-16  -0.0001980519599  0.9999999804  -0.0001980519586
33  21  1.864556083e-16  0.01098069062  0.9999397128  0.01098046995
33  22  1.056886437e-16  0.04359618318  0.9990498369  0.04358237448
33  23  2.309391861e-16  0.02836206842  0.9995978235  0.02835826613
33  24  -4.83578521e-17  0.001986982262  0.999998026  0.001986980955
33  25  -2.637956852e-16  -0.01646892182  0.9998643904  -0.01646817737
33  26  -8.372284307e-17  -0.2711050418  0.9634755586  -0.2677962808
33  27  -1.671227475e-16  -0.1265758976  0.9919999607  -0.1262381798
33  28  -3.767680661e-16  -0.004989731399  0.9999875513  -0.004989710693
33  29  -2.7146543e-16  -0.01260979902  0.9999204975  -0.01260946485
33  30  -2.842485085e-17  -0.2714346183  0.9633872469  -0.2681138051
33  31  2.335281703e-16  -0.08948814433  0.9959986074  -0.08936875339
33  32  7.97392079e-17  -0.1195894816  0.9928576963  -0.119304631
33  33  7.940832653e-17  -0.2897688605  0.9583099448  -0.2857307294
33  34  8.867791173e-17  -0.3362393374  0.9440021285  -0.3299393601
33  35  -4.759597155e-17  -0.3138986293  0.951137025  -0.3087691042
33  36  -4.759597155e-17  -0.3138986293  0.951137025  -0.3087691042

34  0  1.115208352e-17  -0.2838543304  0.9599831363  -0.2800578118
34  1  2.664846243e-16  -0.2487533512  0.9692200946  -0.2461958738
34  2  -2.223772697e-16  -0.08650658028  0.9962606386  -0.08639872692
34  3  1.782052731e-16  -0.3221100246  0.9485695623  -0.3165687689
34  4  1.529611389e-16  -0.09263399598  0.9957125386  -0.09250156987
34  5  1.83059419e-16  -0.00562804853  0.9999841626  -0.005628018819
34  6  1.527651536e-17  -0.07628499025  0.9970917109  -0.07621102297
34  7  1.956361534e-16  -0.09520490551  0.9954714351  -0.09506114821
34  8  1.097437979e-17  -0.008172009309  0.9999666093  -0.008171918353
34  9  -6.500844877e-17  0.0009665325538  0.9999995329  0.0009665324034
34  10  1.461077533e-16  0.035689173  0.9993632091  0.03568159716
34  11  -4.114085082e-17  0.1170350607  0.9931592109  0.1167680681
34  12  -8.515489219e-17  0.01751661931  0.9998465879  0.01751572355
34  13  -3.23460838e-18  0.00130786628  0.9999991447  0.001307865907
34  14  5.349336265e-17  -0.006314392927  0.9999800643  -0.006314350967
34  15  1.934576319e-16  0.004212883543  0.9999911258  0.004212871081
34  16  -8.690493093e-17  0.102223628  0.9947797132  0.1020456871
34  17  -2.011602813e-16  0.1403953379  0.9901607522  0.1399345736
34  18  -1.821594724e-16  0.02316695141  0.9997316582  0.02316487915
34  19  8.818292504e-17  -0.006692795116  0.9999776033  -0.006692745151
34  20  1.401091059e-17  -0.00373454751  0.9999930266  -0.003734538829
34  21  3.986114886e-17  0.0066122991  0.9999781388  0.006612250915
34  22  -1.455943271e-16  0.04193811537  0.9991207261  0.04192582296
34  23  6.518457374e-17  0.1162702014  0.9932482316  0.1160084069
34  24  -1.739182467e-16  0.008307604186  0.9999654921  0.008307508627
34  25  2.129026661e-17  -0.002937882932  0.9999956844  -0.002937878706
34  26  1.438947769e-16  -0.03027112909  0.9995418644  -0.03026650619
34  27  -1.661098274e-16  -0.1335807861  0.9910913457  -0.133183875
34  28  4.98582195e-17  -0.01596785926  0.9998725164  -0.01596718071
34  29  -1.406998765e-16  -0.009743964407  0.999952528  -0.009743810217
34  30  5.081424804e-17  -0.308575623  0.9527671222  -0.3037018455
34  31  -5.945348146e-17  -0.1331958016  0.9911425459  -0.1328023103
34  32  -1.408575127e-16  -0.1345034912  0.9909680343  -0.1340983032
34  33  -1.329675519e-17  -0.3362393374  0.9440021285  -0.3299393601
34  34  -5.721131533e-17  -0.2296802627  0.9737392382  -0.2276661944
34  35  7.713553139e-17  -0.1786951477  0.9840764623  -0.1777456507
34  36  7.713553139e-17  -0.1786951477  0.9840764623  -0.1777456507

35  0  -1.949871871e-16  -0.08802188328  0.9961285746  -0.08790826389
35  1  -5.47489341e-18  -0.2838543304  0.9599831363  -0.2800578118
35  2  -3.270583041e-16  -0.2114986335  0.9777174116  -0.2099253751
35  3  1.052582849e-16  -0.1035738931  0.9946410176  -0.1033888101
35  4  1.022552269e-16  -0.5411732017  0.857104906  -0.5151419029
35  5  -6.921214379e-17  -0.02362352117  0.9997209776  -0.02362132397
35  6  1.934543949e-16  -0.009291217604  0.9999568369  -0.009291083924
35  7  -2.964960116e-16  -0.06714029098  0.9977469372  -0.06708985964
35  8  1.490086383e-16  -0.01592143481  0.9998732566  -0.01592076216
35  9  1.499932687e-17  -0.002626667428  0.9999965503  -0.002626664408
35  10  -1.202040116e-16  0.008873057721  0.9999606347  0.00887294129
35  11  4.836139327e-16  0.7580515696  0.7261769495  0.6875078458
35  12  -1.880923932e-16  0.3969366865  0.922249581  0.386595021
35  13  3.257354427e-16  0.008930463948  0.9999601237  0.008930345243
35  14  2.137766668e-16  -0.01108260259  0.9999385886  -0.01108237572
35  15  -1.278242061e-16  -0.02382130154  0.9997162862  -0.02381904868
35  16  -5.69851848e-17  0.0160415694  0.9998713368  0.01604088141
35  17  -8.189046979e-17  0.1960944071  0.9808350226  0.1948400843
35  18  -2.703686749e-17  0.1289275582  0.9917003485  0.1285706758
35  19  -4.223336633e-16  -0.01718420886  0.9998523551  -0.01718336313
35  20  -2.040697544e-16  -0.02115722463  0.9997761943  -0.02115564623
35  21  -1.831421258e-16  -0.002534955658  0.999996787  -0.002534952943
35  22  -6.197510594e-17  0.02715186436  0.9996314108  0.02714852832
35  23  2.853591271e-16  1.003173545  0.5376291436  0.8431814181
35  24  1.302079905e-16  0.1397643324  0.9902488545  0.1393097489
35  25  -2.078407601e-16  0.000421734535  0.9999999111  0.0004217345225
35  26  4.608467889e-17  -0.00631135519  0.9999800835  -0.00631131329
35  27  1.339810998e-16  -0.04698617398  0.9988963528  -0.04696888732
35  28  -3.45553966e-17  -0.03902042691  0.9992387997  -0.03901052562
35  29  -1.164126176e-16  -0.005337728412  0.9999857544  -0.005337703066
35  30  -1.920488487e-18  -0.1781605642  0.9841713416  -0.1772195543
35  31  1.222135707e-16  -0.4491231268  0.9008281658  -0.434175789
35  32  -1.782519947e-16  -0.1043888539  0.9945564295  -0.104199369
35  33  -9.900249511e-17  -0.3138986293  0.951137025  -0.3087691042
35  34  -2.067276989e-16  -0.1786951477  0.9840764623  -0.1777456507
35  35  8.167864259e-18  -0.04833373384  0.9988321525  -0.0483149169
35  36  8.167864259e-18  -0.04833373384  0.9988321525  -0.0483149169

36  0  -1.949871871e-16  -0.08802188328  0.9988321525  -0.0483149169
36  1  2.664846243e-16  -0.2487533512  0.9988321525  -0.0483149169
36  2  -1.44703561e-16  -0.2253597695  0.9988321525  -0.0483149169
36  3  -2.797994866e-17  -0.004909764333  0.9988321525  -0.0483149169
36  4  -1.218462557e-16  -0.03201860556  0.9988321525  -0.0483149169
36  5  1.969972941e-17  -0.1584469735  0.9988321525  -0.0483149169
36  6  1.124340439e-16  0.004950366594  0.9988321525  -0.0483149169
36  7  -1.177793296e-16  0.0880983351  0.9988321525  -0.0483149169
36  8  1.182169079e-16  0.0859419213  0.9988321525  -0.0483149169
36  9  -9.536867111e-17  -2.86183026  0.9988321525  -0.0483149169
36  10  -3.73225445e-16  0.1191906056  0.9988321525  -0.0483149169
36  11  7.383892748e-17  0.1228752197  0.9988321525  -0.0483149169
36  12  -1.005041375e-16  0.06354189731  0.9988321525  -0.0483149169
36  13  -3.767480616e-16  -0.009731356152  0.9988321525  -0.0483149169
36  14  -8.836620308e-17  -0.02565331352  0.9988321525  -0.0483149169
36  15  -1.291739211e-17  0.01718491194  0.9988321525  -0.0483149169
36  16  -2.596741932e-16  0.1145455621  0.9988321525  -0.0483149169
36  17  3.359895758e-16  0.1437430301  0.9988321525  -0.0483149169
36  18  -2.254734727e-16  0.1437430301  0.9988321525  -0.0483149169
36  19  -2.773353628e-16  0.1145455621  0.9988321525  -0.0483149169
36  20  -2.281376731e-16  0.01718491194  0.9988321525  -0.0483149169
36  21  6.926973573e-17  -0.02565331352  0.9988321525  -0.0483149169
36  22  -2.452037862e-16  -0.009731356152  0.9988321525  -0.0483149169
36  23  1.448872014e-16  0.06354189731  0.9988321525  -0.0483149169
36  24  -7.069344641e-17  0.1228752197  0.9988321525  -0.0483149169
36  25  2.254640972e-16  0.1191906056  0.9988321525  -0.0483149169
36  26  -4.018373924e-16  -2.86183026  0.9988321525  -0.0483149169
36  27  1.045864076e-16  0.08594192129  0.9988321525  -0.0483149169
36  28  -1.616175913e-16  0.0880983351  0.9988321525  -0.0483149169
36  29  -2.510701671e-17  0.004950366594  0.9988321525  -0.0483149169
36  30  1.2120912e-16  -0.1584469735  0.9988321525  -0.0483149169
36  31  -2.866178769e-17  -0.03201860556  0.9988321525  -0.0483149169
36  32  3.710681314e-16  -0.004909764333  0.9988321525  -0.0483149169
36  33  -1.82148086e-16  -0.2253597695  0.9988321525  -0.0483149169
36  34  5.034941178e-17  -0.2487533512  0.9988321525  -0.0483149169
36  35  1.073336773e-17  -0.08802188328  0.9988321525  -0.0483149169
36  36  1.073336773e-17  -0.08802188328  0.9988321525  -0.0483149169

#Chern no*2pi*Iota= -2.595493231e-15  -18.84955592
