#iter   OP_diff   mu  QuantEnergy.real  .imag  ClassEnergy.real  .imag  Total_n_up    Total_n_dn
0   0.154496   846.834   6918.25  0  -3472.36   1.74857e-06   0.46778  0.53222
1   0.0910843   584.048   4637.31  0  -2336.52   9.9848e-07   0.462594  0.537406
2   0.0615526   427.787   3486.21  0  -1765.06   6.04182e-07   0.455931  0.544069
3   0.0463362   371.109   2899.23  0  -1475.18   3.85147e-07   0.447982  0.552018
4   0.0363091   327.034   2595.16  0  -1326   2.55044e-07   0.439056  0.560944
5   0.0282355   296.56   2434.63  0  -1247.76   1.73267e-07   0.429488  0.570512
6   0.0214037   296.56   2348.08  0  -1205.84   1.20267e-07   0.419566  0.580434
7   0.0157743   296.56   2300.29  0  -1182.84   8.56263e-08   0.409495  0.590505
8   0.011318   296.56   2273.11  0  -1169.84   6.30417e-08   0.39941  0.60059
9   0.00790767   296.56   2257.08  0  -1162.2   4.83891e-08   0.389391  0.610609
10   0.00536178   296.56   2247.18  0  -1157.5   3.89059e-08   0.379484  0.620516
11   0.00349504   296.56   2240.73  0  -1154.44   3.27462e-08   0.369716  0.630284
12   0.00214501   296.56   2236.29  0  -1152.32   2.86899e-08   0.360099  0.639901
13   0.00118053   296.56   2233.05  0  -1150.77   2.59413e-08   0.350636  0.649364
14   0.000500506   296.56   2230.56  0  -1149.57   2.39886e-08   0.341329  0.658671
15   2.90522e-05   296.56   2228.56  0  -1148.61   2.25076e-08   0.332173  0.667827
16   0.000289986   296.56   2226.9  0  -1147.8   2.12969e-08   0.323167  0.676833
17   0.000497907   296.56   2225.49  0  -1147.11   2.02346e-08   0.314305  0.685695
18   0.00062505   296.56   2224.26  0  -1146.51   1.92497e-08   0.305586  0.694414
19   0.000693743   296.56   2223.16  0  -1145.97   1.83032e-08   0.297007  0.702993
20   0.000720482   296.56   2222.18  0  -1145.5   1.73756e-08   0.288565  0.711435
21   0.000717497   296.56   2221.28  0  -1145.06   1.64596e-08   0.28026  0.71974
22   0.000693887   296.56   2220.46  0  -1144.67   1.55543e-08   0.27209  0.72791
23   0.000656431   296.56   2219.7  0  -1144.31   1.46626e-08   0.264057  0.735943
24   0.000610174   296.56   2219  0  -1143.98   1.37888e-08   0.256161  0.743839
25   0.000558857   296.56   2218.33  0  -1143.67   1.29375e-08   0.248402  0.751598
26   0.00050523   296.56   2217.71  0  -1143.38   1.21129e-08   0.240782  0.759218
27   0.00045129   296.56   2217.12  0  -1143.11   1.13189e-08   0.233302  0.766698
28   0.000398461   296.56   2216.56  0  -1142.86   1.05582e-08   0.225963  0.774037
29   0.000347725   296.56   2216.03  0  -1142.62   9.83284e-09   0.218767  0.781233
30   0.00029973   296.56   2215.52  0  -1142.39   9.1442e-09   0.211715  0.788285
31   0.000254874   296.56   2215.03  0  -1142.18   8.49287e-09   0.204809  0.795191
32   0.000213364   296.56   2214.56  0  -1141.97   7.87891e-09   0.19805  0.80195
33   0.000175269   296.56   2214.1  0  -1141.78   7.30189e-09   0.191439  0.808561
34   0.000140557   296.56   2213.67  0  -1141.59   6.76104e-09   0.184977  0.815023
35   0.000109125   296.56   2213.25  0  -1141.42   6.25525e-09   0.178665  0.821335
36   8.08228e-05   296.56   2212.84  0  -1141.25   5.78325e-09   0.172503  0.827497
37   5.54694e-05   296.56   2212.45  0  -1141.08   5.3436e-09   0.166492  0.833508
38   3.28669e-05   296.56   2212.07  0  -1140.93   4.93472e-09   0.160632  0.839368
39   1.28105e-05   296.56   2211.7  0  -1140.78   4.55502e-09   0.154923  0.845077
40   4.90482e-06   296.56   2211.35  0  -1140.63   4.20288e-09   0.149364  0.850636
41   2.04793e-05   296.56   2211  0  -1140.49   3.87667e-09   0.143955  0.856045
42   3.41048e-05   296.56   2210.67  0  -1140.36   3.5748e-09   0.138696  0.861304
43   4.59626e-05   296.56   2210.35  0  -1140.23   3.2957e-09   0.133585  0.866415
44   5.62222e-05   296.56   2210.04  0  -1140.11   3.03786e-09   0.128621  0.871379
45   6.50408e-05   296.56   2209.73  0  -1139.99   2.79985e-09   0.123802  0.876198
46   7.2563e-05   296.56   2209.44  0  -1139.87   2.58028e-09   0.119128  0.880872
47   7.89214e-05   296.56   2209.16  0  -1139.76   2.37784e-09   0.114596  0.885404
48   8.4237e-05   296.56   2208.88  0  -1139.65   2.1913e-09   0.110205  0.889795
49   8.86196e-05   296.56   2208.62  0  -1139.55   2.01949e-09   0.105952  0.894048
50   9.21686e-05   296.56   2208.36  0  -1139.45   1.8613e-09   0.101836  0.898164
51   9.49743e-05   296.56   2208.11  0  -1139.35   1.71571e-09   0.0978532  0.902147
52   9.7118e-05   296.56   2207.87  0  -1139.26   1.58176e-09   0.0940022  0.905998
53   9.8673e-05   296.56   2207.64  0  -1139.17   1.45855e-09   0.0902802  0.90972
54   9.97054e-05   296.56   2207.42  0  -1139.09   1.34523e-09   0.0866845  0.913315
55   0.000100275   296.56   2207.2  0  -1139   1.24104e-09   0.0832126  0.916787
56   0.000100435   296.56   2206.99  0  -1138.92   1.14527e-09   0.0798616  0.920138
57   0.000100234   296.56   2206.79  0  -1138.85   1.05721e-09   0.0766288  0.923371
58   9.97163e-05   296.56   2206.6  0  -1138.77   9.76277e-10   0.0735112  0.926489
59   9.892e-05   296.56   2206.41  0  -1138.7   9.01882e-10   0.0705059  0.929494
60   9.78808e-05   296.56   2206.23  0  -1138.63   8.335e-10   0.0676102  0.93239
61   9.66307e-05   296.56   2206.05  0  -1138.57   7.70637e-10   0.064821  0.935179
62   9.51982e-05   296.56   2205.89  0  -1138.5   7.1285e-10   0.0621353  0.937865
63   9.36092e-05   296.56   2205.72  0  -1138.44   6.59714e-10   0.0595504  0.94045
64   9.1887e-05   296.56   2205.57  0  -1138.38   6.10857e-10   0.0570632  0.942937
65   9.00526e-05   296.56   2205.42  0  -1138.33   5.65917e-10   0.0546708  0.945329
66   8.81248e-05   296.56   2205.27  0  -1138.27   5.24576e-10   0.0523704  0.94763
67   8.61208e-05   296.56   2205.14  0  -1138.22   4.86538e-10   0.050159  0.949841
68   8.40557e-05   296.56   2205  0  -1138.17   4.51524e-10   0.048034  0.951966
69   8.19433e-05   296.56   2204.87  0  -1138.12   4.19286e-10   0.0459924  0.954008
70   7.97959e-05   296.56   2204.75  0  -1138.08   3.89593e-10   0.0440316  0.955968
71   7.76246e-05   296.56   2204.63  0  -1138.03   3.62237e-10   0.0421489  0.957851
72   7.54393e-05   296.56   2204.52  0  -1137.99   3.37026e-10   0.0403415  0.959658
73   7.32488e-05   296.56   2204.41  0  -1137.95   3.13769e-10   0.038607  0.961393
74   7.10609e-05   296.56   2204.31  0  -1137.91   2.92319e-10   0.0369427  0.963057
75   6.88826e-05   296.56   2204.2  0  -1137.87   2.7252e-10   0.0353463  0.964654
76   6.67201e-05   296.56   2204.11  0  -1137.84   2.54241e-10   0.0338151  0.966185
77   6.45788e-05   296.56   2204.02  0  -1137.8   2.37347e-10   0.032347  0.967653
78   6.24634e-05   296.56   2203.93  0  -1137.77   2.2173e-10   0.0309395  0.969061
79   6.03781e-05   296.56   2203.84  0  -1137.74   2.07289e-10   0.0295904  0.97041
80   5.83265e-05   296.56   2203.76  0  -1137.71   1.93923e-10   0.0282976  0.971702
81   5.63116e-05   296.56   2203.68  0  -1137.68   1.8155e-10   0.0270589  0.972941
82   5.43361e-05   296.56   2203.61  0  -1137.65   1.70076e-10   0.0258723  0.974128
83   5.24022e-05   267.11   2203.54  0  -1137.63   1.59446e-10   0.0247357  0.975264
84   5.05116e-05   267.11   2203.47  0  -1137.6   1.49583e-10   0.0236472  0.976353
85   4.86659e-05   267.11   2203.4  0  -1137.58   1.40424e-10   0.0226049  0.977395
86   4.68662e-05   267.11   2203.34  0  -1137.55   1.31916e-10   0.0216071  0.978393
87   4.51134e-05   267.11   2203.28  0  -1137.53   1.2401e-10   0.0206519  0.979348
88   4.34081e-05   267.11   2203.22  0  -1137.51   1.16649e-10   0.0197376  0.980262
89   4.17507e-05   267.11   2203.16  0  -1137.49   1.09804e-10   0.0188626  0.981137
90   4.01414e-05   267.11   2203.11  0  -1137.47   1.03425e-10   0.0180254  0.981975
91   3.85802e-05   267.11   2203.06  0  -1137.45   9.74804e-11   0.0172243  0.982776
92   3.70669e-05   267.11   2203.01  0  -1137.43   9.19325e-11   0.0164579  0.983542
93   3.56012e-05   267.11   2202.96  0  -1137.41   8.67573e-11   0.0157249  0.984275
94   3.41827e-05   267.11   2202.92  0  -1137.4   8.19244e-11   0.0150237  0.984976
95   3.28109e-05   267.11   2202.88  0  -1137.38   7.7402e-11   0.0143531  0.985647
96   3.1485e-05   267.11   2202.84  0  -1137.37   7.31761e-11   0.0137118  0.986288
97   3.02045e-05   267.11   2202.8  0  -1137.35   6.92212e-11   0.0130985  0.986901
98   2.89684e-05   267.11   2202.76  0  -1137.34   6.55157e-11   0.0125122  0.987488
99   2.77759e-05   267.11   2202.72  0  -1137.33   6.20442e-11   0.0119517  0.988048
100   2.66262e-05   267.11   2202.69  0  -1137.31   5.87918e-11   0.0114158  0.988584
101   2.55181e-05   267.11   2202.66  0  -1137.3   5.57292e-11   0.0109035  0.989096
102   2.44509e-05   267.11   2202.63  0  -1137.29   5.28602e-11   0.0104139  0.989586
103   2.34233e-05   267.11   2202.6  0  -1137.28   5.01687e-11   0.00994591  0.990054
104   2.24345e-05   267.11   2202.57  0  -1137.27   4.76317e-11   0.00949865  0.990501
105   2.14833e-05   267.11   2202.54  0  -1137.26   4.525e-11   0.00907123  0.990929
106   2.05686e-05   267.11   2202.52  0  -1137.25   4.30085e-11   0.00866279  0.991337
107   1.96895e-05   267.11   2202.49  0  -1137.24   4.08945e-11   0.00827251  0.991727
108   1.88448e-05   267.11   2202.47  0  -1137.23   3.89038e-11   0.0078996  0.9921
109   1.80334e-05   267.11   2202.44  0  -1137.22   3.70279e-11   0.00754331  0.992457
110   1.72544e-05   267.11   2202.42  0  -1137.21   3.52585e-11   0.00720291  0.992797
111   1.65066e-05   267.11   2202.4  0  -1137.21   3.35868e-11   0.00687772  0.993122
112   1.5789e-05   267.11   2202.38  0  -1137.2   3.20096e-11   0.00656705  0.993433
113   1.51006e-05   267.11   2202.36  0  -1137.19   3.052e-11   0.00627029  0.99373
114   1.44403e-05   267.11   2202.34  0  -1137.19   2.91143e-11   0.00598681  0.994013
115   1.38073e-05   267.11   2202.33  0  -1137.18   2.77831e-11   0.00571604  0.994284
116   1.32005e-05   267.11   2202.31  0  -1137.17   2.65237e-11   0.00545742  0.994543
117   1.2619e-05   267.11   2202.3  0  -1137.17   2.53316e-11   0.0052104  0.99479
118   1.20618e-05   267.11   2202.28  0  -1137.16   2.42047e-11   0.00497448  0.995026
119   1.1528e-05   267.11   2202.27  0  -1137.16   2.31368e-11   0.00474917  0.995251
120   1.10168e-05   267.11   2202.25  0  -1137.15   2.21254e-11   0.00453399  0.995466
121   1.05273e-05   267.11   2202.24  0  -1137.15   2.11656e-11   0.00432849  0.995672
122   1.00587e-05   267.11   2202.23  0  -1137.14   2.02577e-11   0.00413225  0.995868
123   9.61013e-06   267.11   2202.21  0  -1137.14   1.93978e-11   0.00394486  0.996055
124   9.18084e-06   267.11   2202.2  0  -1137.13   1.85783e-11   0.00376591  0.996234
125   8.77005e-06   267.11   2202.19  0  -1137.13   1.78049e-11   0.00359504  0.996405
126   8.37704e-06   267.11   2202.18  0  -1137.13   1.70699e-11   0.00343188  0.996568
127   8.00109e-06   267.11   2202.17  0  -1137.12   1.63704e-11   0.00327609  0.996724
128   7.64151e-06   267.11   2202.16  0  -1137.12   1.57083e-11   0.00312733  0.996873
129   7.29763e-06   267.11   2202.15  0  -1137.12   1.50766e-11   0.00298531  0.997015
130   6.96881e-06   267.11   2202.14  0  -1137.11   1.44789e-11   0.0028497  0.99715
131   6.65443e-06   267.11   2202.14  0  -1137.11   1.39107e-11   0.00272023  0.99728
132   6.35388e-06   267.11   2202.13  0  -1137.11   1.33706e-11   0.00259661  0.997403
133   6.0666e-06   267.11   2202.12  0  -1137.1   1.28579e-11   0.0024786  0.997521
134   5.79202e-06   267.11   2202.11  0  -1137.1   1.23669e-11   0.00236592  0.997634
135   5.52961e-06   267.11   2202.11  0  -1137.1   1.19006e-11   0.00225836  0.997742
136   5.27886e-06   267.11   2202.1  0  -1137.1   1.14608e-11   0.00215566  0.997844
137   5.03926e-06   267.11   2202.09  0  -1137.09   1.10414e-11   0.00205763  0.997942
138   4.81035e-06   267.11   2202.09  0  -1137.09   1.06398e-11   0.00196403  0.998036
139   4.59166e-06   267.11   2202.08  0  -1137.09   1.02598e-11   0.00187469  0.998125
140   4.38276e-06   267.11   2202.08  0  -1137.09   9.89574e-12   0.00178939  0.998211
141   4.18321e-06   267.11   2202.07  0  -1137.09   9.54892e-12   0.00170797  0.998292
142   3.99262e-06   267.11   2202.07  0  -1137.08   9.22484e-12   0.00163024  0.99837
143   3.8106e-06   267.11   2202.06  0  -1137.08   8.91139e-12   0.00155604  0.998444
144   3.63677e-06   267.11   2202.06  0  -1137.08   8.61701e-12   0.00148521  0.998515
145   3.47077e-06   267.11   2202.05  0  -1137.08   8.32892e-12   0.0014176  0.998582
146   3.31226e-06   267.11   2202.05  0  -1137.08   8.05972e-12   0.00135306  0.998647
147   3.16091e-06   267.11   2202.05  0  -1137.08   7.80155e-12   0.00129145  0.998709
148   3.01641e-06   267.11   2202.04  0  -1137.07   7.55683e-12   0.00123265  0.998767
149   2.87845e-06   267.11   2202.04  0  -1137.07   7.3227e-12   0.00117651  0.998823
150   2.74674e-06   267.11   2202.03  0  -1137.07   7.10012e-12   0.00112293  0.998877
151   2.621e-06   267.11   2202.03  0  -1137.07   6.89004e-12   0.00107178  0.998928
152   2.50097e-06   267.11   2202.03  0  -1137.07   6.68542e-12   0.00102296  0.998977
153   2.3864e-06   267.11   2202.03  0  -1137.07   6.49323e-12   0.000976363  0.999024
154   2.27704e-06   267.11   2202.02  0  -1137.07   6.31085e-12   0.000931883  0.999068
155   2.17266e-06   267.11   2202.02  0  -1137.07   6.13529e-12   0.000889427  0.999111
156   2.07303e-06   267.11   2202.02  0  -1137.07   5.96944e-12   0.000848903  0.999151
157   1.97794e-06   267.11   2202.01  0  -1137.06   5.81223e-12   0.000810222  0.99919
158   1.88719e-06   267.11   2202.01  0  -1137.06   5.65769e-12   0.000773302  0.999227
159   1.80058e-06   267.11   2202.01  0  -1137.06   5.51277e-12   0.000738063  0.999262
160   1.71792e-06   267.11   2202.01  0  -1137.06   5.3771e-12   0.000704428  0.999296
161   1.63905e-06   267.11   2202.01  0  -1137.06   5.2437e-12   0.000672324  0.999328
162   1.56377e-06   267.11   2202  0  -1137.06   5.11907e-12   0.000641681  0.999358
163   1.49195e-06   267.11   2202  0  -1137.06   4.99848e-12   0.000612434  0.999388
164   1.4234e-06   267.11   2202  0  -1137.06   4.88664e-12   0.000584519  0.999415
165   1.358e-06   267.11   2202  0  -1137.06   4.77665e-12   0.000557875  0.999442
166   1.29559e-06   267.11   2202  0  -1137.06   4.67334e-12   0.000532445  0.999468
167   1.23604e-06   267.11   2202  0  -1137.06   4.57308e-12   0.000508173  0.999492
168   1.17922e-06   267.11   2201.99  0  -1137.06   4.48229e-12   0.000485007  0.999515
169   1.12501e-06   267.11   2201.99  0  -1137.06   4.39039e-12   0.000462896  0.999537
170   1.07328e-06   267.11   2201.99  0  -1137.06   4.30829e-12   0.000441792  0.999558
171   1.02392e-06   267.11   2201.99  0  -1137.05   4.22721e-12   0.00042165  0.999578
172   9.76832e-07   267.11   2201.99  0  -1137.05   4.14428e-12   0.000402426  0.999598
173   9.31904e-07   267.11   2201.99  0  -1137.05   4.07003e-12   0.000384077  0.999616
174   8.89039e-07   267.11   2201.99  0  -1137.05   4.00053e-12   0.000366565  0.999633
175   8.48143e-07   267.11   2201.99  0  -1137.05   3.93092e-12   0.000349851  0.99965
176   8.09125e-07   267.11   2201.98  0  -1137.05   3.87002e-12   0.000333898  0.999666
177   7.71901e-07   267.11   2201.98  0  -1137.05   3.80626e-12   0.000318673  0.999681
178   7.36387e-07   267.11   2201.98  0  -1137.05   3.74794e-12   0.000304141  0.999696
179   7.02505e-07   267.11   2201.98  0  -1137.05   3.6918e-12   0.000290272  0.99971
180   6.70181e-07   267.11   2201.98  0  -1137.05   3.6382e-12   0.000277035  0.999723
181   6.39344e-07   267.11   2201.98  0  -1137.05   3.58527e-12   0.000264402  0.999736
182   6.09924e-07   267.11   2201.98  0  -1137.05   3.5373e-12   0.000252344  0.999748
183   5.81858e-07   267.11   2201.98  0  -1137.05   3.49228e-12   0.000240836  0.999759
184   5.55083e-07   267.11   2201.98  0  -1137.05   3.44959e-12   0.000229853  0.99977
185   5.2954e-07   267.11   2201.98  0  -1137.05   3.4028e-12   0.00021937  0.999781
186   5.05171e-07   267.11   2201.98  0  -1137.05   3.36458e-12   0.000209366  0.999791
187   4.81924e-07   267.11   2201.98  0  -1137.05   3.32361e-12   0.000199817  0.9998
188   4.59747e-07   267.11   2201.97  0  -1137.05   3.29102e-12   0.000190704  0.999809
189   4.38591e-07   267.11   2201.97  0  -1137.05   3.25727e-12   0.000182006  0.999818
190   4.18408e-07   267.11   2201.97  0  -1137.05   3.22111e-12   0.000173705  0.999826
191   3.99154e-07   267.11   2201.97  0  -1137.05   3.18577e-12   0.000165782  0.999834
192   3.80787e-07   267.11   2201.97  0  -1137.05   3.15727e-12   0.000158221  0.999842
193   3.63265e-07   267.11   2201.97  0  -1137.05   3.12904e-12   0.000151004  0.999849
194   3.46549e-07   267.11   2201.97  0  -1137.05   3.10306e-12   0.000144117  0.999856
195   3.30603e-07   267.11   2201.97  0  -1137.05   3.07561e-12   0.000137544  0.999862
196   3.15392e-07   267.11   2201.97  0  -1137.05   3.0516e-12   0.00013127  0.999869
197   3.0088e-07   267.11   2201.97  0  -1137.05   3.02909e-12   0.000125282  0.999875
198   2.87037e-07   267.11   2201.97  0  -1137.05   3.00289e-12   0.000119568  0.99988
199   2.73831e-07   267.11   2201.97  0  -1137.05   2.98193e-12   0.000114114  0.999886
200   2.61233e-07   267.11   2201.97  0  -1137.05   2.95939e-12   0.000108909  0.999891
201   2.49215e-07   267.11   2201.97  0  -1137.05   2.94157e-12   0.000103941  0.999896
202   2.3775e-07   267.11   2201.97  0  -1137.05   2.92306e-12   9.92001e-05  0.999901
203   2.26813e-07   267.11   2201.97  0  -1137.05   2.90349e-12   9.46751e-05  0.999905
204   2.1638e-07   267.11   2201.97  0  -1137.05   2.88662e-12   9.03566e-05  0.99991
205   2.06427e-07   267.11   2201.97  0  -1137.05   2.87041e-12   8.62349e-05  0.999914
206   1.96932e-07   267.11   2201.97  0  -1137.05   2.85572e-12   8.23013e-05  0.999918
207   1.87874e-07   267.11   2201.97  0  -1137.05   2.83899e-12   7.85471e-05  0.999921
208   1.79234e-07   267.11   2201.97  0  -1137.05   2.82414e-12   7.49641e-05  0.999925
209   1.70991e-07   267.11   2201.97  0  -1137.05   2.80984e-12   7.15446e-05  0.999928
210   1.63128e-07   267.11   2201.97  0  -1137.05   2.79788e-12   6.8281e-05  0.999932
211   1.55626e-07   267.11   2201.97  0  -1137.05   2.78575e-12   6.51662e-05  0.999935
212   1.4847e-07   267.11   2201.97  0  -1137.05   2.77412e-12   6.21936e-05  0.999938
213   1.41643e-07   267.11   2201.97  0  -1137.05   2.76271e-12   5.93565e-05  0.999941
214   1.35131e-07   267.11   2201.97  0  -1137.05   2.75106e-12   5.66488e-05  0.999943
215   1.28918e-07   267.11   2201.97  0  -1137.05   2.74015e-12   5.40647e-05  0.999946
216   1.22991e-07   267.11   2201.97  0  -1137.05   2.7299e-12   5.15984e-05  0.999948
217   1.17337e-07   267.11   2201.97  0  -1137.05   2.72111e-12   4.92446e-05  0.999951
218   1.11943e-07   267.11   2201.97  0  -1137.05   2.71167e-12   4.69982e-05  0.999953
219   1.06798e-07   267.11   2201.97  0  -1137.05   2.7039e-12   4.48542e-05  0.999955
220   1.01889e-07   267.11   2201.97  0  -1137.05   2.69574e-12   4.28081e-05  0.999957
221   9.72062e-08   267.11   2201.97  0  -1137.05   2.68569e-12   4.08552e-05  0.999959
222   9.27387e-08   267.11   2201.97  0  -1137.05   2.68169e-12   3.89915e-05  0.999961
223   8.84768e-08   267.11   2201.97  0  -1137.05   2.67265e-12   3.72128e-05  0.999963
224   8.4411e-08   267.11   2201.96  0  -1137.05   2.66676e-12   3.55152e-05  0.999964
225   8.05323e-08   267.11   2201.96  0  -1137.05   2.66007e-12   3.3895e-05  0.999966
226   7.6832e-08   267.11   2201.96  0  -1137.05   2.6546e-12   3.23488e-05  0.999968
227   7.33019e-08   267.11   2201.96  0  -1137.05   2.64578e-12   3.08731e-05  0.999969
228   6.99342e-08   267.11   2201.96  0  -1137.05   2.64208e-12   2.94647e-05  0.999971
229   6.67214e-08   267.11   2201.96  0  -1137.05   2.64039e-12   2.81205e-05  0.999972
230   6.36563e-08   267.11   2201.96  0  -1137.05   2.63245e-12   2.68377e-05  0.999973
231   6.07322e-08   267.11   2201.96  0  -1137.05   2.62832e-12   2.56134e-05  0.999974
232   5.79426e-08   267.11   2201.96  0  -1137.05   2.62293e-12   2.44449e-05  0.999976
233   5.52813e-08   267.11   2201.96  0  -1137.05   2.62044e-12   2.33298e-05  0.999977
234   5.27424e-08   267.11   2201.96  0  -1137.05   2.61455e-12   2.22655e-05  0.999978
235   5.03202e-08   267.11   2201.96  0  -1137.05   2.60692e-12   2.12497e-05  0.999979
236   4.80094e-08   267.11   2201.96  0  -1137.05   2.60489e-12   2.02803e-05  0.99998
237   4.58048e-08   267.11   2201.96  0  -1137.05   2.603e-12   1.93551e-05  0.999981
238   4.37016e-08   267.11   2201.96  0  -1137.05   2.59959e-12   1.84722e-05  0.999982
239   4.1695e-08   267.11   2201.96  0  -1137.05   2.59398e-12   1.76295e-05  0.999982
240   3.97807e-08   267.11   2201.96  0  -1137.05   2.58968e-12   1.68252e-05  0.999983
241   3.79544e-08   267.11   2201.96  0  -1137.05   2.58743e-12   1.60577e-05  0.999984
242   3.6212e-08   267.11   2201.96  0  -1137.05   2.58313e-12   1.53251e-05  0.999985
243   3.45497e-08   267.11   2201.96  0  -1137.05   2.58308e-12   1.4626e-05  0.999985
244   3.29638e-08   267.11   2201.96  0  -1137.05   2.58038e-12   1.39587e-05  0.999986
245   3.14508e-08   267.11   2201.96  0  -1137.05   2.57722e-12   1.33219e-05  0.999987
246   3.00073e-08   267.11   2201.96  0  -1137.05   2.5758e-12   1.27142e-05  0.999987
247   2.86301e-08   267.11   2201.96  0  -1137.05   2.57342e-12   1.21342e-05  0.999988
248   2.73162e-08   267.11   2201.96  0  -1137.05   2.57058e-12   1.15806e-05  0.999988
249   2.60627e-08   267.11   2201.96  0  -1137.05   2.56864e-12   1.10523e-05  0.999989
250   2.48667e-08   267.11   2201.96  0  -1137.05   2.56581e-12   1.05481e-05  0.999989
251   2.37257e-08   267.11   2201.96  0  -1137.05   2.56428e-12   1.00669e-05  0.99999
252   2.26371e-08   267.11   2201.96  0  -1137.05   2.5634e-12   9.60764e-06  0.99999
253   2.15985e-08   267.11   2201.96  0  -1137.05   2.56048e-12   9.16933e-06  0.999991
254   2.06076e-08   267.11   2201.96  0  -1137.05   2.55563e-12   8.75103e-06  0.999991
255   1.96623e-08   267.11   2201.96  0  -1137.05   2.55518e-12   8.3518e-06  0.999992
256   1.87603e-08   267.11   2201.96  0  -1137.05   2.5556e-12   7.97079e-06  0.999992
257   1.78997e-08   267.11   2201.96  0  -1137.05   2.55271e-12   7.60716e-06  0.999992
258   1.70787e-08   267.11   2201.96  0  -1137.05   2.54885e-12   7.26012e-06  0.999993
259   1.62954e-08   267.11   2201.96  0  -1137.05   2.5551e-12   6.92891e-06  0.999993
260   1.5548e-08   267.11   2201.96  0  -1137.05   2.54977e-12   6.61281e-06  0.999993
261   1.4835e-08   267.11   2201.96  0  -1137.05   2.5493e-12   6.31113e-06  0.999994
262   1.41546e-08   267.11   2201.96  0  -1137.05   2.54794e-12   6.02321e-06  0.999994
263   1.35056e-08   267.11   2201.96  0  -1137.05   2.54699e-12   5.74843e-06  0.999994
264   1.28863e-08   267.11   2201.96  0  -1137.05   2.54688e-12   5.48618e-06  0.999995
265   1.22954e-08   267.11   2201.96  0  -1137.05   2.54441e-12   5.2359e-06  0.999995
266   1.17316e-08   267.11   2201.96  0  -1137.05   2.54327e-12   4.99704e-06  0.999995
267   1.11938e-08   267.11   2201.96  0  -1137.05   2.54286e-12   4.76907e-06  0.999995
268   1.06806e-08   267.11   2201.96  0  -1137.05   2.54169e-12   4.5515e-06  0.999995
269   1.01909e-08   267.11   2201.96  0  -1137.05   2.54161e-12   4.34386e-06  0.999996
270   9.72377e-09   267.11   2201.96  0  -1137.05   2.54161e-12   4.14569e-06  0.999996
271   9.27804e-09   267.11   2201.96  0  -1137.05   2.54225e-12   3.95656e-06  0.999996
272   8.85276e-09   267.11   2201.96  0  -1137.05   2.53858e-12   3.77606e-06  0.999996
273   8.44699e-09   267.11   2201.96  0  -1137.05   2.53864e-12   3.60379e-06  0.999996
274   8.05983e-09   267.11   2201.96  0  -1137.05   2.5383e-12   3.43939e-06  0.999997
275   7.69044e-09   267.11   2201.96  0  -1137.05   2.53847e-12   3.28248e-06  0.999997
276   7.33799e-09   267.11   2201.96  0  -1137.05   2.53844e-12   3.13273e-06  0.999997
277   7.00171e-09   267.11   2201.96  0  -1137.05   2.53575e-12   2.98981e-06  0.999997
278   6.68086e-09   267.11   2201.96  0  -1137.05   2.53445e-12   2.85341e-06  0.999997
279   6.37472e-09   267.11   2201.96  0  -1137.05   2.53467e-12   2.72324e-06  0.999997
280   6.08262e-09   267.11   2201.96  0  -1137.05   2.53428e-12   2.599e-06  0.999997
281   5.80392e-09   267.11   2201.96  0  -1137.05   2.53298e-12   2.48043e-06  0.999998
282   5.538e-09   267.11   2201.96  0  -1137.05   2.53164e-12   2.36728e-06  0.999998
283   5.28427e-09   267.11   2201.96  0  -1137.05   2.53311e-12   2.25928e-06  0.999998
284   5.04218e-09   267.11   2201.96  0  -1137.05   2.53292e-12   2.15621e-06  0.999998
285   4.81119e-09   267.11   2201.96  0  -1137.05   2.53192e-12   2.05784e-06  0.999998
286   4.59079e-09   267.11   2201.96  0  -1137.05   2.53145e-12   1.96396e-06  0.999998
287   4.38049e-09   267.11   2201.96  0  -1137.05   2.53017e-12   1.87436e-06  0.999998
288   4.17984e-09   267.11   2201.96  0  -1137.05   2.53123e-12   1.78885e-06  0.999998
289   3.98838e-09   267.11   2201.96  0  -1137.05   2.53084e-12   1.70724e-06  0.999998
290   3.8057e-09   267.11   2201.96  0  -1137.05   2.53095e-12   1.62936e-06  0.999998
291   3.6314e-09   267.11   2201.96  0  -1137.05   2.53026e-12   1.55503e-06  0.999998
292   3.46508e-09   267.11   2201.96  0  -1137.05   2.52745e-12   1.48408e-06  0.999999
293   3.30639e-09   267.11   2201.96  0  -1137.05   2.52873e-12   1.41638e-06  0.999999
294   3.15497e-09   267.11   2201.96  0  -1137.05   2.53203e-12   1.35176e-06  0.999999
295   3.01049e-09   267.11   2201.96  0  -1137.05   2.52867e-12   1.29009e-06  0.999999
296   2.87264e-09   267.11   2201.96  0  -1137.05   2.52917e-12   1.23124e-06  0.999999
297   2.7411e-09   267.11   2201.96  0  -1137.05   2.52817e-12   1.17507e-06  0.999999
298   2.61559e-09   267.11   2201.96  0  -1137.05   2.52704e-12   1.12146e-06  0.999999
299   2.49583e-09   267.11   2201.96  0  -1137.05   2.52715e-12   1.0703e-06  0.999999
300   2.38155e-09   267.11   2201.96  0  -1137.05   2.52787e-12   1.02147e-06  0.999999
301   2.27252e-09   267.11   2201.96  0  -1137.05   2.52892e-12   9.74871e-07  0.999999
302   2.16848e-09   267.11   2201.96  0  -1137.05   2.52706e-12   9.30397e-07  0.999999
303   2.0692e-09   267.11   2201.96  0  -1137.05   2.52537e-12   8.87951e-07  0.999999
304   1.97447e-09   267.11   2201.96  0  -1137.05   2.52806e-12   8.47442e-07  0.999999
305   1.88409e-09   267.11   2201.96  0  -1137.05   2.52584e-12   8.08781e-07  0.999999
306   1.79784e-09   267.11   2201.96  0  -1137.05   2.52792e-12   7.71884e-07  0.999999
307   1.71555e-09   267.11   2201.96  0  -1137.05   2.5262e-12   7.3667e-07  0.999999
308   1.63702e-09   267.11   2201.96  0  -1137.05   2.52812e-12   7.03062e-07  0.999999
309   1.56209e-09   267.11   2201.96  0  -1137.05   2.52828e-12   6.70988e-07  0.999999
310   1.49059e-09   267.11   2201.96  0  -1137.05   2.52748e-12   6.40377e-07  0.999999
311   1.42237e-09   267.11   2201.96  0  -1137.05   2.52379e-12   6.11162e-07  0.999999
312   1.35727e-09   267.11   2201.96  0  -1137.05   2.52509e-12   5.83281e-07  0.999999
313   1.29516e-09   267.11   2201.96  0  -1137.05   2.52481e-12   5.56671e-07  0.999999
314   1.23589e-09   267.11   2201.96  0  -1137.05   2.52898e-12   5.31275e-07  0.999999
315   1.17933e-09   267.11   2201.96  0  -1137.05   2.52762e-12   5.07038e-07  0.999999
316   1.12536e-09   267.11   2201.96  0  -1137.05   2.52568e-12   4.83906e-07  1
317   1.07387e-09   267.11   2201.96  0  -1137.05   2.5267e-12   4.6183e-07  1
318   1.02473e-09   267.11   2201.96  0  -1137.05   2.52718e-12   4.40761e-07  1
319   9.77838e-10   267.11   2201.96  0  -1137.05   2.52592e-12   4.20653e-07  1
320   9.33096e-10   267.11   2201.96  0  -1137.05   2.52609e-12   4.01462e-07  1
321   8.90403e-10   267.11   2201.96  0  -1137.05   2.52523e-12   3.83147e-07  1
322   8.49664e-10   267.11   2201.96  0  -1137.05   2.52579e-12   3.65668e-07  1
323   8.10791e-10   267.11   2201.96  0  -1137.05   2.52562e-12   3.48986e-07  1
324   7.73697e-10   267.11   2201.96  0  -1137.05   2.5287e-12   3.33065e-07  1
325   7.38301e-10   267.11   2201.96  0  -1137.05   2.52537e-12   3.1787e-07  1
326   7.04525e-10   267.11   2201.96  0  -1137.05   2.52501e-12   3.03368e-07  1
327   6.72295e-10   267.11   2201.96  0  -1137.05   2.52354e-12   2.89529e-07  1
328   6.41541e-10   267.11   2201.96  0  -1137.05   2.52676e-12   2.7632e-07  1
329   6.12194e-10   267.11   2201.96  0  -1137.05   2.52665e-12   2.63714e-07  1
330   5.84191e-10   267.11   2201.96  0  -1137.05   2.52684e-12   2.51683e-07  1
331   5.57469e-10   267.11   2201.96  0  -1137.05   2.52354e-12   2.40201e-07  1
332   5.3197e-10   267.11   2201.96  0  -1137.05   2.52534e-12   2.29243e-07  1
333   5.07638e-10   267.11   2201.96  0  -1137.05   2.52537e-12   2.18785e-07  1
334   4.84419e-10   267.11   2201.96  0  -1137.05   2.52526e-12   2.08804e-07  1
335   4.62264e-10   267.11   2201.96  0  -1137.05   2.52462e-12   1.99278e-07  1
336   4.41122e-10   267.11   2201.96  0  -1137.05   2.52726e-12   1.90187e-07  1
337   4.20947e-10   267.11   2201.96  0  -1137.05   2.52443e-12   1.8151e-07  1
338   4.01696e-10   267.11   2201.96  0  -1137.05   2.52412e-12   1.73229e-07  1
339   3.83325e-10   267.11   2201.96  0  -1137.05   2.52654e-12   1.65326e-07  1
340   3.65796e-10   267.11   2201.96  0  -1137.05   2.52465e-12   1.57784e-07  1
341   3.49067e-10   267.11   2201.96  0  -1137.05   2.52465e-12   1.50586e-07  1
342   3.33105e-10   267.11   2201.96  0  -1137.05   2.52376e-12   1.43716e-07  1
343   3.17873e-10   267.11   2201.96  0  -1137.05   2.52584e-12   1.3716e-07  1
344   3.03337e-10   267.11   2201.96  0  -1137.05   2.52268e-12   1.30902e-07  1
345   2.89467e-10   267.11   2201.96  0  -1137.05   2.52612e-12   1.2493e-07  1
346   2.76231e-10   267.11   2201.96  0  -1137.05   2.52557e-12   1.19231e-07  1
347   2.63601e-10   267.11   2201.96  0  -1137.05   2.52601e-12   1.13791e-07  1
348   2.51549e-10   267.11   2201.96  0  -1137.05   2.52759e-12   1.086e-07  1
349   2.40047e-10   267.11   2201.96  0  -1137.05   2.52695e-12   1.03646e-07  1
350   2.29072e-10   267.11   2201.96  0  -1137.05   2.52465e-12   9.89174e-08  1
351   2.18599e-10   267.11   2201.96  0  -1137.05   2.52473e-12   9.44047e-08  1
352   2.08605e-10   267.11   2201.96  0  -1137.05   2.52398e-12   9.00978e-08  1
353   1.99068e-10   267.11   2201.96  0  -1137.05   2.52426e-12   8.59875e-08  1
354   1.89967e-10   267.11   2201.96  0  -1137.05   2.52334e-12   8.20647e-08  1
355   1.81283e-10   267.11   2201.96  0  -1137.05   2.52407e-12   7.83208e-08  1
356   1.72995e-10   267.11   2201.96  0  -1137.05   2.52667e-12   7.47477e-08  1
357   1.65087e-10   267.11   2201.96  0  -1137.05   2.52623e-12   7.13377e-08  1
358   1.57541e-10   267.11   2201.96  0  -1137.05   2.52628e-12   6.80832e-08  1
359   1.50339e-10   267.11   2201.96  0  -1137.05   2.52645e-12   6.49772e-08  1
360   1.43467e-10   267.11   2201.96  0  -1137.05   2.52362e-12   6.20129e-08  1
361   1.36909e-10   267.11   2201.96  0  -1137.05   2.52607e-12   5.91838e-08  1
362   1.30651e-10   267.11   2201.96  0  -1137.05   2.52365e-12   5.64838e-08  1
363   1.24679e-10   267.11   2201.96  0  -1137.05   2.52473e-12   5.39069e-08  1
364   1.1898e-10   267.11   2201.96  0  -1137.05   2.52734e-12   5.14476e-08  1
365   1.13543e-10   267.11   2201.96  0  -1137.05   2.52382e-12   4.91005e-08  1
366   1.08353e-10   267.11   2201.96  0  -1137.05   2.52243e-12   4.68605e-08  1
367   1.03401e-10   267.11   2201.96  0  -1137.05   2.52737e-12   4.47227e-08  1
368   9.86745e-11   267.11   2201.96  0  -1137.05   2.52593e-12   4.26824e-08  1
369   9.41648e-11   267.11   2201.96  0  -1137.05   2.52482e-12   4.07352e-08  1
370   8.98612e-11   267.11   2201.96  0  -1137.05   2.52312e-12   3.88768e-08  1
371   8.57547e-11   267.11   2201.96  0  -1137.05   2.52434e-12   3.71032e-08  1
372   8.18352e-11   267.11   2201.96  0  -1137.05   2.52265e-12   3.54106e-08  1
373   7.80956e-11   267.11   2201.96  0  -1137.05   2.52185e-12   3.37951e-08  1
374   7.45267e-11   267.11   2201.96  0  -1137.05   2.5259e-12   3.22533e-08  1
375   7.1121e-11   267.11   2201.96  0  -1137.05   2.52379e-12   3.07819e-08  1
376   6.78708e-11   267.11   2201.96  0  -1137.05   2.5249e-12   2.93776e-08  1
377   6.47695e-11   267.11   2201.96  0  -1137.05   2.52282e-12   2.80374e-08  1
378   6.18095e-11   267.11   2201.96  0  -1137.05   2.52537e-12   2.67583e-08  1
379   5.89856e-11   267.11   2201.96  0  -1137.05   2.52623e-12   2.55375e-08  1
380   5.629e-11   267.11   2201.96  0  -1137.05   2.52481e-12   2.43725e-08  1
381   5.37179e-11   267.11   2201.96  0  -1137.05   2.52323e-12   2.32606e-08  1
382   5.12633e-11   267.11   2201.96  0  -1137.05   2.52493e-12   2.21994e-08  1
383   4.89211e-11   267.11   2201.96  0  -1137.05   2.52332e-12   2.11867e-08  1
384   4.66859e-11   267.11   2201.96  0  -1137.05   2.52645e-12   2.02201e-08  1
385   4.45526e-11   267.11   2201.96  0  -1137.05   2.52543e-12   1.92977e-08  1
386   4.25174e-11   267.11   2201.96  0  -1137.05   2.5244e-12   1.84173e-08  1
387   4.0574e-11   267.11   2201.96  0  -1137.05   2.52257e-12   1.75771e-08  1
388   3.87209e-11   267.11   2201.96  0  -1137.05   2.5234e-12   1.67752e-08  1
389   3.69513e-11   267.11   2201.96  0  -1137.05   2.52473e-12   1.60099e-08  1
390   3.52633e-11   267.11   2201.96  0  -1137.05   2.52395e-12   1.52795e-08  1
391   3.36521e-11   267.11   2201.96  0  -1137.05   2.52537e-12   1.45824e-08  1
392   3.21145e-11   267.11   2201.96  0  -1137.05   2.52484e-12   1.39172e-08  1
393   3.06476e-11   267.11   2201.96  0  -1137.05   2.52554e-12   1.32823e-08  1
394   2.92474e-11   267.11   2201.96  0  -1137.05   2.52451e-12   1.26763e-08  1
395   2.79112e-11   267.11   2201.96  0  -1137.05   2.52487e-12   1.2098e-08  1
396   2.66364e-11   267.11   2201.96  0  -1137.05   2.52529e-12   1.15461e-08  1
397   2.54197e-11   267.11   2201.96  0  -1137.05   2.52595e-12   1.10193e-08  1
398   2.42581e-11   267.11   2201.96  0  -1137.05   2.52354e-12   1.05166e-08  1
399   2.31502e-11   267.11   2201.96  0  -1137.05   2.52148e-12   1.00369e-08  1
400   2.20929e-11   267.11   2201.96  0  -1137.05   2.52593e-12   9.57896e-09  1
401   2.10834e-11   267.11   2201.96  0  -1137.05   2.52196e-12   9.14196e-09  1
402   2.01203e-11   267.11   2201.96  0  -1137.05   2.52287e-12   8.7249e-09  1
403   1.92009e-11   267.11   2201.96  0  -1137.05   2.52495e-12   8.32686e-09  1
404   1.8324e-11   267.11   2201.96  0  -1137.05   2.52218e-12   7.94698e-09  1
405   1.74869e-11   267.11   2201.96  0  -1137.05   2.52276e-12   7.58443e-09  1
406   1.66887e-11   267.11   2201.96  0  -1137.05   2.52465e-12   7.23842e-09  1
407   1.59258e-11   267.11   2201.96  0  -1137.05   2.5259e-12   6.9082e-09  1
408   1.51989e-11   267.11   2201.96  0  -1137.05   2.52271e-12   6.59304e-09  1
409   1.45043e-11   267.11   2201.96  0  -1137.05   2.52429e-12   6.29226e-09  1
410   1.38419e-11   267.11   2201.96  0  -1137.05   2.52457e-12   6.0052e-09  1
411   1.32098e-11   267.11   2201.96  0  -1137.05   2.52495e-12   5.73124e-09  1
412   1.26066e-11   267.11   2201.96  0  -1137.05   2.52262e-12   5.46977e-09  1
413   1.20304e-11   267.11   2201.96  0  -1137.05   2.52404e-12   5.22024e-09  1
414   1.14809e-11   267.11   2201.96  0  -1137.05   2.52348e-12   4.98209e-09  1
415   1.09569e-11   267.11   2201.96  0  -1137.05   2.52268e-12   4.7548e-09  1
416   1.04562e-11   267.11   2201.96  0  -1137.05   2.52387e-12   4.53788e-09  1
417   9.9791e-12   267.11   2201.96  0  -1137.05   2.5252e-12   4.33086e-09  1
418   9.52288e-12   267.11   2201.96  0  -1137.05   2.52376e-12   4.13328e-09  1
419   9.08799e-12   267.11   2201.96  0  -1137.05   2.52493e-12   3.94472e-09  1
420   8.67322e-12   267.11   2201.96  0  -1137.05   2.52335e-12   3.76476e-09  1
421   8.27678e-12   267.11   2201.96  0  -1137.05   2.5247e-12   3.593e-09  1
422   7.89891e-12   267.11   2201.96  0  -1137.05   2.52451e-12   3.42909e-09  1
423   7.53796e-12   267.11   2201.96  0  -1137.05   2.52506e-12   3.27265e-09  1
424   7.19424e-12   267.11   2201.96  0  -1137.05   2.52418e-12   3.12335e-09  1
425   6.86547e-12   267.11   2201.96  0  -1137.05   2.52779e-12   2.98086e-09  1
426   6.55192e-12   267.11   2201.96  0  -1137.05   2.52479e-12   2.84487e-09  1
427   6.25291e-12   267.11   2201.96  0  -1137.05   2.52534e-12   2.71508e-09  1
428   5.96733e-12   267.11   2201.96  0  -1137.05   2.52418e-12   2.59122e-09  1
429   5.69467e-12   267.11   2201.96  0  -1137.05   2.52507e-12   2.473e-09  1
430   5.43458e-12   267.11   2201.96  0  -1137.05   2.52373e-12   2.36018e-09  1
431   5.18645e-12   267.11   2201.96  0  -1137.05   2.52537e-12   2.25251e-09  1
432   4.94947e-12   267.11   2201.96  0  -1137.05   2.52573e-12   2.14975e-09  1
433   4.72349e-12   267.11   2201.96  0  -1137.05   2.52512e-12   2.05168e-09  1
434   4.50816e-12   267.11   2201.96  0  -1137.05   2.52579e-12   1.95808e-09  1
435   4.30198e-12   267.11   2201.96  0  -1137.05   2.5244e-12   1.86875e-09  1
436   4.10565e-12   267.11   2201.96  0  -1137.05   2.52501e-12   1.78349e-09  1
437   3.91814e-12   267.11   2201.96  0  -1137.05   2.52443e-12   1.70213e-09  1
438   3.73888e-12   267.11   2201.96  0  -1137.05   2.52595e-12   1.62448e-09  1
439   3.56873e-12   267.11   2201.96  0  -1137.05   2.52501e-12   1.55037e-09  1
440   3.40546e-12   267.11   2201.96  0  -1137.05   2.52468e-12   1.47964e-09  1
441   3.25015e-12   267.11   2201.96  0  -1137.05   2.52365e-12   1.41213e-09  1
442   3.10148e-12   267.11   2201.96  0  -1137.05   2.52443e-12   1.34771e-09  1
443   2.95985e-12   267.11   2201.96  0  -1137.05   2.52501e-12   1.28623e-09  1
444   2.82437e-12   267.11   2201.96  0  -1137.05   2.5236e-12   1.22755e-09  1
445   2.69612e-12   267.11   2201.96  0  -1137.05   2.52712e-12   1.17155e-09  1
446   2.57276e-12   267.11   2201.96  0  -1137.05   2.52532e-12   1.1181e-09  1
447   2.45525e-12   267.11   2201.96  0  -1137.05   2.52426e-12   1.06709e-09  1
448   2.34356e-12   267.11   2201.96  0  -1137.05   2.5249e-12   1.01841e-09  1
449   2.23647e-12   267.11   2201.96  0  -1137.05   2.52579e-12   9.71949e-10  1
450   2.13422e-12   267.11   2201.96  0  -1137.05   2.52543e-12   9.27607e-10  1
451   2.03674e-12   267.11   2201.96  0  -1137.05   2.52357e-12   8.85289e-10  1
452   1.94388e-12   267.11   2201.96  0  -1137.05   2.52412e-12   8.44901e-10  1
453   1.85513e-12   267.11   2201.96  0  -1137.05   2.52643e-12   8.06356e-10  1
454   1.77038e-12   267.11   2201.96  0  -1137.05   2.52401e-12   7.6957e-10  1
455   1.68938e-12   267.11   2201.96  0  -1137.05   2.52396e-12   7.34461e-10  1
456   1.61216e-12   267.11   2201.96  0  -1137.05   2.52243e-12   7.00954e-10  1
457   1.53865e-12   267.11   2201.96  0  -1137.05   2.52501e-12   6.68976e-10  1
458   1.46849e-12   267.11   2201.96  0  -1137.05   2.52662e-12   6.38457e-10  1
459   1.40133e-12   267.11   2201.96  0  -1137.05   2.52473e-12   6.0933e-10  1
460   1.33752e-12   267.11   2201.96  0  -1137.05   2.52387e-12   5.81532e-10  1
461   1.27671e-12   267.11   2201.96  0  -1137.05   2.52679e-12   5.55002e-10  1
462   1.21821e-12   267.11   2201.96  0  -1137.05   2.5219e-12   5.29682e-10  1
463   1.16246e-12   267.11   2201.96  0  -1137.05   2.52473e-12   5.05517e-10  1
464   1.10932e-12   267.11   2201.96  0  -1137.05   2.52551e-12   4.82455e-10  1
465   1.05896e-12   267.11   2201.96  0  -1137.05   2.52529e-12   4.60445e-10  1
466   1.0105e-12   267.11   2201.96  0  -1137.05   2.52601e-12   4.39439e-10  1
467   9.64537e-13   267.11   2201.96  0  -1137.05   2.52301e-12   4.19392e-10  1
468   9.20437e-13   267.11   2201.96  0  -1137.05   2.52329e-12   4.00259e-10  1
469   8.78356e-13   267.11   2201.96  0  -1137.05   2.52376e-12   3.81998e-10  1
470   8.38128e-13   267.11   2201.96  0  -1137.05   2.52451e-12   3.64571e-10  1
471   8.00002e-13   267.11   2201.96  0  -1137.05   2.52404e-12   3.47939e-10  1
472   7.63577e-13   267.11   2201.96  0  -1137.05   2.52323e-12   3.32066e-10  1
473   7.28719e-13   267.11   2201.96  0  -1137.05   2.52612e-12   3.16917e-10  1
474   6.94986e-13   267.11   2201.96  0  -1137.05   2.52501e-12   3.02459e-10  1
475   6.63483e-13   267.11   2201.96  0  -1137.05   2.52437e-12   2.8866e-10  1
476   6.33271e-13   267.11   2201.96  0  -1137.05   2.52409e-12   2.75491e-10  1
477   6.04586e-13   267.11   2201.96  0  -1137.05   2.52196e-12   2.62923e-10  1
478   5.76823e-13   267.11   2201.96  0  -1137.05   2.5252e-12   2.50928e-10  1
479   5.50299e-13   267.11   2201.96  0  -1137.05   2.52454e-12   2.39481e-10  1
480   5.2533e-13   267.11   2201.96  0  -1137.05   2.52404e-12   2.28555e-10  1
481   5.01141e-13   267.11   2201.96  0  -1137.05   2.52321e-12   2.18129e-10  1
482   4.78173e-13   267.11   2201.96  0  -1137.05   2.52423e-12   2.08177e-10  1
483   4.56218e-13   267.11   2201.96  0  -1137.05   2.52679e-12   1.9868e-10  1
484   4.35867e-13   267.11   2201.96  0  -1137.05   2.52504e-12   1.89616e-10  1
485   4.16021e-13   267.11   2201.96  0  -1137.05   2.52532e-12   1.80966e-10  1
486   3.96586e-13   267.11   2201.96  0  -1137.05   2.52487e-12   1.7271e-10  1
487   3.78884e-13   267.11   2201.96  0  -1137.05   2.52473e-12   1.64831e-10  1
488   3.61679e-13   267.11   2201.96  0  -1137.05   2.5216e-12   1.57311e-10  1
489   3.44863e-13   267.11   2201.96  0  -1137.05   2.52248e-12   1.50134e-10  1
490   3.29261e-13   267.11   2201.96  0  -1137.05   2.52521e-12   1.43285e-10  1
491   3.14214e-13   267.11   2201.96  0  -1137.05   2.52237e-12   1.36748e-10  1
492   3.00038e-13   267.11   2201.96  0  -1137.05   2.5257e-12   1.3051e-10  1
493   2.8591e-13   267.11   2201.96  0  -1137.05   2.52695e-12   1.24556e-10  1
494   2.7325e-13   267.11   2201.96  0  -1137.05   2.52298e-12   1.18873e-10  1
495   2.61e-13   267.11   2201.96  0  -1137.05   2.52373e-12   1.1345e-10  1
496   2.48281e-13   267.11   2201.96  0  -1137.05   2.52537e-12   1.08275e-10  1
497   2.37348e-13   267.11   2201.96  0  -1137.05   2.52426e-12   1.03335e-10  1
498   2.26756e-13   267.11   2201.96  0  -1137.05   2.52609e-12   9.86207e-11  1
499   2.16504e-13   267.11   2201.96  0  -1137.05   2.52165e-12   9.41215e-11  1
500   2.06286e-13   267.11   2201.96  0  -1137.05   2.52482e-12   8.98276e-11  1
501   1.96902e-13   267.11   2201.96  0  -1137.05   2.52698e-12   8.57296e-11  1
502   1.87857e-13   267.11   2201.96  0  -1137.05   2.52679e-12   8.18186e-11  1
503   1.79527e-13   267.11   2201.96  0  -1137.05   2.52379e-12   7.80859e-11  1
504   1.71252e-13   267.11   2201.96  0  -1137.05   2.52259e-12   7.45236e-11  1
505   1.63494e-13   267.11   2201.96  0  -1137.05   2.52362e-12   7.11237e-11  1
506   1.55969e-13   267.11   2201.96  0  -1137.05   2.52285e-12   6.7879e-11  1
507   1.48818e-13   267.11   2201.96  0  -1137.05   2.52479e-12   6.47823e-11  1
508   1.41973e-13   267.11   2201.96  0  -1137.05   2.52379e-12   6.18269e-11  1
509   1.35315e-13   267.11   2201.96  0  -1137.05   2.52581e-12   5.90063e-11  1
510   1.29338e-13   267.11   2201.96  0  -1137.05   2.52418e-12   5.63144e-11  1
511   1.23491e-13   267.11   2201.96  0  -1137.05   2.52543e-12   5.37452e-11  1
512   1.17784e-13   267.11   2201.96  0  -1137.05   2.52462e-12   5.12933e-11  1
513   1.12271e-13   267.11   2201.96  0  -1137.05   2.5257e-12   4.89533e-11  1
514   1.07359e-13   267.11   2201.96  0  -1137.05   2.52562e-12   4.672e-11  1
515   1.02508e-13   267.11   2201.96  0  -1137.05   2.52476e-12   4.45886e-11  1
516   9.75539e-14   267.11   2201.96  0  -1137.05   2.52529e-12   4.25544e-11  1
517   9.28771e-14   267.11   2201.96  0  -1137.05   2.52393e-12   4.0613e-11  1
518   8.91613e-14   267.11   2201.96  0  -1137.05   2.52529e-12   3.87602e-11  1
519   8.51298e-14   267.11   2201.96  0  -1137.05   2.52404e-12   3.6992e-11  1
520   8.12128e-14   267.11   2201.96  0  -1137.05   2.52473e-12   3.53044e-11  1
521   7.7223e-14   267.11   2201.96  0  -1137.05   2.5239e-12   3.36937e-11  1
522   7.43537e-14   267.11   2201.96  0  -1137.05   2.5267e-12   3.21566e-11  1
523   7.00412e-14   267.11   2201.96  0  -1137.05   2.52473e-12   3.06896e-11  1
524   6.7106e-14   267.11   2201.96  0  -1137.05   2.52498e-12   2.92895e-11  1
525   6.39315e-14   267.11   2201.96  0  -1137.05   2.52354e-12   2.79533e-11  1
526   6.15688e-14   267.11   2201.96  0  -1137.05   2.52321e-12   2.6678e-11  1
527   5.85122e-14   267.11   2201.96  0  -1137.05   2.52318e-12   2.5461e-11  1
528   5.60385e-14   267.11   2201.96  0  -1137.05   2.52368e-12   2.42994e-11  1
529   5.33983e-14   267.11   2201.96  0  -1137.05   2.52421e-12   2.31908e-11  1
530   5.09384e-14   267.11   2201.96  0  -1137.05   2.52382e-12   2.21329e-11  1
531   4.83398e-14   267.11   2201.96  0  -1137.05   2.52507e-12   2.11231e-11  1
532   4.66294e-14   267.11   2201.96  0  -1137.05   2.52493e-12   2.01595e-11  1
533   4.44922e-14   267.11   2201.96  0  -1137.05   2.52418e-12   1.92398e-11  1
534   4.20636e-14   267.11   2201.96  0  -1137.05   2.52557e-12   1.8362e-11  1
535   4.02248e-14   267.11   2201.96  0  -1137.05   2.52276e-12   1.75244e-11  1
536   3.85907e-14   267.11   2201.96  0  -1137.05   2.52551e-12   1.67249e-11  1
537   3.66929e-14   267.11   2201.96  0  -1137.05   2.52443e-12   1.59619e-11  1
538   3.49408e-14   267.11   2201.96  0  -1137.05   2.52493e-12   1.52337e-11  1
539   3.3494e-14   267.11   2201.96  0  -1137.05   2.52218e-12   1.45387e-11  1
540   3.19293e-14   267.11   2201.96  0  -1137.05   2.52279e-12   1.38754e-11  1
541   3.05311e-14   267.11   2201.96  0  -1137.05   2.5254e-12   1.32424e-11  1
542   2.92058e-14   267.11   2201.96  0  -1137.05   2.52631e-12   1.26383e-11  1
543   2.77452e-14   267.11   2201.96  0  -1137.05   2.52348e-12   1.20617e-11  1
544   2.64511e-14   267.11   2201.96  0  -1137.05   2.5236e-12   1.15115e-11  1
545   2.51604e-14   267.11   2201.96  0  -1137.05   2.52423e-12   1.09863e-11  1
546   2.3842e-14   267.11   2201.96  0  -1137.05   2.52604e-12   1.04851e-11  1
547   2.28602e-14   267.11   2201.96  0  -1137.05   2.52426e-12   1.00067e-11  1
548   2.19477e-14   267.11   2201.96  0  -1137.05   2.52593e-12   9.55023e-12  1
549   2.06397e-14   267.11   2201.96  0  -1137.05   2.52512e-12   9.11454e-12  1
550   2.00742e-14   267.11   2201.96  0  -1137.05   2.5254e-12   8.69873e-12  1
551   1.90507e-14   267.11   2201.96  0  -1137.05   2.52368e-12   8.30188e-12  1
552   1.81244e-14   267.11   2201.96  0  -1137.05   2.52315e-12   7.92314e-12  1
553   1.75242e-14   267.11   2201.96  0  -1137.05   2.52656e-12   7.56168e-12  1
554   1.66811e-14   267.11   2201.96  0  -1137.05   2.52345e-12   7.21671e-12  1
555   1.57582e-14   267.11   2201.96  0  -1137.05   2.52495e-12   6.88748e-12  1
556   1.47486e-14   267.11   2201.96  0  -1137.05   2.52531e-12   6.57327e-12  1
557   1.42872e-14   267.11   2201.96  0  -1137.05   2.52418e-12   6.27339e-12  1
558   1.39437e-14   267.11   2201.96  0  -1137.05   2.52493e-12   5.98719e-12  1
559   1.31284e-14   267.11   2201.96  0  -1137.05   2.52559e-12   5.71405e-12  1
560   1.27121e-14   267.11   2201.96  0  -1137.05   2.5244e-12   5.45337e-12  1
561   1.18447e-14   267.11   2201.96  0  -1137.05   2.52462e-12   5.20458e-12  1
562   1.12479e-14   267.11   2201.96  0  -1137.05   2.52207e-12   4.96714e-12  1
563   1.07761e-14   267.11   2201.96  0  -1137.05   2.52459e-12   4.74054e-12  1
564   1.00579e-14   267.11   2201.96  0  -1137.05   2.52121e-12   4.52427e-12  1
565   1.01932e-14   267.11   2201.96  0  -1137.05   2.52012e-12   4.31787e-12  1
566   9.67629e-15   267.11   2201.96  0  -1137.05   2.5252e-12   4.12088e-12  1
