#k_sublattice  row_val   col_val  value.real  value.imag
0  0  0  0.133877  0
0  0  1  0.451215  -0.136407
0  0  2  0.911358  -0.350898
0  0  3  0.0894532  -0.635231
0  0  4  0.803236  -0.291865
0  0  5  0.119353  -0.113174
0  1  0  0.451215  0.136407
0  1  1  0.0210242  0
0  1  2  0.074425  -0.470752
0  1  3  0.789652  -0.556179
0  1  4  0.26994  -0.474594
0  1  5  0.694761  -0.069119
0  2  0  0.911358  0.350898
0  2  1  0.074425  0.470752
0  2  2  0.569847  0
0  2  3  0.418669  -0.221634
0  2  4  0.748991  -0.286042
0  2  5  0.790206  -0.647797
0  3  0  0.0894532  0.635231
0  3  1  0.789652  0.556179
0  3  2  0.418669  0.221634
0  3  3  0.249778  0
0  3  4  0.306187  -0.458125
0  3  5  0.529937  -0.392524
0  4  0  0.803236  0.291865
0  4  1  0.26994  0.474594
0  4  2  0.748991  0.286042
0  4  3  0.306187  0.458125
0  4  4  0.321759  0
0  4  5  0.190357  -0.398371
0  5  0  0.119353  0.113174
0  5  1  0.694761  0.069119
0  5  2  0.790206  0.647797
0  5  3  0.529937  0.392524
0  5  4  0.190357  0.398371
0  5  5  0.596991  0
1  0  0  0.88842  0
1  0  1  0.0384382  -0.370605
1  0  2  0.261775  -0.885305
1  0  3  0.608704  -0.99892
1  0  4  0.728838  -0.550787
1  0  5  0.134165  -0.000607955
1  1  0  0.0384382  0.370605
1  1  1  0.283265  0
1  1  2  0.0195213  -0.520485
1  1  3  0.872323  -0.930338
1  1  4  0.449801  -0.0140257
1  1  5  0.911263  -0.231041
1  2  0  0.261775  0.885305
1  2  1  0.0195213  0.520485
1  2  2  0.506688  0
1  2  3  0.795708  -0.162068
1  2  4  0.056722  -0.183249
1  2  5  0.923869  -0.576431
1  3  0  0.608704  0.99892
1  3  1  0.872323  0.930338
1  3  2  0.795708  0.162068
1  3  3  0.494311  0
1  3  4  0.0122514  -0.191903
1  3  5  0.764918  -0.0243946
1  4  0  0.728838  0.550787
1  4  1  0.449801  0.0140257
1  4  2  0.056722  0.183249
1  4  3  0.0122514  0.191903
1  4  4  0.0845767  0
1  4  5  0.763557  -0.749209
1  5  0  0.134165  0.000607955
1  5  1  0.911263  0.231041
1  5  2  0.923869  0.576431
1  5  3  0.764918  0.0243946
1  5  4  0.763557  0.749209
1  5  5  0.986896  0
2  0  0  0.564559  0
2  0  1  0.246053  -0.485557
2  0  2  0.541209  -0.660952
2  0  3  0.459556  -0.720757
2  0  4  0.143022  -0.0113758
2  0  5  0.892174  -0.966729
2  1  0  0.246053  0.485557
2  1  1  0.961432  0
2  1  2  0.572078  -0.597058
2  1  3  0.774678  -0.636031
2  1  4  0.728696  -0.494407
2  1  5  0.639167  -0.681766
2  2  0  0.541209  0.660952
2  2  1  0.572078  0.597058
2  2  2  0.688166  0
2  2  3  0.67312  -0.896903
2  2  4  0.270851  -0.780637
2  2  5  0.765078  -0.879618
2  3  0  0.459556  0.720757
2  3  1  0.774678  0.636031
2  3  2  0.67312  0.896903
2  3  3  0.361228  0
2  3  4  0.773214  -0.140694
2  3  5  0.866697  -0.0431865
2  4  0  0.143022  0.0113758
2  4  1  0.728696  0.494407
2  4  2  0.270851  0.780637
2  4  3  0.773214  0.140694
2  4  4  0.473833  0
2  4  5  0.9542  -0.268361
2  5  0  0.892174  0.966729
2  5  1  0.639167  0.681766
2  5  2  0.765078  0.879618
2  5  3  0.866697  0.0431865
2  5  4  0.9542  0.268361
2  5  5  0.0701852  0
3  0  0  0.287658  0
3  0  1  0.71794  -0.410242
3  0  2  0.0942489  -0.590958
3  0  3  0.496918  -0.353562
3  0  4  0.151784  -0.740122
3  0  5  0.282706  -0.226929
3  1  0  0.71794  0.410242
3  1  1  0.648346  0
3  1  2  0.23218  -0.101084
3  1  3  0.664376  -0.665151
3  1  4  0.499095  -0.786661
3  1  5  0.124855  -0.410169
3  2  0  0.0942489  0.590958
3  2  1  0.23218  0.101084
3  2  2  0.700831  0
3  2  3  0.224498  -0.307979
3  2  4  0.50422  -0.264327
3  2  5  0.856087  -0.81018
3  3  0  0.496918  0.353562
3  3  1  0.664376  0.665151
3  3  2  0.224498  0.307979
3  3  3  0.803883  0
3  3  4  0.371556  -0.493222
3  3  5  0.0555489  -0.870992
3  4  0  0.151784  0.740122
3  4  1  0.499095  0.786661
3  4  2  0.50422  0.264327
3  4  3  0.371556  0.493222
3  4  4  0.51391  0
3  4  5  0.711268  -0.471604
3  5  0  0.282706  0.226929
3  5  1  0.124855  0.410169
3  5  2  0.856087  0.81018
3  5  3  0.0555489  0.870992
3  5  4  0.711268  0.471604
3  5  5  0.0226  0
4  0  0  0.882839  0
4  0  1  0.722961  -0.658221
4  0  2  0.51321  -0.0476587
4  0  3  0.179663  -0.694348
4  0  4  0.296946  -0.432138
4  0  5  0.210311  -0.941345
4  1  0  0.722961  0.658221
4  1  1  0.369706  0
4  1  2  0.366027  -0.614184
4  1  3  0.593499  -0.464767
4  1  4  0.327921  -0.0935853
4  1  5  0.528552  -0.3229
4  2  0  0.51321  0.0476587
4  2  1  0.366027  0.614184
4  2  2  0.394724  0
4  2  3  0.0234431  -0.459421
4  2  4  0.362625  -0.130597
4  2  5  0.578512  -0.925949
4  3  0  0.179663  0.694348
4  3  1  0.593499  0.464767
4  3  2  0.0234431  0.459421
4  3  3  0.482279  0
4  3  4  0.528859  -0.826834
4  3  5  0.374645  -0.515927
4  4  0  0.296946  0.432138
4  4  1  0.327921  0.0935853
4  4  2  0.362625  0.130597
4  4  3  0.528859  0.826834
4  4  4  0.0322123  0
4  4  5  0.443488  -0.272068
4  5  0  0.210311  0.941345
4  5  1  0.528552  0.3229
4  5  2  0.578512  0.925949
4  5  3  0.374645  0.515927
4  5  4  0.443488  0.272068
4  5  5  0.631913  0
5  0  0  0.48508  0
5  0  1  0.638601  -0.908026
5  0  2  0.209041  -0.490019
5  0  3  0.272191  -0.913002
5  0  4  0.481551  -0.631442
5  0  5  0.185523  -0.0636011
5  1  0  0.638601  0.908026
5  1  1  0.580683  0
5  1  2  0.486545  -0.210439
5  1  3  0.564665  -0.452453
5  1  4  0.0590945  -0.61418
5  1  5  0.590585  -0.836337
5  2  0  0.209041  0.490019
5  2  1  0.486545  0.210439
5  2  2  0.874311  0
5  2  3  0.0480867  -0.213238
5  2  4  0.752102  -0.409933
5  2  5  0.951368  -0.891219
5  3  0  0.272191  0.913002
5  3  1  0.564665  0.452453
5  3  2  0.0480867  0.213238
5  3  3  0.710663  0
5  3  4  0.705243  -0.105196
5  3  5  0.606953  -0.0203172
5  4  0  0.481551  0.631442
5  4  1  0.0590945  0.61418
5  4  2  0.752102  0.409933
5  4  3  0.705243  0.105196
5  4  4  0.0846267  0
5  4  5  0.423253  -0.500508
5  5  0  0.185523  0.0636011
5  5  1  0.590585  0.836337
5  5  2  0.951368  0.891219
5  5  3  0.606953  0.0203172
5  5  4  0.423253  0.500508
5  5  5  0.739608  0
6  0  0  0.242188  0
6  0  1  0.506893  -0.514861
6  0  2  0.142955  -0.449523
6  0  3  0.531823  -0.477013
6  0  4  0.955118  -0.915446
6  0  5  0.372752  -0.98981
6  1  0  0.506893  0.514861
6  1  1  0.465481  0
6  1  2  0.661329  -0.583983
6  1  3  0.905372  -0.260833
6  1  4  0.702684  -0.785336
6  1  5  0.146358  -0.766878
6  2  0  0.142955  0.449523
6  2  1  0.661329  0.583983
6  2  2  0.428143  0
6  2  3  0.684549  -0.259981
6  2  4  0.478939  -0.379581
6  2  5  0.233249  -0.571217
6  3  0  0.531823  0.477013
6  3  1  0.905372  0.260833
6  3  2  0.684549  0.259981
6  3  3  0.633634  0
6  3  4  0.630349  -0.38152
6  3  5  0.699134  -0.286816
6  4  0  0.955118  0.915446
6  4  1  0.702684  0.785336
6  4  2  0.478939  0.379581
6  4  3  0.630349  0.38152
6  4  4  0.655933  0
6  4  5  0.725471  -0.804749
6  5  0  0.372752  0.98981
6  5  1  0.146358  0.766878
6  5  2  0.233249  0.571217
6  5  3  0.699134  0.286816
6  5  4  0.725471  0.804749
6  5  5  0.402967  0
7  0  0  0.202681  0
7  0  1  0.419604  -0.140577
7  0  2  0.340268  -0.465858
7  0  3  0.859601  -0.432195
7  0  4  0.915061  -0.80704
7  0  5  0.635301  -0.639101
7  1  0  0.419604  0.140577
7  1  1  0.185165  0
7  1  2  0.016686  -0.704524
7  1  3  0.331797  -0.605913
7  1  4  0.745892  -0.945771
7  1  5  0.989854  -0.704555
7  2  0  0.340268  0.465858
7  2  1  0.016686  0.704524
7  2  2  0.465336  0
7  2  3  0.0613016  -0.658226
7  2  4  0.407887  -0.0761123
7  2  5  0.483088  -0.450833
7  3  0  0.859601  0.432195
7  3  1  0.331797  0.605913
7  3  2  0.0613016  0.658226
7  3  3  0.575702  0
7  3  4  0.361721  -0.806362
7  3  5  0.977659  -0.894318
7  4  0  0.915061  0.80704
7  4  1  0.745892  0.945771
7  4  2  0.407887  0.0761123
7  4  3  0.361721  0.806362
7  4  4  0.316655  0
7  4  5  0.215861  -0.399471
7  5  0  0.635301  0.639101
7  5  1  0.989854  0.704555
7  5  2  0.483088  0.450833
7  5  3  0.977659  0.894318
7  5  4  0.215861  0.399471
7  5  5  0.818813  0
8  0  0  0.87443  0
8  0  1  0.129652  -0.819243
8  0  2  0.684264  -0.098072
8  0  3  0.0128887  -0.701442
8  0  4  0.784603  -0.915665
8  0  5  0.219581  -0.719913
8  1  0  0.129652  0.819243
8  1  1  0.856952  0
8  1  2  0.672718  -0.251865
8  1  3  0.924881  -0.101118
8  1  4  0.7116  -0.243641
8  1  5  0.501181  -0.696963
8  2  0  0.684264  0.098072
8  2  1  0.672718  0.251865
8  2  2  0.112547  0
8  2  3  0.200852  -0.479496
8  2  4  0.492065  -0.0592449
8  2  5  0.782601  -0.200152
8  3  0  0.0128887  0.701442
8  3  1  0.924881  0.101118
8  3  2  0.200852  0.479496
8  3  3  0.369036  0
8  3  4  0.382279  -0.668891
8  3  5  0.34043  -0.932337
8  4  0  0.784603  0.915665
8  4  1  0.7116  0.243641
8  4  2  0.492065  0.0592449
8  4  3  0.382279  0.668891
8  4  4  0.245185  0
8  4  5  0.984581  -0.847627
8  5  0  0.219581  0.719913
8  5  1  0.501181  0.696963
8  5  2  0.782601  0.200152
8  5  3  0.34043  0.932337
8  5  4  0.984581  0.847627
8  5  5  0.370889  0
9  0  0  0.643346  0
9  0  1  0.748126  -0.0908899
9  0  2  0.618218  -0.479126
9  0  3  0.877016  -0.905316
9  0  4  0.990381  -0.768123
9  0  5  0.74504  -0.758314
9  1  0  0.748126  0.0908899
9  1  1  0.153822  0
9  1  2  0.804813  -0.991478
9  1  3  0.603504  -0.430953
9  1  4  0.471561  -0.728212
9  1  5  0.476161  -0.499952
9  2  0  0.618218  0.479126
9  2  1  0.804813  0.991478
9  2  2  0.664748  0
9  2  3  0.198109  -0.893739
9  2  4  0.407586  -0.436155
9  2  5  0.891059  -0.0545966
9  3  0  0.877016  0.905316
9  3  1  0.603504  0.430953
9  3  2  0.198109  0.893739
9  3  3  0.99213  0
9  3  4  0.886068  -0.951375
9  3  5  0.530103  -0.783073
9  4  0  0.990381  0.768123
9  4  1  0.471561  0.728212
9  4  2  0.407586  0.436155
9  4  3  0.886068  0.951375
9  4  4  0.355477  0
9  4  5  0.396454  -0.525024
9  5  0  0.74504  0.758314
9  5  1  0.476161  0.499952
9  5  2  0.891059  0.0545966
9  5  3  0.530103  0.783073
9  5  4  0.396454  0.525024
9  5  5  0.344178  0
10  0  0  0.133263  0
10  0  1  0.428934  -0.714822
10  0  2  0.500958  -0.261858
10  0  3  0.406286  -0.979457
10  0  4  0.496358  -0.697196
10  0  5  0.724619  -0.0147546
10  1  0  0.428934  0.714822
10  1  1  0.94076  0
10  1  2  0.617673  -0.989318
10  1  3  0.541023  -0.690908
10  1  4  0.50943  -0.270831
10  1  5  0.412062  -0.745338
10  2  0  0.500958  0.261858
10  2  1  0.617673  0.989318
10  2  2  0.255443  0
10  2  3  0.156685  -0.765097
10  2  4  0.371542  -0.154712
10  2  5  0.83393  -0.548257
10  3  0  0.406286  0.979457
10  3  1  0.541023  0.690908
10  3  2  0.156685  0.765097
10  3  3  0.703059  0
10  3  4  0.0829457  -0.27216
10  3  5  0.65645  -0.328896
10  4  0  0.496358  0.697196
10  4  1  0.50943  0.270831
10  4  2  0.371542  0.154712
10  4  3  0.0829457  0.27216
10  4  4  0.50287  0
10  4  5  0.39809  -0.992568
10  5  0  0.724619  0.0147546
10  5  1  0.412062  0.745338
10  5  2  0.83393  0.548257
10  5  3  0.65645  0.328896
10  5  4  0.39809  0.992568
10  5  5  0.562618  0
11  0  0  0.194637  0
11  0  1  0.481287  -0.171728
11  0  2  0.370833  -0.0127527
11  0  3  0.433598  -0.896145
11  0  4  0.536224  -0.336719
11  0  5  0.58219  -0.333722
11  1  0  0.481287  0.171728
11  1  1  0.212763  0
11  1  2  0.964439  -0.677791
11  1  3  0.598306  -0.644665
11  1  4  0.774287  -0.466602
11  1  5  0.896219  -0.466896
11  2  0  0.370833  0.0127527
11  2  1  0.964439  0.677791
11  2  2  0.473993  0
11  2  3  0.316098  -0.346681
11  2  4  0.966902  -0.774081
11  2  5  0.322253  -0.0912746
11  3  0  0.433598  0.896145
11  3  1  0.598306  0.644665
11  3  2  0.316098  0.346681
11  3  3  0.087696  0
11  3  4  0.73767  -0.161475
11  3  5  0.784667  -0.555081
11  4  0  0.536224  0.336719
11  4  1  0.774287  0.466602
11  4  2  0.966902  0.774081
11  4  3  0.73767  0.161475
11  4  4  0.466126  0
11  4  5  0.692285  -0.698743
11  5  0  0.58219  0.333722
11  5  1  0.896219  0.466896
11  5  2  0.322253  0.0912746
11  5  3  0.784667  0.555081
11  5  4  0.692285  0.698743
11  5  5  0.713357  0
12  0  0  0.549482  0
12  0  1  0.355154  -0.879904
12  0  2  0.959632  -0.614062
12  0  3  0.732784  -0.267182
12  0  4  0.236624  -0.814918
12  0  5  0.106321  -0.396096
12  1  0  0.355154  0.879904
12  1  1  0.534593  0
12  1  2  0.558381  -0.42842
12  1  3  0.79077  -0.0142752
12  1  4  0.0946467  -0.955023
12  1  5  0.224184  -0.989274
12  2  0  0.959632  0.614062
12  2  1  0.558381  0.42842
12  2  2  0.529469  0
12  2  3  0.113301  -0.842439
12  2  4  0.329793  -0.133573
12  2  5  0.479499  -0.69714
12  3  0  0.732784  0.267182
12  3  1  0.79077  0.0142752
12  3  2  0.113301  0.842439
12  3  3  0.61394  0
12  3  4  0.758689  -0.105019
12  3  5  0.47078  -0.230677
12  4  0  0.236624  0.814918
12  4  1  0.0946467  0.955023
12  4  2  0.329793  0.133573
12  4  3  0.758689  0.105019
12  4  4  0.685813  0
12  4  5  0.989796  -0.511924
12  5  0  0.106321  0.396096
12  5  1  0.224184  0.989274
12  5  2  0.479499  0.69714
12  5  3  0.47078  0.230677
12  5  4  0.989796  0.511924
12  5  5  0.626367  0
13  0  0  0.768018  0
13  0  1  0.804735  -0.156694
13  0  2  0.290116  -0.233779
13  0  3  0.457179  -0.838371
13  0  4  0.737508  -0.529701
13  0  5  0.229737  -0.435504
13  1  0  0.804735  0.156694
13  1  1  0.193101  0
13  1  2  0.860501  -0.665443
13  1  3  0.0437334  -0.847256
13  1  4  0.0770333  -0.424982
13  1  5  0.574502  -0.515441
13  2  0  0.290116  0.233779
13  2  1  0.860501  0.665443
13  2  2  0.604334  0
13  2  3  0.0217948  -0.288331
13  2  4  0.398756  -0.919242
13  2  5  0.343285  -0.0825014
13  3  0  0.457179  0.838371
13  3  1  0.0437334  0.847256
13  3  2  0.0217948  0.288331
13  3  3  0.568105  0
13  3  4  0.892652  -0.478714
13  3  5  0.79011  -0.296667
13  4  0  0.737508  0.529701
13  4  1  0.0770333  0.424982
13  4  2  0.398756  0.919242
13  4  3  0.892652  0.478714
13  4  4  0.45714  0
13  4  5  0.624618  -0.809736
13  5  0  0.229737  0.435504
13  5  1  0.574502  0.515441
13  5  2  0.343285  0.0825014
13  5  3  0.79011  0.296667
13  5  4  0.624618  0.809736
13  5  5  0.667386  0
14  0  0  0.240857  0
14  0  1  0.958272  -0.820975
14  0  2  0.499277  -0.214345
14  0  3  0.628434  -0.0351984
14  0  4  0.537787  -0.790879
14  0  5  0.455108  -0.685206
14  1  0  0.958272  0.820975
14  1  1  0.39799  0
14  1  2  0.493345  -0.629554
14  1  3  0.0549217  -0.655528
14  1  4  0.587971  -0.299735
14  1  5  0.495307  -0.209754
14  2  0  0.499277  0.214345
14  2  1  0.493345  0.629554
14  2  2  0.53601  0
14  2  3  0.519143  -0.313025
14  2  4  0.489275  -0.0168705
14  2  5  0.546456  -0.209752
14  3  0  0.628434  0.0351984
14  3  1  0.0549217  0.655528
14  3  2  0.519143  0.313025
14  3  3  0.295858  0
14  3  4  0.216201  -0.529398
14  3  5  0.942052  -0.423881
14  4  0  0.537787  0.790879
14  4  1  0.587971  0.299735
14  4  2  0.489275  0.0168705
14  4  3  0.216201  0.529398
14  4  4  0.762849  0
14  4  5  0.145019  -0.534147
14  5  0  0.455108  0.685206
14  5  1  0.495307  0.209754
14  5  2  0.546456  0.209752
14  5  3  0.942052  0.423881
14  5  4  0.145019  0.534147
14  5  5  0.139534  0
15  0  0  0.147748  0
15  0  1  0.558374  -0.594037
15  0  2  0.209161  -0.670684
15  0  3  0.641268  -0.965264
15  0  4  0.482202  -0.410075
15  0  5  0.644603  -0.674202
15  1  0  0.558374  0.594037
15  1  1  0.600996  0
15  1  2  0.918166  -0.631197
15  1  3  0.0324968  -0.322001
15  1  4  0.0779713  -0.855404
15  1  5  0.945318  -0.670778
15  2  0  0.209161  0.670684
15  2  1  0.918166  0.631197
15  2  2  0.512997  0
15  2  3  0.611066  -0.984608
15  2  4  0.603131  -0.25241
15  2  5  0.237969  -0.695122
15  3  0  0.641268  0.965264
15  3  1  0.0324968  0.322001
15  3  2  0.611066  0.984608
15  3  3  0.246378  0
15  3  4  0.297455  -0.715874
15  3  5  0.608008  -0.975633
15  4  0  0.482202  0.410075
15  4  1  0.0779713  0.855404
15  4  2  0.603131  0.25241
15  4  3  0.297455  0.715874
15  4  4  0.433354  0
15  4  5  0.504505  -0.993882
15  5  0  0.644603  0.674202
15  5  1  0.945318  0.670778
15  5  2  0.237969  0.695122
15  5  3  0.608008  0.975633
15  5  4  0.504505  0.993882
15  5  5  0.621524  0
16  0  0  0.554087  0
16  0  1  0.218271  -0.547088
16  0  2  0.584456  -0.0213581
16  0  3  0.664555  -0.327861
16  0  4  0.771137  -0.952715
16  0  5  0.525459  -0.526018
16  1  0  0.218271  0.547088
16  1  1  0.182247  0
16  1  2  0.410954  -0.521148
16  1  3  0.526233  -0.458989
16  1  4  0.560306  -0.488365
16  1  5  0.661219  -0.936221
16  2  0  0.584456  0.0213581
16  2  1  0.410954  0.521148
16  2  2  0.360138  0
16  2  3  0.215546  -0.175119
16  2  4  0.126491  -0.11512
16  2  5  0.0899452  -0.0459634
16  3  0  0.664555  0.327861
16  3  1  0.526233  0.458989
16  3  2  0.215546  0.175119
16  3  3  0.905657  0
16  3  4  0.712837  -0.75646
16  3  5  0.811653  -0.661461
16  4  0  0.771137  0.952715
16  4  1  0.560306  0.488365
16  4  2  0.126491  0.11512
16  4  3  0.712837  0.75646
16  4  4  0.605402  0
16  4  5  0.558843  -0.762403
16  5  0  0.525459  0.526018
16  5  1  0.661219  0.936221
16  5  2  0.0899452  0.0459634
16  5  3  0.811653  0.661461
16  5  4  0.558843  0.762403
16  5  5  0.131693  0
17  0  0  0.965107  0
17  0  1  0.503494  -0.602435
17  0  2  0.945776  -0.677454
17  0  3  0.143312  -0.374666
17  0  4  0.369277  -0.661402
17  0  5  0.391746  -0.97028
17  1  0  0.503494  0.602435
17  1  1  0.216053  0
17  1  2  0.967374  -0.143556
17  1  3  0.00204005  -0.984296
17  1  4  0.592848  -0.067836
17  1  5  0.104914  -0.0542207
17  2  0  0.945776  0.677454
17  2  1  0.967374  0.143556
17  2  2  0.226482  0
17  2  3  0.468076  -0.0903326
17  2  4  0.413702  -0.0077979
17  2  5  0.478667  -0.501422
17  3  0  0.143312  0.374666
17  3  1  0.00204005  0.984296
17  3  2  0.468076  0.0903326
17  3  3  0.940858  0
17  3  4  0.178482  -0.899532
17  3  5  0.61956  -0.114082
17  4  0  0.369277  0.661402
17  4  1  0.592848  0.067836
17  4  2  0.413702  0.0077979
17  4  3  0.178482  0.899532
17  4  4  0.329299  0
17  4  5  0.221486  -0.557101
17  5  0  0.391746  0.97028
17  5  1  0.104914  0.0542207
17  5  2  0.478667  0.501422
17  5  3  0.61956  0.114082
17  5  4  0.221486  0.557101
17  5  5  0.70046  0
18  0  0  0.750568  0
18  0  1  0.371383  -0.0401321
18  0  2  0.0944673  -0.887364
18  0  3  0.484936  -0.889039
18  0  4  0.993244  -0.0788543
18  0  5  0.655928  -0.757094
18  1  0  0.371383  0.0401321
18  1  1  0.374398  0
18  1  2  0.981076  -0.651176
18  1  3  0.780461  -0.584906
18  1  4  0.0993833  -0.276262
18  1  5  0.357475  -0.324392
18  2  0  0.0944673  0.887364
18  2  1  0.981076  0.651176
18  2  2  0.941992  0
18  2  3  0.63845  -0.545145
18  2  4  0.0524042  -0.802417
18  2  5  0.0522498  -0.247612
18  3  0  0.484936  0.889039
18  3  1  0.780461  0.584906
18  3  2  0.63845  0.545145
18  3  3  0.889193  0
18  3  4  0.413751  -0.932875
18  3  5  0.886187  -0.240179
18  4  0  0.993244  0.0788543
18  4  1  0.0993833  0.276262
18  4  2  0.0524042  0.802417
18  4  3  0.413751  0.932875
18  4  4  0.0592534  0
18  4  5  0.66017  -0.530205
18  5  0  0.655928  0.757094
18  5  1  0.357475  0.324392
18  5  2  0.0522498  0.247612
18  5  3  0.886187  0.240179
18  5  4  0.66017  0.530205
18  5  5  0.250018  0
19  0  0  0.116534  0
19  0  1  0.771183  -0.432659
19  0  2  0.362561  -0.964257
19  0  3  0.895659  -0.757691
19  0  4  0.518205  -0.764473
19  0  5  0.633672  -0.615209
19  1  0  0.771183  0.432659
19  1  1  0.313427  0
19  1  2  0.996399  -0.151606
19  1  3  0.375177  -0.21262
19  1  4  0.189799  -0.919158
19  1  5  0.24485  -0.825249
19  2  0  0.362561  0.964257
19  2  1  0.996399  0.151606
19  2  2  0.213549  0
19  2  3  0.486897  -0.226632
19  2  4  0.205869  -0.962408
19  2  5  0.352031  -0.867373
19  3  0  0.895659  0.757691
19  3  1  0.375177  0.21262
19  3  2  0.486897  0.226632
19  3  3  0.857062  0
19  3  4  0.866101  -0.151706
19  3  5  0.905475  -0.565661
19  4  0  0.518205  0.764473
19  4  1  0.189799  0.919158
19  4  2  0.205869  0.962408
19  4  3  0.866101  0.151706
19  4  4  0.838536  0
19  4  5  0.512065  -0.984342
19  5  0  0.633672  0.615209
19  5  1  0.24485  0.825249
19  5  2  0.352031  0.867373
19  5  3  0.905475  0.565661
19  5  4  0.512065  0.984342
19  5  5  0.513325  0
20  0  0  0.768358  0
20  0  1  0.238157  -0.175503
20  0  2  0.829119  -0.0949978
20  0  3  0.985224  -0.561222
20  0  4  0.919958  -0.998438
20  0  5  0.813244  -0.313508
20  1  0  0.238157  0.175503
20  1  1  0.725424  0
20  1  2  0.111186  -0.12007
20  1  3  0.712124  -0.494353
20  1  4  0.659801  -0.776031
20  1  5  0.634124  -0.470207
20  2  0  0.829119  0.0949978
20  2  1  0.111186  0.12007
20  2  2  0.6853  0
20  2  3  0.90259  -0.73332
20  2  4  0.742408  -0.18279
20  2  5  0.33654  -0.9557
20  3  0  0.985224  0.561222
20  3  1  0.712124  0.494353
20  3  2  0.90259  0.73332
20  3  3  0.52984  0
20  3  4  0.133434  -0.0605713
20  3  5  0.414782  -0.548775
20  4  0  0.919958  0.998438
20  4  1  0.659801  0.776031
20  4  2  0.742408  0.18279
20  4  3  0.133434  0.0605713
20  4  4  0.454955  0
20  4  5  0.428966  -0.96535
20  5  0  0.813244  0.313508
20  5  1  0.634124  0.470207
20  5  2  0.33654  0.9557
20  5  3  0.414782  0.548775
20  5  4  0.428966  0.96535
20  5  5  0.158882  0
21  0  0  0.559925  0
21  0  1  0.992486  -0.428193
21  0  2  0.223993  -0.943319
21  0  3  0.0774262  -0.85791
21  0  4  0.166115  -0.295762
21  0  5  0.913949  -0.884883
21  1  0  0.992486  0.428193
21  1  1  0.821822  0
21  1  2  0.865867  -0.754679
21  1  3  0.616975  -0.542812
21  1  4  0.60266  -0.265052
21  1  5  0.247502  -0.948032
21  2  0  0.223993  0.943319
21  2  1  0.865867  0.754679
21  2  2  0.590467  0
21  2  3  0.127531  -0.131616
21  2  4  0.724072  -0.483884
21  2  5  0.0938832  -0.530797
21  3  0  0.0774262  0.85791
21  3  1  0.616975  0.542812
21  3  2  0.127531  0.131616
21  3  3  0.580013  0
21  3  4  0.518597  -0.00644367
21  3  5  0.707311  -0.99402
21  4  0  0.166115  0.295762
21  4  1  0.60266  0.265052
21  4  2  0.724072  0.483884
21  4  3  0.518597  0.00644367
21  4  4  0.341025  0
21  4  5  0.00769953  -0.345622
21  5  0  0.913949  0.884883
21  5  1  0.247502  0.948032
21  5  2  0.0938832  0.530797
21  5  3  0.707311  0.99402
21  5  4  0.00769953  0.345622
21  5  5  0.45886  0
22  0  0  0.688528  0
22  0  1  0.481923  -0.576171
22  0  2  0.736326  -0.154691
22  0  3  0.40603  -0.469648
22  0  4  0.781724  -0.859451
22  0  5  0.103879  -0.871426
22  1  0  0.481923  0.576171
22  1  1  0.853729  0
22  1  2  0.376672  -0.504096
22  1  3  0.306645  -0.264633
22  1  4  0.590774  -0.636418
22  1  5  0.839026  -0.423015
22  2  0  0.736326  0.154691
22  2  1  0.376672  0.504096
22  2  2  0.0474836  0
22  2  3  0.523336  -0.386049
22  2  4  0.803673  -0.656952
22  2  5  0.198138  -0.0701913
22  3  0  0.40603  0.469648
22  3  1  0.306645  0.264633
22  3  2  0.523336  0.386049
22  3  3  0.574519  0
22  3  4  0.873285  -0.0938181
22  3  5  0.218946  -0.911051
22  4  0  0.781724  0.859451
22  4  1  0.590774  0.636418
22  4  2  0.803673  0.656952
22  4  3  0.873285  0.0938181
22  4  4  0.405829  0
22  4  5  0.906953  -0.954581
22  5  0  0.103879  0.871426
22  5  1  0.839026  0.423015
22  5  2  0.198138  0.0701913
22  5  3  0.218946  0.911051
22  5  4  0.906953  0.954581
22  5  5  0.686346  0
23  0  0  0.125185  0
23  0  1  0.854107  -0.561977
23  0  2  0.980418  -0.831015
23  0  3  0.653626  -0.461386
23  0  4  0.521825  -0.153095
23  0  5  0.981436  -0.991316
23  1  0  0.854107  0.561977
23  1  1  0.556766  0
23  1  2  0.745122  -0.903681
23  1  3  0.0800627  -0.190163
23  1  4  0.917884  -0.934682
23  1  5  0.27137  -0.454941
23  2  0  0.980418  0.831015
23  2  1  0.745122  0.903681
23  2  2  0.184933  0
23  2  3  0.246642  -0.0936638
23  2  4  0.348299  -0.56664
23  2  5  0.204981  -0.294409
23  3  0  0.653626  0.461386
23  3  1  0.0800627  0.190163
23  3  2  0.246642  0.0936638
23  3  3  0.527893  0
23  3  4  0.83641  -0.380161
23  3  5  0.526965  -0.729027
23  4  0  0.521825  0.153095
23  4  1  0.917884  0.934682
23  4  2  0.348299  0.56664
23  4  3  0.83641  0.380161
23  4  4  0.498699  0
23  4  5  0.0557936  -0.436711
23  5  0  0.981436  0.991316
23  5  1  0.27137  0.454941
23  5  2  0.204981  0.294409
23  5  3  0.526965  0.729027
23  5  4  0.0557936  0.436711
23  5  5  0.463959  0
24  0  0  0.537072  0
24  0  1  0.746255  -0.268304
24  0  2  0.835486  -0.620472
24  0  3  0.223734  -0.533919
24  0  4  0.949124  -0.331908
24  0  5  0.504775  -0.135276
24  1  0  0.746255  0.268304
24  1  1  0.585175  0
24  1  2  0.665399  -0.132687
24  1  3  0.607901  -0.327574
24  1  4  0.649269  -0.835488
24  1  5  0.603248  -0.28054
24  2  0  0.835486  0.620472
24  2  1  0.665399  0.132687
24  2  2  0.0770693  0
24  2  3  0.19727  -0.205732
24  2  4  0.535233  -0.831674
24  2  5  0.601223  -0.500226
24  3  0  0.223734  0.533919
24  3  1  0.607901  0.327574
24  3  2  0.19727  0.205732
24  3  3  0.591529  0
24  3  4  0.289048  -0.457536
24  3  5  0.144255  -0.589197
24  4  0  0.949124  0.331908
24  4  1  0.649269  0.835488
24  4  2  0.535233  0.831674
24  4  3  0.289048  0.457536
24  4  4  0.956841  0
24  4  5  0.120698  -0.609241
24  5  0  0.504775  0.135276
24  5  1  0.603248  0.28054
24  5  2  0.601223  0.500226
24  5  3  0.144255  0.589197
24  5  4  0.120698  0.609241
24  5  5  0.221002  0
25  0  0  0.765544  0
25  0  1  0.453238  -0.998469
25  0  2  0.323099  -0.802519
25  0  3  0.755686  -0.598144
25  0  4  0.978733  -0.947997
25  0  5  0.647133  -0.999635
25  1  0  0.453238  0.998469
25  1  1  0.322009  0
25  1  2  0.770589  -0.252793
25  1  3  0.0571226  -0.580025
25  1  4  0.671377  -0.583671
25  1  5  0.222749  -0.628317
25  2  0  0.323099  0.802519
25  2  1  0.770589  0.252793
25  2  2  0.136705  0
25  2  3  0.731744  -0.272105
25  2  4  0.678445  -0.314083
25  2  5  0.712323  -0.877439
25  3  0  0.755686  0.598144
25  3  1  0.0571226  0.580025
25  3  2  0.731744  0.272105
25  3  3  0.229694  0
25  3  4  0.197319  -0.429877
25  3  5  0.402963  -0.733789
25  4  0  0.978733  0.947997
25  4  1  0.671377  0.583671
25  4  2  0.678445  0.314083
25  4  3  0.197319  0.429877
25  4  4  0.0122429  0
25  4  5  0.704383  -0.864097
25  5  0  0.647133  0.999635
25  5  1  0.222749  0.628317
25  5  2  0.712323  0.877439
25  5  3  0.402963  0.733789
25  5  4  0.704383  0.864097
25  5  5  0.97872  0
26  0  0  0.478797  0
26  0  1  0.696873  -0.789682
26  0  2  0.835028  -0.651638
26  0  3  0.714115  -0.385068
26  0  4  0.156768  -0.214595
26  0  5  0.953324  -0.0911764
26  1  0  0.696873  0.789682
26  1  1  0.345843  0
26  1  2  0.141207  -0.749159
26  1  3  0.655205  -0.812522
26  1  4  0.220166  -0.446824
26  1  5  0.267306  -0.38185
26  2  0  0.835028  0.651638
26  2  1  0.141207  0.749159
26  2  2  0.0171557  0
26  2  3  0.607123  -0.614968
26  2  4  0.781752  -0.246983
26  2  5  0.909404  -0.6866
26  3  0  0.714115  0.385068
26  3  1  0.655205  0.812522
26  3  2  0.607123  0.614968
26  3  3  0.264614  0
26  3  4  0.917869  -0.680199
26  3  5  0.429762  -0.514947
26  4  0  0.156768  0.214595
26  4  1  0.220166  0.446824
26  4  2  0.781752  0.246983
26  4  3  0.917869  0.680199
26  4  4  0.846763  0
26  4  5  0.306234  -0.239311
26  5  0  0.953324  0.0911764
26  5  1  0.267306  0.38185
26  5  2  0.909404  0.6866
26  5  3  0.429762  0.514947
26  5  4  0.306234  0.239311
26  5  5  0.768572  0
27  0  0  0.446297  0
27  0  1  0.740599  -0.460225
27  0  2  0.282348  -0.253606
27  0  3  0.530716  -0.487571
27  0  4  0.57459  -0.474374
27  0  5  0.419863  -0.264477
27  1  0  0.740599  0.460225
27  1  1  0.631419  0
27  1  2  0.44358  -0.389732
27  1  3  0.193269  -0.81795
27  1  4  0.127646  -0.282507
27  1  5  0.63321  -0.340495
27  2  0  0.282348  0.253606
27  2  1  0.44358  0.389732
27  2  2  0.965468  0
27  2  3  0.203634  -0.146842
27  2  4  0.692678  -0.494932
27  2  5  0.838454  -0.716848
27  3  0  0.530716  0.487571
27  3  1  0.193269  0.81795
27  3  2  0.203634  0.146842
27  3  3  0.28414  0
27  3  4  0.319432  -0.429275
27  3  5  0.320157  -0.872882
27  4  0  0.57459  0.474374
27  4  1  0.127646  0.282507
27  4  2  0.692678  0.494932
27  4  3  0.319432  0.429275
27  4  4  0.785374  0
27  4  5  0.712021  -0.957744
27  5  0  0.419863  0.264477
27  5  1  0.63321  0.340495
27  5  2  0.838454  0.716848
27  5  3  0.320157  0.872882
27  5  4  0.712021  0.957744
27  5  5  0.650674  0
28  0  0  0.529228  0
28  0  1  0.709664  -0.689912
28  0  2  0.119932  -0.868398
28  0  3  0.378473  -0.718874
28  0  4  0.689497  -0.260456
28  0  5  0.437841  -0.170249
28  1  0  0.709664  0.689912
28  1  1  0.950003  0
28  1  2  0.0966767  -0.0372528
28  1  3  0.144553  -0.308023
28  1  4  0.630028  -0.617337
28  1  5  0.466228  -0.384372
28  2  0  0.119932  0.868398
28  2  1  0.0966767  0.0372528
28  2  2  0.453473  0
28  2  3  0.190647  -0.222989
28  2  4  0.435027  -0.912663
28  2  5  0.413375  -0.75144
28  3  0  0.378473  0.718874
28  3  1  0.144553  0.308023
28  3  2  0.190647  0.222989
28  3  3  0.360245  0
28  3  4  0.829375  -0.829315
28  3  5  0.830609  -0.965305
28  4  0  0.689497  0.260456
28  4  1  0.630028  0.617337
28  4  2  0.435027  0.912663
28  4  3  0.829375  0.829315
28  4  4  0.863569  0
28  4  5  0.278163  -0.829845
28  5  0  0.437841  0.170249
28  5  1  0.466228  0.384372
28  5  2  0.413375  0.75144
28  5  3  0.830609  0.965305
28  5  4  0.278163  0.829845
28  5  5  0.431572  0
29  0  0  0.161514  0
29  0  1  0.303998  -0.81456
29  0  2  0.0882865  -0.61232
29  0  3  0.166342  -0.450993
29  0  4  0.557169  -0.432111
29  0  5  0.540402  -0.708903
29  1  0  0.303998  0.81456
29  1  1  0.873173  0
29  1  2  0.481145  -0.333812
29  1  3  0.46965  -0.714865
29  1  4  0.318079  -0.148887
29  1  5  0.452899  -0.573825
29  2  0  0.0882865  0.61232
29  2  1  0.481145  0.333812
29  2  2  0.292596  0
29  2  3  0.695486  -0.242223
29  2  4  0.421701  -0.91597
29  2  5  0.888425  -0.902613
29  3  0  0.166342  0.450993
29  3  1  0.46965  0.714865
29  3  2  0.695486  0.242223
29  3  3  0.182445  0
29  3  4  0.238722  -0.978816
29  3  5  0.26781  -0.578752
29  4  0  0.557169  0.432111
29  4  1  0.318079  0.148887
29  4  2  0.421701  0.91597
29  4  3  0.238722  0.978816
29  4  4  0.174013  0
29  4  5  0.184471  -0.592693
29  5  0  0.540402  0.708903
29  5  1  0.452899  0.573825
29  5  2  0.888425  0.902613
29  5  3  0.26781  0.578752
29  5  4  0.184471  0.592693
29  5  5  0.420177  0
30  0  0  0.893847  0
30  0  1  0.673187  -0.433139
30  0  2  0.76395  -0.977406
30  0  3  0.0318192  -0.493199
30  0  4  0.961312  -0.0105378
30  0  5  0.25879  -0.927694
30  1  0  0.673187  0.433139
30  1  1  0.469165  0
30  1  2  0.44354  -0.670226
30  1  3  0.237556  -0.861654
30  1  4  0.993628  -0.339151
30  1  5  0.464155  -0.0723794
30  2  0  0.76395  0.977406
30  2  1  0.44354  0.670226
30  2  2  0.994459  0
30  2  3  0.655834  -0.358766
30  2  4  0.509335  -0.196684
30  2  5  0.154473  -0.996803
30  3  0  0.0318192  0.493199
30  3  1  0.237556  0.861654
30  3  2  0.655834  0.358766
30  3  3  0.532275  0
30  3  4  0.782263  -0.634634
30  3  5  0.174625  -0.638648
30  4  0  0.961312  0.0105378
30  4  1  0.993628  0.339151
30  4  2  0.509335  0.196684
30  4  3  0.782263  0.634634
30  4  4  0.960217  0
30  4  5  0.958541  -0.360337
30  5  0  0.25879  0.927694
30  5  1  0.464155  0.0723794
30  5  2  0.154473  0.996803
30  5  3  0.174625  0.638648
30  5  4  0.958541  0.360337
30  5  5  0.836572  0
31  0  0  0.728817  0
31  0  1  0.197674  -0.125592
31  0  2  0.559685  -0.468193
31  0  3  0.90606  -0.90521
31  0  4  0.00491751  -0.632733
31  0  5  0.823085  -0.932161
31  1  0  0.197674  0.125592
31  1  1  0.163748  0
31  1  2  0.565761  -0.790124
31  1  3  0.477119  -0.0263468
31  1  4  0.697499  -0.352398
31  1  5  0.989886  -0.496143
31  2  0  0.559685  0.468193
31  2  1  0.565761  0.790124
31  2  2  0.766287  0
31  2  3  0.506727  -0.753886
31  2  4  0.105347  -0.106852
31  2  5  0.459554  -0.0736984
31  3  0  0.90606  0.90521
31  3  1  0.477119  0.0263468
31  3  2  0.506727  0.753886
31  3  3  0.781774  0
31  3  4  0.629388  -0.66616
31  3  5  0.378378  -0.534533
31  4  0  0.00491751  0.632733
31  4  1  0.697499  0.352398
31  4  2  0.105347  0.106852
31  4  3  0.629388  0.66616
31  4  4  0.511716  0
31  4  5  0.287512  -0.632738
31  5  0  0.823085  0.932161
31  5  1  0.989886  0.496143
31  5  2  0.459554  0.0736984
31  5  3  0.378378  0.534533
31  5  4  0.287512  0.632738
31  5  5  0.869042  0
32  0  0  0.984019  0
32  0  1  0.756752  -0.297
32  0  2  0.177889  -0.428049
32  0  3  0.556647  -0.0279431
32  0  4  0.010582  -0.479692
32  0  5  0.469564  -0.780525
32  1  0  0.756752  0.297
32  1  1  0.311443  0
32  1  2  0.82422  -0.919999
32  1  3  0.757426  -0.882647
32  1  4  0.259233  -0.0633945
32  1  5  0.835375  -0.930549
32  2  0  0.177889  0.428049
32  2  1  0.82422  0.919999
32  2  2  0.601666  0
32  2  3  0.347348  -0.27062
32  2  4  0.571612  -0.496922
32  2  5  0.964996  -0.510119
32  3  0  0.556647  0.0279431
32  3  1  0.757426  0.882647
32  3  2  0.347348  0.27062
32  3  3  0.614878  0
32  3  4  0.443399  -0.847164
32  3  5  0.780817  -0.577726
32  4  0  0.010582  0.479692
32  4  1  0.259233  0.0633945
32  4  2  0.571612  0.496922
32  4  3  0.443399  0.847164
32  4  4  0.484636  0
32  4  5  0.355286  -0.028324
32  5  0  0.469564  0.780525
32  5  1  0.835375  0.930549
32  5  2  0.964996  0.510119
32  5  3  0.780817  0.577726
32  5  4  0.355286  0.028324
32  5  5  0.249859  0
33  0  0  0.748787  0
33  0  1  0.9255  -0.68263
33  0  2  0.814897  -0.594293
33  0  3  0.0431424  -0.511306
33  0  4  0.632408  -0.393195
33  0  5  0.912862  -0.50111
33  1  0  0.9255  0.68263
33  1  1  0.763919  0
33  1  2  0.496967  -0.28668
33  1  3  0.662725  -0.441086
33  1  4  0.75329  -0.888466
33  1  5  0.764631  -0.0932685
33  2  0  0.814897  0.594293
33  2  1  0.496967  0.28668
33  2  2  0.85305  0
33  2  3  0.783024  -0.691041
33  2  4  0.368312  -0.612534
33  2  5  0.518423  -0.42912
33  3  0  0.0431424  0.511306
33  3  1  0.662725  0.441086
33  3  2  0.783024  0.691041
33  3  3  0.247936  0
33  3  4  0.75205  -0.565312
33  3  5  0.254084  -0.705685
33  4  0  0.632408  0.393195
33  4  1  0.75329  0.888466
33  4  2  0.368312  0.612534
33  4  3  0.75205  0.565312
33  4  4  0.0756006  0
33  4  5  0.836311  -0.616134
33  5  0  0.912862  0.50111
33  5  1  0.764631  0.0932685
33  5  2  0.518423  0.42912
33  5  3  0.254084  0.705685
33  5  4  0.836311  0.616134
33  5  5  0.0429933  0
34  0  0  0.280206  0
34  0  1  0.469908  -0.476903
34  0  2  0.195445  -0.167494
34  0  3  0.354665  -0.855232
34  0  4  0.704735  -0.0690526
34  0  5  0.0194435  -0.781324
34  1  0  0.469908  0.476903
34  1  1  0.570134  0
34  1  2  0.206959  -0.20373
34  1  3  0.703682  -0.568075
34  1  4  0.801368  -0.122621
34  1  5  0.127555  -0.90704
34  2  0  0.195445  0.167494
34  2  1  0.206959  0.20373
34  2  2  0.154063  0
34  2  3  0.23904  -0.0584144
34  2  4  0.702423  -0.695831
34  2  5  0.941792  -0.0916664
34  3  0  0.354665  0.855232
34  3  1  0.703682  0.568075
34  3  2  0.23904  0.0584144
34  3  3  0.870245  0
34  3  4  0.155493  -0.701518
34  3  5  0.17982  -0.188447
34  4  0  0.704735  0.0690526
34  4  1  0.801368  0.122621
34  4  2  0.702423  0.695831
34  4  3  0.155493  0.701518
34  4  4  0.248448  0
34  4  5  0.3361  -0.676722
34  5  0  0.0194435  0.781324
34  5  1  0.127555  0.90704
34  5  2  0.941792  0.0916664
34  5  3  0.17982  0.188447
34  5  4  0.3361  0.676722
34  5  5  0.988642  0
35  0  0  0.372594  0
35  0  1  0.968908  -0.723291
35  0  2  0.689507  -0.701422
35  0  3  0.160489  -0.0770392
35  0  4  0.706102  -0.209306
35  0  5  0.665836  -0.118177
35  1  0  0.968908  0.723291
35  1  1  0.681347  0
35  1  2  0.787389  -0.803268
35  1  3  0.398697  -0.211485
35  1  4  0.564677  -0.853486
35  1  5  0.728045  -0.873168
35  2  0  0.689507  0.701422
35  2  1  0.787389  0.803268
35  2  2  0.0942795  0
35  2  3  0.711779  -0.0354373
35  2  4  0.51003  -0.264692
35  2  5  0.289014  -0.479714
35  3  0  0.160489  0.0770392
35  3  1  0.398697  0.211485
35  3  2  0.711779  0.0354373
35  3  3  0.649399  0
35  3  4  0.885911  -0.0977187
35  3  5  0.804308  -0.407087
35  4  0  0.706102  0.209306
35  4  1  0.564677  0.853486
35  4  2  0.51003  0.264692
35  4  3  0.885911  0.0977187
35  4  4  0.206942  0
35  4  5  0.712063  -0.525233
35  5  0  0.665836  0.118177
35  5  1  0.728045  0.873168
35  5  2  0.289014  0.479714
35  5  3  0.804308  0.407087
35  5  4  0.712063  0.525233
35  5  5  0.135834  0
