# m1  m2  rx  ry   density   sz  sx  sy
0  0  0  0  0.00229827  0.000316354  0.0006652  -0.000377814  -2.44063e-20  -3.19228e-21  4.43004e-20  -2.68525e-20
0  10  0.866025  0.5  0.000740704  1.77552e-05  3.74356e-05  -2.13215e-05  1.72036e-21  -1.72098e-20  7.62263e-20  -1.02067e-19
0  20  1.73205  1  0.00229827  0.000316354  0.0006652  -0.000377814  -2.42916e-20  -3.3517e-21  4.46971e-20  -2.68869e-20
0  30  2.59808  1.5  0.000740704  1.77552e-05  3.74356e-05  -2.13215e-05  9.49418e-22  -1.70578e-20  7.68151e-20  -1.02515e-19
0  40  3.4641  2  0.00229827  0.000316354  0.0006652  -0.000377814  -2.6803e-20  -3.27026e-21  4.46959e-20  -2.69531e-20

10  0  0.866025  -0.5  0.000835711  3.58471e-05  7.54661e-05  -4.2915e-05  8.31226e-20  3.8416e-20  1.7215e-20  -1.69542e-19
10  10  1.73205  0  0.00159476  -0.000182898  -0.000383852  0.000217592  -5.37536e-20  -2.30196e-20  -8.9455e-22  -3.27218e-19
10  20  2.59808  0.5  0.000835711  3.58471e-05  7.54661e-05  -4.2915e-05  8.30944e-20  3.82739e-20  1.7245e-20  -1.69792e-19
10  30  3.4641  1  0.00159476  -0.000182898  -0.000383852  0.000217592  -5.16526e-20  -2.33347e-20  -1.16583e-21  -3.27356e-19
10  40  4.33013  1.5  0.000835711  3.58471e-05  7.54661e-05  -4.2915e-05  8.18703e-20  3.80657e-20  1.74125e-20  -1.69568e-19

20  0  1.73205  -1  0.00229827  0.000316354  0.0006652  -0.000377814  -2.554e-20  -3.28142e-21  4.46094e-20  -2.67654e-20
20  10  2.59808  -0.5  0.000740704  1.77552e-05  3.74356e-05  -2.13215e-05  8.1291e-22  -1.71727e-20  7.67373e-20  -1.02023e-19
20  20  3.4641  0  0.00229827  0.000316354  0.0006652  -0.000377814  -2.48583e-20  -3.32735e-21  4.42372e-20  -2.69912e-20
20  30  4.33013  0.5  0.000740704  1.77552e-05  3.74356e-05  -2.13215e-05  -4.39259e-22  -1.69654e-20  7.64024e-20  -1.02185e-19
20  40  5.19615  1  0.00229827  0.000316354  0.0006652  -0.000377814  -2.71892e-20  -3.28971e-21  4.47777e-20  -2.69766e-20

30  0  2.59808  -1.5  0.000835711  3.58471e-05  7.54661e-05  -4.2915e-05  8.17111e-20  3.86467e-20  1.75382e-20  -1.69259e-19
30  10  3.4641  -1  0.00159476  -0.000182898  -0.000383852  0.000217592  -5.42746e-20  -2.32078e-20  -1.00011e-21  -3.27117e-19
30  20  4.33013  -0.5  0.000835711  3.58471e-05  7.54661e-05  -4.2915e-05  8.13483e-20  3.82122e-20  1.70485e-20  -1.69263e-19
30  30  5.19615  0  0.00159476  -0.000182898  -0.000383852  0.000217592  -5.36726e-20  -2.31876e-20  -9.95098e-22  -3.27088e-19
30  40  6.06218  0.5  0.000835711  3.58471e-05  7.54661e-05  -4.2915e-05  8.03414e-20  3.81185e-20  1.72122e-20  -1.69232e-19

40  0  3.4641  -2  0.00229827  0.000316354  0.0006652  -0.000377814  -2.47557e-20  -3.38405e-21  4.45231e-20  -2.68325e-20
40  10  4.33013  -1.5  0.000740704  1.77552e-05  3.74356e-05  -2.13215e-05  8.81016e-22  -1.69305e-20  7.58898e-20  -1.02217e-19
40  20  5.19615  -1  0.00229827  0.000316354  0.0006652  -0.000377814  -2.43262e-20  -3.493e-21  4.38566e-20  -2.70651e-20
40  30  6.06218  -0.5  0.000740704  1.77552e-05  3.74356e-05  -2.13215e-05  -3.78529e-22  -1.68553e-20  7.68758e-20  -1.02265e-19
40  40  6.9282  0  0.00229827  0.000316354  0.0006652  -0.000377814  -2.43883e-20  -3.21419e-21  4.43293e-20  -2.69749e-20

