# m1  m2  rx  ry   density   sz  sx  sy
0  0  0  0  2.03404e-05  -1.01702e-05  2.22514e-12  -1.62858e-12  1.03536e-21  -1.23622e-21  1.60423e-24  1.63541e-24
0  1  0.0866025  0.05  1.97783e-05  -9.88912e-06  -1.4804e-09  2.71314e-09  -1.05002e-21  7.83005e-21  -9.61381e-24  -2.13457e-24
0  2  0.173205  0.1  1.95722e-05  -9.7861e-06  -6.86029e-09  3.13591e-10  3.02746e-21  -1.80532e-21  3.59881e-24  -1.45243e-24
0  3  0.259808  0.15  2.17872e-05  -1.08936e-05  -7.41048e-09  -8.46832e-09  -5.86525e-21  -2.89634e-22  -1.45236e-24  -7.32697e-24
0  4  0.34641  0.2  2.56539e-05  -1.28269e-05  1.65911e-09  -1.52317e-08  -3.36507e-21  6.01332e-21  2.67248e-24  -8.33946e-24
0  5  0.433013  0.25  2.76655e-05  -1.38328e-05  1.34835e-08  -1.05062e-08  6.04368e-21  -2.72442e-21  -6.64309e-24  -9.61258e-24
0  6  0.519615  0.3  2.56582e-05  -1.28291e-05  1.51796e-08  2.11596e-09  -2.41723e-21  -7.14166e-21  -7.41146e-24  1.79668e-23
0  7  0.606218  0.35  2.17938e-05  -1.08969e-05  6.39945e-09  9.25909e-09  -3.32249e-22  6.02577e-21  -9.70965e-24  -1.06044e-23
0  8  0.69282  0.4  1.95763e-05  -9.78812e-06  -1.98316e-09  6.57471e-09  2.28609e-21  -1.02578e-21  -2.64568e-24  4.91977e-24
0  9  0.779423  0.45  1.9777e-05  -9.88849e-06  -2.99244e-09  7.71482e-10  9.15175e-21  3.22513e-21  -1.65259e-24  -4.80298e-24
0  10  0.866025  0.5  2.03404e-05  -1.01702e-05  2.22514e-12  -1.62858e-12  2.32067e-21  -2.98916e-21  2.84955e-24  2.60546e-24
0  11  0.952628  0.55  1.97783e-05  -9.88912e-06  -1.4804e-09  2.71314e-09  -1.30693e-21  8.84221e-21  -1.01575e-23  -4.63976e-25
0  12  1.03923  0.6  1.95722e-05  -9.7861e-06  -6.86029e-09  3.13591e-10  1.8204e-21  -2.31844e-21  1.95166e-24  -4.32537e-25
0  13  1.12583  0.65  2.17872e-05  -1.08936e-05  -7.41048e-09  -8.46832e-09  -3.76847e-21  3.13056e-22  -3.41287e-24  -6.32625e-24
0  14  1.21244  0.7  2.56539e-05  -1.28269e-05  1.65911e-09  -1.52317e-08  -4.89367e-21  7.06594e-21  1.89627e-24  -8.78784e-24
0  15  1.29904  0.75  2.76655e-05  -1.38328e-05  1.34835e-08  -1.05062e-08  4.6805e-21  -2.4802e-21  -6.94277e-24  -9.90248e-24
0  16  1.38564  0.8  2.56582e-05  -1.28291e-05  1.51796e-08  2.11596e-09  -1.10849e-21  -7.85322e-21  -5.84466e-24  1.5884e-23
0  17  1.47224  0.85  2.17938e-05  -1.08969e-05  6.39945e-09  9.25909e-09  1.42664e-21  3.4756e-21  -1.03273e-23  -9.57724e-24
0  18  1.55885  0.9  1.95763e-05  -9.78812e-06  -1.98316e-09  6.57471e-09  -3.19504e-21  -1.24984e-21  -4.00174e-24  3.87473e-24
0  19  1.64545  0.95  1.9777e-05  -9.88849e-06  -2.99244e-09  7.71482e-10  1.13754e-20  4.63938e-21  -1.04988e-24  -4.36004e-24
0  20  1.73205  1  2.03404e-05  -1.01702e-05  2.22514e-12  -1.62858e-12  1.18721e-21  -3.35268e-21  2.45747e-24  2.91855e-24
0  21  1.81865  1.05  1.97783e-05  -9.88912e-06  -1.4804e-09  2.71314e-09  -3.94221e-21  7.71845e-21  -1.11783e-23  -7.90945e-25
0  22  1.90526  1.1  1.95722e-05  -9.7861e-06  -6.86029e-09  3.13591e-10  8.90608e-22  -1.46948e-21  4.15396e-24  -2.65964e-24
0  23  1.99186  1.15  2.17872e-05  -1.08936e-05  -7.41048e-09  -8.46832e-09  -5.06191e-21  7.64244e-22  -2.04131e-24  -5.22571e-24
0  24  2.07846  1.2  2.56539e-05  -1.28269e-05  1.65911e-09  -1.52317e-08  -2.02384e-21  6.96488e-21  3.04662e-24  -8.529e-24
0  25  2.16506  1.25  2.76655e-05  -1.38328e-05  1.34835e-08  -1.05062e-08  7.17287e-21  -2.64386e-21  -8.8349e-24  -8.62217e-24
0  26  2.25167  1.3  2.56582e-05  -1.28291e-05  1.51796e-08  2.11596e-09  8.45579e-23  -6.66735e-21  -6.60752e-24  1.72406e-23
0  27  2.33827  1.35  2.17938e-05  -1.08969e-05  6.39945e-09  9.25909e-09  2.33151e-21  4.98278e-21  -1.06744e-23  -1.07694e-23
0  28  2.42487  1.4  1.95763e-05  -9.78812e-06  -1.98316e-09  6.57471e-09  -1.03579e-21  -7.27446e-22  -2.49569e-24  4.47309e-24
0  29  2.51147  1.45  1.9777e-05  -9.88849e-06  -2.99244e-09  7.71482e-10  1.18454e-20  5.43242e-21  -1.84367e-24  -4.84041e-24
0  30  2.59808  1.5  2.03404e-05  -1.01702e-05  2.22514e-12  -1.62858e-12  1.29953e-21  -2.9973e-21  4.19172e-24  2.7249e-24

1  0  0.0866025  -0.05  1.97787e-05  -9.88935e-06  3.09117e-09  -1.36348e-10  9.14968e-21  -5.85152e-21  1.01355e-24  -3.01914e-24
1  1  0.173205  0  1.50009e-05  -7.50044e-06  -1.31033e-10  1.86135e-09  -1.14871e-20  2.67255e-21  -4.65478e-24  3.7451e-24
1  2  0.259808  0.05  9.98289e-06  -4.99144e-06  -2.33892e-09  -7.64436e-10  4.54791e-21  4.9195e-22  -1.3852e-24  3.15972e-25
1  3  0.34641  0.1  7.10269e-06  -3.55134e-06  -7.28862e-10  -3.11827e-09  -1.02118e-20  -1.17068e-21  -2.19644e-24  1.82615e-25
1  4  0.433013  0.15  5.9703e-06  -2.98515e-06  1.79028e-09  -2.92112e-09  5.48363e-21  -1.98874e-21  -3.26227e-25  -1.51039e-24
1  5  0.519615  0.2  5.97809e-06  -2.98904e-06  3.27177e-09  -1.02402e-09  3.08965e-21  1.09416e-22  4.92488e-24  -1.70343e-24
1  6  0.606218  0.25  7.11311e-06  -3.55655e-06  2.84553e-09  1.47199e-09  3.87254e-21  -4.96086e-23  -1.66337e-24  -2.15085e-25
1  7  0.69282  0.3  9.98033e-06  -4.99016e-06  1.67038e-10  2.45328e-09  4.11355e-21  1.03649e-21  9.7303e-24  2.57462e-24
1  8  0.779423  0.35  1.49951e-05  -7.49754e-06  -1.83549e-09  -3.28466e-10  -1.07637e-20  2.15756e-21  -2.91131e-24  2.84538e-24
1  9  0.866025  0.4  1.97786e-05  -9.88927e-06  8.87907e-10  -2.96338e-09  8.10563e-22  -1.83311e-21  1.20417e-24  4.20991e-24
1  10  0.952628  0.45  1.97787e-05  -9.88935e-06  3.09117e-09  -1.36348e-10  6.46666e-21  -5.4445e-21  -6.1384e-26  -4.37527e-24
1  11  1.03923  0.5  1.50009e-05  -7.50044e-06  -1.31033e-10  1.86135e-09  -1.09755e-20  1.73064e-21  -5.2795e-24  3.67581e-24
1  12  1.12583  0.55  9.98289e-06  -4.99144e-06  -2.33892e-09  -7.64436e-10  5.58262e-21  -5.14836e-22  -3.51562e-25  1.0231e-25
1  13  1.21244  0.6  7.10269e-06  -3.55134e-06  -7.28862e-10  -3.11827e-09  -9.2197e-21  -2.09629e-22  -2.05772e-24  1.14577e-24
1  14  1.29904  0.65  5.9703e-06  -2.98515e-06  1.79028e-09  -2.92112e-09  4.37907e-21  -5.61063e-22  -2.65632e-26  -1.23223e-24
1  15  1.38564  0.7  5.97809e-06  -2.98904e-06  3.27177e-09  -1.02402e-09  1.75083e-21  -3.16626e-22  4.24063e-24  -1.95068e-24
1  16  1.47224  0.75  7.11311e-06  -3.55655e-06  2.84553e-09  1.47199e-09  5.4225e-21  -3.72378e-23  -1.28505e-24  8.53402e-25
1  17  1.55885  0.8  9.98033e-06  -4.99016e-06  1.67038e-10  2.45328e-09  4.5057e-21  1.90937e-21  9.52186e-24  4.43187e-24
1  18  1.64545  0.85  1.49951e-05  -7.49754e-06  -1.83549e-09  -3.28466e-10  -1.10428e-20  2.23234e-21  -2.53123e-24  3.92655e-24
1  19  1.73205  0.9  1.97786e-05  -9.88927e-06  8.87907e-10  -2.96338e-09  2.51134e-21  -4.20363e-22  2.28141e-24  6.05688e-24
1  20  1.81865  0.95  1.97787e-05  -9.88935e-06  3.09117e-09  -1.36348e-10  7.87305e-21  -5.78308e-21  1.95005e-24  -3.37538e-24
1  21  1.90526  1  1.50009e-05  -7.50044e-06  -1.31033e-10  1.86135e-09  -1.32651e-20  1.72487e-21  -2.96506e-24  4.7277e-24
1  22  1.99186  1.05  9.98289e-06  -4.99144e-06  -2.33892e-09  -7.64436e-10  5.64641e-21  -5.20962e-22  1.80746e-25  -4.34717e-25
1  23  2.07846  1.1  7.10269e-06  -3.55134e-06  -7.28862e-10  -3.11827e-09  -1.14039e-20  2.63022e-22  -1.9197e-24  -1.24796e-25
1  24  2.16506  1.15  5.9703e-06  -2.98515e-06  1.79028e-09  -2.92112e-09  6.13974e-21  -1.22131e-21  5.20051e-27  -4.49028e-25
1  25  2.25167  1.2  5.97809e-06  -2.98904e-06  3.27177e-09  -1.02402e-09  4.40554e-21  -2.87898e-22  4.66671e-24  -2.14746e-24
1  26  2.33827  1.25  7.11311e-06  -3.55655e-06  2.84553e-09  1.47199e-09  3.16676e-21  -1.89977e-22  -5.37976e-25  4.41206e-25
1  27  2.42487  1.3  9.98033e-06  -4.99016e-06  1.67038e-10  2.45328e-09  5.96751e-21  2.00576e-21  8.46394e-24  4.68066e-24
1  28  2.51147  1.35  1.49951e-05  -7.49754e-06  -1.83549e-09  -3.28466e-10  -1.25409e-20  2.45367e-21  -1.39775e-24  3.38722e-24
1  29  2.59808  1.4  1.97786e-05  -9.88927e-06  8.87907e-10  -2.96338e-09  1.77984e-21  -2.70303e-21  1.8029e-24  5.91029e-24
1  30  2.68468  1.45  1.97787e-05  -9.88935e-06  3.09117e-09  -1.36348e-10  1.07218e-20  -6.57345e-21  -1.06852e-24  -4.84098e-24

2  0  0.173205  -0.1  1.95766e-05  -9.78828e-06  6.75056e-09  1.2813e-09  -1.24672e-20  3.63623e-21  -3.28261e-24  3.79351e-24
2  1  0.259808  -0.05  9.98444e-06  -4.99222e-06  1.15322e-09  2.17568e-09  1.00751e-20  -4.44174e-22  -4.9573e-25  -4.45296e-24
2  2  0.34641  0  4.05274e-06  -2.02637e-06  -2.95515e-10  7.35363e-11  -9.73844e-21  -1.29798e-21  7.43762e-25  -3.07663e-24
2  3  0.433013  0.05  1.71712e-06  -8.58558e-07  1.70253e-10  -5.07378e-10  3.30317e-21  -1.65045e-21  -2.04355e-24  2.28263e-24
2  4  0.519615  0.1  1.13463e-06  -5.67317e-07  4.61363e-10  -3.58643e-10  -4.78723e-22  -1.17597e-21  1.52394e-24  -1.28871e-24
2  5  0.606218  0.15  1.71397e-06  -8.56984e-07  5.32008e-10  -4.0708e-11  -4.52904e-22  -1.7512e-21  -2.40021e-24  3.7331e-25
2  6  0.69282  0.2  4.04599e-06  -2.02299e-06  -1.42833e-10  2.6716e-10  -1.2185e-21  8.61697e-22  -5.17224e-24  7.74029e-25
2  7  0.779423  0.25  9.98016e-06  -4.99008e-06  -1.82664e-09  -1.64814e-09  -2.82579e-21  3.50324e-21  -4.95498e-25  -3.49823e-24
2  8  0.866025  0.3  1.95821e-05  -9.79106e-06  4.07842e-10  -6.85939e-09  -1.87836e-21  -1.60479e-21  3.40418e-24  1.18176e-24
2  9  0.952628  0.35  2.50681e-05  -1.2534e-05  7.52657e-09  -5.86306e-09  -5.90236e-22  -7.06039e-22  -5.88909e-25  -1.69683e-24
2  10  1.03923  0.4  1.95766e-05  -9.78828e-06  6.75056e-09  1.2813e-09  -9.9885e-21  3.24236e-21  -3.67732e-24  3.39298e-24
2  11  1.12583  0.45  9.98444e-06  -4.99222e-06  1.15322e-09  2.17568e-09  1.36168e-20  -6.00295e-22  -1.08524e-24  -4.35888e-24
2  12  1.21244  0.5  4.05274e-06  -2.02637e-06  -2.95515e-10  7.35363e-11  -9.73156e-21  -1.71421e-21  -1.83646e-25  -2.6483e-24
2  13  1.29904  0.55  1.71712e-06  -8.58558e-07  1.70253e-10  -5.07378e-10  1.92385e-21  -1.36834e-21  -2.83948e-24  7.23638e-25
2  14  1.38564  0.6  1.13463e-06  -5.67317e-07  4.61363e-10  -3.58643e-10  -5.4307e-22  4.76728e-22  6.78275e-25  -1.25655e-24
2  15  1.47224  0.65  1.71397e-06  -8.56984e-07  5.32008e-10  -4.0708e-11  4.25624e-22  -1.64292e-21  -2.68808e-24  2.88078e-25
2  16  1.55885  0.7  4.04599e-06  -2.02299e-06  -1.42833e-10  2.6716e-10  -3.59936e-23  4.8698e-22  -4.7065e-24  1.98571e-25
2  17  1.64545  0.75  9.98016e-06  -4.99008e-06  -1.82664e-09  -1.64814e-09  -1.50525e-21  3.0354e-21  -1.41433e-24  -2.31172e-24
2  18  1.73205  0.8  1.95821e-05  -9.79106e-06  4.07842e-10  -6.85939e-09  -1.02387e-21  -1.01479e-21  4.19077e-24  8.82407e-25
2  19  1.81865  0.85  2.50681e-05  -1.2534e-05  7.52657e-09  -5.86306e-09  -5.76472e-22  -2.59611e-21  -2.81327e-24  -7.8405e-25
2  20  1.90526  0.9  1.95766e-05  -9.78828e-06  6.75056e-09  1.2813e-09  -8.76231e-21  2.92682e-21  -4.18246e-24  3.90882e-24
2  21  1.99186  0.95  9.98444e-06  -4.99222e-06  1.15322e-09  2.17568e-09  1.12223e-20  -2.7108e-22  -1.12319e-24  -1.86969e-24
2  22  2.07846  1  4.05274e-06  -2.02637e-06  -2.95515e-10  7.35363e-11  -9.16234e-21  -1.16443e-21  1.57031e-25  -2.22739e-24
2  23  2.16506  1.05  1.71712e-06  -8.58558e-07  1.70253e-10  -5.07378e-10  3.60301e-21  -1.95248e-22  -2.01829e-24  1.02415e-24
2  24  2.25167  1.1  1.13463e-06  -5.67317e-07  4.61363e-10  -3.58643e-10  -1.5581e-21  -3.82561e-22  1.15977e-24  -1.31732e-25
2  25  2.33827  1.15  1.71397e-06  -8.56984e-07  5.32008e-10  -4.0708e-11  1.26232e-21  -1.83599e-21  -3.06361e-24  7.75021e-25
2  26  2.42487  1.2  4.04599e-06  -2.02299e-06  -1.42833e-10  2.6716e-10  7.40854e-22  5.41586e-22  -4.52214e-24  -6.86446e-25
2  27  2.51147  1.25  9.98016e-06  -4.99008e-06  -1.82664e-09  -1.64814e-09  -2.5251e-21  3.4868e-21  -1.47433e-25  -2.80048e-24
2  28  2.59808  1.3  1.95821e-05  -9.79106e-06  4.07842e-10  -6.85939e-09  -3.65098e-21  -1.71363e-21  4.5586e-24  2.03841e-24
2  29  2.68468  1.35  2.50681e-05  -1.2534e-05  7.52657e-09  -5.86306e-09  -4.39612e-21  -6.55478e-22  -9.81377e-25  -2.575e-24
2  30  2.77128  1.4  1.95766e-05  -9.78828e-06  6.75056e-09  1.2813e-09  -9.61873e-21  3.57021e-21  -5.22481e-24  2.84558e-24

3  0  0.259808  -0.15  2.18024e-05  -1.09012e-05  9.61426e-09  5.85983e-09  -4.82441e-21  1.27518e-21  1.27374e-23  2.11589e-24
3  1  0.34641  -0.1  7.0986e-06  -3.5493e-06  8.11111e-10  3.09712e-09  -1.27784e-20  2.54346e-21  3.00008e-24  -6.03145e-26
3  2  0.433013  -0.05  1.7173e-06  -8.58649e-07  -2.30502e-10  4.83715e-10  4.8784e-22  1.39232e-21  1.37406e-24  4.33084e-25
3  3  0.519615  0  3.62451e-07  -1.81225e-07  -1.3238e-11  -2.10496e-11  9.04434e-22  -3.65723e-22  1.01206e-24  -3.80949e-25
3  4  0.606218  0.05  3.612e-07  -1.806e-07  1.71415e-11  1.7752e-11  -1.1331e-21  8.21205e-22  -7.52006e-25  -2.06145e-24
3  5  0.69282  0.1  1.71557e-06  -8.57786e-07  -5.24236e-10  1.05401e-10  3.14273e-21  2.65641e-22  -2.93627e-24  -1.84495e-24
3  6  0.779423  0.15  7.10544e-06  -3.55272e-06  -2.80583e-09  -1.54244e-09  -3.47681e-21  -6.04309e-22  1.63462e-24  3.94089e-24
3  7  0.866025  0.2  2.18143e-05  -1.09071e-05  -3.33073e-09  -1.07595e-08  -1.61487e-21  7.92319e-21  7.64108e-24  -6.60287e-24
3  8  0.952628  0.25  4.05019e-05  -2.02509e-05  1.05642e-08  -1.91782e-08  -9.69618e-21  1.96563e-21  -3.18333e-24  -4.76941e-24
3  9  1.03923  0.3  4.04989e-05  -2.02494e-05  2.11786e-08  -5.54805e-09  -8.98049e-21  -5.55653e-21  -4.28802e-25  -3.68455e-24
3  10  1.12583  0.35  2.18024e-05  -1.09012e-05  9.61426e-09  5.85983e-09  -3.56454e-21  1.41187e-21  1.15353e-23  1.52273e-24
3  11  1.21244  0.4  7.0986e-06  -3.5493e-06  8.11111e-10  3.09712e-09  -1.35369e-20  2.29256e-21  3.45522e-24  2.56077e-24
3  12  1.29904  0.45  1.7173e-06  -8.58649e-07  -2.30502e-10  4.83715e-10  1.07008e-21  1.3152e-21  1.71255e-24  6.70027e-25
3  13  1.38564  0.5  3.62451e-07  -1.81225e-07  -1.3238e-11  -2.10496e-11  1.6151e-21  -4.64535e-22  9.65289e-25  -9.26522e-26
3  14  1.47224  0.55  3.612e-07  -1.806e-07  1.71415e-11  1.7752e-11  -8.6632e-22  1.5066e-22  -1.1146e-24  -1.51838e-24
3  15  1.55885  0.6  1.71557e-06  -8.57786e-07  -5.24236e-10  1.05401e-10  5.55584e-21  5.27954e-22  -1.91508e-24  -1.66705e-24
3  16  1.64545  0.65  7.10544e-06  -3.55272e-06  -2.80583e-09  -1.54244e-09  -2.56996e-21  -7.3778e-22  1.32217e-24  5.85653e-24
3  17  1.73205  0.7  2.18143e-05  -1.09071e-05  -3.33073e-09  -1.07595e-08  4.07937e-21  7.7667e-21  8.17017e-24  -1.03524e-23
3  18  1.81865  0.75  4.05019e-05  -2.02509e-05  1.05642e-08  -1.91782e-08  -8.19047e-21  2.09513e-21  -1.78761e-24  -4.05692e-24
3  19  1.90526  0.8  4.04989e-05  -2.02494e-05  2.11786e-08  -5.54805e-09  -6.41386e-21  -5.62045e-21  -2.32179e-24  -5.43235e-24
3  20  1.99186  0.85  2.18024e-05  -1.09012e-05  9.61426e-09  5.85983e-09  -3.78306e-22  -4.42909e-22  1.21541e-23  2.40693e-24
3  21  2.07846  0.9  7.0986e-06  -3.5493e-06  8.11111e-10  3.09712e-09  -1.293e-20  6.6906e-22  2.96435e-24  1.0997e-24
3  22  2.16506  0.95  1.7173e-06  -8.58649e-07  -2.30502e-10  4.83715e-10  6.75904e-22  1.853e-21  2.37433e-24  9.68763e-25
3  23  2.25167  1  3.62451e-07  -1.81225e-07  -1.3238e-11  -2.10496e-11  -1.02405e-22  1.94791e-23  1.23584e-24  -1.49676e-24
3  24  2.33827  1.05  3.612e-07  -1.806e-07  1.71415e-11  1.7752e-11  2.68888e-22  2.15182e-22  8.64084e-26  -1.30992e-24
3  25  2.42487  1.1  1.71557e-06  -8.57786e-07  -5.24236e-10  1.05401e-10  3.37327e-21  -1.21764e-22  -1.68286e-24  -1.35588e-24
3  26  2.51147  1.15  7.10544e-06  -3.55272e-06  -2.80583e-09  -1.54244e-09  -7.2397e-21  -3.15523e-22  1.40084e-24  4.10942e-24
3  27  2.59808  1.2  2.18143e-05  -1.09071e-05  -3.33073e-09  -1.07595e-08  4.83115e-21  7.96129e-21  9.77033e-24  -9.48626e-24
3  28  2.68468  1.25  4.05019e-05  -2.02509e-05  1.05642e-08  -1.91782e-08  -1.02129e-20  5.73187e-22  2.11265e-25  -5.70781e-24
3  29  2.77128  1.3  4.04989e-05  -2.02494e-05  2.11786e-08  -5.54805e-09  -5.22096e-21  -6.70992e-21  -4.71629e-24  -6.48323e-24
3  30  2.85788  1.35  2.18024e-05  -1.09012e-05  9.61426e-09  5.85983e-09  -4.42085e-22  1.05099e-21  1.39503e-23  2.30211e-24

4  0  0.34641  -0.2  2.56624e-05  -1.28312e-05  8.56772e-09  1.27063e-08  -1.93101e-20  -1.54717e-20  5.81662e-24  8.21156e-24
4  1  0.433013  -0.15  5.96057e-06  -2.98028e-06  -7.43908e-10  3.34115e-09  5.83337e-21  -8.10267e-21  -7.80918e-25  -6.68481e-25
4  2  0.519615  -0.1  1.13913e-06  -5.69562e-07  -5.27268e-10  2.55993e-10  -6.63809e-21  1.0089e-21  -3.1187e-24  -3.53962e-25
4  3  0.606218  -0.05  3.5939e-07  -1.79695e-07  -1.85275e-11  1.4334e-11  -1.6626e-21  3.56507e-22  -9.96886e-25  -1.70372e-24
4  4  0.69282  0  1.14097e-06  -5.70482e-07  -3.76867e-10  4.49115e-10  -1.23944e-21  4.30074e-23  -1.9951e-24  1.29517e-24
4  5  0.779423  0.05  5.96808e-06  -2.98404e-06  -3.42436e-09  -9.67284e-11  -3.53819e-21  2.33335e-21  5.13713e-24  1.3195e-25
4  6  0.866025  0.1  2.56609e-05  -1.28305e-05  -1.02207e-08  -1.14212e-08  -8.94692e-21  -6.8104e-21  -1.48229e-24  1.83397e-23
4  7  0.952628  0.15  6.93402e-05  -3.46701e-05  3.66846e-09  -4.19691e-08  2.27007e-20  -5.14331e-21  2.08926e-23  2.6724e-23
4  8  1.03923  0.2  9.83529e-05  -4.91764e-05  4.73817e-08  -3.69175e-08  -5.02802e-21  -1.08541e-20  -3.71322e-23  -2.785e-24
4  9  1.12583  0.25  6.93702e-05  -3.46851e-05  4.16004e-08  6.71345e-09  4.42474e-20  -5.75997e-21  -2.64629e-24  3.16688e-23
4  10  1.21244  0.3  2.56624e-05  -1.28312e-05  8.56772e-09  1.27063e-08  -1.78321e-20  -1.4437e-20  4.73705e-24  8.52711e-24
4  11  1.29904  0.35  5.96057e-06  -2.98028e-06  -7.43908e-10  3.34115e-09  5.65052e-21  -7.60548e-21  -1.50217e-24  -2.13172e-24
4  12  1.38564  0.4  1.13913e-06  -5.69562e-07  -5.27268e-10  2.55993e-10  -7.68715e-21  4.89043e-22  -2.5128e-24  -2.08597e-25
4  13  1.47224  0.45  3.5939e-07  -1.79695e-07  -1.85275e-11  1.4334e-11  -1.42726e-21  6.68141e-22  -4.60565e-25  -7.34073e-25
4  14  1.55885  0.5  1.14097e-06  -5.70482e-07  -3.76867e-10  4.49115e-10  -1.56331e-21  4.93719e-22  -2.2624e-24  2.18162e-24
4  15  1.64545  0.55  5.96808e-06  -2.98404e-06  -3.42436e-09  -9.67284e-11  2.0775e-21  7.90131e-22  6.07708e-24  5.53304e-25
4  16  1.73205  0.6  2.56609e-05  -1.28305e-05  -1.02207e-08  -1.14212e-08  -6.70469e-21  -4.29339e-21  -2.05195e-24  1.82819e-23
4  17  1.81865  0.65  6.93402e-05  -3.46701e-05  3.66846e-09  -4.19691e-08  1.96877e-20  -8.17879e-21  1.81229e-23  2.38588e-23
4  18  1.90526  0.7  9.83529e-05  -4.91764e-05  4.73817e-08  -3.69175e-08  -4.72315e-21  -1.14172e-20  -3.90316e-23  -2.89545e-24
4  19  1.99186  0.75  6.93702e-05  -3.46851e-05  4.16004e-08  6.71345e-09  5.05862e-20  -7.57747e-21  -2.1694e-26  3.04423e-23
4  20  2.07846  0.8  2.56624e-05  -1.28312e-05  8.56772e-09  1.27063e-08  -1.83726e-20  -1.47221e-20  5.38771e-24  8.15908e-24
4  21  2.16506  0.85  5.96057e-06  -2.98028e-06  -7.43908e-10  3.34115e-09  5.83579e-21  -7.34579e-21  -2.33184e-24  -9.95345e-25
4  22  2.25167  0.9  1.13913e-06  -5.69562e-07  -5.27268e-10  2.55993e-10  -5.5197e-21  -1.12992e-22  -3.09995e-24  -4.67496e-25
4  23  2.33827  0.95  3.5939e-07  -1.79695e-07  -1.85275e-11  1.4334e-11  -2.90034e-21  -4.45151e-22  1.04557e-24  -1.07852e-24
4  24  2.42487  1  1.14097e-06  -5.70482e-07  -3.76867e-10  4.49115e-10  -8.10125e-23  -1.65254e-22  -8.50633e-25  5.71346e-25
4  25  2.51147  1.05  5.96808e-06  -2.98404e-06  -3.42436e-09  -9.67284e-11  2.85817e-22  -2.38513e-21  4.81612e-24  2.87332e-24
4  26  2.59808  1.1  2.56609e-05  -1.28305e-05  -1.02207e-08  -1.14212e-08  -2.84111e-21  -6.15893e-21  -2.94808e-24  1.89804e-23
4  27  2.68468  1.15  6.93402e-05  -3.46701e-05  3.66846e-09  -4.19691e-08  2.28721e-20  -8.193e-21  1.99178e-23  2.5175e-23
4  28  2.77128  1.2  9.83529e-05  -4.91764e-05  4.73817e-08  -3.69175e-08  -1.75142e-21  -1.3074e-20  -3.95316e-23  2.49099e-24
4  29  2.85788  1.25  6.93702e-05  -3.46851e-05  4.16004e-08  6.71345e-09  4.83888e-20  -7.92978e-21  -6.23166e-24  3.36069e-23
4  30  2.94449  1.3  2.56624e-05  -1.28312e-05  8.56772e-09  1.27063e-08  -2.06319e-20  -1.53079e-20  6.75388e-24  8.34178e-24

5  0  0.433013  -0.25  2.76321e-05  -1.3816e-05  2.34762e-09  1.69199e-08  -1.46483e-21  8.39292e-21  1.86125e-23  -1.99267e-24
5  1  0.519615  -0.2  5.98272e-06  -2.99136e-06  -2.35742e-09  2.49052e-09  2.21569e-20  9.80797e-21  4.77561e-24  -5.71417e-24
5  2  0.606218  -0.15  1.71457e-06  -8.57285e-07  -5.23487e-10  -1.19657e-10  -6.92988e-22  9.78449e-22  -1.66954e-24  5.22947e-24
5  3  0.69282  -0.1  1.71603e-06  -8.58014e-07  -1.22881e-11  5.37343e-10  -2.96298e-22  1.09306e-21  5.18389e-25  -3.3779e-25
5  4  0.779423  -0.05  5.98132e-06  -2.99066e-06  -2.99255e-09  1.67483e-09  4.60902e-21  -5.5764e-21  -8.24096e-24  -1.3152e-23
5  5  0.866025  0  2.76128e-05  -1.38064e-05  -1.58252e-08  -6.41333e-09  2.01952e-20  4.21865e-22  3.81141e-24  1.24492e-23
5  6  0.952628  0.05  9.75551e-05  -4.87775e-05  -2.05201e-08  -5.76452e-08  7.5234e-21  2.75477e-20  1.07998e-23  4.92133e-23
5  7  1.03923  0.1  0.000194908  -9.74538e-05  5.81629e-08  -1.08271e-07  5.66651e-20  2.08534e-20  6.64515e-23  -9.97821e-24
5  8  1.12583  0.15  0.000194899  -9.74496e-05  1.19207e-07  -2.99152e-08  4.29421e-20  -2.73814e-20  7.55166e-24  -8.68254e-23
5  9  1.21244  0.2  9.75699e-05  -4.87849e-05  5.08858e-08  3.39954e-08  -5.98873e-20  2.09823e-20  2.28617e-23  -2.4866e-23
5  10  1.29904  0.25  2.76321e-05  -1.3816e-05  2.34762e-09  1.69199e-08  9.84871e-22  9.20967e-21  1.81317e-23  -3.57863e-24
5  11  1.38564  0.3  5.98272e-06  -2.99136e-06  -2.35742e-09  2.49052e-09  1.76753e-20  8.7025e-21  6.43639e-24  -5.01152e-24
5  12  1.47224  0.35  1.71457e-06  -8.57285e-07  -5.23487e-10  -1.19657e-10  1.0055e-21  3.80827e-22  -3.59286e-25  6.15821e-24
5  13  1.55885  0.4  1.71603e-06  -8.58014e-07  -1.22881e-11  5.37343e-10  -1.50041e-21  9.29903e-22  -5.29895e-25  7.78398e-25
5  14  1.64545  0.45  5.98132e-06  -2.99066e-06  -2.99255e-09  1.67483e-09  5.86148e-21  -5.89564e-21  -8.84317e-24  -1.39081e-23
5  15  1.73205  0.5  2.76128e-05  -1.38064e-05  -1.58252e-08  -6.41333e-09  2.03746e-20  2.43184e-21  3.45753e-24  1.7186e-23
5  16  1.81865  0.55  9.75551e-05  -4.87775e-05  -2.05201e-08  -5.76452e-08  1.19517e-20  2.71871e-20  1.91332e-23  5.15087e-23
5  17  1.90526  0.6  0.000194908  -9.74538e-05  5.81629e-08  -1.08271e-07  4.97399e-20  2.32902e-20  7.44399e-23  -1.26002e-23
5  18  1.99186  0.65  0.000194899  -9.74496e-05  1.19207e-07  -2.99152e-08  5.04125e-20  -2.4791e-20  6.93459e-24  -7.85385e-23
5  19  2.07846  0.7  9.75699e-05  -4.87849e-05  5.08858e-08  3.39954e-08  -6.55084e-20  1.89997e-20  2.99572e-23  -2.40753e-23
5  20  2.16506  0.75  2.76321e-05  -1.3816e-05  2.34762e-09  1.69199e-08  -1.30452e-21  8.11537e-21  2.16645e-23  -2.29317e-24
5  21  2.25167  0.8  5.98272e-06  -2.99136e-06  -2.35742e-09  2.49052e-09  1.47852e-20  1.0521e-20  6.32815e-24  -5.966e-24
5  22  2.33827  0.85  1.71457e-06  -8.57285e-07  -5.23487e-10  -1.19657e-10  6.88711e-23  -1.63169e-22  -2.14768e-24  3.65699e-24
5  23  2.42487  0.9  1.71603e-06  -8.58014e-07  -1.22881e-11  5.37343e-10  -8.96858e-22  1.00782e-21  -2.61117e-25  1.52004e-24
5  24  2.51147  0.95  5.98132e-06  -2.99066e-06  -2.99255e-09  1.67483e-09  8.08409e-21  -4.89499e-21  -7.15515e-24  -1.59033e-23
5  25  2.59808  1  2.76128e-05  -1.38064e-05  -1.58252e-08  -6.41333e-09  1.89382e-20  9.36736e-22  2.56481e-24  1.38362e-23
5  26  2.68468  1.05  9.75551e-05  -4.87775e-05  -2.05201e-08  -5.76452e-08  7.77071e-21  2.26419e-20  1.62872e-23  5.69902e-23
5  27  2.77128  1.1  0.000194908  -9.74538e-05  5.81629e-08  -1.08271e-07  4.88837e-20  2.55288e-20  6.80477e-23  -1.15171e-23
5  28  2.85788  1.15  0.000194899  -9.74496e-05  1.19207e-07  -2.99152e-08  4.56882e-20  -2.04515e-20  1.10799e-23  -7.84492e-23
5  29  2.94449  1.2  9.75699e-05  -4.87849e-05  5.08858e-08  3.39954e-08  -6.13885e-20  1.65195e-20  2.71635e-23  -2.60636e-23
5  30  3.03109  1.25  2.76321e-05  -1.3816e-05  2.34762e-09  1.69199e-08  -4.42947e-21  7.18298e-21  1.82217e-23  -1.79348e-24

6  0  0.519615  -0.3  2.56254e-05  -1.28127e-05  -4.7708e-09  1.45514e-08  -2.48071e-20  -1.38144e-20  3.05917e-23  8.66237e-24
6  1  0.606218  -0.25  7.13002e-06  -3.56501e-06  -3.03403e-09  1.05319e-09  9.10449e-21  2.05741e-21  7.77636e-24  5.64307e-25
6  2  0.69282  -0.2  4.03743e-06  -2.01872e-06  -2.36165e-10  1.83991e-10  -3.83025e-21  -1.07921e-21  7.51981e-24  -2.13996e-24
6  3  0.779423  -0.15  7.12698e-06  -3.56349e-06  -1.76304e-09  2.68336e-09  -1.41176e-20  -2.2765e-22  -7.7348e-24  1.20701e-23
6  4  0.866025  -0.1  2.56197e-05  -1.28098e-05  -1.52733e-08  1.06979e-09  1.10563e-21  8.73282e-21  1.00079e-23  -3.41091e-23
6  5  0.952628  -0.05  9.7485e-05  -4.87425e-05  -4.27372e-08  -4.37562e-08  -5.10393e-20  -2.29912e-20  -1.48021e-23  1.61299e-23
6  6  1.03923  0  0.000250959  -0.00012548  1.14026e-08  -1.58843e-07  -1.27363e-19  3.3994e-20  6.7708e-23  2.02797e-23
6  7  1.12583  0.05  0.00035089  -0.000175445  1.76235e-07  -1.37265e-07  2.15228e-21  -2.14059e-21  3.22567e-23  3.91483e-23
6  8  1.21244  0.1  0.000250863  -0.000125431  1.56766e-07  2.78093e-08  1.10158e-19  6.56498e-20  -7.53138e-23  1.1801e-22
6  9  1.29904  0.15  9.74512e-05  -4.87256e-05  3.19742e-08  5.21279e-08  -1.57476e-20  1.36767e-20  4.16749e-23  1.25299e-23
6  10  1.38564  0.2  2.56254e-05  -1.28127e-05  -4.7708e-09  1.45514e-08  -2.85122e-20  -1.09521e-20  2.73677e-23  6.39121e-24
6  11  1.47224  0.25  7.13002e-06  -3.56501e-06  -3.03403e-09  1.05319e-09  1.15047e-20  3.0863e-21  4.5052e-24  9.10082e-25
6  12  1.55885  0.3  4.03743e-06  -2.01872e-06  -2.36165e-10  1.83991e-10  -4.53959e-21  -1.49224e-21  7.58188e-24  -3.09922e-24
6  13  1.64545  0.35  7.12698e-06  -3.56349e-06  -1.76304e-09  2.68336e-09  -1.26202e-20  -3.08636e-22  -8.27331e-24  1.13695e-23
6  14  1.73205  0.4  2.56197e-05  -1.28098e-05  -1.52733e-08  1.06979e-09  6.32895e-21  1.05433e-20  1.45365e-23  -2.98762e-23
6  15  1.81865  0.45  9.7485e-05  -4.87425e-05  -4.27372e-08  -4.37562e-08  -5.20902e-20  -2.09918e-20  -1.44615e-23  1.11379e-23
6  16  1.90526  0.5  0.000250959  -0.00012548  1.14026e-08  -1.58843e-07  -1.34749e-19  2.73878e-20  7.24365e-23  1.4166e-23
6  17  1.99186  0.55  0.00035089  -0.000175445  1.76235e-07  -1.37265e-07  -3.7957e-21  1.02368e-21  4.23372e-23  3.79993e-23
6  18  2.07846  0.6  0.000250863  -0.000125431  1.56766e-07  2.78093e-08  9.92339e-20  6.54233e-20  -6.9632e-23  1.29333e-22
6  19  2.16506  0.65  9.74512e-05  -4.87256e-05  3.19742e-08  5.21279e-08  -1.82146e-20  1.96328e-20  4.84631e-23  1.62833e-23
6  20  2.25167  0.7  2.56254e-05  -1.28127e-05  -4.7708e-09  1.45514e-08  -2.84463e-20  -9.73973e-21  2.56277e-23  9.39351e-24
6  21  2.33827  0.75  7.13002e-06  -3.56501e-06  -3.03403e-09  1.05319e-09  8.71817e-21  2.0389e-21  4.47594e-24  -5.23164e-25
6  22  2.42487  0.8  4.03743e-06  -2.01872e-06  -2.36165e-10  1.83991e-10  -3.43728e-21  -1.27684e-21  6.46495e-24  -7.52522e-25
6  23  2.51147  0.85  7.12698e-06  -3.56349e-06  -1.76304e-09  2.68336e-09  -1.2706e-20  -1.0261e-21  -8.1492e-24  1.03878e-23
6  24  2.59808  0.9  2.56197e-05  -1.28098e-05  -1.52733e-08  1.06979e-09  1.29138e-20  6.13138e-21  1.22016e-23  -2.94374e-23
6  25  2.68468  0.95  9.7485e-05  -4.87425e-05  -4.27372e-08  -4.37562e-08  -4.83419e-20  -2.682e-20  -1.39607e-23  2.33318e-23
6  26  2.77128  1  0.000250959  -0.00012548  1.14026e-08  -1.58843e-07  -1.34974e-19  3.00884e-20  7.42052e-23  1.44474e-23
6  27  2.85788  1.05  0.00035089  -0.000175445  1.76235e-07  -1.37265e-07  -1.84968e-21  2.13629e-21  3.22427e-23  2.98581e-23
6  28  2.94449  1.1  0.000250863  -0.000125431  1.56766e-07  2.78093e-08  9.33278e-20  5.94553e-20  -7.62109e-23  1.4792e-22
6  29  3.03109  1.15  9.74512e-05  -4.87256e-05  3.19742e-08  5.21279e-08  -2.1673e-20  1.51389e-20  4.25582e-23  1.51824e-23
6  30  3.11769  1.2  2.56254e-05  -1.28127e-05  -4.7708e-09  1.45514e-08  -3.21653e-20  -1.12494e-20  2.61421e-23  8.985e-24

7  0  0.606218  -0.35  2.18017e-05  -1.09009e-05  -7.6421e-09  8.26448e-09  1.39443e-20  -4.48078e-21  -1.19611e-24  -2.0056e-23
7  1  0.69282  -0.3  9.98057e-06  -4.99028e-06  -2.45124e-09  2.45878e-10  -2.9332e-21  5.44192e-21  -2.31918e-24  -7.26824e-24
7  2  0.779423  -0.25  9.97871e-06  -4.98935e-06  -8.37564e-10  2.31623e-09  -6.08409e-21  -7.66308e-21  9.04013e-24  -2.11716e-23
7  3  0.866025  -0.2  2.18083e-05  -1.09041e-05  -9.88396e-09  5.39057e-09  1.51599e-20  5.57306e-21  -9.51202e-25  -2.39645e-23
7  4  0.952628  -0.15  6.92587e-05  -3.46293e-05  -3.9254e-08  -1.52141e-08  -7.17541e-20  5.39564e-21  -5.38204e-25  1.38974e-23
7  5  1.03923  -0.1  0.000195067  -9.75332e-05  -4.21761e-08  -1.15499e-07  5.19334e-20  -3.86299e-20  1.1456e-23  6.93287e-23
7  6  1.12583  -0.05  0.000351023  -0.000175511  1.05233e-07  -1.97096e-07  -1.32506e-19  -1.42637e-20  7.937e-23  -6.38597e-24
7  7  1.21244  0  0.000351086  -0.000175543  2.16873e-07  -5.38441e-08  -1.33096e-19  1.02496e-20  1.21314e-24  -8.05459e-23
7  8  1.29904  0.05  0.00019511  -9.75551e-05  1.01677e-07  6.91695e-08  -7.94076e-20  -2.93156e-20  -7.9016e-23  1.32369e-23
7  9  1.38564  0.1  6.9241e-05  -3.46205e-05  5.14148e-09  4.17765e-08  8.79752e-20  -1.36076e-20  2.65201e-23  -3.729e-23
7  10  1.47224  0.15  2.18017e-05  -1.09009e-05  -7.6421e-09  8.26448e-09  1.09771e-20  -3.2936e-21  -2.46031e-24  -2.27627e-23
7  11  1.55885  0.2  9.98057e-06  -4.99028e-06  -2.45124e-09  2.45878e-10  -5.05869e-21  5.97915e-21  -3.13688e-24  -7.39454e-24
7  12  1.64545  0.25  9.97871e-06  -4.98935e-06  -8.37564e-10  2.31623e-09  -5.70296e-21  -8.38113e-21  7.48626e-24  -2.09183e-23
7  13  1.73205  0.3  2.18083e-05  -1.09041e-05  -9.88396e-09  5.39057e-09  1.27832e-20  6.95426e-21  -3.94541e-24  -2.52362e-23
7  14  1.81865  0.35  6.92587e-05  -3.46293e-05  -3.9254e-08  -1.52141e-08  -6.33622e-20  3.61347e-21  -1.258e-25  1.50979e-23
7  15  1.90526  0.4  0.000195067  -9.75332e-05  -4.21761e-08  -1.15499e-07  5.95909e-20  -3.75475e-20  4.42286e-24  7.46035e-23
7  16  1.99186  0.45  0.000351023  -0.000175511  1.05233e-07  -1.97096e-07  -1.36501e-19  -1.24314e-20  8.44869e-23  -1.03044e-23
7  17  2.07846  0.5  0.000351086  -0.000175543  2.16873e-07  -5.38441e-08  -1.23873e-19  4.29521e-21  2.87239e-24  -8.71592e-23
7  18  2.16506  0.55  0.00019511  -9.75551e-05  1.01677e-07  6.91695e-08  -7.05969e-20  -3.38705e-20  -8.68251e-23  1.12611e-23
7  19  2.25167  0.6  6.9241e-05  -3.46205e-05  5.14148e-09  4.17765e-08  8.95235e-20  -1.75398e-20  2.80472e-23  -3.44948e-23
7  20  2.33827  0.65  2.18017e-05  -1.09009e-05  -7.6421e-09  8.26448e-09  1.7665e-20  -4.96329e-21  8.49833e-25  -2.36683e-23
7  21  2.42487  0.7  9.98057e-06  -4.99028e-06  -2.45124e-09  2.45878e-10  -4.50698e-21  5.56171e-21  -1.13297e-24  -7.92311e-24
7  22  2.51147  0.75  9.97871e-06  -4.98935e-06  -8.37564e-10  2.31623e-09  -4.44616e-21  -7.98872e-21  8.51533e-24  -1.90845e-23
7  23  2.59808  0.8  2.18083e-05  -1.09041e-05  -9.88396e-09  5.39057e-09  1.89551e-20  3.80651e-21  -3.17608e-24  -2.13561e-23
7  24  2.68468  0.85  6.92587e-05  -3.46293e-05  -3.9254e-08  -1.52141e-08  -6.35729e-20  1.46323e-21  8.44233e-25  1.83976e-23
7  25  2.77128  0.9  0.000195067  -9.75332e-05  -4.21761e-08  -1.15499e-07  4.83033e-20  -4.06425e-20  1.25833e-23  6.53917e-23
7  26  2.85788  0.95  0.000351023  -0.000175511  1.05233e-07  -1.97096e-07  -1.40578e-19  -1.17891e-20  7.84193e-23  -5.51427e-24
7  27  2.94449  1  0.000351086  -0.000175543  2.16873e-07  -5.38441e-08  -1.33223e-19  5.39142e-21  3.25471e-27  -7.1936e-23
7  28  3.03109  1.05  0.00019511  -9.75551e-05  1.01677e-07  6.91695e-08  -7.78143e-20  -3.79978e-20  -8.36429e-23  4.53282e-24
7  29  3.11769  1.1  6.9241e-05  -3.46205e-05  5.14148e-09  4.17765e-08  9.05668e-20  -1.38382e-20  2.68705e-23  -2.59397e-23
7  30  3.20429  1.15  2.18017e-05  -1.09009e-05  -7.6421e-09  8.26448e-09  1.07998e-20  -2.63281e-21  2.74264e-24  -1.88186e-23

8  0  0.69282  -0.4  1.95855e-05  -9.79276e-06  -6.14538e-09  3.0753e-09  6.34262e-21  -6.11586e-22  -1.97959e-24  9.3792e-24
8  1  0.779423  -0.35  1.49863e-05  -7.49316e-06  -1.46625e-09  1.14239e-09  -2.33461e-21  3.66076e-21  -3.49252e-24  5.20736e-24
8  2  0.866025  -0.3  1.9587e-05  -9.79348e-06  -4.48571e-09  5.20677e-09  -1.33581e-20  3.97191e-21  -3.43108e-24  2.3217e-24
8  3  0.952628  -0.25  4.04923e-05  -2.02461e-05  -2.18651e-08  1.00749e-09  3.74352e-20  -1.4868e-20  1.15288e-23  -9.28529e-24
8  4  1.03923  -0.2  9.84179e-05  -4.92089e-05  -4.16932e-08  -4.32681e-08  -5.23688e-20  -2.02492e-20  3.60586e-23  6.03647e-23
8  5  1.12583  -0.15  0.000194986  -9.74928e-05  9.04111e-09  -1.22598e-07  -6.78336e-20  -4.12616e-21  -3.67692e-23  1.46776e-23
8  6  1.21244  -0.1  0.000250699  -0.000125349  1.25544e-07  -9.78208e-08  2.14384e-20  7.2828e-21  -4.08151e-23  5.78641e-23
8  7  1.29904  -0.05  0.000195041  -9.75202e-05  1.21105e-07  2.12179e-08  7.52546e-20  8.48943e-21  9.63245e-23  -1.54549e-22
8  8  1.38564  0  9.84439e-05  -4.92219e-05  3.17554e-08  5.10213e-08  -5.68339e-20  -1.83564e-20  -1.85506e-23  7.41466e-25
8  9  1.47224  0.05  4.04915e-05  -2.02457e-05  -6.32812e-09  2.09535e-08  4.3475e-20  -3.09415e-21  1.28526e-23  8.82594e-24
8  10  1.55885  0.1  1.95855e-05  -9.79276e-06  -6.14538e-09  3.0753e-09  1.33637e-21  1.3464e-21  -3.20712e-24  1.12393e-23
8  11  1.64545  0.15  1.49863e-05  -7.49316e-06  -1.46625e-09  1.14239e-09  -3.29288e-21  3.40834e-21  -3.61557e-24  5.50709e-24
8  12  1.73205  0.2  1.9587e-05  -9.79348e-06  -4.48571e-09  5.20677e-09  -1.11443e-20  3.42877e-21  -5.68602e-24  4.4416e-24
8  13  1.81865  0.25  4.04923e-05  -2.02461e-05  -2.18651e-08  1.00749e-09  3.67559e-20  -1.43028e-20  1.31128e-23  -3.97767e-24
8  14  1.90526  0.3  9.84179e-05  -4.92089e-05  -4.16932e-08  -4.32681e-08  -4.63264e-20  -1.99471e-20  3.96472e-23  6.76544e-23
8  15  1.99186  0.35  0.000194986  -9.74928e-05  9.04111e-09  -1.22598e-07  -6.681e-20  -1.2606e-21  -4.44308e-23  1.64582e-23
8  16  2.07846  0.4  0.000250699  -0.000125349  1.25544e-07  -9.78208e-08  1.70615e-20  8.10617e-21  -5.00361e-23  5.36968e-23
8  17  2.16506  0.45  0.000195041  -9.75202e-05  1.21105e-07  2.12179e-08  6.6506e-20  7.9815e-21  1.02017e-22  -1.59129e-22
8  18  2.25167  0.5  9.84439e-05  -4.92219e-05  3.17554e-08  5.10213e-08  -5.91753e-20  -1.9871e-20  -1.28061e-23  -8.7059e-25
8  19  2.33827  0.55  4.04915e-05  -2.02457e-05  -6.32812e-09  2.09535e-08  4.73737e-20  -4.12063e-21  1.20682e-23  1.17582e-23
8  20  2.42487  0.6  1.95855e-05  -9.79276e-06  -6.14538e-09  3.0753e-09  5.05346e-21  3.44222e-22  -1.42533e-24  1.12129e-23
8  21  2.51147  0.65  1.49863e-05  -7.49316e-06  -1.46625e-09  1.14239e-09  -3.81077e-21  2.02315e-21  -5.25937e-24  7.82133e-24
8  22  2.59808  0.7  1.9587e-05  -9.79348e-06  -4.48571e-09  5.20677e-09  -1.00408e-20  3.43163e-21  -2.11257e-24  3.76837e-24
8  23  2.68468  0.75  4.04923e-05  -2.02461e-05  -2.18651e-08  1.00749e-09  3.90128e-20  -1.50685e-20  1.57303e-23  -7.77648e-24
8  24  2.77128  0.8  9.84179e-05  -4.92089e-05  -4.16932e-08  -4.32681e-08  -4.80459e-20  -2.12021e-20  3.71193e-23  6.87921e-23
8  25  2.85788  0.85  0.000194986  -9.74928e-05  9.04111e-09  -1.22598e-07  -6.36472e-20  -4.93577e-21  -3.4216e-23  1.76708e-23
8  26  2.94449  0.9  0.000250699  -0.000125349  1.25544e-07  -9.78208e-08  2.12807e-20  8.29553e-21  -4.50907e-23  6.07496e-23
8  27  3.03109  0.95  0.000195041  -9.75202e-05  1.21105e-07  2.12179e-08  6.84675e-20  1.1862e-20  1.08482e-22  -1.58823e-22
8  28  3.11769  1  9.84439e-05  -4.92219e-05  3.17554e-08  5.10213e-08  -6.27718e-20  -9.01031e-21  -2.84275e-23  -1.41407e-24
8  29  3.20429  1.05  4.04915e-05  -2.02457e-05  -6.32812e-09  2.09535e-08  4.84372e-20  -7.15569e-21  6.88914e-24  1.79116e-23
8  30  3.2909  1.1  1.95855e-05  -9.79276e-06  -6.14538e-09  3.0753e-09  5.47316e-21  2.59521e-21  -5.77155e-24  1.07274e-23

9  0  0.779423  -0.45  1.9776e-05  -9.88799e-06  -3.00749e-09  7.09535e-10  1.54691e-21  -1.67896e-21  6.91619e-24  -1.67386e-24
9  1  0.866025  -0.4  1.97776e-05  -9.88878e-06  -1.42406e-09  2.743e-09  -1.06035e-20  -2.36532e-21  -5.80746e-24  6.25596e-24
9  2  0.952628  -0.35  2.50715e-05  -1.25357e-05  -8.57876e-09  4.16994e-09  -2.3894e-21  -2.05676e-21  1.30114e-23  -6.78689e-24
9  3  1.03923  -0.3  4.05005e-05  -2.02502e-05  -2.0181e-08  -8.48388e-09  -2.04116e-20  -1.05238e-21  -9.51691e-24  -3.08581e-24
9  4  1.12583  -0.25  6.9342e-05  -3.4671e-05  -1.3744e-08  -3.98223e-08  9.93295e-21  -8.07747e-21  -1.11381e-23  -1.48222e-23
9  5  1.21244  -0.2  9.74731e-05  -4.87365e-05  2.91336e-08  -5.3778e-08  -7.75957e-21  -8.6173e-22  1.65306e-23  5.03452e-24
9  6  1.29904  -0.15  9.7427e-05  -4.87135e-05  5.92581e-08  -1.50672e-08  -1.01988e-20  4.33089e-21  -5.65253e-24  -1.39541e-23
9  7  1.38564  -0.1  6.9292e-05  -3.4646e-05  3.52373e-08  2.30548e-08  -8.65667e-21  8.15679e-21  -1.62837e-23  -2.6541e-23
9  8  1.47224  -0.05  4.05007e-05  -2.02504e-05  3.29534e-09  2.16433e-08  3.94673e-20  -1.14534e-20  -3.64079e-23  -3.12006e-24
9  9  1.55885  0  2.50769e-05  -1.25384e-05  -6.14312e-09  7.29903e-09  -3.46606e-20  2.04395e-21  -2.0064e-24  -5.68319e-24
9  10  1.64545  0.05  1.9776e-05  -9.88799e-06  -3.00749e-09  7.09535e-10  -4.33337e-22  -6.03226e-22  7.75557e-24  -2.90216e-24
9  11  1.73205  0.1  1.97776e-05  -9.88878e-06  -1.42406e-09  2.743e-09  -6.4241e-21  -4.40578e-22  -5.35958e-24  4.63425e-24
9  12  1.81865  0.15  2.50715e-05  -1.25357e-05  -8.57876e-09  4.16994e-09  -4.84728e-21  -2.02784e-21  1.30097e-23  -3.74274e-24
9  13  1.90526  0.2  4.05005e-05  -2.02502e-05  -2.0181e-08  -8.48388e-09  -1.8011e-20  2.09326e-22  -1.19315e-23  -1.04473e-23
9  14  1.99186  0.25  6.9342e-05  -3.4671e-05  -1.3744e-08  -3.98223e-08  7.84328e-21  -7.96006e-21  -9.714e-24  -1.92525e-23
9  15  2.07846  0.3  9.74731e-05  -4.87365e-05  2.91336e-08  -5.3778e-08  -1.28993e-20  -3.15539e-22  2.07603e-23  4.74289e-24
9  16  2.16506  0.35  9.7427e-05  -4.87135e-05  5.92581e-08  -1.50672e-08  -5.90785e-21  2.18918e-21  -4.80082e-24  -1.11355e-23
9  17  2.25167  0.4  6.9292e-05  -3.4646e-05  3.52373e-08  2.30548e-08  -9.40793e-21  6.67565e-21  -2.13473e-23  -2.49193e-23
9  18  2.33827  0.45  4.05007e-05  -2.02504e-05  3.29534e-09  2.16433e-08  3.56966e-20  -1.29708e-20  -3.11536e-23  -5.35633e-24
9  19  2.42487  0.5  2.50769e-05  -1.25384e-05  -6.14312e-09  7.29903e-09  -3.86499e-20  1.94654e-21  8.23044e-25  -4.43212e-24
9  20  2.51147  0.55  1.9776e-05  -9.88799e-06  -3.00749e-09  7.09535e-10  1.41586e-22  4.93617e-22  6.97463e-24  -1.69073e-24
9  21  2.59808  0.6  1.97776e-05  -9.88878e-06  -1.42406e-09  2.743e-09  -7.95212e-21  -1.21237e-21  -5.44081e-24  6.11157e-24
9  22  2.68468  0.65  2.50715e-05  -1.25357e-05  -8.57876e-09  4.16994e-09  -6.9547e-21  -2.06377e-21  1.36648e-23  -8.73121e-24
9  23  2.77128  0.7  4.05005e-05  -2.02502e-05  -2.0181e-08  -8.48388e-09  -2.10366e-20  -2.7781e-21  -1.10951e-23  -7.42216e-24
9  24  2.85788  0.75  6.9342e-05  -3.4671e-05  -1.3744e-08  -3.98223e-08  8.51721e-21  -6.33946e-21  -1.04434e-23  -1.97596e-23
9  25  2.94449  0.8  9.74731e-05  -4.87365e-05  2.91336e-08  -5.3778e-08  -1.40935e-20  1.90632e-21  2.3557e-23  2.49036e-24
9  26  3.03109  0.85  9.7427e-05  -4.87135e-05  5.92581e-08  -1.50672e-08  -8.88583e-21  5.83796e-21  -3.49183e-24  -1.81517e-23
9  27  3.11769  0.9  6.9292e-05  -3.4646e-05  3.52373e-08  2.30548e-08  -8.31e-21  7.29645e-21  -2.19189e-23  -2.25391e-23
9  28  3.20429  0.95  4.05007e-05  -2.02504e-05  3.29534e-09  2.16433e-08  3.52188e-20  -1.04763e-20  -3.05658e-23  -3.23976e-24
9  29  3.2909  1  2.50769e-05  -1.25384e-05  -6.14312e-09  7.29903e-09  -3.97119e-20  3.56714e-21  5.10443e-24  -3.83182e-24
9  30  3.3775  1.05  1.9776e-05  -9.88799e-06  -3.00749e-09  7.09535e-10  -2.5166e-21  -1.25826e-21  7.58392e-24  -1.85609e-24

10  0  0.866025  -0.5  2.03404e-05  -1.01702e-05  2.22514e-12  -1.62858e-12  -5.40461e-22  -2.4244e-21  1.87212e-24  1.9817e-24
10  1  0.952628  -0.45  1.97783e-05  -9.88912e-06  -1.4804e-09  2.71314e-09  1.1328e-21  7.98414e-21  -1.03135e-23  -1.00255e-26
10  2  1.03923  -0.4  1.95722e-05  -9.7861e-06  -6.86029e-09  3.13591e-10  9.16705e-22  -2.04594e-21  2.11666e-24  -6.65487e-25
10  3  1.12583  -0.35  2.17872e-05  -1.08936e-05  -7.41048e-09  -8.46832e-09  -4.19146e-21  -4.42725e-22  -1.873e-24  -6.84427e-24
10  4  1.21244  -0.3  2.56539e-05  -1.28269e-05  1.65911e-09  -1.52317e-08  -6.27438e-21  6.43593e-21  8.92003e-26  -8.78081e-24
10  5  1.29904  -0.25  2.76655e-05  -1.38328e-05  1.34835e-08  -1.05062e-08  4.39921e-21  -2.58606e-21  -7.39048e-24  -1.00087e-23
10  6  1.38564  -0.2  2.56582e-05  -1.28291e-05  1.51796e-08  2.11596e-09  -4.91389e-21  -7.0186e-21  -8.15017e-24  1.68412e-23
10  7  1.47224  -0.15  2.17938e-05  -1.08969e-05  6.39945e-09  9.25909e-09  -1.31502e-21  3.82307e-21  -1.13612e-23  -9.76221e-24
10  8  1.55885  -0.1  1.95763e-05  -9.78812e-06  -1.98316e-09  6.57471e-09  -2.16615e-22  -1.87927e-21  -2.01567e-24  3.38573e-24
10  9  1.64545  -0.05  1.9777e-05  -9.88849e-06  -2.99244e-09  7.71482e-10  1.06773e-20  4.31181e-21  -2.32091e-24  -4.58238e-24
10  10  1.73205  0  2.03404e-05  -1.01702e-05  2.22514e-12  -1.62858e-12  1.86316e-21  -3.63073e-21  3.27253e-24  1.6187e-24
10  11  1.81865  0.05  1.97783e-05  -9.88912e-06  -1.4804e-09  2.71314e-09  -2.01602e-21  8.08669e-21  -1.04747e-23  -3.95771e-25
10  12  1.90526  0.1  1.95722e-05  -9.7861e-06  -6.86029e-09  3.13591e-10  1.5993e-21  -5.19419e-22  2.86331e-24  -9.13295e-25
10  13  1.99186  0.15  2.17872e-05  -1.08936e-05  -7.41048e-09  -8.46832e-09  -3.65162e-21  -1.12388e-21  -2.78882e-24  -5.35185e-24
10  14  2.07846  0.2  2.56539e-05  -1.28269e-05  1.65911e-09  -1.52317e-08  -2.8076e-21  6.89448e-21  3.28208e-24  -8.33192e-24
10  15  2.16506  0.25  2.76655e-05  -1.38328e-05  1.34835e-08  -1.05062e-08  7.76928e-21  -3.00709e-21  -7.63749e-24  -1.08343e-23
10  16  2.25167  0.3  2.56582e-05  -1.28291e-05  1.51796e-08  2.11596e-09  -5.33001e-21  -8.32487e-21  -5.45835e-24  1.59006e-23
10  17  2.33827  0.35  2.17938e-05  -1.08969e-05  6.39945e-09  9.25909e-09  -8.20475e-22  3.0893e-21  -9.71302e-24  -8.83646e-24
10  18  2.42487  0.4  1.95763e-05  -9.78812e-06  -1.98316e-09  6.57471e-09  -1.20073e-21  -5.95853e-22  -3.16089e-24  6.56989e-24
10  19  2.51147  0.45  1.9777e-05  -9.88849e-06  -2.99244e-09  7.71482e-10  8.49336e-21  5.0297e-21  -1.07864e-24  -4.74663e-24
10  20  2.59808  0.5  2.03404e-05  -1.01702e-05  2.22514e-12  -1.62858e-12  6.72014e-22  -2.52673e-21  1.62429e-24  3.1093e-24
10  21  2.68468  0.55  1.97783e-05  -9.88912e-06  -1.4804e-09  2.71314e-09  1.48712e-21  7.58001e-21  -9.10548e-24  -2.8164e-25
10  22  2.77128  0.6  1.95722e-05  -9.7861e-06  -6.86029e-09  3.13591e-10  4.10582e-21  -1.35689e-21  2.74712e-24  -7.38466e-25
10  23  2.85788  0.65  2.17872e-05  -1.08936e-05  -7.41048e-09  -8.46832e-09  -5.45122e-21  -4.56756e-22  -4.5684e-24  -5.55924e-24
