#cell1  cell2   m1  m2  rx  ry   density   sz  sx  sy
0  0  0  0  0  0  8.0148  2.78871  0  0  -7.01278e-16  -2.89244e-16  0  0
0  1  0  10  0.866025  0.5  8.0148  2.78871  0  0  -6.2555e-16  -2.7901e-16  0  0
0  2  0  20  1.73205  1  8.0148  2.78871  0  0  -7.07311e-16  -2.14242e-16  0  0
0  3  0  30  2.59808  1.5  8.0148  2.78871  0  0  -5.84304e-16  -1.42563e-16  0  0

1  0  10  0  0.866025  -0.5  8.0148  2.78871  0  0  -7.43073e-16  -2.85896e-16  0  0
1  1  10  10  1.73205  0  8.0148  2.78871  0  0  -5.67845e-16  -2.13869e-16  0  0
1  2  10  20  2.59808  0.5  8.0148  2.78871  0  0  -5.82132e-16  -2.5679e-16  0  0
1  3  10  30  3.4641  1  8.0148  2.78871  0  0  -5.97486e-16  -2.76724e-16  0  0

2  0  20  0  1.73205  -1  8.0148  2.78871  0  0  -7.07103e-16  -2.67808e-16  0  0
2  1  20  10  2.59808  -0.5  8.0148  2.78871  0  0  -5.39881e-16  -2.35626e-16  0  0
2  2  20  20  3.4641  0  8.0148  2.78871  0  0  -6.90938e-16  -2.44774e-16  0  0
2  3  20  30  4.33013  0.5  8.0148  2.78871  0  0  -7.54088e-16  -2.98926e-16  0  0

3  0  30  0  2.59808  -1.5  8.0148  2.78871  0  0  -6.4912e-16  -2.53819e-16  0  0
3  1  30  10  3.4641  -1  8.0148  2.78871  0  0  -6.51124e-16  -2.14313e-16  0  0
3  2  30  20  4.33013  -0.5  8.0148  2.78871  0  0  -6.41833e-16  -3.19611e-16  0  0
3  3  30  30  5.19615  0  8.0148  2.78871  0  0  -7.34899e-16  -3.19031e-16  0  0

