# m1  m2  rx  ry   density   sz  sx  sy
0  0  0  0  0.000208803  0.000104401  1.75684e-10  -1.60251e-10  4.2278e-21  -8.27274e-22  -4.37699e-26  -7.49595e-26
0  1  0.0866025  0.05  0.000186008  9.30038e-05  2.02873e-10  -7.25692e-11  -3.83802e-20  -1.13897e-20  -2.00895e-27  1.49648e-26
0  2  0.173205  0.1  0.000136469  6.82346e-05  1.58234e-10  1.0251e-11  -2.42426e-20  -1.86523e-20  -1.9307e-26  1.91548e-26
0  3  0.259808  0.15  8.50696e-05  4.25348e-05  8.32548e-11  4.58309e-11  -2.7598e-20  -1.43362e-20  8.56307e-27  -6.81638e-27
0  4  0.34641  0.2  5.05811e-05  2.52905e-05  2.18903e-11  3.91564e-11  2.22203e-20  4.79137e-21  -8.36726e-27  -9.8184e-27
0  5  0.433013  0.25  4.05151e-05  2.02576e-05  -1.47726e-11  1.28196e-11  -1.56103e-20  -6.95052e-21  3.87239e-28  1.13822e-26
0  6  0.519615  0.3  5.57531e-05  2.78765e-05  -3.45221e-11  -2.64565e-11  6.49816e-21  6.7373e-21  1.12956e-26  -2.78517e-26
0  7  0.606218  0.35  9.37056e-05  4.68528e-05  -3.38861e-11  -8.52964e-11  -8.00881e-20  -1.6994e-20  -2.68313e-26  -4.6218e-26
0  8  0.69282  0.4  0.00014548  7.27401e-05  6.4991e-12  -1.54223e-10  -1.31162e-20  9.95237e-21  -4.06888e-27  -4.49397e-26
0  9  0.779423  0.45  0.000191787  9.58937e-05  9.03133e-11  -1.92305e-10  -3.44158e-20  -2.58668e-20  1.42294e-25  5.89033e-27
0  10  0.866025  0.5  0.000208803  0.000104401  1.75684e-10  -1.60251e-10  6.11144e-21  -2.66463e-21  -4.94125e-26  -7.70443e-26
0  11  0.952628  0.55  0.000186008  9.30038e-05  2.02873e-10  -7.25692e-11  -2.952e-20  -1.46805e-20  -1.15313e-27  7.11553e-27
0  12  1.03923  0.6  0.000136469  6.82346e-05  1.58234e-10  1.0251e-11  -2.83371e-20  -1.68272e-20  -1.93785e-26  1.69436e-26
0  13  1.12583  0.65  8.50696e-05  4.25348e-05  8.32548e-11  4.58309e-11  -3.65934e-20  -1.09721e-20  9.74749e-27  -5.94178e-27
0  14  1.21244  0.7  5.05811e-05  2.52905e-05  2.18903e-11  3.91564e-11  2.34858e-20  5.01856e-21  -7.94331e-27  -1.2971e-26
0  15  1.29904  0.75  4.05151e-05  2.02576e-05  -1.47726e-11  1.28196e-11  -1.50423e-20  -6.88857e-21  2.31313e-28  8.20321e-27
0  16  1.38564  0.8  5.57531e-05  2.78765e-05  -3.45221e-11  -2.64565e-11  1.36122e-20  6.63242e-21  8.22281e-27  -3.18422e-26
0  17  1.47224  0.85  9.37056e-05  4.68528e-05  -3.38861e-11  -8.52964e-11  -8.87507e-20  -1.91156e-20  -2.78605e-26  -4.27324e-26
0  18  1.55885  0.9  0.00014548  7.27401e-05  6.4991e-12  -1.54223e-10  -1.61679e-20  8.90908e-21  5.05302e-27  -4.76518e-26
0  19  1.64545  0.95  0.000191787  9.58937e-05  9.03133e-11  -1.92305e-10  -3.83598e-20  -2.79662e-20  1.55147e-25  6.37532e-27
0  20  1.73205  1  0.000208803  0.000104401  1.75684e-10  -1.60251e-10  7.24664e-21  -1.54424e-21  -4.63044e-26  -7.27752e-26
0  21  1.81865  1.05  0.000186008  9.30038e-05  2.02873e-10  -7.25692e-11  -4.09387e-20  -1.36608e-20  -5.24561e-27  1.99774e-26
0  22  1.90526  1.1  0.000136469  6.82346e-05  1.58234e-10  1.0251e-11  -3.07309e-20  -2.19205e-20  -1.85886e-26  2.64348e-26
0  23  1.99186  1.15  8.50696e-05  4.25348e-05  8.32548e-11  4.58309e-11  -3.54337e-20  -1.25208e-20  4.98035e-27  -1.85881e-27
0  24  2.07846  1.2  5.05811e-05  2.52905e-05  2.18903e-11  3.91564e-11  2.24428e-20  5.5071e-21  -7.40557e-27  -1.35601e-26
0  25  2.16506  1.25  4.05151e-05  2.02576e-05  -1.47726e-11  1.28196e-11  -1.46172e-20  -6.42964e-21  -1.00735e-27  6.36861e-27
0  26  2.25167  1.3  5.57531e-05  2.78765e-05  -3.45221e-11  -2.64565e-11  1.46072e-20  8.42764e-21  3.35378e-27  -2.47991e-26
0  27  2.33827  1.35  9.37056e-05  4.68528e-05  -3.38861e-11  -8.52964e-11  -9.0682e-20  -1.80417e-20  -3.61057e-26  -4.43033e-26
0  28  2.42487  1.4  0.00014548  7.27401e-05  6.4991e-12  -1.54223e-10  -1.6417e-20  7.44512e-21  4.25579e-27  -4.86353e-26
0  29  2.51147  1.45  0.000191787  9.58937e-05  9.03133e-11  -1.92305e-10  -4.15595e-20  -2.72839e-20  1.45032e-25  5.59852e-27
0  30  2.59808  1.5  0.000208803  0.000104401  1.75684e-10  -1.60251e-10  5.41387e-21  -5.53355e-22  -5.11993e-26  -7.17977e-26

1  0  0.0866025  -0.05  0.00019136  9.56798e-05  2.18956e-10  1.59076e-11  -1.0443e-20  1.75718e-21  -8.1925e-27  9.96212e-26
1  1  0.173205  0  0.000163088  8.15442e-05  1.68773e-10  8.54651e-11  4.29164e-20  1.36195e-20  2.59036e-26  8.44496e-26
1  2  0.259808  0.05  0.000121474  6.07372e-05  8.82352e-11  1.07054e-10  5.50249e-20  3.07964e-20  1.09586e-26  -8.72479e-29
1  3  0.34641  0.1  8.27562e-05  4.13781e-05  1.89122e-11  8.14456e-11  -3.39846e-20  -1.87554e-20  -1.28439e-25  4.05847e-26
1  4  0.433013  0.15  6.1292e-05  3.0646e-05  -1.82117e-11  3.1563e-11  -1.49782e-21  3.57331e-21  3.51778e-26  3.40052e-26
1  5  0.519615  0.2  6.49467e-05  3.24734e-05  -2.37228e-11  -2.44995e-11  1.37358e-20  2.01087e-21  9.88307e-27  3.49941e-27
1  6  0.606218  0.25  9.19872e-05  4.59936e-05  1.25056e-12  -7.95743e-11  -2.27038e-20  -1.95408e-20  -1.42855e-26  -4.22364e-27
1  7  0.69282  0.3  0.000132291  6.61453e-05  6.01211e-11  -1.19791e-10  4.10694e-20  5.2769e-21  -2.88384e-26  -1.60939e-26
1  8  0.779423  0.35  0.000171432  8.57162e-05  1.41064e-10  -1.20201e-10  2.36329e-20  3.43511e-21  -4.16066e-26  6.75389e-26
1  9  0.866025  0.4  0.000194464  9.72319e-05  2.07211e-10  -6.78679e-11  -2.12686e-20  -5.86427e-21  -1.18203e-26  3.60438e-26
1  10  0.952628  0.45  0.00019136  9.56798e-05  2.18956e-10  1.59076e-11  -5.34722e-21  1.18128e-21  -4.56434e-27  8.94734e-26
1  11  1.03923  0.5  0.000163088  8.15442e-05  1.68773e-10  8.54651e-11  4.29582e-20  1.55595e-20  2.67149e-26  7.51925e-26
1  12  1.12583  0.55  0.000121474  6.07372e-05  8.82352e-11  1.07054e-10  5.2519e-20  3.1782e-20  -5.38674e-29  5.94059e-28
1  13  1.21244  0.6  8.27562e-05  4.13781e-05  1.89122e-11  8.14456e-11  -3.4812e-20  -1.89043e-20  -1.30821e-25  3.7215e-26
1  14  1.29904  0.65  6.1292e-05  3.0646e-05  -1.82117e-11  3.1563e-11  1.18088e-21  3.22901e-21  3.16709e-26  3.77015e-26
1  15  1.38564  0.7  6.49467e-05  3.24734e-05  -2.37228e-11  -2.44995e-11  1.4327e-20  8.2303e-22  4.93904e-27  -2.005e-27
1  16  1.47224  0.75  9.19872e-05  4.59936e-05  1.25056e-12  -7.95743e-11  -2.26872e-20  -1.65023e-20  -1.89169e-26  -1.58879e-27
1  17  1.55885  0.8  0.000132291  6.61453e-05  6.01211e-11  -1.19791e-10  3.52836e-20  4.21189e-21  -3.27507e-26  -1.02137e-26
1  18  1.64545  0.85  0.000171432  8.57162e-05  1.41064e-10  -1.20201e-10  2.14626e-20  5.34199e-21  -3.9265e-26  6.40166e-26
1  19  1.73205  0.9  0.000194464  9.72319e-05  2.07211e-10  -6.78679e-11  -1.76786e-20  -4.5324e-21  -1.82988e-26  4.4165e-26
1  20  1.81865  0.95  0.00019136  9.56798e-05  2.18956e-10  1.59076e-11  -9.8872e-21  -1.29826e-21  -8.90887e-27  1.16969e-25
1  21  1.90526  1  0.000163088  8.15442e-05  1.68773e-10  8.54651e-11  3.91926e-20  1.86871e-20  2.52932e-26  6.42947e-26
1  22  1.99186  1.05  0.000121474  6.07372e-05  8.82352e-11  1.07054e-10  4.74001e-20  3.38827e-20  -5.28904e-27  2.11278e-27
1  23  2.07846  1.1  8.27562e-05  4.13781e-05  1.89122e-11  8.14456e-11  -3.94261e-20  -1.79455e-20  -1.47065e-25  3.69904e-26
1  24  2.16506  1.15  6.1292e-05  3.0646e-05  -1.82117e-11  3.1563e-11  1.84491e-21  2.70682e-21  2.37967e-26  3.84128e-26
1  25  2.25167  1.2  6.49467e-05  3.24734e-05  -2.37228e-11  -2.44995e-11  1.34749e-20  2.4372e-21  1.03747e-26  7.9687e-28
1  26  2.33827  1.25  9.19872e-05  4.59936e-05  1.25056e-12  -7.95743e-11  -1.78522e-20  -1.79765e-20  -8.56596e-27  -4.11235e-27
1  27  2.42487  1.3  0.000132291  6.61453e-05  6.01211e-11  -1.19791e-10  4.13546e-20  4.40206e-21  -3.09522e-26  -1.06877e-26
1  28  2.51147  1.35  0.000171432  8.57162e-05  1.41064e-10  -1.20201e-10  1.46731e-20  6.20533e-21  -4.4355e-26  7.36479e-26
1  29  2.59808  1.4  0.000194464  9.72319e-05  2.07211e-10  -6.78679e-11  -1.79593e-20  -5.54494e-21  -1.2978e-26  3.25357e-26
1  30  2.68468  1.45  0.00019136  9.56798e-05  2.18956e-10  1.59076e-11  -6.64219e-21  -1.2397e-21  -1.07678e-26  1.11407e-25

2  0  0.173205  -0.1  0.000143818  7.1909e-05  1.0571e-10  1.26724e-10  2.30369e-20  8.91851e-21  -3.23431e-26  9.934e-27
2  1  0.259808  -0.05  0.000124017  6.20083e-05  4.2723e-11  1.35404e-10  -9.91434e-21  -6.06983e-21  -5.27085e-26  1.07393e-26
2  2  0.34641  0  9.92381e-05  4.9619e-05  -1.0885e-11  1.05383e-10  2.76982e-20  1.33851e-21  2.06863e-26  1.29842e-25
2  3  0.433013  0.05  7.88826e-05  3.94413e-05  -3.39292e-11  5.04142e-11  -1.02965e-20  7.75859e-22  -8.58961e-27  9.78629e-26
2  4  0.519615  0.1  7.34271e-05  3.67136e-05  -2.07667e-11  -7.61425e-12  -2.54355e-21  -1.24561e-20  -8.43204e-27  -8.49632e-27
2  5  0.606218  0.15  8.62462e-05  4.31231e-05  2.13387e-11  -4.94972e-11  2.48477e-20  6.7827e-21  -4.13178e-26  -2.00852e-28
2  6  0.69282  0.2  0.00010982  5.49099e-05  7.90953e-11  -6.082e-11  4.72839e-20  1.84212e-20  -8.99599e-27  -2.42274e-26
2  7  0.779423  0.25  0.000133204  6.6602e-05  1.32962e-10  -3.50817e-11  -6.05985e-20  -3.7458e-20  3.23177e-26  -4.8402e-26
2  8  0.866025  0.3  0.000148907  7.44536e-05  1.61506e-10  1.96274e-11  -1.47274e-21  -6.84502e-22  1.27715e-26  -7.11934e-27
2  9  0.952628  0.35  0.000152863  7.64317e-05  1.51552e-10  8.20545e-11  -2.50648e-20  -1.43298e-20  1.04941e-26  8.42924e-26
2  10  1.03923  0.4  0.000143818  7.1909e-05  1.0571e-10  1.26724e-10  2.44137e-20  7.77825e-21  -2.72733e-26  1.17181e-26
2  11  1.12583  0.45  0.000124017  6.20083e-05  4.2723e-11  1.35404e-10  -6.05342e-21  -9.26781e-21  -5.36112e-26  1.0976e-26
2  12  1.21244  0.5  9.92381e-05  4.9619e-05  -1.0885e-11  1.05383e-10  2.91793e-20  -3.25746e-21  2.52102e-26  1.37902e-25
2  13  1.29904  0.55  7.88826e-05  3.94413e-05  -3.39292e-11  5.04142e-11  -1.32513e-20  -2.44453e-22  -1.1348e-26  1.07114e-25
2  14  1.38564  0.6  7.34271e-05  3.67136e-05  -2.07667e-11  -7.61425e-12  4.12069e-22  -1.08588e-20  -3.01837e-27  -1.43915e-26
2  15  1.47224  0.65  8.62462e-05  4.31231e-05  2.13387e-11  -4.94972e-11  2.10125e-20  7.08651e-21  -4.20296e-26  2.0775e-27
2  16  1.55885  0.7  0.00010982  5.49099e-05  7.90953e-11  -6.082e-11  4.85542e-20  2.06693e-20  -7.45704e-27  -2.83718e-26
2  17  1.64545  0.75  0.000133204  6.6602e-05  1.32962e-10  -3.50817e-11  -5.97925e-20  -3.59883e-20  2.54663e-26  -5.50601e-26
2  18  1.73205  0.8  0.000148907  7.44536e-05  1.61506e-10  1.96274e-11  -2.04079e-21  4.88328e-22  1.69175e-26  -8.90908e-27
2  19  1.81865  0.85  0.000152863  7.64317e-05  1.51552e-10  8.20545e-11  -2.55956e-20  -1.33609e-20  1.50885e-27  9.5894e-26
2  20  1.90526  0.9  0.000143818  7.1909e-05  1.0571e-10  1.26724e-10  2.08568e-20  1.04291e-20  -3.04855e-26  1.15186e-26
2  21  1.99186  0.95  0.000124017  6.20083e-05  4.2723e-11  1.35404e-10  -2.29869e-20  -7.56106e-21  -6.33329e-26  1.43177e-26
2  22  2.07846  1  9.92381e-05  4.9619e-05  -1.0885e-11  1.05383e-10  2.1021e-20  -3.42905e-21  2.53404e-26  1.29607e-25
2  23  2.16506  1.05  7.88826e-05  3.94413e-05  -3.39292e-11  5.04142e-11  -1.76438e-20  1.30455e-21  -1.77867e-26  1.10315e-25
2  24  2.25167  1.1  7.34271e-05  3.67136e-05  -2.07667e-11  -7.61425e-12  1.49627e-21  -1.09823e-20  -7.39946e-27  -1.07881e-26
2  25  2.33827  1.15  8.62462e-05  4.31231e-05  2.13387e-11  -4.94972e-11  2.30683e-20  7.45956e-21  -3.88424e-26  -1.12695e-27
2  26  2.42487  1.2  0.00010982  5.49099e-05  7.90953e-11  -6.082e-11  4.72041e-20  1.97873e-20  -4.98702e-27  -3.66192e-26
2  27  2.51147  1.25  0.000133204  6.6602e-05  1.32962e-10  -3.50817e-11  -6.33647e-20  -3.51569e-20  2.7676e-26  -4.37284e-26
2  28  2.59808  1.3  0.000148907  7.44536e-05  1.61506e-10  1.96274e-11  -2.25116e-21  2.37165e-22  1.57526e-26  -1.18464e-26
2  29  2.68468  1.35  0.000152863  7.64317e-05  1.51552e-10  8.20545e-11  -2.1212e-20  -1.36331e-20  4.10956e-27  9.27652e-26
2  30  2.77128  1.4  0.000143818  7.1909e-05  1.0571e-10  1.26724e-10  3.1211e-20  7.55414e-21  -1.54518e-26  6.99681e-27

