#k_sublattice  row_val   col_val  value.real  value.imag
0  0  0  4.62716e-15  0
0  0  1  1.10685e-20  -1.13161e-21
0  0  2  1.16032e-13  1.64354e-22
0  0  3  4.11203e-08  -4.47187e-08
0  0  4  -2.49088e-15  3.07895e-15
0  0  5  2.0654e-08  -2.24614e-08
0  1  0  1.10685e-20  1.13161e-21
0  1  1  2.67543e-26  0
0  1  2  2.77557e-19  2.83768e-20
0  1  3  1.09294e-13  -9.69111e-14
0  1  4  -6.71104e-21  6.75569e-21
0  1  5  5.48965e-14  -4.86766e-14
0  2  0  1.16032e-13  -1.64354e-22
0  2  1  2.77557e-19  -2.83768e-20
0  2  2  2.90968e-12  0
0  2  3  1.03115e-06  -1.12138e-06
0  2  4  -6.24622e-14  7.72089e-14
0  2  5  5.17927e-07  -5.6325e-07
0  3  0  4.11203e-08  4.47187e-08
0  3  1  1.09294e-13  9.69111e-14
0  3  2  1.03115e-06  1.12138e-06
0  3  3  0.798539  0
0  3  4  -5.19527e-08  3.29285e-09
0  3  5  0.401091  -6.19731e-10
0  4  0  -2.49088e-15  -3.07895e-15
0  4  1  -6.71104e-21  -6.75569e-21
0  4  2  -6.24622e-14  -7.72089e-14
0  4  3  -5.19527e-08  -3.29285e-09
0  4  4  3.39361e-15  0
0  4  5  -2.60949e-08  -1.65393e-09
0  5  0  2.0654e-08  2.24614e-08
0  5  1  5.48965e-14  4.86766e-14
0  5  2  5.17927e-07  5.6325e-07
0  5  3  0.401091  6.19731e-10
0  5  4  -2.60949e-08  1.65393e-09
0  5  5  0.201461  0
1  0  0  2.06574e-12  0
1  0  1  2.24176e-13  1.88024e-12
1  0  2  3.78107e-13  7.05302e-13
1  0  3  8.26526e-07  -8.65459e-07
1  0  4  6.3012e-07  4.13614e-07
1  0  5  2.33807e-07  9.14431e-08
1  1  0  2.24176e-13  -1.88024e-12
1  1  1  1.73572e-12  0
1  1  2  6.82999e-13  -2.67613e-13
1  1  3  -6.98046e-07  -8.46225e-07
1  1  4  4.44853e-07  -5.2865e-07
1  1  5  1.08605e-07  -2.02887e-07
1  2  0  3.78107e-13  -7.05302e-13
1  2  1  6.82999e-13  2.67613e-13
1  2  2  3.10018e-13  0
1  2  3  -1.44207e-07  -4.40611e-07
1  2  4  2.56555e-07  -1.39434e-07
1  2  5  7.40166e-08  -6.30907e-08
1  3  0  8.26526e-07  8.65459e-07
1  3  1  -6.98046e-07  8.46225e-07
1  3  2  -1.44207e-07  4.40611e-07
1  3  3  0.694107  0
1  3  4  0.0789236  0.429989
1  3  5  0.0553026  0.1347
1  4  0  6.3012e-07  -4.13614e-07
1  4  1  4.44853e-07  5.2865e-07
1  4  2  2.56555e-07  1.39434e-07
1  4  3  0.0789236  -0.429989
1  4  4  0.275346  0
1  4  5  0.0897332  -0.018943
1  5  0  2.33807e-07  -9.14431e-08
1  5  1  1.08605e-07  2.02887e-07
1  5  2  7.40166e-08  6.30907e-08
1  5  3  0.0553026  -0.1347
1  5  4  0.0897332  0.018943
1  5  5  0.0305466  0
2  0  0  2.06574e-12  0
2  0  1  5.11352e-14  1.89286e-12
2  0  2  -1.91469e-13  7.77017e-13
2  0  3  7.93249e-07  -8.96059e-07
2  0  4  5.46098e-07  5.19524e-07
2  0  5  1.63093e-07  1.90861e-07
2  1  0  5.11352e-14  -1.89286e-12
2  1  1  1.73572e-12  0
2  1  2  7.07251e-13  1.9468e-13
2  1  3  -8.01434e-07  -7.49045e-07
2  1  4  4.89564e-07  -4.87536e-07
2  1  5  1.78926e-07  -1.4472e-07
2  2  0  -1.91469e-13  -7.77017e-13
2  2  1  7.07251e-13  -1.9468e-13
2  2  2  3.10018e-13  0
2  2  3  -4.10573e-07  -2.15323e-07
2  2  4  1.448e-07  -2.53566e-07
2  2  5  5.66747e-08  -7.90372e-08
2  3  0  7.93249e-07  8.96059e-07
2  3  1  -8.01434e-07  7.49045e-07
2  3  2  -4.10573e-07  2.15323e-07
2  3  3  0.694107  0
2  3  4  -0.01567  0.436892
2  3  5  -0.0201857  0.144205
2  4  0  5.46098e-07  -5.19524e-07
2  4  1  4.89564e-07  4.87536e-07
2  4  2  1.448e-07  2.53566e-07
2  4  3  -0.01567  -0.436892
2  4  4  0.275346  0
2  4  5  0.0912227  0.0094499
2  5  0  1.63093e-07  -1.90861e-07
2  5  1  1.78926e-07  1.4472e-07
2  5  2  5.66747e-08  7.90372e-08
2  5  3  -0.0201857  -0.144205
2  5  4  0.0912227  -0.0094499
2  5  5  0.0305466  0
3  0  0  2.06574e-12  0
3  0  1  1.84517e-12  -4.25324e-13
3  0  2  -5.29947e-13  5.99643e-13
3  0  3  1.08054e-06  -5.14388e-07
3  0  4  6.52497e-07  -3.77327e-07
3  0  5  6.42902e-09  -2.5097e-07
3  1  0  1.84517e-12  4.25324e-13
3  1  1  1.73572e-12  0
3  1  2  -5.96824e-13  4.26502e-13
3  1  3  1.07108e-06  -2.36986e-07
3  1  4  6.60515e-07  -2.02692e-07
3  1  5  5.74159e-08  -2.22849e-07
3  2  0  -5.29947e-13  -5.99643e-13
3  2  1  -5.96824e-13  -4.26502e-13
3  2  2  3.10018e-13  0
3  2  3  -4.2652e-07  -1.81698e-07
3  2  4  -2.76923e-07  -9.2607e-08
3  2  5  -7.4501e-08  6.25179e-08
3  3  0  1.08054e-06  5.14388e-07
3  3  1  1.07108e-06  2.36986e-07
3  3  2  -4.2652e-07  1.81698e-07
3  3  3  0.694107  0
3  3  4  0.435774  -0.0349346
3  3  5  0.0659339  -0.129828
3  4  0  6.52497e-07  3.77327e-07
3  4  1  6.60515e-07  2.02692e-07
3  4  2  -2.76923e-07  9.2607e-08
3  4  3  0.435774  0.0349346
3  4  4  0.275346  0
3  4  5  0.0479289  -0.0781902
3  5  0  6.42902e-09  2.5097e-07
3  5  1  5.74159e-08  2.22849e-07
3  5  2  -7.4501e-08  -6.25179e-08
3  5  3  0.0659339  0.129828
3  5  4  0.0479289  0.0781902
3  5  5  0.0305466  0
4  0  0  2.06574e-12  0
4  0  1  1.84517e-12  4.25324e-13
4  0  2  -5.29947e-13  -5.99643e-13
4  0  3  4.22149e-07  -1.1198e-06
4  0  4  3.21394e-07  -6.81787e-07
4  0  5  2.49552e-07  -2.74108e-08
4  1  0  1.84517e-12  -4.25324e-13
4  1  1  1.73572e-12  0
4  1  2  -5.96824e-13  -4.26502e-13
4  1  3  1.46513e-07  -1.08715e-06
4  1  4  1.46701e-07  -6.75162e-07
4  1  5  2.17262e-07  -7.58652e-08
4  2  0  -5.29947e-13  5.99643e-13
4  2  1  -5.96824e-13  4.26502e-13
4  2  2  3.10018e-13  0
4  2  3  2.16757e-07  4.09817e-07
4  2  4  1.15458e-07  2.68201e-07
4  2  5  -5.60634e-08  7.94719e-08
4  3  0  4.22149e-07  1.1198e-06
4  3  1  1.46513e-07  1.08715e-06
4  3  2  2.16757e-07  -4.09817e-07
4  3  3  0.694107  0
4  3  4  0.435774  0.0349347
4  3  5  0.0659339  0.129828
4  4  0  3.21394e-07  6.81787e-07
4  4  1  1.46701e-07  6.75162e-07
4  4  2  1.15458e-07  -2.68201e-07
4  4  3  0.435774  -0.0349347
4  4  4  0.275346  0
4  4  5  0.0479289  0.0781902
4  5  0  2.49552e-07  2.74108e-08
4  5  1  2.17262e-07  7.58652e-08
4  5  2  -5.60634e-08  -7.94719e-08
4  5  3  0.0659339  -0.129828
4  5  4  0.0479289  -0.0781902
4  5  5  0.0305466  0
5  0  0  2.12714e-25  0
5  0  1  4.15995e-19  -6.64689e-19
5  0  2  5.43941e-26  -9.86781e-27
5  0  3  -3.46129e-13  -2.97525e-13
5  0  4  2.78477e-20  1.47057e-20
5  0  5  4.52301e-15  -6.41732e-14
5  1  0  4.15995e-19  6.64689e-19
5  1  1  2.89057e-12  0
5  1  2  1.37211e-19  1.50673e-19
5  1  3  2.52798e-07  -1.66344e-06
5  1  4  8.50817e-15  1.15778e-13
5  1  5  2.09374e-07  -1.11367e-07
5  2  0  5.43941e-26  9.86781e-27
5  2  1  1.37211e-19  -1.50673e-19
5  2  2  1.43672e-26  0
5  2  3  -7.47081e-14  -9.21385e-14
5  2  4  6.43888e-21  5.05232e-21
5  2  5  4.1336e-15  -1.62002e-14
5  3  0  -3.46129e-13  2.97525e-13
5  3  1  2.52798e-07  1.66344e-06
5  3  2  -7.47081e-14  9.21385e-14
5  3  3  0.980521  0
5  3  4  -6.59601e-08  1.50393e-08
5  3  5  0.0824964  0.110879
5  4  0  2.78477e-20  -1.47057e-20
5  4  1  8.50817e-15  -1.15778e-13
5  4  2  6.43888e-21  -5.05232e-21
5  4  3  -6.59601e-08  -1.50393e-08
5  4  4  4.66784e-15  0
5  4  5  -3.8489e-09  -8.72422e-09
5  5  0  4.52301e-15  6.41732e-14
5  5  1  2.09374e-07  1.11367e-07
5  5  2  4.1336e-15  1.62002e-14
5  5  3  0.0824964  -0.110879
5  5  4  -3.8489e-09  8.72422e-09
5  5  5  0.0194793  0
6  0  0  2.06574e-12  0
6  0  1  1.84517e-12  4.25325e-13
6  0  2  -5.29946e-13  -5.99643e-13
6  0  3  1.11034e-06  -4.46434e-07
6  0  4  7.44481e-07  -1.17797e-07
6  0  5  1.40396e-07  -2.08126e-07
6  1  0  1.84517e-12  -4.25325e-13
6  1  1  1.73572e-12  0
6  1  2  -5.96824e-13  -4.26503e-13
6  1  3  8.99867e-07  -6.27379e-07
6  1  4  6.40734e-07  -2.58503e-07
6  1  5  8.25533e-08  -2.1481e-07
6  2  0  -5.29946e-13  5.99643e-13
6  2  1  -5.96824e-13  4.26503e-13
6  2  2  3.10018e-13  0
6  2  3  -1.55257e-07  4.36839e-07
6  2  4  -1.56796e-07  2.46328e-07
6  2  5  2.43974e-08  9.4147e-08
6  3  0  1.11034e-06  4.46434e-07
6  3  1  8.99867e-07  6.27379e-07
6  3  2  -1.55257e-07  -4.36839e-07
6  3  3  0.694107  0
6  3  4  0.426118  0.0976905
6  3  5  0.120583  -0.0816225
6  4  0  7.44481e-07  1.17797e-07
6  4  1  6.40734e-07  2.58503e-07
6  4  2  -1.56796e-07  -2.46328e-07
6  4  3  0.426118  -0.0976905
6  4  4  0.275346  0
6  4  5  0.0625394  -0.0670799
6  5  0  1.40396e-07  2.08126e-07
6  5  1  8.25533e-08  2.1481e-07
6  5  2  2.43974e-08  -9.4147e-08
6  5  3  0.120583  0.0816225
6  5  4  0.0625394  0.0670799
6  5  5  0.0305466  0
7  0  0  8.14016e-12  0
7  0  1  1.27446e-19  -2.33993e-19
7  0  2  1.65365e-12  -1.7672e-23
7  0  3  -7.28689e-13  8.88572e-13
7  0  4  1.93005e-06  -2.09894e-06
7  0  5  9.66317e-14  -1.08484e-13
7  1  0  1.27446e-19  2.33993e-19
7  1  1  8.72253e-27  0
7  1  2  2.58902e-20  4.75349e-20
7  1  3  -3.69566e-20  -7.02948e-21
7  1  4  9.05672e-14  2.26061e-14
7  1  5  4.63206e-21  1.07863e-21
7  2  0  1.65365e-12  1.7672e-23
7  2  1  2.58902e-20  -4.75349e-20
7  2  2  3.35934e-13  0
7  2  3  -1.48031e-13  1.80511e-13
7  2  4  3.92083e-07  -4.26394e-07
7  2  5  1.96304e-14  -2.20382e-14
7  3  0  -7.28689e-13  -8.88572e-13
7  3  1  -3.69566e-20  7.02948e-21
7  3  2  -1.48031e-13  -1.80511e-13
7  3  3  1.62416e-13  0
7  3  4  -4.02363e-07  -2.2816e-08
7  3  5  -2.05163e-14  -8.37953e-16
7  4  0  1.93005e-06  2.09894e-06
7  4  1  9.05672e-14  -2.26061e-14
7  4  2  3.92083e-07  4.26394e-07
7  4  3  -4.02363e-07  2.2816e-08
7  4  4  1  0
7  4  5  5.09438e-08  -8.06193e-10
7  5  0  9.66317e-14  1.08484e-13
7  5  1  4.63206e-21  -1.07863e-21
7  5  2  1.96304e-14  2.20382e-14
7  5  3  -2.05163e-14  8.37953e-16
7  5  4  5.09438e-08  8.06193e-10
7  5  5  2.59592e-15  0
8  0  0  2.06574e-12  0
8  0  1  1.84517e-12  -4.25325e-13
8  0  2  -5.29946e-13  5.99643e-13
8  0  3  3.5194e-07  -1.14381e-06
8  0  4  5.50758e-08  -7.51728e-07
8  0  5  1.95645e-07  -1.57322e-07
8  1  0  1.84517e-12  4.25325e-13
8  1  1  1.73572e-12  0
8  1  2  -5.96824e-13  4.26503e-13
8  1  3  5.49866e-07  -9.49217e-07
8  1  4  2.03972e-07  -6.60121e-07
8  1  5  2.07147e-07  -1.00242e-07
8  2  0  -5.29946e-13  -5.99643e-13
8  2  1  -5.96824e-13  -4.26503e-13
8  2  2  3.10017e-13  0
8  2  3  -4.22313e-07  1.91273e-07
8  2  4  -2.32341e-07  1.76861e-07
8  2  5  -9.58585e-08  -1.64324e-08
8  3  0  3.5194e-07  1.14381e-06
8  3  1  5.49866e-07  9.49217e-07
8  3  2  -4.22313e-07  -1.91273e-07
8  3  3  0.694107  0
8  3  4  0.426118  -0.0976904
8  3  5  0.120583  0.0816225
8  4  0  5.50758e-08  7.51728e-07
8  4  1  2.03972e-07  6.60121e-07
8  4  2  -2.32341e-07  -1.76861e-07
8  4  3  0.426118  0.0976904
8  4  4  0.275346  0
8  4  5  0.0625394  0.0670799
8  5  0  1.95645e-07  1.57322e-07
8  5  1  2.07147e-07  1.00242e-07
8  5  2  -9.58585e-08  1.64324e-08
8  5  3  0.120583  -0.0816225
8  5  4  0.0625394  -0.0670799
8  5  5  0.0305466  0
