'MoireBands'
____________________________________
Reading the inputfile name: input_MoTe2.inp
____________________________________
MaterialName = MoTe2Homobilayer
holedensity_per_moire_unit_cell = 3
Temperature_in_Kelvin = 1
HF_convergence_error = 1e-06
SimpleMixing_alpha = 0.5
Max_HFIterations = 0
RandomSeed = 1
MagField_ZeemanSplitting = 0
V_param_top_in_meV = 20.51
V_param_bottom_in_meV = 20.51
V2_param_top_in_meV = -9.08
V2_param_bottom_in_meV = -9.08
Psi_param_in_radians = -1.0732
omega_param_in_meV = -7.01
omega2_param_in_meV = 11.08
Grid_moireReciprocalLattice_L1 = 12
Grid_moireReciprocalLattice_L2 = 12
moire_BZ_L1 = 18
moire_BZ_L2 = 18
MagneticUnitCell_NMat_row1 = 1 0
MagneticUnitCell_NMat_row2 = 0 1
Convergence_technique = AndersonMixing
Anderson_mixing_m = 20
No_of_bands_used_for_HartreeFock = 3
a_monolayer_in_angstorm = 3.472
distance_to_gate_in_angstorm = 200
Twist_Theta_in_radians = 0.0366519
MStar_top_in_RestMass = 0.62
MStar_bottom_in_RestMass = 0.62
eps_DE = 40
Layer_Potential_top_Vz_in_meV = -0
Layer_Potential_bottom_Vz_in_meV = 0
Read_OrderParams = false
OrderParamsReadingType = RealSpace
OrderParamsInputFile = OP_Final.txt
OrderParamsOutputFile = OP_Final2.txt
OrderParamsReadingDetails_l1_l2_M1_M2 = 4 4 10 10
No.of atoms in single Magnetic Unit cell = NMat_determinant = 1
Total no. of magnetic unit cells = 324
Emergent Magnetic unit cell (MUC) recirocal lattice vectors
in units of moire brilloun zone lattice points
G1_tilde = 18 , 0
G2_tilde = 0 , 18
a_moire (in Angstorm)= 94.7291
Cooling = 1
Temperature_in_Kelvin = 1 0.0001
VALLEY = 1
0(19)  0(19)  0(2)  done
0(19)  1(19)  0(2)  done
0(19)  2(19)  0(2)  done
0(19)  3(19)  0(2)  done
0(19)  4(19)  0(2)  done
0(19)  5(19)  0(2)  done
0(19)  6(19)  0(2)  done
0(19)  7(19)  0(2)  done
0(19)  8(19)  0(2)  done
0(19)  9(19)  0(2)  done
0(19)  10(19)  0(2)  done
0(19)  11(19)  0(2)  done
0(19)  12(19)  0(2)  done
0(19)  13(19)  0(2)  done
0(19)  14(19)  0(2)  done
0(19)  15(19)  0(2)  done
0(19)  16(19)  0(2)  done
0(19)  17(19)  0(2)  done
0(19)  18(19)  0(2)  done
1(19)  0(19)  0(2)  done
1(19)  1(19)  0(2)  done
1(19)  2(19)  0(2)  done
1(19)  3(19)  0(2)  done
1(19)  4(19)  0(2)  done
1(19)  5(19)  0(2)  done
1(19)  6(19)  0(2)  done
1(19)  7(19)  0(2)  done
1(19)  8(19)  0(2)  done
1(19)  9(19)  0(2)  done
1(19)  10(19)  0(2)  done
1(19)  11(19)  0(2)  done
1(19)  12(19)  0(2)  done
1(19)  13(19)  0(2)  done
1(19)  14(19)  0(2)  done
1(19)  15(19)  0(2)  done
1(19)  16(19)  0(2)  done
1(19)  17(19)  0(2)  done
1(19)  18(19)  0(2)  done
2(19)  0(19)  0(2)  done
2(19)  1(19)  0(2)  done
2(19)  2(19)  0(2)  done
2(19)  3(19)  0(2)  done
2(19)  4(19)  0(2)  done
2(19)  5(19)  0(2)  done
2(19)  6(19)  0(2)  done
2(19)  7(19)  0(2)  done
2(19)  8(19)  0(2)  done
2(19)  9(19)  0(2)  done
2(19)  10(19)  0(2)  done
2(19)  11(19)  0(2)  done
2(19)  12(19)  0(2)  done
2(19)  13(19)  0(2)  done
2(19)  14(19)  0(2)  done
2(19)  15(19)  0(2)  done
2(19)  16(19)  0(2)  done
2(19)  17(19)  0(2)  done
2(19)  18(19)  0(2)  done
3(19)  0(19)  0(2)  done
3(19)  1(19)  0(2)  done
3(19)  2(19)  0(2)  done
3(19)  3(19)  0(2)  done
3(19)  4(19)  0(2)  done
3(19)  5(19)  0(2)  done
3(19)  6(19)  0(2)  done
3(19)  7(19)  0(2)  done
3(19)  8(19)  0(2)  done
3(19)  9(19)  0(2)  done
3(19)  10(19)  0(2)  done
3(19)  11(19)  0(2)  done
3(19)  12(19)  0(2)  done
3(19)  13(19)  0(2)  done
3(19)  14(19)  0(2)  done
3(19)  15(19)  0(2)  done
3(19)  16(19)  0(2)  done
3(19)  17(19)  0(2)  done
3(19)  18(19)  0(2)  done
4(19)  0(19)  0(2)  done
4(19)  1(19)  0(2)  done
4(19)  2(19)  0(2)  done
4(19)  3(19)  0(2)  done
4(19)  4(19)  0(2)  done
4(19)  5(19)  0(2)  done
4(19)  6(19)  0(2)  done
4(19)  7(19)  0(2)  done
4(19)  8(19)  0(2)  done
4(19)  9(19)  0(2)  done
4(19)  10(19)  0(2)  done
4(19)  11(19)  0(2)  done
4(19)  12(19)  0(2)  done
4(19)  13(19)  0(2)  done
4(19)  14(19)  0(2)  done
4(19)  15(19)  0(2)  done
4(19)  16(19)  0(2)  done
4(19)  17(19)  0(2)  done
4(19)  18(19)  0(2)  done
5(19)  0(19)  0(2)  done
5(19)  1(19)  0(2)  done
5(19)  2(19)  0(2)  done
5(19)  3(19)  0(2)  done
5(19)  4(19)  0(2)  done
5(19)  5(19)  0(2)  done
5(19)  6(19)  0(2)  done
5(19)  7(19)  0(2)  done
5(19)  8(19)  0(2)  done
5(19)  9(19)  0(2)  done
5(19)  10(19)  0(2)  done
5(19)  11(19)  0(2)  done
5(19)  12(19)  0(2)  done
5(19)  13(19)  0(2)  done
5(19)  14(19)  0(2)  done
5(19)  15(19)  0(2)  done
5(19)  16(19)  0(2)  done
5(19)  17(19)  0(2)  done
5(19)  18(19)  0(2)  done
6(19)  0(19)  0(2)  done
6(19)  1(19)  0(2)  done
6(19)  2(19)  0(2)  done
6(19)  3(19)  0(2)  done
6(19)  4(19)  0(2)  done
6(19)  5(19)  0(2)  done
6(19)  6(19)  0(2)  done
6(19)  7(19)  0(2)  done
6(19)  8(19)  0(2)  done
6(19)  9(19)  0(2)  done
6(19)  10(19)  0(2)  done
6(19)  11(19)  0(2)  done
6(19)  12(19)  0(2)  done
6(19)  13(19)  0(2)  done
6(19)  14(19)  0(2)  done
6(19)  15(19)  0(2)  done
6(19)  16(19)  0(2)  done
6(19)  17(19)  0(2)  done
6(19)  18(19)  0(2)  done
7(19)  0(19)  0(2)  done
7(19)  1(19)  0(2)  done
7(19)  2(19)  0(2)  done
7(19)  3(19)  0(2)  done
7(19)  4(19)  0(2)  done
7(19)  5(19)  0(2)  done
7(19)  6(19)  0(2)  done
7(19)  7(19)  0(2)  done
7(19)  8(19)  0(2)  done
7(19)  9(19)  0(2)  done
7(19)  10(19)  0(2)  done
7(19)  11(19)  0(2)  done
7(19)  12(19)  0(2)  done
7(19)  13(19)  0(2)  done
7(19)  14(19)  0(2)  done
7(19)  15(19)  0(2)  done
7(19)  16(19)  0(2)  done
7(19)  17(19)  0(2)  done
7(19)  18(19)  0(2)  done
8(19)  0(19)  0(2)  done
8(19)  1(19)  0(2)  done
8(19)  2(19)  0(2)  done
8(19)  3(19)  0(2)  done
8(19)  4(19)  0(2)  done
8(19)  5(19)  0(2)  done
8(19)  6(19)  0(2)  done
8(19)  7(19)  0(2)  done
8(19)  8(19)  0(2)  done
8(19)  9(19)  0(2)  done
8(19)  10(19)  0(2)  done
8(19)  11(19)  0(2)  done
8(19)  12(19)  0(2)  done
8(19)  13(19)  0(2)  done
8(19)  14(19)  0(2)  done
8(19)  15(19)  0(2)  done
8(19)  16(19)  0(2)  done
8(19)  17(19)  0(2)  done
8(19)  18(19)  0(2)  done
9(19)  0(19)  0(2)  done
9(19)  1(19)  0(2)  done
9(19)  2(19)  0(2)  done
9(19)  3(19)  0(2)  done
9(19)  4(19)  0(2)  done
9(19)  5(19)  0(2)  done
9(19)  6(19)  0(2)  done
9(19)  7(19)  0(2)  done
9(19)  8(19)  0(2)  done
9(19)  9(19)  0(2)  done
9(19)  10(19)  0(2)  done
9(19)  11(19)  0(2)  done
9(19)  12(19)  0(2)  done
9(19)  13(19)  0(2)  done
9(19)  14(19)  0(2)  done
9(19)  15(19)  0(2)  done
9(19)  16(19)  0(2)  done
9(19)  17(19)  0(2)  done
9(19)  18(19)  0(2)  done
10(19)  0(19)  0(2)  done
10(19)  1(19)  0(2)  done
10(19)  2(19)  0(2)  done
10(19)  3(19)  0(2)  done
10(19)  4(19)  0(2)  done
10(19)  5(19)  0(2)  done
10(19)  6(19)  0(2)  done
10(19)  7(19)  0(2)  done
10(19)  8(19)  0(2)  done
10(19)  9(19)  0(2)  done
10(19)  10(19)  0(2)  done
10(19)  11(19)  0(2)  done
10(19)  12(19)  0(2)  done
10(19)  13(19)  0(2)  done
10(19)  14(19)  0(2)  done
10(19)  15(19)  0(2)  done
10(19)  16(19)  0(2)  done
10(19)  17(19)  0(2)  done
10(19)  18(19)  0(2)  done
11(19)  0(19)  0(2)  done
11(19)  1(19)  0(2)  done
11(19)  2(19)  0(2)  done
11(19)  3(19)  0(2)  done
11(19)  4(19)  0(2)  done
11(19)  5(19)  0(2)  done
11(19)  6(19)  0(2)  done
11(19)  7(19)  0(2)  done
11(19)  8(19)  0(2)  done
11(19)  9(19)  0(2)  done
11(19)  10(19)  0(2)  done
11(19)  11(19)  0(2)  done
11(19)  12(19)  0(2)  done
11(19)  13(19)  0(2)  done
11(19)  14(19)  0(2)  done
11(19)  15(19)  0(2)  done
11(19)  16(19)  0(2)  done
11(19)  17(19)  0(2)  done
11(19)  18(19)  0(2)  done
12(19)  0(19)  0(2)  done
12(19)  1(19)  0(2)  done
12(19)  2(19)  0(2)  done
12(19)  3(19)  0(2)  done
12(19)  4(19)  0(2)  done
12(19)  5(19)  0(2)  done
12(19)  6(19)  0(2)  done
12(19)  7(19)  0(2)  done
12(19)  8(19)  0(2)  done
12(19)  9(19)  0(2)  done
12(19)  10(19)  0(2)  done
12(19)  11(19)  0(2)  done
12(19)  12(19)  0(2)  done
12(19)  13(19)  0(2)  done
12(19)  14(19)  0(2)  done
12(19)  15(19)  0(2)  done
12(19)  16(19)  0(2)  done
12(19)  17(19)  0(2)  done
12(19)  18(19)  0(2)  done
13(19)  0(19)  0(2)  done
13(19)  1(19)  0(2)  done
13(19)  2(19)  0(2)  done
13(19)  3(19)  0(2)  done
13(19)  4(19)  0(2)  done
13(19)  5(19)  0(2)  done
13(19)  6(19)  0(2)  done
13(19)  7(19)  0(2)  done
13(19)  8(19)  0(2)  done
13(19)  9(19)  0(2)  done
13(19)  10(19)  0(2)  done
13(19)  11(19)  0(2)  done
13(19)  12(19)  0(2)  done
13(19)  13(19)  0(2)  done
13(19)  14(19)  0(2)  done
13(19)  15(19)  0(2)  done
13(19)  16(19)  0(2)  done
13(19)  17(19)  0(2)  done
13(19)  18(19)  0(2)  done
14(19)  0(19)  0(2)  done
14(19)  1(19)  0(2)  done
14(19)  2(19)  0(2)  done
14(19)  3(19)  0(2)  done
14(19)  4(19)  0(2)  done
14(19)  5(19)  0(2)  done
14(19)  6(19)  0(2)  done
14(19)  7(19)  0(2)  done
14(19)  8(19)  0(2)  done
14(19)  9(19)  0(2)  done
14(19)  10(19)  0(2)  done
14(19)  11(19)  0(2)  done
14(19)  12(19)  0(2)  done
14(19)  13(19)  0(2)  done
14(19)  14(19)  0(2)  done
14(19)  15(19)  0(2)  done
14(19)  16(19)  0(2)  done
14(19)  17(19)  0(2)  done
14(19)  18(19)  0(2)  done
15(19)  0(19)  0(2)  done
15(19)  1(19)  0(2)  done
15(19)  2(19)  0(2)  done
15(19)  3(19)  0(2)  done
15(19)  4(19)  0(2)  done
15(19)  5(19)  0(2)  done
15(19)  6(19)  0(2)  done
15(19)  7(19)  0(2)  done
15(19)  8(19)  0(2)  done
15(19)  9(19)  0(2)  done
15(19)  10(19)  0(2)  done
15(19)  11(19)  0(2)  done
15(19)  12(19)  0(2)  done
15(19)  13(19)  0(2)  done
15(19)  14(19)  0(2)  done
15(19)  15(19)  0(2)  done
15(19)  16(19)  0(2)  done
15(19)  17(19)  0(2)  done
15(19)  18(19)  0(2)  done
16(19)  0(19)  0(2)  done
16(19)  1(19)  0(2)  done
16(19)  2(19)  0(2)  done
16(19)  3(19)  0(2)  done
16(19)  4(19)  0(2)  done
16(19)  5(19)  0(2)  done
16(19)  6(19)  0(2)  done
16(19)  7(19)  0(2)  done
16(19)  8(19)  0(2)  done
16(19)  9(19)  0(2)  done
16(19)  10(19)  0(2)  done
16(19)  11(19)  0(2)  done
16(19)  12(19)  0(2)  done
16(19)  13(19)  0(2)  done
16(19)  14(19)  0(2)  done
16(19)  15(19)  0(2)  done
16(19)  16(19)  0(2)  done
16(19)  17(19)  0(2)  done
16(19)  18(19)  0(2)  done
17(19)  0(19)  0(2)  done
17(19)  1(19)  0(2)  done
17(19)  2(19)  0(2)  done
17(19)  3(19)  0(2)  done
17(19)  4(19)  0(2)  done
17(19)  5(19)  0(2)  done
17(19)  6(19)  0(2)  done
17(19)  7(19)  0(2)  done
17(19)  8(19)  0(2)  done
17(19)  9(19)  0(2)  done
17(19)  10(19)  0(2)  done
17(19)  11(19)  0(2)  done
17(19)  12(19)  0(2)  done
17(19)  13(19)  0(2)  done
17(19)  14(19)  0(2)  done
17(19)  15(19)  0(2)  done
17(19)  16(19)  0(2)  done
17(19)  17(19)  0(2)  done
17(19)  18(19)  0(2)  done
18(19)  0(19)  0(2)  done
18(19)  1(19)  0(2)  done
18(19)  2(19)  0(2)  done
18(19)  3(19)  0(2)  done
18(19)  4(19)  0(2)  done
18(19)  5(19)  0(2)  done
18(19)  6(19)  0(2)  done
18(19)  7(19)  0(2)  done
18(19)  8(19)  0(2)  done
18(19)  9(19)  0(2)  done
18(19)  10(19)  0(2)  done
18(19)  11(19)  0(2)  done
18(19)  12(19)  0(2)  done
18(19)  13(19)  0(2)  done
18(19)  14(19)  0(2)  done
18(19)  15(19)  0(2)  done
18(19)  16(19)  0(2)  done
18(19)  17(19)  0(2)  done
18(19)  18(19)  0(2)  done
0(19)  0(19)  1(2)  done
0(19)  1(19)  1(2)  done
0(19)  2(19)  1(2)  done
0(19)  3(19)  1(2)  done
0(19)  4(19)  1(2)  done
0(19)  5(19)  1(2)  done
0(19)  6(19)  1(2)  done
0(19)  7(19)  1(2)  done
0(19)  8(19)  1(2)  done
0(19)  9(19)  1(2)  done
0(19)  10(19)  1(2)  done
0(19)  11(19)  1(2)  done
0(19)  12(19)  1(2)  done
0(19)  13(19)  1(2)  done
0(19)  14(19)  1(2)  done
0(19)  15(19)  1(2)  done
0(19)  16(19)  1(2)  done
0(19)  17(19)  1(2)  done
0(19)  18(19)  1(2)  done
1(19)  0(19)  1(2)  done
1(19)  1(19)  1(2)  done
1(19)  2(19)  1(2)  done
1(19)  3(19)  1(2)  done
1(19)  4(19)  1(2)  done
1(19)  5(19)  1(2)  done
1(19)  6(19)  1(2)  done
1(19)  7(19)  1(2)  done
1(19)  8(19)  1(2)  done
1(19)  9(19)  1(2)  done
1(19)  10(19)  1(2)  done
1(19)  11(19)  1(2)  done
1(19)  12(19)  1(2)  done
1(19)  13(19)  1(2)  done
1(19)  14(19)  1(2)  done
1(19)  15(19)  1(2)  done
1(19)  16(19)  1(2)  done
1(19)  17(19)  1(2)  done
1(19)  18(19)  1(2)  done
2(19)  0(19)  1(2)  done
2(19)  1(19)  1(2)  done
2(19)  2(19)  1(2)  done
2(19)  3(19)  1(2)  done
2(19)  4(19)  1(2)  done
2(19)  5(19)  1(2)  done
2(19)  6(19)  1(2)  done
2(19)  7(19)  1(2)  done
2(19)  8(19)  1(2)  done
2(19)  9(19)  1(2)  done
2(19)  10(19)  1(2)  done
2(19)  11(19)  1(2)  done
2(19)  12(19)  1(2)  done
2(19)  13(19)  1(2)  done
2(19)  14(19)  1(2)  done
2(19)  15(19)  1(2)  done
2(19)  16(19)  1(2)  done
2(19)  17(19)  1(2)  done
2(19)  18(19)  1(2)  done
3(19)  0(19)  1(2)  done
3(19)  1(19)  1(2)  done
3(19)  2(19)  1(2)  done
3(19)  3(19)  1(2)  done
3(19)  4(19)  1(2)  done
3(19)  5(19)  1(2)  done
3(19)  6(19)  1(2)  done
3(19)  7(19)  1(2)  done
3(19)  8(19)  1(2)  done
3(19)  9(19)  1(2)  done
3(19)  10(19)  1(2)  done
3(19)  11(19)  1(2)  done
3(19)  12(19)  1(2)  done
3(19)  13(19)  1(2)  done
3(19)  14(19)  1(2)  done
3(19)  15(19)  1(2)  done
3(19)  16(19)  1(2)  done
3(19)  17(19)  1(2)  done
3(19)  18(19)  1(2)  done
4(19)  0(19)  1(2)  done
4(19)  1(19)  1(2)  done
4(19)  2(19)  1(2)  done
4(19)  3(19)  1(2)  done
4(19)  4(19)  1(2)  done
4(19)  5(19)  1(2)  done
4(19)  6(19)  1(2)  done
4(19)  7(19)  1(2)  done
4(19)  8(19)  1(2)  done
4(19)  9(19)  1(2)  done
4(19)  10(19)  1(2)  done
4(19)  11(19)  1(2)  done
4(19)  12(19)  1(2)  done
4(19)  13(19)  1(2)  done
4(19)  14(19)  1(2)  done
4(19)  15(19)  1(2)  done
4(19)  16(19)  1(2)  done
4(19)  17(19)  1(2)  done
4(19)  18(19)  1(2)  done
5(19)  0(19)  1(2)  done
5(19)  1(19)  1(2)  done
5(19)  2(19)  1(2)  done
5(19)  3(19)  1(2)  done
5(19)  4(19)  1(2)  done
5(19)  5(19)  1(2)  done
5(19)  6(19)  1(2)  done
5(19)  7(19)  1(2)  done
5(19)  8(19)  1(2)  done
5(19)  9(19)  1(2)  done
5(19)  10(19)  1(2)  done
5(19)  11(19)  1(2)  done
5(19)  12(19)  1(2)  done
5(19)  13(19)  1(2)  done
5(19)  14(19)  1(2)  done
5(19)  15(19)  1(2)  done
5(19)  16(19)  1(2)  done
5(19)  17(19)  1(2)  done
5(19)  18(19)  1(2)  done
6(19)  0(19)  1(2)  done
6(19)  1(19)  1(2)  done
6(19)  2(19)  1(2)  done
6(19)  3(19)  1(2)  done
6(19)  4(19)  1(2)  done
6(19)  5(19)  1(2)  done
6(19)  6(19)  1(2)  done
6(19)  7(19)  1(2)  done
6(19)  8(19)  1(2)  done
6(19)  9(19)  1(2)  done
6(19)  10(19)  1(2)  done
6(19)  11(19)  1(2)  done
6(19)  12(19)  1(2)  done
6(19)  13(19)  1(2)  done
6(19)  14(19)  1(2)  done
6(19)  15(19)  1(2)  done
6(19)  16(19)  1(2)  done
6(19)  17(19)  1(2)  done
6(19)  18(19)  1(2)  done
7(19)  0(19)  1(2)  done
7(19)  1(19)  1(2)  done
7(19)  2(19)  1(2)  done
7(19)  3(19)  1(2)  done
7(19)  4(19)  1(2)  done
7(19)  5(19)  1(2)  done
7(19)  6(19)  1(2)  done
7(19)  7(19)  1(2)  done
7(19)  8(19)  1(2)  done
7(19)  9(19)  1(2)  done
7(19)  10(19)  1(2)  done
7(19)  11(19)  1(2)  done
7(19)  12(19)  1(2)  done
7(19)  13(19)  1(2)  done
7(19)  14(19)  1(2)  done
7(19)  15(19)  1(2)  done
7(19)  16(19)  1(2)  done
7(19)  17(19)  1(2)  done
7(19)  18(19)  1(2)  done
8(19)  0(19)  1(2)  done
8(19)  1(19)  1(2)  done
8(19)  2(19)  1(2)  done
8(19)  3(19)  1(2)  done
8(19)  4(19)  1(2)  done
8(19)  5(19)  1(2)  done
8(19)  6(19)  1(2)  done
8(19)  7(19)  1(2)  done
8(19)  8(19)  1(2)  done
8(19)  9(19)  1(2)  done
8(19)  10(19)  1(2)  done
8(19)  11(19)  1(2)  done
8(19)  12(19)  1(2)  done
8(19)  13(19)  1(2)  done
8(19)  14(19)  1(2)  done
8(19)  15(19)  1(2)  done
8(19)  16(19)  1(2)  done
8(19)  17(19)  1(2)  done
8(19)  18(19)  1(2)  done
9(19)  0(19)  1(2)  done
9(19)  1(19)  1(2)  done
9(19)  2(19)  1(2)  done
9(19)  3(19)  1(2)  done
9(19)  4(19)  1(2)  done
9(19)  5(19)  1(2)  done
9(19)  6(19)  1(2)  done
9(19)  7(19)  1(2)  done
9(19)  8(19)  1(2)  done
9(19)  9(19)  1(2)  done
9(19)  10(19)  1(2)  done
9(19)  11(19)  1(2)  done
9(19)  12(19)  1(2)  done
9(19)  13(19)  1(2)  done
9(19)  14(19)  1(2)  done
9(19)  15(19)  1(2)  done
9(19)  16(19)  1(2)  done
9(19)  17(19)  1(2)  done
9(19)  18(19)  1(2)  done
10(19)  0(19)  1(2)  done
10(19)  1(19)  1(2)  done
10(19)  2(19)  1(2)  done
10(19)  3(19)  1(2)  done
10(19)  4(19)  1(2)  done
10(19)  5(19)  1(2)  done
10(19)  6(19)  1(2)  done
10(19)  7(19)  1(2)  done
10(19)  8(19)  1(2)  done
10(19)  9(19)  1(2)  done
10(19)  10(19)  1(2)  done
10(19)  11(19)  1(2)  done
10(19)  12(19)  1(2)  done
10(19)  13(19)  1(2)  done
10(19)  14(19)  1(2)  done
10(19)  15(19)  1(2)  done
10(19)  16(19)  1(2)  done
10(19)  17(19)  1(2)  done
10(19)  18(19)  1(2)  done
11(19)  0(19)  1(2)  done
11(19)  1(19)  1(2)  done
11(19)  2(19)  1(2)  done
11(19)  3(19)  1(2)  done
11(19)  4(19)  1(2)  done
11(19)  5(19)  1(2)  done
11(19)  6(19)  1(2)  done
11(19)  7(19)  1(2)  done
11(19)  8(19)  1(2)  done
11(19)  9(19)  1(2)  done
11(19)  10(19)  1(2)  done
11(19)  11(19)  1(2)  done
11(19)  12(19)  1(2)  done
11(19)  13(19)  1(2)  done
11(19)  14(19)  1(2)  done
11(19)  15(19)  1(2)  done
11(19)  16(19)  1(2)  done
11(19)  17(19)  1(2)  done
11(19)  18(19)  1(2)  done
12(19)  0(19)  1(2)  done
12(19)  1(19)  1(2)  done
12(19)  2(19)  1(2)  done
12(19)  3(19)  1(2)  done
12(19)  4(19)  1(2)  done
12(19)  5(19)  1(2)  done
12(19)  6(19)  1(2)  done
12(19)  7(19)  1(2)  done
12(19)  8(19)  1(2)  done
12(19)  9(19)  1(2)  done
12(19)  10(19)  1(2)  done
12(19)  11(19)  1(2)  done
12(19)  12(19)  1(2)  done
12(19)  13(19)  1(2)  done
12(19)  14(19)  1(2)  done
12(19)  15(19)  1(2)  done
12(19)  16(19)  1(2)  done
12(19)  17(19)  1(2)  done
12(19)  18(19)  1(2)  done
13(19)  0(19)  1(2)  done
13(19)  1(19)  1(2)  done
13(19)  2(19)  1(2)  done
13(19)  3(19)  1(2)  done
13(19)  4(19)  1(2)  done
13(19)  5(19)  1(2)  done
13(19)  6(19)  1(2)  done
13(19)  7(19)  1(2)  done
13(19)  8(19)  1(2)  done
13(19)  9(19)  1(2)  done
13(19)  10(19)  1(2)  done
13(19)  11(19)  1(2)  done
13(19)  12(19)  1(2)  done
13(19)  13(19)  1(2)  done
13(19)  14(19)  1(2)  done
13(19)  15(19)  1(2)  done
13(19)  16(19)  1(2)  done
13(19)  17(19)  1(2)  done
13(19)  18(19)  1(2)  done
14(19)  0(19)  1(2)  done
14(19)  1(19)  1(2)  done
14(19)  2(19)  1(2)  done
14(19)  3(19)  1(2)  done
14(19)  4(19)  1(2)  done
14(19)  5(19)  1(2)  done
14(19)  6(19)  1(2)  done
14(19)  7(19)  1(2)  done
14(19)  8(19)  1(2)  done
14(19)  9(19)  1(2)  done
14(19)  10(19)  1(2)  done
14(19)  11(19)  1(2)  done
14(19)  12(19)  1(2)  done
14(19)  13(19)  1(2)  done
14(19)  14(19)  1(2)  done
14(19)  15(19)  1(2)  done
14(19)  16(19)  1(2)  done
14(19)  17(19)  1(2)  done
14(19)  18(19)  1(2)  done
15(19)  0(19)  1(2)  done
15(19)  1(19)  1(2)  done
15(19)  2(19)  1(2)  done
15(19)  3(19)  1(2)  done
15(19)  4(19)  1(2)  done
15(19)  5(19)  1(2)  done
15(19)  6(19)  1(2)  done
15(19)  7(19)  1(2)  done
15(19)  8(19)  1(2)  done
15(19)  9(19)  1(2)  done
15(19)  10(19)  1(2)  done
15(19)  11(19)  1(2)  done
15(19)  12(19)  1(2)  done
15(19)  13(19)  1(2)  done
15(19)  14(19)  1(2)  done
15(19)  15(19)  1(2)  done
15(19)  16(19)  1(2)  done
15(19)  17(19)  1(2)  done
15(19)  18(19)  1(2)  done
16(19)  0(19)  1(2)  done
16(19)  1(19)  1(2)  done
16(19)  2(19)  1(2)  done
16(19)  3(19)  1(2)  done
16(19)  4(19)  1(2)  done
16(19)  5(19)  1(2)  done
16(19)  6(19)  1(2)  done
16(19)  7(19)  1(2)  done
16(19)  8(19)  1(2)  done
16(19)  9(19)  1(2)  done
16(19)  10(19)  1(2)  done
16(19)  11(19)  1(2)  done
16(19)  12(19)  1(2)  done
16(19)  13(19)  1(2)  done
16(19)  14(19)  1(2)  done
16(19)  15(19)  1(2)  done
16(19)  16(19)  1(2)  done
16(19)  17(19)  1(2)  done
16(19)  18(19)  1(2)  done
17(19)  0(19)  1(2)  done
17(19)  1(19)  1(2)  done
17(19)  2(19)  1(2)  done
17(19)  3(19)  1(2)  done
17(19)  4(19)  1(2)  done
17(19)  5(19)  1(2)  done
17(19)  6(19)  1(2)  done
17(19)  7(19)  1(2)  done
17(19)  8(19)  1(2)  done
17(19)  9(19)  1(2)  done
17(19)  10(19)  1(2)  done
17(19)  11(19)  1(2)  done
17(19)  12(19)  1(2)  done
17(19)  13(19)  1(2)  done
17(19)  14(19)  1(2)  done
17(19)  15(19)  1(2)  done
17(19)  16(19)  1(2)  done
17(19)  17(19)  1(2)  done
17(19)  18(19)  1(2)  done
18(19)  0(19)  1(2)  done
18(19)  1(19)  1(2)  done
18(19)  2(19)  1(2)  done
18(19)  3(19)  1(2)  done
18(19)  4(19)  1(2)  done
18(19)  5(19)  1(2)  done
18(19)  6(19)  1(2)  done
18(19)  7(19)  1(2)  done
18(19)  8(19)  1(2)  done
18(19)  9(19)  1(2)  done
18(19)  10(19)  1(2)  done
18(19)  11(19)  1(2)  done
18(19)  12(19)  1(2)  done
18(19)  13(19)  1(2)  done
18(19)  14(19)  1(2)  done
18(19)  15(19)  1(2)  done
18(19)  16(19)  1(2)  done
18(19)  17(19)  1(2)  done
18(19)  18(19)  1(2)  done
XXXXXXXXXXXXXXX FOR SPIN = 0 XXXXXXXXXXXXXXXXXXXXXXXXXXXXXX
tilde Chern number [0] = 1        4.15383e-16
tilde Chern number [1] = 1        -2.81512e-18
tilde Chern number [2] = 0.999999        3.08155e-16
XXXXXXXXXXXXXXXXXXXXXXXXXXXXXXXXXXXXXXXXXXXXXXXXXXXXX
XXXXXXXXXXXXXXX FOR SPIN = 1 XXXXXXXXXXXXXXXXXXXXXXXXXXXXXX
tilde Chern number [0] = -1        -3.59646e-16
tilde Chern number [1] = -1        -1.01647e-15
tilde Chern number [2] = -0.999999        -6.32069e-16
XXXXXXXXXXXXXXXXXXXXXXXXXXXXXXXXXXXXXXXXXXXXXXXXXXXXX
28  0  288
28  1  288
28  2  288
28  3  288
28  4  288
28  5  288
28  6  288
28  7  288
28  8  288
28  9  288
28  10  288
28  11  288
28  12  288
28  13  288
28  14  288
28  15  288
28  16  288
28  17  288
28  18  288
28  19  288
28  20  288
28  21  288
28  22  288
28  23  288
28  24  288
28  25  288
28  26  288
28  27  288
28  0  288
28  1  288
28  2  288
28  3  288
28  4  288
28  5  288
28  6  288
28  7  288
28  8  288
28  9  288
28  10  288
28  11  288
28  12  288
28  13  288
28  14  288
28  15  288
28  16  288
28  17  288
28  18  288
28  19  288
28  20  288
28  21  288
28  22  288
28  23  288
28  24  288
28  25  288
28  26  288
28  27  288
--------THE END--------
